[double3(12.330000000000,0.000000000000,0.000000000000),double3(-6.165000000000,10.678093228662,0.000000000000),double3(0.000000000000,0.000000000000,8.603000000000)]

double3(0.102900000000,0.258566666667,0.083033333333),
double3(0.117733333333,0.000000000000,0.112266666667),
double3(0.066666666667,0.266666666667,0.166666666667),
double3(0.147000000000,0.294000000000,0.166666666667),
double3(0.222233333333,0.111100000000,0.000000000000),
double3(0.108366666667,0.288033333333,0.131733333333),
double3(0.222233333333,0.111100000000,0.062266666667),
double3(0.074766666667,0.177666666667,0.083033333333),
double3(0.000000000000,0.117733333333,0.112266666667),
double3(0.066666666667,0.133333333333,0.166666666667),
double3(0.039333333333,0.186333333333,0.166666666667),
double3(0.045300000000,0.153666666667,0.131733333333),
double3(0.155666666667,0.230433333333,0.083033333333),
double3(0.215600000000,0.215600000000,0.112266666667),
double3(0.200000000000,0.266666666667,0.166666666667),
double3(0.147000000000,0.186333333333,0.166666666667),
double3(0.179666666667,0.224966666667,0.131733333333),
double3(0.074766666667,0.230433333333,0.250300000000),
double3(0.000000000000,0.215600000000,0.221066666667),
double3(0.045300000000,0.224966666667,0.201600000000),
double3(0.222233333333,0.111100000000,0.271066666667),
double3(0.102900000000,0.177666666667,0.250300000000),
double3(0.117733333333,0.117733333333,0.221066666667),
double3(0.108366666667,0.153666666667,0.201600000000),
double3(0.155666666667,0.258566666667,0.250300000000),
double3(0.215600000000,0.000000000000,0.221066666667),
double3(0.179666666667,0.288033333333,0.201600000000),
double3(0.230433333333,0.074766666667,0.250300000000),
double3(0.266666666667,0.066666666667,0.166666666667),
double3(0.186333333333,0.039333333333,0.166666666667),
double3(0.111100000000,0.222233333333,0.000000000000),
double3(0.224966666667,0.045300000000,0.201600000000),
double3(0.111100000000,0.222233333333,0.271066666667),
double3(0.258566666667,0.155666666667,0.250300000000),
double3(0.266666666667,0.200000000000,0.166666666667),
double3(0.294000000000,0.147000000000,0.166666666667),
double3(0.288033333333,0.179666666667,0.201600000000),
double3(0.177666666667,0.102900000000,0.250300000000),
double3(0.133333333333,0.066666666667,0.166666666667),
double3(0.186333333333,0.147000000000,0.166666666667),
double3(0.153666666667,0.108366666667,0.201600000000),
double3(0.258566666667,0.102900000000,0.083033333333),
double3(0.288033333333,0.108366666667,0.131733333333),
double3(0.111100000000,0.222233333333,0.062266666667),
double3(0.230433333333,0.155666666667,0.083033333333),
double3(0.224966666667,0.179666666667,0.131733333333),
double3(0.177666666667,0.074766666667,0.083033333333),
double3(0.153666666667,0.045300000000,0.131733333333),
double3(0.102900000000,0.258566666667,0.416366666667),
double3(0.117733333333,0.000000000000,0.445600000000),
double3(0.066666666667,0.266666666667,0.500000000000),
double3(0.147000000000,0.294000000000,0.500000000000),
double3(0.222233333333,0.111100000000,0.333333333333),
double3(0.108366666667,0.288033333333,0.465066666667),
double3(0.222233333333,0.111100000000,0.395600000000),
double3(0.074766666667,0.177666666667,0.416366666667),
double3(0.000000000000,0.117733333333,0.445600000000),
double3(0.066666666667,0.133333333333,0.500000000000),
double3(0.039333333333,0.186333333333,0.500000000000),
double3(0.045300000000,0.153666666667,0.465066666667),
double3(0.155666666667,0.230433333333,0.416366666667),
double3(0.215600000000,0.215600000000,0.445600000000),
double3(0.200000000000,0.266666666667,0.500000000000),
double3(0.147000000000,0.186333333333,0.500000000000),
double3(0.179666666667,0.224966666667,0.465066666667),
double3(0.074766666667,0.230433333333,0.583633333333),
double3(0.000000000000,0.215600000000,0.554400000000),
double3(0.045300000000,0.224966666667,0.534933333333),
double3(0.222233333333,0.111100000000,0.604400000000),
double3(0.102900000000,0.177666666667,0.583633333333),
double3(0.117733333333,0.117733333333,0.554400000000),
double3(0.108366666667,0.153666666667,0.534933333333),
double3(0.155666666667,0.258566666667,0.583633333333),
double3(0.215600000000,0.000000000000,0.554400000000),
double3(0.179666666667,0.288033333333,0.534933333333),
double3(0.230433333333,0.074766666667,0.583633333333),
double3(0.266666666667,0.066666666667,0.500000000000),
double3(0.186333333333,0.039333333333,0.500000000000),
double3(0.111100000000,0.222233333333,0.333333333333),
double3(0.224966666667,0.045300000000,0.534933333333),
double3(0.111100000000,0.222233333333,0.604400000000),
double3(0.258566666667,0.155666666667,0.583633333333),
double3(0.266666666667,0.200000000000,0.500000000000),
double3(0.294000000000,0.147000000000,0.500000000000),
double3(0.288033333333,0.179666666667,0.534933333333),
double3(0.177666666667,0.102900000000,0.583633333333),
double3(0.133333333333,0.066666666667,0.500000000000),
double3(0.186333333333,0.147000000000,0.500000000000),
double3(0.153666666667,0.108366666667,0.534933333333),
double3(0.258566666667,0.102900000000,0.416366666667),
double3(0.288033333333,0.108366666667,0.465066666667),
double3(0.111100000000,0.222233333333,0.395600000000),
double3(0.230433333333,0.155666666667,0.416366666667),
double3(0.224966666667,0.179666666667,0.465066666667),
double3(0.177666666667,0.074766666667,0.416366666667),
double3(0.153666666667,0.045300000000,0.465066666667),
double3(0.102900000000,0.258566666667,0.749700000000),
double3(0.117733333333,0.000000000000,0.778933333333),
double3(0.066666666667,0.266666666667,0.833333333333),
double3(0.147000000000,0.294000000000,0.833333333333),
double3(0.222233333333,0.111100000000,0.666666666667),
double3(0.108366666667,0.288033333333,0.798400000000),
double3(0.222233333333,0.111100000000,0.728933333333),
double3(0.074766666667,0.177666666667,0.749700000000),
double3(0.000000000000,0.117733333333,0.778933333333),
double3(0.066666666667,0.133333333333,0.833333333333),
double3(0.039333333333,0.186333333333,0.833333333333),
double3(0.045300000000,0.153666666667,0.798400000000),
double3(0.155666666667,0.230433333333,0.749700000000),
double3(0.215600000000,0.215600000000,0.778933333333),
double3(0.200000000000,0.266666666667,0.833333333333),
double3(0.147000000000,0.186333333333,0.833333333333),
double3(0.179666666667,0.224966666667,0.798400000000),
double3(0.074766666667,0.230433333333,0.916966666667),
double3(0.000000000000,0.215600000000,0.887733333333),
double3(0.045300000000,0.224966666667,0.868266666667),
double3(0.222233333333,0.111100000000,0.937733333333),
double3(0.102900000000,0.177666666667,0.916966666667),
double3(0.117733333333,0.117733333333,0.887733333333),
double3(0.108366666667,0.153666666667,0.868266666667),
double3(0.155666666667,0.258566666667,0.916966666667),
double3(0.215600000000,0.000000000000,0.887733333333),
double3(0.179666666667,0.288033333333,0.868266666667),
double3(0.230433333333,0.074766666667,0.916966666667),
double3(0.266666666667,0.066666666667,0.833333333333),
double3(0.186333333333,0.039333333333,0.833333333333),
double3(0.111100000000,0.222233333333,0.666666666667),
double3(0.224966666667,0.045300000000,0.868266666667),
double3(0.111100000000,0.222233333333,0.937733333333),
double3(0.258566666667,0.155666666667,0.916966666667),
double3(0.266666666667,0.200000000000,0.833333333333),
double3(0.294000000000,0.147000000000,0.833333333333),
double3(0.288033333333,0.179666666667,0.868266666667),
double3(0.177666666667,0.102900000000,0.916966666667),
double3(0.133333333333,0.066666666667,0.833333333333),
double3(0.186333333333,0.147000000000,0.833333333333),
double3(0.153666666667,0.108366666667,0.868266666667),
double3(0.258566666667,0.102900000000,0.749700000000),
double3(0.288033333333,0.108366666667,0.798400000000),
double3(0.111100000000,0.222233333333,0.728933333333),
double3(0.230433333333,0.155666666667,0.749700000000),
double3(0.224966666667,0.179666666667,0.798400000000),
double3(0.177666666667,0.074766666667,0.749700000000),
double3(0.153666666667,0.045300000000,0.798400000000),
double3(0.102900000000,0.591900000000,0.083033333333),
double3(0.117733333333,0.333333333333,0.112266666667),
double3(0.066666666667,0.600000000000,0.166666666667),
double3(0.147000000000,0.627333333333,0.166666666667),
double3(0.222233333333,0.444433333333,0.000000000000),
double3(0.108366666667,0.621366666667,0.131733333333),
double3(0.222233333333,0.444433333333,0.062266666667),
double3(0.074766666667,0.511000000000,0.083033333333),
double3(0.000000000000,0.451066666667,0.112266666667),
double3(0.066666666667,0.466666666667,0.166666666667),
double3(0.039333333333,0.519666666667,0.166666666667),
double3(0.045300000000,0.487000000000,0.131733333333),
double3(0.155666666667,0.563766666667,0.083033333333),
double3(0.215600000000,0.548933333333,0.112266666667),
double3(0.200000000000,0.600000000000,0.166666666667),
double3(0.147000000000,0.519666666667,0.166666666667),
double3(0.179666666667,0.558300000000,0.131733333333),
double3(0.074766666667,0.563766666667,0.250300000000),
double3(0.000000000000,0.548933333333,0.221066666667),
double3(0.045300000000,0.558300000000,0.201600000000),
double3(0.222233333333,0.444433333333,0.271066666667),
double3(0.102900000000,0.511000000000,0.250300000000),
double3(0.117733333333,0.451066666667,0.221066666667),
double3(0.108366666667,0.487000000000,0.201600000000),
double3(0.155666666667,0.591900000000,0.250300000000),
double3(0.215600000000,0.333333333333,0.221066666667),
double3(0.179666666667,0.621366666667,0.201600000000),
double3(0.230433333333,0.408100000000,0.250300000000),
double3(0.266666666667,0.400000000000,0.166666666667),
double3(0.186333333333,0.372666666667,0.166666666667),
double3(0.111100000000,0.555566666667,0.000000000000),
double3(0.224966666667,0.378633333333,0.201600000000),
double3(0.111100000000,0.555566666667,0.271066666667),
double3(0.258566666667,0.489000000000,0.250300000000),
double3(0.266666666667,0.533333333333,0.166666666667),
double3(0.294000000000,0.480333333333,0.166666666667),
double3(0.288033333333,0.513000000000,0.201600000000),
double3(0.177666666667,0.436233333333,0.250300000000),
double3(0.133333333333,0.400000000000,0.166666666667),
double3(0.186333333333,0.480333333333,0.166666666667),
double3(0.153666666667,0.441700000000,0.201600000000),
double3(0.258566666667,0.436233333333,0.083033333333),
double3(0.288033333333,0.441700000000,0.131733333333),
double3(0.111100000000,0.555566666667,0.062266666667),
double3(0.230433333333,0.489000000000,0.083033333333),
double3(0.224966666667,0.513000000000,0.131733333333),
double3(0.177666666667,0.408100000000,0.083033333333),
double3(0.153666666667,0.378633333333,0.131733333333),
double3(0.102900000000,0.591900000000,0.416366666667),
double3(0.117733333333,0.333333333333,0.445600000000),
double3(0.066666666667,0.600000000000,0.500000000000),
double3(0.147000000000,0.627333333333,0.500000000000),
double3(0.222233333333,0.444433333333,0.333333333333),
double3(0.108366666667,0.621366666667,0.465066666667),
double3(0.222233333333,0.444433333333,0.395600000000),
double3(0.074766666667,0.511000000000,0.416366666667),
double3(0.000000000000,0.451066666667,0.445600000000),
double3(0.066666666667,0.466666666667,0.500000000000),
double3(0.039333333333,0.519666666667,0.500000000000),
double3(0.045300000000,0.487000000000,0.465066666667),
double3(0.155666666667,0.563766666667,0.416366666667),
double3(0.215600000000,0.548933333333,0.445600000000),
double3(0.200000000000,0.600000000000,0.500000000000),
double3(0.147000000000,0.519666666667,0.500000000000),
double3(0.179666666667,0.558300000000,0.465066666667),
double3(0.074766666667,0.563766666667,0.583633333333),
double3(0.000000000000,0.548933333333,0.554400000000),
double3(0.045300000000,0.558300000000,0.534933333333),
double3(0.222233333333,0.444433333333,0.604400000000),
double3(0.102900000000,0.511000000000,0.583633333333),
double3(0.117733333333,0.451066666667,0.554400000000),
double3(0.108366666667,0.487000000000,0.534933333333),
double3(0.155666666667,0.591900000000,0.583633333333),
double3(0.215600000000,0.333333333333,0.554400000000),
double3(0.179666666667,0.621366666667,0.534933333333),
double3(0.230433333333,0.408100000000,0.583633333333),
double3(0.266666666667,0.400000000000,0.500000000000),
double3(0.186333333333,0.372666666667,0.500000000000),
double3(0.111100000000,0.555566666667,0.333333333333),
double3(0.224966666667,0.378633333333,0.534933333333),
double3(0.111100000000,0.555566666667,0.604400000000),
double3(0.258566666667,0.489000000000,0.583633333333),
double3(0.266666666667,0.533333333333,0.500000000000),
double3(0.294000000000,0.480333333333,0.500000000000),
double3(0.288033333333,0.513000000000,0.534933333333),
double3(0.177666666667,0.436233333333,0.583633333333),
double3(0.133333333333,0.400000000000,0.500000000000),
double3(0.186333333333,0.480333333333,0.500000000000),
double3(0.153666666667,0.441700000000,0.534933333333),
double3(0.258566666667,0.436233333333,0.416366666667),
double3(0.288033333333,0.441700000000,0.465066666667),
double3(0.111100000000,0.555566666667,0.395600000000),
double3(0.230433333333,0.489000000000,0.416366666667),
double3(0.224966666667,0.513000000000,0.465066666667),
double3(0.177666666667,0.408100000000,0.416366666667),
double3(0.153666666667,0.378633333333,0.465066666667),
double3(0.102900000000,0.591900000000,0.749700000000),
double3(0.117733333333,0.333333333333,0.778933333333),
double3(0.066666666667,0.600000000000,0.833333333333),
double3(0.147000000000,0.627333333333,0.833333333333),
double3(0.222233333333,0.444433333333,0.666666666667),
double3(0.108366666667,0.621366666667,0.798400000000),
double3(0.222233333333,0.444433333333,0.728933333333),
double3(0.074766666667,0.511000000000,0.749700000000),
double3(0.000000000000,0.451066666667,0.778933333333),
double3(0.066666666667,0.466666666667,0.833333333333),
double3(0.039333333333,0.519666666667,0.833333333333),
double3(0.045300000000,0.487000000000,0.798400000000),
double3(0.155666666667,0.563766666667,0.749700000000),
double3(0.215600000000,0.548933333333,0.778933333333),
double3(0.200000000000,0.600000000000,0.833333333333),
double3(0.147000000000,0.519666666667,0.833333333333),
double3(0.179666666667,0.558300000000,0.798400000000),
double3(0.074766666667,0.563766666667,0.916966666667),
double3(0.000000000000,0.548933333333,0.887733333333),
double3(0.045300000000,0.558300000000,0.868266666667),
double3(0.222233333333,0.444433333333,0.937733333333),
double3(0.102900000000,0.511000000000,0.916966666667),
double3(0.117733333333,0.451066666667,0.887733333333),
double3(0.108366666667,0.487000000000,0.868266666667),
double3(0.155666666667,0.591900000000,0.916966666667),
double3(0.215600000000,0.333333333333,0.887733333333),
double3(0.179666666667,0.621366666667,0.868266666667),
double3(0.230433333333,0.408100000000,0.916966666667),
double3(0.266666666667,0.400000000000,0.833333333333),
double3(0.186333333333,0.372666666667,0.833333333333),
double3(0.111100000000,0.555566666667,0.666666666667),
double3(0.224966666667,0.378633333333,0.868266666667),
double3(0.111100000000,0.555566666667,0.937733333333),
double3(0.258566666667,0.489000000000,0.916966666667),
double3(0.266666666667,0.533333333333,0.833333333333),
double3(0.294000000000,0.480333333333,0.833333333333),
double3(0.288033333333,0.513000000000,0.868266666667),
double3(0.177666666667,0.436233333333,0.916966666667),
double3(0.133333333333,0.400000000000,0.833333333333),
double3(0.186333333333,0.480333333333,0.833333333333),
double3(0.153666666667,0.441700000000,0.868266666667),
double3(0.258566666667,0.436233333333,0.749700000000),
double3(0.288033333333,0.441700000000,0.798400000000),
double3(0.111100000000,0.555566666667,0.728933333333),
double3(0.230433333333,0.489000000000,0.749700000000),
double3(0.224966666667,0.513000000000,0.798400000000),
double3(0.177666666667,0.408100000000,0.749700000000),
double3(0.153666666667,0.378633333333,0.798400000000),
double3(0.102900000000,0.925233333333,0.083033333333),
double3(0.117733333333,0.666666666667,0.112266666667),
double3(0.066666666667,0.933333333333,0.166666666667),
double3(0.147000000000,0.960666666667,0.166666666667),
double3(0.222233333333,0.777766666667,0.000000000000),
double3(0.108366666667,0.954700000000,0.131733333333),
double3(0.222233333333,0.777766666667,0.062266666667),
double3(0.074766666667,0.844333333333,0.083033333333),
double3(0.000000000000,0.784400000000,0.112266666667),
double3(0.066666666667,0.800000000000,0.166666666667),
double3(0.039333333333,0.853000000000,0.166666666667),
double3(0.045300000000,0.820333333333,0.131733333333),
double3(0.155666666667,0.897100000000,0.083033333333),
double3(0.215600000000,0.882266666667,0.112266666667),
double3(0.200000000000,0.933333333333,0.166666666667),
double3(0.147000000000,0.853000000000,0.166666666667),
double3(0.179666666667,0.891633333333,0.131733333333),
double3(0.074766666667,0.897100000000,0.250300000000),
double3(0.000000000000,0.882266666667,0.221066666667),
double3(0.045300000000,0.891633333333,0.201600000000),
double3(0.222233333333,0.777766666667,0.271066666667),
double3(0.102900000000,0.844333333333,0.250300000000),
double3(0.117733333333,0.784400000000,0.221066666667),
double3(0.108366666667,0.820333333333,0.201600000000),
double3(0.155666666667,0.925233333333,0.250300000000),
double3(0.215600000000,0.666666666667,0.221066666667),
double3(0.179666666667,0.954700000000,0.201600000000),
double3(0.230433333333,0.741433333333,0.250300000000),
double3(0.266666666667,0.733333333333,0.166666666667),
double3(0.186333333333,0.706000000000,0.166666666667),
double3(0.111100000000,0.888900000000,0.000000000000),
double3(0.224966666667,0.711966666667,0.201600000000),
double3(0.111100000000,0.888900000000,0.271066666667),
double3(0.258566666667,0.822333333333,0.250300000000),
double3(0.266666666667,0.866666666667,0.166666666667),
double3(0.294000000000,0.813666666667,0.166666666667),
double3(0.288033333333,0.846333333333,0.201600000000),
double3(0.177666666667,0.769566666667,0.250300000000),
double3(0.133333333333,0.733333333333,0.166666666667),
double3(0.186333333333,0.813666666667,0.166666666667),
double3(0.153666666667,0.775033333333,0.201600000000),
double3(0.258566666667,0.769566666667,0.083033333333),
double3(0.288033333333,0.775033333333,0.131733333333),
double3(0.111100000000,0.888900000000,0.062266666667),
double3(0.230433333333,0.822333333333,0.083033333333),
double3(0.224966666667,0.846333333333,0.131733333333),
double3(0.177666666667,0.741433333333,0.083033333333),
double3(0.153666666667,0.711966666667,0.131733333333),
double3(0.102900000000,0.925233333333,0.416366666667),
double3(0.117733333333,0.666666666667,0.445600000000),
double3(0.066666666667,0.933333333333,0.500000000000),
double3(0.147000000000,0.960666666667,0.500000000000),
double3(0.222233333333,0.777766666667,0.333333333333),
double3(0.108366666667,0.954700000000,0.465066666667),
double3(0.222233333333,0.777766666667,0.395600000000),
double3(0.074766666667,0.844333333333,0.416366666667),
double3(0.000000000000,0.784400000000,0.445600000000),
double3(0.066666666667,0.800000000000,0.500000000000),
double3(0.039333333333,0.853000000000,0.500000000000),
double3(0.045300000000,0.820333333333,0.465066666667),
double3(0.155666666667,0.897100000000,0.416366666667),
double3(0.215600000000,0.882266666667,0.445600000000),
double3(0.200000000000,0.933333333333,0.500000000000),
double3(0.147000000000,0.853000000000,0.500000000000),
double3(0.179666666667,0.891633333333,0.465066666667),
double3(0.074766666667,0.897100000000,0.583633333333),
double3(0.000000000000,0.882266666667,0.554400000000),
double3(0.045300000000,0.891633333333,0.534933333333),
double3(0.222233333333,0.777766666667,0.604400000000),
double3(0.102900000000,0.844333333333,0.583633333333),
double3(0.117733333333,0.784400000000,0.554400000000),
double3(0.108366666667,0.820333333333,0.534933333333),
double3(0.155666666667,0.925233333333,0.583633333333),
double3(0.215600000000,0.666666666667,0.554400000000),
double3(0.179666666667,0.954700000000,0.534933333333),
double3(0.230433333333,0.741433333333,0.583633333333),
double3(0.266666666667,0.733333333333,0.500000000000),
double3(0.186333333333,0.706000000000,0.500000000000),
double3(0.111100000000,0.888900000000,0.333333333333),
double3(0.224966666667,0.711966666667,0.534933333333),
double3(0.111100000000,0.888900000000,0.604400000000),
double3(0.258566666667,0.822333333333,0.583633333333),
double3(0.266666666667,0.866666666667,0.500000000000),
double3(0.294000000000,0.813666666667,0.500000000000),
double3(0.288033333333,0.846333333333,0.534933333333),
double3(0.177666666667,0.769566666667,0.583633333333),
double3(0.133333333333,0.733333333333,0.500000000000),
double3(0.186333333333,0.813666666667,0.500000000000),
double3(0.153666666667,0.775033333333,0.534933333333),
double3(0.258566666667,0.769566666667,0.416366666667),
double3(0.288033333333,0.775033333333,0.465066666667),
double3(0.111100000000,0.888900000000,0.395600000000),
double3(0.230433333333,0.822333333333,0.416366666667),
double3(0.224966666667,0.846333333333,0.465066666667),
double3(0.177666666667,0.741433333333,0.416366666667),
double3(0.153666666667,0.711966666667,0.465066666667),
double3(0.102900000000,0.925233333333,0.749700000000),
double3(0.117733333333,0.666666666667,0.778933333333),
double3(0.066666666667,0.933333333333,0.833333333333),
double3(0.147000000000,0.960666666667,0.833333333333),
double3(0.222233333333,0.777766666667,0.666666666667),
double3(0.108366666667,0.954700000000,0.798400000000),
double3(0.222233333333,0.777766666667,0.728933333333),
double3(0.074766666667,0.844333333333,0.749700000000),
double3(0.000000000000,0.784400000000,0.778933333333),
double3(0.066666666667,0.800000000000,0.833333333333),
double3(0.039333333333,0.853000000000,0.833333333333),
double3(0.045300000000,0.820333333333,0.798400000000),
double3(0.155666666667,0.897100000000,0.749700000000),
double3(0.215600000000,0.882266666667,0.778933333333),
double3(0.200000000000,0.933333333333,0.833333333333),
double3(0.147000000000,0.853000000000,0.833333333333),
double3(0.179666666667,0.891633333333,0.798400000000),
double3(0.074766666667,0.897100000000,0.916966666667),
double3(0.000000000000,0.882266666667,0.887733333333),
double3(0.045300000000,0.891633333333,0.868266666667),
double3(0.222233333333,0.777766666667,0.937733333333),
double3(0.102900000000,0.844333333333,0.916966666667),
double3(0.117733333333,0.784400000000,0.887733333333),
double3(0.108366666667,0.820333333333,0.868266666667),
double3(0.155666666667,0.925233333333,0.916966666667),
double3(0.215600000000,0.666666666667,0.887733333333),
double3(0.179666666667,0.954700000000,0.868266666667),
double3(0.230433333333,0.741433333333,0.916966666667),
double3(0.266666666667,0.733333333333,0.833333333333),
double3(0.186333333333,0.706000000000,0.833333333333),
double3(0.111100000000,0.888900000000,0.666666666667),
double3(0.224966666667,0.711966666667,0.868266666667),
double3(0.111100000000,0.888900000000,0.937733333333),
double3(0.258566666667,0.822333333333,0.916966666667),
double3(0.266666666667,0.866666666667,0.833333333333),
double3(0.294000000000,0.813666666667,0.833333333333),
double3(0.288033333333,0.846333333333,0.868266666667),
double3(0.177666666667,0.769566666667,0.916966666667),
double3(0.133333333333,0.733333333333,0.833333333333),
double3(0.186333333333,0.813666666667,0.833333333333),
double3(0.153666666667,0.775033333333,0.868266666667),
double3(0.258566666667,0.769566666667,0.749700000000),
double3(0.288033333333,0.775033333333,0.798400000000),
double3(0.111100000000,0.888900000000,0.728933333333),
double3(0.230433333333,0.822333333333,0.749700000000),
double3(0.224966666667,0.846333333333,0.798400000000),
double3(0.177666666667,0.741433333333,0.749700000000),
double3(0.153666666667,0.711966666667,0.798400000000),
double3(0.436233333333,0.258566666667,0.083033333333),
double3(0.451066666667,0.000000000000,0.112266666667),
double3(0.400000000000,0.266666666667,0.166666666667),
double3(0.480333333333,0.294000000000,0.166666666667),
double3(0.555566666667,0.111100000000,0.000000000000),
double3(0.441700000000,0.288033333333,0.131733333333),
double3(0.555566666667,0.111100000000,0.062266666667),
double3(0.408100000000,0.177666666667,0.083033333333),
double3(0.333333333333,0.117733333333,0.112266666667),
double3(0.400000000000,0.133333333333,0.166666666667),
double3(0.372666666667,0.186333333333,0.166666666667),
double3(0.378633333333,0.153666666667,0.131733333333),
double3(0.489000000000,0.230433333333,0.083033333333),
double3(0.548933333333,0.215600000000,0.112266666667),
double3(0.533333333333,0.266666666667,0.166666666667),
double3(0.480333333333,0.186333333333,0.166666666667),
double3(0.513000000000,0.224966666667,0.131733333333),
double3(0.408100000000,0.230433333333,0.250300000000),
double3(0.333333333333,0.215600000000,0.221066666667),
double3(0.378633333333,0.224966666667,0.201600000000),
double3(0.555566666667,0.111100000000,0.271066666667),
double3(0.436233333333,0.177666666667,0.250300000000),
double3(0.451066666667,0.117733333333,0.221066666667),
double3(0.441700000000,0.153666666667,0.201600000000),
double3(0.489000000000,0.258566666667,0.250300000000),
double3(0.548933333333,0.000000000000,0.221066666667),
double3(0.513000000000,0.288033333333,0.201600000000),
double3(0.563766666667,0.074766666667,0.250300000000),
double3(0.600000000000,0.066666666667,0.166666666667),
double3(0.519666666667,0.039333333333,0.166666666667),
double3(0.444433333333,0.222233333333,0.000000000000),
double3(0.558300000000,0.045300000000,0.201600000000),
double3(0.444433333333,0.222233333333,0.271066666667),
double3(0.591900000000,0.155666666667,0.250300000000),
double3(0.600000000000,0.200000000000,0.166666666667),
double3(0.627333333333,0.147000000000,0.166666666667),
double3(0.621366666667,0.179666666667,0.201600000000),
double3(0.511000000000,0.102900000000,0.250300000000),
double3(0.466666666667,0.066666666667,0.166666666667),
double3(0.519666666667,0.147000000000,0.166666666667),
double3(0.487000000000,0.108366666667,0.201600000000),
double3(0.591900000000,0.102900000000,0.083033333333),
double3(0.621366666667,0.108366666667,0.131733333333),
double3(0.444433333333,0.222233333333,0.062266666667),
double3(0.563766666667,0.155666666667,0.083033333333),
double3(0.558300000000,0.179666666667,0.131733333333),
double3(0.511000000000,0.074766666667,0.083033333333),
double3(0.487000000000,0.045300000000,0.131733333333),
double3(0.436233333333,0.258566666667,0.416366666667),
double3(0.451066666667,0.000000000000,0.445600000000),
double3(0.400000000000,0.266666666667,0.500000000000),
double3(0.480333333333,0.294000000000,0.500000000000),
double3(0.555566666667,0.111100000000,0.333333333333),
double3(0.441700000000,0.288033333333,0.465066666667),
double3(0.555566666667,0.111100000000,0.395600000000),
double3(0.408100000000,0.177666666667,0.416366666667),
double3(0.333333333333,0.117733333333,0.445600000000),
double3(0.400000000000,0.133333333333,0.500000000000),
double3(0.372666666667,0.186333333333,0.500000000000),
double3(0.378633333333,0.153666666667,0.465066666667),
double3(0.489000000000,0.230433333333,0.416366666667),
double3(0.548933333333,0.215600000000,0.445600000000),
double3(0.533333333333,0.266666666667,0.500000000000),
double3(0.480333333333,0.186333333333,0.500000000000),
double3(0.513000000000,0.224966666667,0.465066666667),
double3(0.408100000000,0.230433333333,0.583633333333),
double3(0.333333333333,0.215600000000,0.554400000000),
double3(0.378633333333,0.224966666667,0.534933333333),
double3(0.555566666667,0.111100000000,0.604400000000),
double3(0.436233333333,0.177666666667,0.583633333333),
double3(0.451066666667,0.117733333333,0.554400000000),
double3(0.441700000000,0.153666666667,0.534933333333),
double3(0.489000000000,0.258566666667,0.583633333333),
double3(0.548933333333,0.000000000000,0.554400000000),
double3(0.513000000000,0.288033333333,0.534933333333),
double3(0.563766666667,0.074766666667,0.583633333333),
double3(0.600000000000,0.066666666667,0.500000000000),
double3(0.519666666667,0.039333333333,0.500000000000),
double3(0.444433333333,0.222233333333,0.333333333333),
double3(0.558300000000,0.045300000000,0.534933333333),
double3(0.444433333333,0.222233333333,0.604400000000),
double3(0.591900000000,0.155666666667,0.583633333333),
double3(0.600000000000,0.200000000000,0.500000000000),
double3(0.627333333333,0.147000000000,0.500000000000),
double3(0.621366666667,0.179666666667,0.534933333333),
double3(0.511000000000,0.102900000000,0.583633333333),
double3(0.466666666667,0.066666666667,0.500000000000),
double3(0.519666666667,0.147000000000,0.500000000000),
double3(0.487000000000,0.108366666667,0.534933333333),
double3(0.591900000000,0.102900000000,0.416366666667),
double3(0.621366666667,0.108366666667,0.465066666667),
double3(0.444433333333,0.222233333333,0.395600000000),
double3(0.563766666667,0.155666666667,0.416366666667),
double3(0.558300000000,0.179666666667,0.465066666667),
double3(0.511000000000,0.074766666667,0.416366666667),
double3(0.487000000000,0.045300000000,0.465066666667),
double3(0.436233333333,0.258566666667,0.749700000000),
double3(0.451066666667,0.000000000000,0.778933333333),
double3(0.400000000000,0.266666666667,0.833333333333),
double3(0.480333333333,0.294000000000,0.833333333333),
double3(0.555566666667,0.111100000000,0.666666666667),
double3(0.441700000000,0.288033333333,0.798400000000),
double3(0.555566666667,0.111100000000,0.728933333333),
double3(0.408100000000,0.177666666667,0.749700000000),
double3(0.333333333333,0.117733333333,0.778933333333),
double3(0.400000000000,0.133333333333,0.833333333333),
double3(0.372666666667,0.186333333333,0.833333333333),
double3(0.378633333333,0.153666666667,0.798400000000),
double3(0.489000000000,0.230433333333,0.749700000000),
double3(0.548933333333,0.215600000000,0.778933333333),
double3(0.533333333333,0.266666666667,0.833333333333),
double3(0.480333333333,0.186333333333,0.833333333333),
double3(0.513000000000,0.224966666667,0.798400000000),
double3(0.408100000000,0.230433333333,0.916966666667),
double3(0.333333333333,0.215600000000,0.887733333333),
double3(0.378633333333,0.224966666667,0.868266666667),
double3(0.555566666667,0.111100000000,0.937733333333),
double3(0.436233333333,0.177666666667,0.916966666667),
double3(0.451066666667,0.117733333333,0.887733333333),
double3(0.441700000000,0.153666666667,0.868266666667),
double3(0.489000000000,0.258566666667,0.916966666667),
double3(0.548933333333,0.000000000000,0.887733333333),
double3(0.513000000000,0.288033333333,0.868266666667),
double3(0.563766666667,0.074766666667,0.916966666667),
double3(0.600000000000,0.066666666667,0.833333333333),
double3(0.519666666667,0.039333333333,0.833333333333),
double3(0.444433333333,0.222233333333,0.666666666667),
double3(0.558300000000,0.045300000000,0.868266666667),
double3(0.444433333333,0.222233333333,0.937733333333),
double3(0.591900000000,0.155666666667,0.916966666667),
double3(0.600000000000,0.200000000000,0.833333333333),
double3(0.627333333333,0.147000000000,0.833333333333),
double3(0.621366666667,0.179666666667,0.868266666667),
double3(0.511000000000,0.102900000000,0.916966666667),
double3(0.466666666667,0.066666666667,0.833333333333),
double3(0.519666666667,0.147000000000,0.833333333333),
double3(0.487000000000,0.108366666667,0.868266666667),
double3(0.591900000000,0.102900000000,0.749700000000),
double3(0.621366666667,0.108366666667,0.798400000000),
double3(0.444433333333,0.222233333333,0.728933333333),
double3(0.563766666667,0.155666666667,0.749700000000),
double3(0.558300000000,0.179666666667,0.798400000000),
double3(0.511000000000,0.074766666667,0.749700000000),
double3(0.487000000000,0.045300000000,0.798400000000),
double3(0.436233333333,0.591900000000,0.083033333333),
double3(0.451066666667,0.333333333333,0.112266666667),
double3(0.400000000000,0.600000000000,0.166666666667),
double3(0.480333333333,0.627333333333,0.166666666667),
double3(0.555566666667,0.444433333333,0.000000000000),
double3(0.441700000000,0.621366666667,0.131733333333),
double3(0.555566666667,0.444433333333,0.062266666667),
double3(0.408100000000,0.511000000000,0.083033333333),
double3(0.333333333333,0.451066666667,0.112266666667),
double3(0.400000000000,0.466666666667,0.166666666667),
double3(0.372666666667,0.519666666667,0.166666666667),
double3(0.378633333333,0.487000000000,0.131733333333),
double3(0.489000000000,0.563766666667,0.083033333333),
double3(0.548933333333,0.548933333333,0.112266666667),
double3(0.533333333333,0.600000000000,0.166666666667),
double3(0.480333333333,0.519666666667,0.166666666667),
double3(0.513000000000,0.558300000000,0.131733333333),
double3(0.408100000000,0.563766666667,0.250300000000),
double3(0.333333333333,0.548933333333,0.221066666667),
double3(0.378633333333,0.558300000000,0.201600000000),
double3(0.555566666667,0.444433333333,0.271066666667),
double3(0.436233333333,0.511000000000,0.250300000000),
double3(0.451066666667,0.451066666667,0.221066666667),
double3(0.441700000000,0.487000000000,0.201600000000),
double3(0.489000000000,0.591900000000,0.250300000000),
double3(0.548933333333,0.333333333333,0.221066666667),
double3(0.513000000000,0.621366666667,0.201600000000),
double3(0.563766666667,0.408100000000,0.250300000000),
double3(0.600000000000,0.400000000000,0.166666666667),
double3(0.519666666667,0.372666666667,0.166666666667),
double3(0.444433333333,0.555566666667,0.000000000000),
double3(0.558300000000,0.378633333333,0.201600000000),
double3(0.444433333333,0.555566666667,0.271066666667),
double3(0.591900000000,0.489000000000,0.250300000000),
double3(0.600000000000,0.533333333333,0.166666666667),
double3(0.627333333333,0.480333333333,0.166666666667),
double3(0.621366666667,0.513000000000,0.201600000000),
double3(0.511000000000,0.436233333333,0.250300000000),
double3(0.466666666667,0.400000000000,0.166666666667),
double3(0.519666666667,0.480333333333,0.166666666667),
double3(0.487000000000,0.441700000000,0.201600000000),
double3(0.591900000000,0.436233333333,0.083033333333),
double3(0.621366666667,0.441700000000,0.131733333333),
double3(0.444433333333,0.555566666667,0.062266666667),
double3(0.563766666667,0.489000000000,0.083033333333),
double3(0.558300000000,0.513000000000,0.131733333333),
double3(0.511000000000,0.408100000000,0.083033333333),
double3(0.487000000000,0.378633333333,0.131733333333),
double3(0.436233333333,0.591900000000,0.416366666667),
double3(0.451066666667,0.333333333333,0.445600000000),
double3(0.400000000000,0.600000000000,0.500000000000),
double3(0.480333333333,0.627333333333,0.500000000000),
double3(0.555566666667,0.444433333333,0.333333333333),
double3(0.441700000000,0.621366666667,0.465066666667),
double3(0.555566666667,0.444433333333,0.395600000000),
double3(0.408100000000,0.511000000000,0.416366666667),
double3(0.333333333333,0.451066666667,0.445600000000),
double3(0.400000000000,0.466666666667,0.500000000000),
double3(0.372666666667,0.519666666667,0.500000000000),
double3(0.378633333333,0.487000000000,0.465066666667),
double3(0.489000000000,0.563766666667,0.416366666667),
double3(0.548933333333,0.548933333333,0.445600000000),
double3(0.533333333333,0.600000000000,0.500000000000),
double3(0.480333333333,0.519666666667,0.500000000000),
double3(0.513000000000,0.558300000000,0.465066666667),
double3(0.408100000000,0.563766666667,0.583633333333),
double3(0.333333333333,0.548933333333,0.554400000000),
double3(0.378633333333,0.558300000000,0.534933333333),
double3(0.555566666667,0.444433333333,0.604400000000),
double3(0.436233333333,0.511000000000,0.583633333333),
double3(0.451066666667,0.451066666667,0.554400000000),
double3(0.441700000000,0.487000000000,0.534933333333),
double3(0.489000000000,0.591900000000,0.583633333333),
double3(0.548933333333,0.333333333333,0.554400000000),
double3(0.513000000000,0.621366666667,0.534933333333),
double3(0.563766666667,0.408100000000,0.583633333333),
double3(0.600000000000,0.400000000000,0.500000000000),
double3(0.519666666667,0.372666666667,0.500000000000),
double3(0.444433333333,0.555566666667,0.333333333333),
double3(0.558300000000,0.378633333333,0.534933333333),
double3(0.444433333333,0.555566666667,0.604400000000),
double3(0.591900000000,0.489000000000,0.583633333333),
double3(0.600000000000,0.533333333333,0.500000000000),
double3(0.627333333333,0.480333333333,0.500000000000),
double3(0.621366666667,0.513000000000,0.534933333333),
double3(0.511000000000,0.436233333333,0.583633333333),
double3(0.466666666667,0.400000000000,0.500000000000),
double3(0.519666666667,0.480333333333,0.500000000000),
double3(0.487000000000,0.441700000000,0.534933333333),
double3(0.591900000000,0.436233333333,0.416366666667),
double3(0.621366666667,0.441700000000,0.465066666667),
double3(0.444433333333,0.555566666667,0.395600000000),
double3(0.563766666667,0.489000000000,0.416366666667),
double3(0.558300000000,0.513000000000,0.465066666667),
double3(0.511000000000,0.408100000000,0.416366666667),
double3(0.487000000000,0.378633333333,0.465066666667),
double3(0.436233333333,0.591900000000,0.749700000000),
double3(0.451066666667,0.333333333333,0.778933333333),
double3(0.400000000000,0.600000000000,0.833333333333),
double3(0.480333333333,0.627333333333,0.833333333333),
double3(0.555566666667,0.444433333333,0.666666666667),
double3(0.441700000000,0.621366666667,0.798400000000),
double3(0.555566666667,0.444433333333,0.728933333333),
double3(0.408100000000,0.511000000000,0.749700000000),
double3(0.333333333333,0.451066666667,0.778933333333),
double3(0.400000000000,0.466666666667,0.833333333333),
double3(0.372666666667,0.519666666667,0.833333333333),
double3(0.378633333333,0.487000000000,0.798400000000),
double3(0.489000000000,0.563766666667,0.749700000000),
double3(0.548933333333,0.548933333333,0.778933333333),
double3(0.533333333333,0.600000000000,0.833333333333),
double3(0.480333333333,0.519666666667,0.833333333333),
double3(0.513000000000,0.558300000000,0.798400000000),
double3(0.408100000000,0.563766666667,0.916966666667),
double3(0.333333333333,0.548933333333,0.887733333333),
double3(0.378633333333,0.558300000000,0.868266666667),
double3(0.555566666667,0.444433333333,0.937733333333),
double3(0.436233333333,0.511000000000,0.916966666667),
double3(0.451066666667,0.451066666667,0.887733333333),
double3(0.441700000000,0.487000000000,0.868266666667),
double3(0.489000000000,0.591900000000,0.916966666667),
double3(0.548933333333,0.333333333333,0.887733333333),
double3(0.513000000000,0.621366666667,0.868266666667),
double3(0.563766666667,0.408100000000,0.916966666667),
double3(0.600000000000,0.400000000000,0.833333333333),
double3(0.519666666667,0.372666666667,0.833333333333),
double3(0.444433333333,0.555566666667,0.666666666667),
double3(0.558300000000,0.378633333333,0.868266666667),
double3(0.444433333333,0.555566666667,0.937733333333),
double3(0.591900000000,0.489000000000,0.916966666667),
double3(0.600000000000,0.533333333333,0.833333333333),
double3(0.627333333333,0.480333333333,0.833333333333),
double3(0.621366666667,0.513000000000,0.868266666667),
double3(0.511000000000,0.436233333333,0.916966666667),
double3(0.466666666667,0.400000000000,0.833333333333),
double3(0.519666666667,0.480333333333,0.833333333333),
double3(0.487000000000,0.441700000000,0.868266666667),
double3(0.591900000000,0.436233333333,0.749700000000),
double3(0.621366666667,0.441700000000,0.798400000000),
double3(0.444433333333,0.555566666667,0.728933333333),
double3(0.563766666667,0.489000000000,0.749700000000),
double3(0.558300000000,0.513000000000,0.798400000000),
double3(0.511000000000,0.408100000000,0.749700000000),
double3(0.487000000000,0.378633333333,0.798400000000),
double3(0.436233333333,0.925233333333,0.083033333333),
double3(0.451066666667,0.666666666667,0.112266666667),
double3(0.400000000000,0.933333333333,0.166666666667),
double3(0.480333333333,0.960666666667,0.166666666667),
double3(0.555566666667,0.777766666667,0.000000000000),
double3(0.441700000000,0.954700000000,0.131733333333),
double3(0.555566666667,0.777766666667,0.062266666667),
double3(0.408100000000,0.844333333333,0.083033333333),
double3(0.333333333333,0.784400000000,0.112266666667),
double3(0.400000000000,0.800000000000,0.166666666667),
double3(0.372666666667,0.853000000000,0.166666666667),
double3(0.378633333333,0.820333333333,0.131733333333),
double3(0.489000000000,0.897100000000,0.083033333333),
double3(0.548933333333,0.882266666667,0.112266666667),
double3(0.533333333333,0.933333333333,0.166666666667),
double3(0.480333333333,0.853000000000,0.166666666667),
double3(0.513000000000,0.891633333333,0.131733333333),
double3(0.408100000000,0.897100000000,0.250300000000),
double3(0.333333333333,0.882266666667,0.221066666667),
double3(0.378633333333,0.891633333333,0.201600000000),
double3(0.555566666667,0.777766666667,0.271066666667),
double3(0.436233333333,0.844333333333,0.250300000000),
double3(0.451066666667,0.784400000000,0.221066666667),
double3(0.441700000000,0.820333333333,0.201600000000),
double3(0.489000000000,0.925233333333,0.250300000000),
double3(0.548933333333,0.666666666667,0.221066666667),
double3(0.513000000000,0.954700000000,0.201600000000),
double3(0.563766666667,0.741433333333,0.250300000000),
double3(0.600000000000,0.733333333333,0.166666666667),
double3(0.519666666667,0.706000000000,0.166666666667),
double3(0.444433333333,0.888900000000,0.000000000000),
double3(0.558300000000,0.711966666667,0.201600000000),
double3(0.444433333333,0.888900000000,0.271066666667),
double3(0.591900000000,0.822333333333,0.250300000000),
double3(0.600000000000,0.866666666667,0.166666666667),
double3(0.627333333333,0.813666666667,0.166666666667),
double3(0.621366666667,0.846333333333,0.201600000000),
double3(0.511000000000,0.769566666667,0.250300000000),
double3(0.466666666667,0.733333333333,0.166666666667),
double3(0.519666666667,0.813666666667,0.166666666667),
double3(0.487000000000,0.775033333333,0.201600000000),
double3(0.591900000000,0.769566666667,0.083033333333),
double3(0.621366666667,0.775033333333,0.131733333333),
double3(0.444433333333,0.888900000000,0.062266666667),
double3(0.563766666667,0.822333333333,0.083033333333),
double3(0.558300000000,0.846333333333,0.131733333333),
double3(0.511000000000,0.741433333333,0.083033333333),
double3(0.487000000000,0.711966666667,0.131733333333),
double3(0.436233333333,0.925233333333,0.416366666667),
double3(0.451066666667,0.666666666667,0.445600000000),
double3(0.400000000000,0.933333333333,0.500000000000),
double3(0.480333333333,0.960666666667,0.500000000000),
double3(0.555566666667,0.777766666667,0.333333333333),
double3(0.441700000000,0.954700000000,0.465066666667),
double3(0.555566666667,0.777766666667,0.395600000000),
double3(0.408100000000,0.844333333333,0.416366666667),
double3(0.333333333333,0.784400000000,0.445600000000),
double3(0.400000000000,0.800000000000,0.500000000000),
double3(0.372666666667,0.853000000000,0.500000000000),
double3(0.378633333333,0.820333333333,0.465066666667),
double3(0.489000000000,0.897100000000,0.416366666667),
double3(0.548933333333,0.882266666667,0.445600000000),
double3(0.533333333333,0.933333333333,0.500000000000),
double3(0.480333333333,0.853000000000,0.500000000000),
double3(0.513000000000,0.891633333333,0.465066666667),
double3(0.408100000000,0.897100000000,0.583633333333),
double3(0.333333333333,0.882266666667,0.554400000000),
double3(0.378633333333,0.891633333333,0.534933333333),
double3(0.555566666667,0.777766666667,0.604400000000),
double3(0.436233333333,0.844333333333,0.583633333333),
double3(0.451066666667,0.784400000000,0.554400000000),
double3(0.441700000000,0.820333333333,0.534933333333),
double3(0.489000000000,0.925233333333,0.583633333333),
double3(0.548933333333,0.666666666667,0.554400000000),
double3(0.513000000000,0.954700000000,0.534933333333),
double3(0.563766666667,0.741433333333,0.583633333333),
double3(0.600000000000,0.733333333333,0.500000000000),
double3(0.519666666667,0.706000000000,0.500000000000),
double3(0.444433333333,0.888900000000,0.333333333333),
double3(0.558300000000,0.711966666667,0.534933333333),
double3(0.444433333333,0.888900000000,0.604400000000),
double3(0.591900000000,0.822333333333,0.583633333333),
double3(0.600000000000,0.866666666667,0.500000000000),
double3(0.627333333333,0.813666666667,0.500000000000),
double3(0.621366666667,0.846333333333,0.534933333333),
double3(0.511000000000,0.769566666667,0.583633333333),
double3(0.466666666667,0.733333333333,0.500000000000),
double3(0.519666666667,0.813666666667,0.500000000000),
double3(0.487000000000,0.775033333333,0.534933333333),
double3(0.591900000000,0.769566666667,0.416366666667),
double3(0.621366666667,0.775033333333,0.465066666667),
double3(0.444433333333,0.888900000000,0.395600000000),
double3(0.563766666667,0.822333333333,0.416366666667),
double3(0.558300000000,0.846333333333,0.465066666667),
double3(0.511000000000,0.741433333333,0.416366666667),
double3(0.487000000000,0.711966666667,0.465066666667),
double3(0.436233333333,0.925233333333,0.749700000000),
double3(0.451066666667,0.666666666667,0.778933333333),
double3(0.400000000000,0.933333333333,0.833333333333),
double3(0.480333333333,0.960666666667,0.833333333333),
double3(0.555566666667,0.777766666667,0.666666666667),
double3(0.441700000000,0.954700000000,0.798400000000),
double3(0.555566666667,0.777766666667,0.728933333333),
double3(0.408100000000,0.844333333333,0.749700000000),
double3(0.333333333333,0.784400000000,0.778933333333),
double3(0.400000000000,0.800000000000,0.833333333333),
double3(0.372666666667,0.853000000000,0.833333333333),
double3(0.378633333333,0.820333333333,0.798400000000),
double3(0.489000000000,0.897100000000,0.749700000000),
double3(0.548933333333,0.882266666667,0.778933333333),
double3(0.533333333333,0.933333333333,0.833333333333),
double3(0.480333333333,0.853000000000,0.833333333333),
double3(0.513000000000,0.891633333333,0.798400000000),
double3(0.408100000000,0.897100000000,0.916966666667),
double3(0.333333333333,0.882266666667,0.887733333333),
double3(0.378633333333,0.891633333333,0.868266666667),
double3(0.555566666667,0.777766666667,0.937733333333),
double3(0.436233333333,0.844333333333,0.916966666667),
double3(0.451066666667,0.784400000000,0.887733333333),
double3(0.441700000000,0.820333333333,0.868266666667),
double3(0.489000000000,0.925233333333,0.916966666667),
double3(0.548933333333,0.666666666667,0.887733333333),
double3(0.513000000000,0.954700000000,0.868266666667),
double3(0.563766666667,0.741433333333,0.916966666667),
double3(0.600000000000,0.733333333333,0.833333333333),
double3(0.519666666667,0.706000000000,0.833333333333),
double3(0.444433333333,0.888900000000,0.666666666667),
double3(0.558300000000,0.711966666667,0.868266666667),
double3(0.444433333333,0.888900000000,0.937733333333),
double3(0.591900000000,0.822333333333,0.916966666667),
double3(0.600000000000,0.866666666667,0.833333333333),
double3(0.627333333333,0.813666666667,0.833333333333),
double3(0.621366666667,0.846333333333,0.868266666667),
double3(0.511000000000,0.769566666667,0.916966666667),
double3(0.466666666667,0.733333333333,0.833333333333),
double3(0.519666666667,0.813666666667,0.833333333333),
double3(0.487000000000,0.775033333333,0.868266666667),
double3(0.591900000000,0.769566666667,0.749700000000),
double3(0.621366666667,0.775033333333,0.798400000000),
double3(0.444433333333,0.888900000000,0.728933333333),
double3(0.563766666667,0.822333333333,0.749700000000),
double3(0.558300000000,0.846333333333,0.798400000000),
double3(0.511000000000,0.741433333333,0.749700000000),
double3(0.487000000000,0.711966666667,0.798400000000),
double3(0.769566666667,0.258566666667,0.083033333333),
double3(0.784400000000,0.000000000000,0.112266666667),
double3(0.733333333333,0.266666666667,0.166666666667),
double3(0.813666666667,0.294000000000,0.166666666667),
double3(0.888900000000,0.111100000000,0.000000000000),
double3(0.775033333333,0.288033333333,0.131733333333),
double3(0.888900000000,0.111100000000,0.062266666667),
double3(0.741433333333,0.177666666667,0.083033333333),
double3(0.666666666667,0.117733333333,0.112266666667),
double3(0.733333333333,0.133333333333,0.166666666667),
double3(0.706000000000,0.186333333333,0.166666666667),
double3(0.711966666667,0.153666666667,0.131733333333),
double3(0.822333333333,0.230433333333,0.083033333333),
double3(0.882266666667,0.215600000000,0.112266666667),
double3(0.866666666667,0.266666666667,0.166666666667),
double3(0.813666666667,0.186333333333,0.166666666667),
double3(0.846333333333,0.224966666667,0.131733333333),
double3(0.741433333333,0.230433333333,0.250300000000),
double3(0.666666666667,0.215600000000,0.221066666667),
double3(0.711966666667,0.224966666667,0.201600000000),
double3(0.888900000000,0.111100000000,0.271066666667),
double3(0.769566666667,0.177666666667,0.250300000000),
double3(0.784400000000,0.117733333333,0.221066666667),
double3(0.775033333333,0.153666666667,0.201600000000),
double3(0.822333333333,0.258566666667,0.250300000000),
double3(0.882266666667,0.000000000000,0.221066666667),
double3(0.846333333333,0.288033333333,0.201600000000),
double3(0.897100000000,0.074766666667,0.250300000000),
double3(0.933333333333,0.066666666667,0.166666666667),
double3(0.853000000000,0.039333333333,0.166666666667),
double3(0.777766666667,0.222233333333,0.000000000000),
double3(0.891633333333,0.045300000000,0.201600000000),
double3(0.777766666667,0.222233333333,0.271066666667),
double3(0.925233333333,0.155666666667,0.250300000000),
double3(0.933333333333,0.200000000000,0.166666666667),
double3(0.960666666667,0.147000000000,0.166666666667),
double3(0.954700000000,0.179666666667,0.201600000000),
double3(0.844333333333,0.102900000000,0.250300000000),
double3(0.800000000000,0.066666666667,0.166666666667),
double3(0.853000000000,0.147000000000,0.166666666667),
double3(0.820333333333,0.108366666667,0.201600000000),
double3(0.925233333333,0.102900000000,0.083033333333),
double3(0.954700000000,0.108366666667,0.131733333333),
double3(0.777766666667,0.222233333333,0.062266666667),
double3(0.897100000000,0.155666666667,0.083033333333),
double3(0.891633333333,0.179666666667,0.131733333333),
double3(0.844333333333,0.074766666667,0.083033333333),
double3(0.820333333333,0.045300000000,0.131733333333),
double3(0.769566666667,0.258566666667,0.416366666667),
double3(0.784400000000,0.000000000000,0.445600000000),
double3(0.733333333333,0.266666666667,0.500000000000),
double3(0.813666666667,0.294000000000,0.500000000000),
double3(0.888900000000,0.111100000000,0.333333333333),
double3(0.775033333333,0.288033333333,0.465066666667),
double3(0.888900000000,0.111100000000,0.395600000000),
double3(0.741433333333,0.177666666667,0.416366666667),
double3(0.666666666667,0.117733333333,0.445600000000),
double3(0.733333333333,0.133333333333,0.500000000000),
double3(0.706000000000,0.186333333333,0.500000000000),
double3(0.711966666667,0.153666666667,0.465066666667),
double3(0.822333333333,0.230433333333,0.416366666667),
double3(0.882266666667,0.215600000000,0.445600000000),
double3(0.866666666667,0.266666666667,0.500000000000),
double3(0.813666666667,0.186333333333,0.500000000000),
double3(0.846333333333,0.224966666667,0.465066666667),
double3(0.741433333333,0.230433333333,0.583633333333),
double3(0.666666666667,0.215600000000,0.554400000000),
double3(0.711966666667,0.224966666667,0.534933333333),
double3(0.888900000000,0.111100000000,0.604400000000),
double3(0.769566666667,0.177666666667,0.583633333333),
double3(0.784400000000,0.117733333333,0.554400000000),
double3(0.775033333333,0.153666666667,0.534933333333),
double3(0.822333333333,0.258566666667,0.583633333333),
double3(0.882266666667,0.000000000000,0.554400000000),
double3(0.846333333333,0.288033333333,0.534933333333),
double3(0.897100000000,0.074766666667,0.583633333333),
double3(0.933333333333,0.066666666667,0.500000000000),
double3(0.853000000000,0.039333333333,0.500000000000),
double3(0.777766666667,0.222233333333,0.333333333333),
double3(0.891633333333,0.045300000000,0.534933333333),
double3(0.777766666667,0.222233333333,0.604400000000),
double3(0.925233333333,0.155666666667,0.583633333333),
double3(0.933333333333,0.200000000000,0.500000000000),
double3(0.960666666667,0.147000000000,0.500000000000),
double3(0.954700000000,0.179666666667,0.534933333333),
double3(0.844333333333,0.102900000000,0.583633333333),
double3(0.800000000000,0.066666666667,0.500000000000),
double3(0.853000000000,0.147000000000,0.500000000000),
double3(0.820333333333,0.108366666667,0.534933333333),
double3(0.925233333333,0.102900000000,0.416366666667),
double3(0.954700000000,0.108366666667,0.465066666667),
double3(0.777766666667,0.222233333333,0.395600000000),
double3(0.897100000000,0.155666666667,0.416366666667),
double3(0.891633333333,0.179666666667,0.465066666667),
double3(0.844333333333,0.074766666667,0.416366666667),
double3(0.820333333333,0.045300000000,0.465066666667),
double3(0.769566666667,0.258566666667,0.749700000000),
double3(0.784400000000,0.000000000000,0.778933333333),
double3(0.733333333333,0.266666666667,0.833333333333),
double3(0.813666666667,0.294000000000,0.833333333333),
double3(0.888900000000,0.111100000000,0.666666666667),
double3(0.775033333333,0.288033333333,0.798400000000),
double3(0.888900000000,0.111100000000,0.728933333333),
double3(0.741433333333,0.177666666667,0.749700000000),
double3(0.666666666667,0.117733333333,0.778933333333),
double3(0.733333333333,0.133333333333,0.833333333333),
double3(0.706000000000,0.186333333333,0.833333333333),
double3(0.711966666667,0.153666666667,0.798400000000),
double3(0.822333333333,0.230433333333,0.749700000000),
double3(0.882266666667,0.215600000000,0.778933333333),
double3(0.866666666667,0.266666666667,0.833333333333),
double3(0.813666666667,0.186333333333,0.833333333333),
double3(0.846333333333,0.224966666667,0.798400000000),
double3(0.741433333333,0.230433333333,0.916966666667),
double3(0.666666666667,0.215600000000,0.887733333333),
double3(0.711966666667,0.224966666667,0.868266666667),
double3(0.888900000000,0.111100000000,0.937733333333),
double3(0.769566666667,0.177666666667,0.916966666667),
double3(0.784400000000,0.117733333333,0.887733333333),
double3(0.775033333333,0.153666666667,0.868266666667),
double3(0.822333333333,0.258566666667,0.916966666667),
double3(0.882266666667,0.000000000000,0.887733333333),
double3(0.846333333333,0.288033333333,0.868266666667),
double3(0.897100000000,0.074766666667,0.916966666667),
double3(0.933333333333,0.066666666667,0.833333333333),
double3(0.853000000000,0.039333333333,0.833333333333),
double3(0.777766666667,0.222233333333,0.666666666667),
double3(0.891633333333,0.045300000000,0.868266666667),
double3(0.777766666667,0.222233333333,0.937733333333),
double3(0.925233333333,0.155666666667,0.916966666667),
double3(0.933333333333,0.200000000000,0.833333333333),
double3(0.960666666667,0.147000000000,0.833333333333),
double3(0.954700000000,0.179666666667,0.868266666667),
double3(0.844333333333,0.102900000000,0.916966666667),
double3(0.800000000000,0.066666666667,0.833333333333),
double3(0.853000000000,0.147000000000,0.833333333333),
double3(0.820333333333,0.108366666667,0.868266666667),
double3(0.925233333333,0.102900000000,0.749700000000),
double3(0.954700000000,0.108366666667,0.798400000000),
double3(0.777766666667,0.222233333333,0.728933333333),
double3(0.897100000000,0.155666666667,0.749700000000),
double3(0.891633333333,0.179666666667,0.798400000000),
double3(0.844333333333,0.074766666667,0.749700000000),
double3(0.820333333333,0.045300000000,0.798400000000),
double3(0.769566666667,0.591900000000,0.083033333333),
double3(0.784400000000,0.333333333333,0.112266666667),
double3(0.733333333333,0.600000000000,0.166666666667),
double3(0.813666666667,0.627333333333,0.166666666667),
double3(0.888900000000,0.444433333333,0.000000000000),
double3(0.775033333333,0.621366666667,0.131733333333),
double3(0.888900000000,0.444433333333,0.062266666667),
double3(0.741433333333,0.511000000000,0.083033333333),
double3(0.666666666667,0.451066666667,0.112266666667),
double3(0.733333333333,0.466666666667,0.166666666667),
double3(0.706000000000,0.519666666667,0.166666666667),
double3(0.711966666667,0.487000000000,0.131733333333),
double3(0.822333333333,0.563766666667,0.083033333333),
double3(0.882266666667,0.548933333333,0.112266666667),
double3(0.866666666667,0.600000000000,0.166666666667),
double3(0.813666666667,0.519666666667,0.166666666667),
double3(0.846333333333,0.558300000000,0.131733333333),
double3(0.741433333333,0.563766666667,0.250300000000),
double3(0.666666666667,0.548933333333,0.221066666667),
double3(0.711966666667,0.558300000000,0.201600000000),
double3(0.888900000000,0.444433333333,0.271066666667),
double3(0.769566666667,0.511000000000,0.250300000000),
double3(0.784400000000,0.451066666667,0.221066666667),
double3(0.775033333333,0.487000000000,0.201600000000),
double3(0.822333333333,0.591900000000,0.250300000000),
double3(0.882266666667,0.333333333333,0.221066666667),
double3(0.846333333333,0.621366666667,0.201600000000),
double3(0.897100000000,0.408100000000,0.250300000000),
double3(0.933333333333,0.400000000000,0.166666666667),
double3(0.853000000000,0.372666666667,0.166666666667),
double3(0.777766666667,0.555566666667,0.000000000000),
double3(0.891633333333,0.378633333333,0.201600000000),
double3(0.777766666667,0.555566666667,0.271066666667),
double3(0.925233333333,0.489000000000,0.250300000000),
double3(0.933333333333,0.533333333333,0.166666666667),
double3(0.960666666667,0.480333333333,0.166666666667),
double3(0.954700000000,0.513000000000,0.201600000000),
double3(0.844333333333,0.436233333333,0.250300000000),
double3(0.800000000000,0.400000000000,0.166666666667),
double3(0.853000000000,0.480333333333,0.166666666667),
double3(0.820333333333,0.441700000000,0.201600000000),
double3(0.925233333333,0.436233333333,0.083033333333),
double3(0.954700000000,0.441700000000,0.131733333333),
double3(0.777766666667,0.555566666667,0.062266666667),
double3(0.897100000000,0.489000000000,0.083033333333),
double3(0.891633333333,0.513000000000,0.131733333333),
double3(0.844333333333,0.408100000000,0.083033333333),
double3(0.820333333333,0.378633333333,0.131733333333),
double3(0.769566666667,0.591900000000,0.416366666667),
double3(0.784400000000,0.333333333333,0.445600000000),
double3(0.733333333333,0.600000000000,0.500000000000),
double3(0.813666666667,0.627333333333,0.500000000000),
double3(0.888900000000,0.444433333333,0.333333333333),
double3(0.775033333333,0.621366666667,0.465066666667),
double3(0.888900000000,0.444433333333,0.395600000000),
double3(0.741433333333,0.511000000000,0.416366666667),
double3(0.666666666667,0.451066666667,0.445600000000),
double3(0.733333333333,0.466666666667,0.500000000000),
double3(0.706000000000,0.519666666667,0.500000000000),
double3(0.711966666667,0.487000000000,0.465066666667),
double3(0.822333333333,0.563766666667,0.416366666667),
double3(0.882266666667,0.548933333333,0.445600000000),
double3(0.866666666667,0.600000000000,0.500000000000),
double3(0.813666666667,0.519666666667,0.500000000000),
double3(0.846333333333,0.558300000000,0.465066666667),
double3(0.741433333333,0.563766666667,0.583633333333),
double3(0.666666666667,0.548933333333,0.554400000000),
double3(0.711966666667,0.558300000000,0.534933333333),
double3(0.888900000000,0.444433333333,0.604400000000),
double3(0.769566666667,0.511000000000,0.583633333333),
double3(0.784400000000,0.451066666667,0.554400000000),
double3(0.775033333333,0.487000000000,0.534933333333),
double3(0.822333333333,0.591900000000,0.583633333333),
double3(0.882266666667,0.333333333333,0.554400000000),
double3(0.846333333333,0.621366666667,0.534933333333),
double3(0.897100000000,0.408100000000,0.583633333333),
double3(0.933333333333,0.400000000000,0.500000000000),
double3(0.853000000000,0.372666666667,0.500000000000),
double3(0.777766666667,0.555566666667,0.333333333333),
double3(0.891633333333,0.378633333333,0.534933333333),
double3(0.777766666667,0.555566666667,0.604400000000),
double3(0.925233333333,0.489000000000,0.583633333333),
double3(0.933333333333,0.533333333333,0.500000000000),
double3(0.960666666667,0.480333333333,0.500000000000),
double3(0.954700000000,0.513000000000,0.534933333333),
double3(0.844333333333,0.436233333333,0.583633333333),
double3(0.800000000000,0.400000000000,0.500000000000),
double3(0.853000000000,0.480333333333,0.500000000000),
double3(0.820333333333,0.441700000000,0.534933333333),
double3(0.925233333333,0.436233333333,0.416366666667),
double3(0.954700000000,0.441700000000,0.465066666667),
double3(0.777766666667,0.555566666667,0.395600000000),
double3(0.897100000000,0.489000000000,0.416366666667),
double3(0.891633333333,0.513000000000,0.465066666667),
double3(0.844333333333,0.408100000000,0.416366666667),
double3(0.820333333333,0.378633333333,0.465066666667),
double3(0.769566666667,0.591900000000,0.749700000000),
double3(0.784400000000,0.333333333333,0.778933333333),
double3(0.733333333333,0.600000000000,0.833333333333),
double3(0.813666666667,0.627333333333,0.833333333333),
double3(0.888900000000,0.444433333333,0.666666666667),
double3(0.775033333333,0.621366666667,0.798400000000),
double3(0.888900000000,0.444433333333,0.728933333333),
double3(0.741433333333,0.511000000000,0.749700000000),
double3(0.666666666667,0.451066666667,0.778933333333),
double3(0.733333333333,0.466666666667,0.833333333333),
double3(0.706000000000,0.519666666667,0.833333333333),
double3(0.711966666667,0.487000000000,0.798400000000),
double3(0.822333333333,0.563766666667,0.749700000000),
double3(0.882266666667,0.548933333333,0.778933333333),
double3(0.866666666667,0.600000000000,0.833333333333),
double3(0.813666666667,0.519666666667,0.833333333333),
double3(0.846333333333,0.558300000000,0.798400000000),
double3(0.741433333333,0.563766666667,0.916966666667),
double3(0.666666666667,0.548933333333,0.887733333333),
double3(0.711966666667,0.558300000000,0.868266666667),
double3(0.888900000000,0.444433333333,0.937733333333),
double3(0.769566666667,0.511000000000,0.916966666667),
double3(0.784400000000,0.451066666667,0.887733333333),
double3(0.775033333333,0.487000000000,0.868266666667),
double3(0.822333333333,0.591900000000,0.916966666667),
double3(0.882266666667,0.333333333333,0.887733333333),
double3(0.846333333333,0.621366666667,0.868266666667),
double3(0.897100000000,0.408100000000,0.916966666667),
double3(0.933333333333,0.400000000000,0.833333333333),
double3(0.853000000000,0.372666666667,0.833333333333),
double3(0.777766666667,0.555566666667,0.666666666667),
double3(0.891633333333,0.378633333333,0.868266666667),
double3(0.777766666667,0.555566666667,0.937733333333),
double3(0.925233333333,0.489000000000,0.916966666667),
double3(0.933333333333,0.533333333333,0.833333333333),
double3(0.960666666667,0.480333333333,0.833333333333),
double3(0.954700000000,0.513000000000,0.868266666667),
double3(0.844333333333,0.436233333333,0.916966666667),
double3(0.800000000000,0.400000000000,0.833333333333),
double3(0.853000000000,0.480333333333,0.833333333333),
double3(0.820333333333,0.441700000000,0.868266666667),
double3(0.925233333333,0.436233333333,0.749700000000),
double3(0.954700000000,0.441700000000,0.798400000000),
double3(0.777766666667,0.555566666667,0.728933333333),
double3(0.897100000000,0.489000000000,0.749700000000),
double3(0.891633333333,0.513000000000,0.798400000000),
double3(0.844333333333,0.408100000000,0.749700000000),
double3(0.820333333333,0.378633333333,0.798400000000),
double3(0.769566666667,0.925233333333,0.083033333333),
double3(0.784400000000,0.666666666667,0.112266666667),
double3(0.733333333333,0.933333333333,0.166666666667),
double3(0.813666666667,0.960666666667,0.166666666667),
double3(0.888900000000,0.777766666667,0.000000000000),
double3(0.775033333333,0.954700000000,0.131733333333),
double3(0.888900000000,0.777766666667,0.062266666667),
double3(0.741433333333,0.844333333333,0.083033333333),
double3(0.666666666667,0.784400000000,0.112266666667),
double3(0.733333333333,0.800000000000,0.166666666667),
double3(0.706000000000,0.853000000000,0.166666666667),
double3(0.711966666667,0.820333333333,0.131733333333),
double3(0.822333333333,0.897100000000,0.083033333333),
double3(0.882266666667,0.882266666667,0.112266666667),
double3(0.866666666667,0.933333333333,0.166666666667),
double3(0.813666666667,0.853000000000,0.166666666667),
double3(0.846333333333,0.891633333333,0.131733333333),
double3(0.741433333333,0.897100000000,0.250300000000),
double3(0.666666666667,0.882266666667,0.221066666667),
double3(0.711966666667,0.891633333333,0.201600000000),
double3(0.888900000000,0.777766666667,0.271066666667),
double3(0.769566666667,0.844333333333,0.250300000000),
double3(0.784400000000,0.784400000000,0.221066666667),
double3(0.775033333333,0.820333333333,0.201600000000),
double3(0.822333333333,0.925233333333,0.250300000000),
double3(0.882266666667,0.666666666667,0.221066666667),
double3(0.846333333333,0.954700000000,0.201600000000),
double3(0.897100000000,0.741433333333,0.250300000000),
double3(0.933333333333,0.733333333333,0.166666666667),
double3(0.853000000000,0.706000000000,0.166666666667),
double3(0.777766666667,0.888900000000,0.000000000000),
double3(0.891633333333,0.711966666667,0.201600000000),
double3(0.777766666667,0.888900000000,0.271066666667),
double3(0.925233333333,0.822333333333,0.250300000000),
double3(0.933333333333,0.866666666667,0.166666666667),
double3(0.960666666667,0.813666666667,0.166666666667),
double3(0.954700000000,0.846333333333,0.201600000000),
double3(0.844333333333,0.769566666667,0.250300000000),
double3(0.800000000000,0.733333333333,0.166666666667),
double3(0.853000000000,0.813666666667,0.166666666667),
double3(0.820333333333,0.775033333333,0.201600000000),
double3(0.925233333333,0.769566666667,0.083033333333),
double3(0.954700000000,0.775033333333,0.131733333333),
double3(0.777766666667,0.888900000000,0.062266666667),
double3(0.897100000000,0.822333333333,0.083033333333),
double3(0.891633333333,0.846333333333,0.131733333333),
double3(0.844333333333,0.741433333333,0.083033333333),
double3(0.820333333333,0.711966666667,0.131733333333),
double3(0.769566666667,0.925233333333,0.416366666667),
double3(0.784400000000,0.666666666667,0.445600000000),
double3(0.733333333333,0.933333333333,0.500000000000),
double3(0.813666666667,0.960666666667,0.500000000000),
double3(0.888900000000,0.777766666667,0.333333333333),
double3(0.775033333333,0.954700000000,0.465066666667),
double3(0.888900000000,0.777766666667,0.395600000000),
double3(0.741433333333,0.844333333333,0.416366666667),
double3(0.666666666667,0.784400000000,0.445600000000),
double3(0.733333333333,0.800000000000,0.500000000000),
double3(0.706000000000,0.853000000000,0.500000000000),
double3(0.711966666667,0.820333333333,0.465066666667),
double3(0.822333333333,0.897100000000,0.416366666667),
double3(0.882266666667,0.882266666667,0.445600000000),
double3(0.866666666667,0.933333333333,0.500000000000),
double3(0.813666666667,0.853000000000,0.500000000000),
double3(0.846333333333,0.891633333333,0.465066666667),
double3(0.741433333333,0.897100000000,0.583633333333),
double3(0.666666666667,0.882266666667,0.554400000000),
double3(0.711966666667,0.891633333333,0.534933333333),
double3(0.888900000000,0.777766666667,0.604400000000),
double3(0.769566666667,0.844333333333,0.583633333333),
double3(0.784400000000,0.784400000000,0.554400000000),
double3(0.775033333333,0.820333333333,0.534933333333),
double3(0.822333333333,0.925233333333,0.583633333333),
double3(0.882266666667,0.666666666667,0.554400000000),
double3(0.846333333333,0.954700000000,0.534933333333),
double3(0.897100000000,0.741433333333,0.583633333333),
double3(0.933333333333,0.733333333333,0.500000000000),
double3(0.853000000000,0.706000000000,0.500000000000),
double3(0.777766666667,0.888900000000,0.333333333333),
double3(0.891633333333,0.711966666667,0.534933333333),
double3(0.777766666667,0.888900000000,0.604400000000),
double3(0.925233333333,0.822333333333,0.583633333333),
double3(0.933333333333,0.866666666667,0.500000000000),
double3(0.960666666667,0.813666666667,0.500000000000),
double3(0.954700000000,0.846333333333,0.534933333333),
double3(0.844333333333,0.769566666667,0.583633333333),
double3(0.800000000000,0.733333333333,0.500000000000),
double3(0.853000000000,0.813666666667,0.500000000000),
double3(0.820333333333,0.775033333333,0.534933333333),
double3(0.925233333333,0.769566666667,0.416366666667),
double3(0.954700000000,0.775033333333,0.465066666667),
double3(0.777766666667,0.888900000000,0.395600000000),
double3(0.897100000000,0.822333333333,0.416366666667),
double3(0.891633333333,0.846333333333,0.465066666667),
double3(0.844333333333,0.741433333333,0.416366666667),
double3(0.820333333333,0.711966666667,0.465066666667),
double3(0.769566666667,0.925233333333,0.749700000000),
double3(0.784400000000,0.666666666667,0.778933333333),
double3(0.733333333333,0.933333333333,0.833333333333),
double3(0.813666666667,0.960666666667,0.833333333333),
double3(0.888900000000,0.777766666667,0.666666666667),
double3(0.775033333333,0.954700000000,0.798400000000),
double3(0.888900000000,0.777766666667,0.728933333333),
double3(0.741433333333,0.844333333333,0.749700000000),
double3(0.666666666667,0.784400000000,0.778933333333),
double3(0.733333333333,0.800000000000,0.833333333333),
double3(0.706000000000,0.853000000000,0.833333333333),
double3(0.711966666667,0.820333333333,0.798400000000),
double3(0.822333333333,0.897100000000,0.749700000000),
double3(0.882266666667,0.882266666667,0.778933333333),
double3(0.866666666667,0.933333333333,0.833333333333),
double3(0.813666666667,0.853000000000,0.833333333333),
double3(0.846333333333,0.891633333333,0.798400000000),
double3(0.741433333333,0.897100000000,0.916966666667),
double3(0.666666666667,0.882266666667,0.887733333333),
double3(0.711966666667,0.891633333333,0.868266666667),
double3(0.888900000000,0.777766666667,0.937733333333),
double3(0.769566666667,0.844333333333,0.916966666667),
double3(0.784400000000,0.784400000000,0.887733333333),
double3(0.775033333333,0.820333333333,0.868266666667),
double3(0.822333333333,0.925233333333,0.916966666667),
double3(0.882266666667,0.666666666667,0.887733333333),
double3(0.846333333333,0.954700000000,0.868266666667),
double3(0.897100000000,0.741433333333,0.916966666667),
double3(0.933333333333,0.733333333333,0.833333333333),
double3(0.853000000000,0.706000000000,0.833333333333),
double3(0.777766666667,0.888900000000,0.666666666667),
double3(0.891633333333,0.711966666667,0.868266666667),
double3(0.777766666667,0.888900000000,0.937733333333),
double3(0.925233333333,0.822333333333,0.916966666667),
double3(0.933333333333,0.866666666667,0.833333333333),
double3(0.960666666667,0.813666666667,0.833333333333),
double3(0.954700000000,0.846333333333,0.868266666667),
double3(0.844333333333,0.769566666667,0.916966666667),
double3(0.800000000000,0.733333333333,0.833333333333),
double3(0.853000000000,0.813666666667,0.833333333333),
double3(0.820333333333,0.775033333333,0.868266666667),
double3(0.925233333333,0.769566666667,0.749700000000),
double3(0.954700000000,0.775033333333,0.798400000000),
double3(0.777766666667,0.888900000000,0.728933333333),
double3(0.897100000000,0.822333333333,0.749700000000),
double3(0.891633333333,0.846333333333,0.798400000000),
double3(0.844333333333,0.741433333333,0.749700000000),
double3(0.820333333333,0.711966666667,0.798400000000),
