[double3(8.717200000000,0.000000000000,0.000000000000),double3(0.000000000000,6.923100000000,0.000000000000),double3(-1.819387888608,0.000000000000,14.834848961509)]

double3(0.241333333333,0.074850000000,0.099000000000),
double3(0.258500000000,0.026400000000,0.174700000000),
double3(0.257233333333,0.231425000000,0.096450000000),
double3(0.000000000000,0.040525000000,0.125000000000),
double3(0.234600000000,0.229450000000,0.007900000000),
double3(0.172466666667,0.015175000000,0.440150000000),
double3(0.182500000000,0.171300000000,0.450100000000),
double3(0.212966666667,0.095475000000,0.305850000000),
double3(0.166666666667,0.127850000000,0.125000000000),
double3(0.272666666667,0.030400000000,0.123900000000),
double3(0.212266666667,0.222275000000,0.455650000000),
double3(0.216866666667,0.037450000000,0.305200000000),
double3(0.140366666667,0.108925000000,0.167750000000),
double3(0.092000000000,0.074850000000,0.151000000000),
double3(0.074833333333,0.026400000000,0.075300000000),
double3(0.076100000000,0.231425000000,0.153550000000),
double3(0.098733333333,0.229450000000,0.242100000000),
double3(0.160866666667,0.015175000000,0.309850000000),
double3(0.150833333333,0.171300000000,0.299900000000),
double3(0.120366666667,0.095475000000,0.444150000000),
double3(0.060666666667,0.030400000000,0.126100000000),
double3(0.121066666667,0.222275000000,0.294350000000),
double3(0.116466666667,0.037450000000,0.444800000000),
double3(0.192966666667,0.108925000000,0.082250000000),
double3(0.092000000000,0.175150000000,0.401000000000),
double3(0.074833333333,0.223600000000,0.325300000000),
double3(0.076100000000,0.018575000000,0.403550000000),
double3(0.000000000000,0.209475000000,0.375000000000),
double3(0.098733333333,0.020550000000,0.492100000000),
double3(0.160866666667,0.234825000000,0.059850000000),
double3(0.150833333333,0.078700000000,0.049900000000),
double3(0.120366666667,0.154525000000,0.194150000000),
double3(0.166666666667,0.122150000000,0.375000000000),
double3(0.060666666667,0.219600000000,0.376100000000),
double3(0.121066666667,0.027725000000,0.044350000000),
double3(0.116466666667,0.212550000000,0.194800000000),
double3(0.192966666667,0.141075000000,0.332250000000),
double3(0.241333333333,0.175150000000,0.349000000000),
double3(0.258500000000,0.223600000000,0.424700000000),
double3(0.257233333333,0.018575000000,0.346450000000),
double3(0.234600000000,0.020550000000,0.257900000000),
double3(0.172466666667,0.234825000000,0.190150000000),
double3(0.182500000000,0.078700000000,0.200100000000),
double3(0.212966666667,0.154525000000,0.055850000000),
double3(0.272666666667,0.219600000000,0.373900000000),
double3(0.212266666667,0.027725000000,0.205650000000),
double3(0.216866666667,0.212550000000,0.055200000000),
double3(0.140366666667,0.141075000000,0.417750000000),
double3(0.241333333333,0.074850000000,0.599000000000),
double3(0.258500000000,0.026400000000,0.674700000000),
double3(0.257233333333,0.231425000000,0.596450000000),
double3(0.000000000000,0.040525000000,0.625000000000),
double3(0.234600000000,0.229450000000,0.507900000000),
double3(0.172466666667,0.015175000000,0.940150000000),
double3(0.182500000000,0.171300000000,0.950100000000),
double3(0.212966666667,0.095475000000,0.805850000000),
double3(0.166666666667,0.127850000000,0.625000000000),
double3(0.272666666667,0.030400000000,0.623900000000),
double3(0.212266666667,0.222275000000,0.955650000000),
double3(0.216866666667,0.037450000000,0.805200000000),
double3(0.140366666667,0.108925000000,0.667750000000),
double3(0.092000000000,0.074850000000,0.651000000000),
double3(0.074833333333,0.026400000000,0.575300000000),
double3(0.076100000000,0.231425000000,0.653550000000),
double3(0.098733333333,0.229450000000,0.742100000000),
double3(0.160866666667,0.015175000000,0.809850000000),
double3(0.150833333333,0.171300000000,0.799900000000),
double3(0.120366666667,0.095475000000,0.944150000000),
double3(0.060666666667,0.030400000000,0.626100000000),
double3(0.121066666667,0.222275000000,0.794350000000),
double3(0.116466666667,0.037450000000,0.944800000000),
double3(0.192966666667,0.108925000000,0.582250000000),
double3(0.092000000000,0.175150000000,0.901000000000),
double3(0.074833333333,0.223600000000,0.825300000000),
double3(0.076100000000,0.018575000000,0.903550000000),
double3(0.000000000000,0.209475000000,0.875000000000),
double3(0.098733333333,0.020550000000,0.992100000000),
double3(0.160866666667,0.234825000000,0.559850000000),
double3(0.150833333333,0.078700000000,0.549900000000),
double3(0.120366666667,0.154525000000,0.694150000000),
double3(0.166666666667,0.122150000000,0.875000000000),
double3(0.060666666667,0.219600000000,0.876100000000),
double3(0.121066666667,0.027725000000,0.544350000000),
double3(0.116466666667,0.212550000000,0.694800000000),
double3(0.192966666667,0.141075000000,0.832250000000),
double3(0.241333333333,0.175150000000,0.849000000000),
double3(0.258500000000,0.223600000000,0.924700000000),
double3(0.257233333333,0.018575000000,0.846450000000),
double3(0.234600000000,0.020550000000,0.757900000000),
double3(0.172466666667,0.234825000000,0.690150000000),
double3(0.182500000000,0.078700000000,0.700100000000),
double3(0.212966666667,0.154525000000,0.555850000000),
double3(0.272666666667,0.219600000000,0.873900000000),
double3(0.212266666667,0.027725000000,0.705650000000),
double3(0.216866666667,0.212550000000,0.555200000000),
double3(0.140366666667,0.141075000000,0.917750000000),
double3(0.241333333333,0.324850000000,0.099000000000),
double3(0.258500000000,0.276400000000,0.174700000000),
double3(0.257233333333,0.481425000000,0.096450000000),
double3(0.000000000000,0.290525000000,0.125000000000),
double3(0.234600000000,0.479450000000,0.007900000000),
double3(0.172466666667,0.265175000000,0.440150000000),
double3(0.182500000000,0.421300000000,0.450100000000),
double3(0.212966666667,0.345475000000,0.305850000000),
double3(0.166666666667,0.377850000000,0.125000000000),
double3(0.272666666667,0.280400000000,0.123900000000),
double3(0.212266666667,0.472275000000,0.455650000000),
double3(0.216866666667,0.287450000000,0.305200000000),
double3(0.140366666667,0.358925000000,0.167750000000),
double3(0.092000000000,0.324850000000,0.151000000000),
double3(0.074833333333,0.276400000000,0.075300000000),
double3(0.076100000000,0.481425000000,0.153550000000),
double3(0.098733333333,0.479450000000,0.242100000000),
double3(0.160866666667,0.265175000000,0.309850000000),
double3(0.150833333333,0.421300000000,0.299900000000),
double3(0.120366666667,0.345475000000,0.444150000000),
double3(0.060666666667,0.280400000000,0.126100000000),
double3(0.121066666667,0.472275000000,0.294350000000),
double3(0.116466666667,0.287450000000,0.444800000000),
double3(0.192966666667,0.358925000000,0.082250000000),
double3(0.092000000000,0.425150000000,0.401000000000),
double3(0.074833333333,0.473600000000,0.325300000000),
double3(0.076100000000,0.268575000000,0.403550000000),
double3(0.000000000000,0.459475000000,0.375000000000),
double3(0.098733333333,0.270550000000,0.492100000000),
double3(0.160866666667,0.484825000000,0.059850000000),
double3(0.150833333333,0.328700000000,0.049900000000),
double3(0.120366666667,0.404525000000,0.194150000000),
double3(0.166666666667,0.372150000000,0.375000000000),
double3(0.060666666667,0.469600000000,0.376100000000),
double3(0.121066666667,0.277725000000,0.044350000000),
double3(0.116466666667,0.462550000000,0.194800000000),
double3(0.192966666667,0.391075000000,0.332250000000),
double3(0.241333333333,0.425150000000,0.349000000000),
double3(0.258500000000,0.473600000000,0.424700000000),
double3(0.257233333333,0.268575000000,0.346450000000),
double3(0.234600000000,0.270550000000,0.257900000000),
double3(0.172466666667,0.484825000000,0.190150000000),
double3(0.182500000000,0.328700000000,0.200100000000),
double3(0.212966666667,0.404525000000,0.055850000000),
double3(0.272666666667,0.469600000000,0.373900000000),
double3(0.212266666667,0.277725000000,0.205650000000),
double3(0.216866666667,0.462550000000,0.055200000000),
double3(0.140366666667,0.391075000000,0.417750000000),
double3(0.241333333333,0.324850000000,0.599000000000),
double3(0.258500000000,0.276400000000,0.674700000000),
double3(0.257233333333,0.481425000000,0.596450000000),
double3(0.000000000000,0.290525000000,0.625000000000),
double3(0.234600000000,0.479450000000,0.507900000000),
double3(0.172466666667,0.265175000000,0.940150000000),
double3(0.182500000000,0.421300000000,0.950100000000),
double3(0.212966666667,0.345475000000,0.805850000000),
double3(0.166666666667,0.377850000000,0.625000000000),
double3(0.272666666667,0.280400000000,0.623900000000),
double3(0.212266666667,0.472275000000,0.955650000000),
double3(0.216866666667,0.287450000000,0.805200000000),
double3(0.140366666667,0.358925000000,0.667750000000),
double3(0.092000000000,0.324850000000,0.651000000000),
double3(0.074833333333,0.276400000000,0.575300000000),
double3(0.076100000000,0.481425000000,0.653550000000),
double3(0.098733333333,0.479450000000,0.742100000000),
double3(0.160866666667,0.265175000000,0.809850000000),
double3(0.150833333333,0.421300000000,0.799900000000),
double3(0.120366666667,0.345475000000,0.944150000000),
double3(0.060666666667,0.280400000000,0.626100000000),
double3(0.121066666667,0.472275000000,0.794350000000),
double3(0.116466666667,0.287450000000,0.944800000000),
double3(0.192966666667,0.358925000000,0.582250000000),
double3(0.092000000000,0.425150000000,0.901000000000),
double3(0.074833333333,0.473600000000,0.825300000000),
double3(0.076100000000,0.268575000000,0.903550000000),
double3(0.000000000000,0.459475000000,0.875000000000),
double3(0.098733333333,0.270550000000,0.992100000000),
double3(0.160866666667,0.484825000000,0.559850000000),
double3(0.150833333333,0.328700000000,0.549900000000),
double3(0.120366666667,0.404525000000,0.694150000000),
double3(0.166666666667,0.372150000000,0.875000000000),
double3(0.060666666667,0.469600000000,0.876100000000),
double3(0.121066666667,0.277725000000,0.544350000000),
double3(0.116466666667,0.462550000000,0.694800000000),
double3(0.192966666667,0.391075000000,0.832250000000),
double3(0.241333333333,0.425150000000,0.849000000000),
double3(0.258500000000,0.473600000000,0.924700000000),
double3(0.257233333333,0.268575000000,0.846450000000),
double3(0.234600000000,0.270550000000,0.757900000000),
double3(0.172466666667,0.484825000000,0.690150000000),
double3(0.182500000000,0.328700000000,0.700100000000),
double3(0.212966666667,0.404525000000,0.555850000000),
double3(0.272666666667,0.469600000000,0.873900000000),
double3(0.212266666667,0.277725000000,0.705650000000),
double3(0.216866666667,0.462550000000,0.555200000000),
double3(0.140366666667,0.391075000000,0.917750000000),
double3(0.241333333333,0.574850000000,0.099000000000),
double3(0.258500000000,0.526400000000,0.174700000000),
double3(0.257233333333,0.731425000000,0.096450000000),
double3(0.000000000000,0.540525000000,0.125000000000),
double3(0.234600000000,0.729450000000,0.007900000000),
double3(0.172466666667,0.515175000000,0.440150000000),
double3(0.182500000000,0.671300000000,0.450100000000),
double3(0.212966666667,0.595475000000,0.305850000000),
double3(0.166666666667,0.627850000000,0.125000000000),
double3(0.272666666667,0.530400000000,0.123900000000),
double3(0.212266666667,0.722275000000,0.455650000000),
double3(0.216866666667,0.537450000000,0.305200000000),
double3(0.140366666667,0.608925000000,0.167750000000),
double3(0.092000000000,0.574850000000,0.151000000000),
double3(0.074833333333,0.526400000000,0.075300000000),
double3(0.076100000000,0.731425000000,0.153550000000),
double3(0.098733333333,0.729450000000,0.242100000000),
double3(0.160866666667,0.515175000000,0.309850000000),
double3(0.150833333333,0.671300000000,0.299900000000),
double3(0.120366666667,0.595475000000,0.444150000000),
double3(0.060666666667,0.530400000000,0.126100000000),
double3(0.121066666667,0.722275000000,0.294350000000),
double3(0.116466666667,0.537450000000,0.444800000000),
double3(0.192966666667,0.608925000000,0.082250000000),
double3(0.092000000000,0.675150000000,0.401000000000),
double3(0.074833333333,0.723600000000,0.325300000000),
double3(0.076100000000,0.518575000000,0.403550000000),
double3(0.000000000000,0.709475000000,0.375000000000),
double3(0.098733333333,0.520550000000,0.492100000000),
double3(0.160866666667,0.734825000000,0.059850000000),
double3(0.150833333333,0.578700000000,0.049900000000),
double3(0.120366666667,0.654525000000,0.194150000000),
double3(0.166666666667,0.622150000000,0.375000000000),
double3(0.060666666667,0.719600000000,0.376100000000),
double3(0.121066666667,0.527725000000,0.044350000000),
double3(0.116466666667,0.712550000000,0.194800000000),
double3(0.192966666667,0.641075000000,0.332250000000),
double3(0.241333333333,0.675150000000,0.349000000000),
double3(0.258500000000,0.723600000000,0.424700000000),
double3(0.257233333333,0.518575000000,0.346450000000),
double3(0.234600000000,0.520550000000,0.257900000000),
double3(0.172466666667,0.734825000000,0.190150000000),
double3(0.182500000000,0.578700000000,0.200100000000),
double3(0.212966666667,0.654525000000,0.055850000000),
double3(0.272666666667,0.719600000000,0.373900000000),
double3(0.212266666667,0.527725000000,0.205650000000),
double3(0.216866666667,0.712550000000,0.055200000000),
double3(0.140366666667,0.641075000000,0.417750000000),
double3(0.241333333333,0.574850000000,0.599000000000),
double3(0.258500000000,0.526400000000,0.674700000000),
double3(0.257233333333,0.731425000000,0.596450000000),
double3(0.000000000000,0.540525000000,0.625000000000),
double3(0.234600000000,0.729450000000,0.507900000000),
double3(0.172466666667,0.515175000000,0.940150000000),
double3(0.182500000000,0.671300000000,0.950100000000),
double3(0.212966666667,0.595475000000,0.805850000000),
double3(0.166666666667,0.627850000000,0.625000000000),
double3(0.272666666667,0.530400000000,0.623900000000),
double3(0.212266666667,0.722275000000,0.955650000000),
double3(0.216866666667,0.537450000000,0.805200000000),
double3(0.140366666667,0.608925000000,0.667750000000),
double3(0.092000000000,0.574850000000,0.651000000000),
double3(0.074833333333,0.526400000000,0.575300000000),
double3(0.076100000000,0.731425000000,0.653550000000),
double3(0.098733333333,0.729450000000,0.742100000000),
double3(0.160866666667,0.515175000000,0.809850000000),
double3(0.150833333333,0.671300000000,0.799900000000),
double3(0.120366666667,0.595475000000,0.944150000000),
double3(0.060666666667,0.530400000000,0.626100000000),
double3(0.121066666667,0.722275000000,0.794350000000),
double3(0.116466666667,0.537450000000,0.944800000000),
double3(0.192966666667,0.608925000000,0.582250000000),
double3(0.092000000000,0.675150000000,0.901000000000),
double3(0.074833333333,0.723600000000,0.825300000000),
double3(0.076100000000,0.518575000000,0.903550000000),
double3(0.000000000000,0.709475000000,0.875000000000),
double3(0.098733333333,0.520550000000,0.992100000000),
double3(0.160866666667,0.734825000000,0.559850000000),
double3(0.150833333333,0.578700000000,0.549900000000),
double3(0.120366666667,0.654525000000,0.694150000000),
double3(0.166666666667,0.622150000000,0.875000000000),
double3(0.060666666667,0.719600000000,0.876100000000),
double3(0.121066666667,0.527725000000,0.544350000000),
double3(0.116466666667,0.712550000000,0.694800000000),
double3(0.192966666667,0.641075000000,0.832250000000),
double3(0.241333333333,0.675150000000,0.849000000000),
double3(0.258500000000,0.723600000000,0.924700000000),
double3(0.257233333333,0.518575000000,0.846450000000),
double3(0.234600000000,0.520550000000,0.757900000000),
double3(0.172466666667,0.734825000000,0.690150000000),
double3(0.182500000000,0.578700000000,0.700100000000),
double3(0.212966666667,0.654525000000,0.555850000000),
double3(0.272666666667,0.719600000000,0.873900000000),
double3(0.212266666667,0.527725000000,0.705650000000),
double3(0.216866666667,0.712550000000,0.555200000000),
double3(0.140366666667,0.641075000000,0.917750000000),
double3(0.241333333333,0.824850000000,0.099000000000),
double3(0.258500000000,0.776400000000,0.174700000000),
double3(0.257233333333,0.981425000000,0.096450000000),
double3(0.000000000000,0.790525000000,0.125000000000),
double3(0.234600000000,0.979450000000,0.007900000000),
double3(0.172466666667,0.765175000000,0.440150000000),
double3(0.182500000000,0.921300000000,0.450100000000),
double3(0.212966666667,0.845475000000,0.305850000000),
double3(0.166666666667,0.877850000000,0.125000000000),
double3(0.272666666667,0.780400000000,0.123900000000),
double3(0.212266666667,0.972275000000,0.455650000000),
double3(0.216866666667,0.787450000000,0.305200000000),
double3(0.140366666667,0.858925000000,0.167750000000),
double3(0.092000000000,0.824850000000,0.151000000000),
double3(0.074833333333,0.776400000000,0.075300000000),
double3(0.076100000000,0.981425000000,0.153550000000),
double3(0.098733333333,0.979450000000,0.242100000000),
double3(0.160866666667,0.765175000000,0.309850000000),
double3(0.150833333333,0.921300000000,0.299900000000),
double3(0.120366666667,0.845475000000,0.444150000000),
double3(0.060666666667,0.780400000000,0.126100000000),
double3(0.121066666667,0.972275000000,0.294350000000),
double3(0.116466666667,0.787450000000,0.444800000000),
double3(0.192966666667,0.858925000000,0.082250000000),
double3(0.092000000000,0.925150000000,0.401000000000),
double3(0.074833333333,0.973600000000,0.325300000000),
double3(0.076100000000,0.768575000000,0.403550000000),
double3(0.000000000000,0.959475000000,0.375000000000),
double3(0.098733333333,0.770550000000,0.492100000000),
double3(0.160866666667,0.984825000000,0.059850000000),
double3(0.150833333333,0.828700000000,0.049900000000),
double3(0.120366666667,0.904525000000,0.194150000000),
double3(0.166666666667,0.872150000000,0.375000000000),
double3(0.060666666667,0.969600000000,0.376100000000),
double3(0.121066666667,0.777725000000,0.044350000000),
double3(0.116466666667,0.962550000000,0.194800000000),
double3(0.192966666667,0.891075000000,0.332250000000),
double3(0.241333333333,0.925150000000,0.349000000000),
double3(0.258500000000,0.973600000000,0.424700000000),
double3(0.257233333333,0.768575000000,0.346450000000),
double3(0.234600000000,0.770550000000,0.257900000000),
double3(0.172466666667,0.984825000000,0.190150000000),
double3(0.182500000000,0.828700000000,0.200100000000),
double3(0.212966666667,0.904525000000,0.055850000000),
double3(0.272666666667,0.969600000000,0.373900000000),
double3(0.212266666667,0.777725000000,0.205650000000),
double3(0.216866666667,0.962550000000,0.055200000000),
double3(0.140366666667,0.891075000000,0.417750000000),
double3(0.241333333333,0.824850000000,0.599000000000),
double3(0.258500000000,0.776400000000,0.674700000000),
double3(0.257233333333,0.981425000000,0.596450000000),
double3(0.000000000000,0.790525000000,0.625000000000),
double3(0.234600000000,0.979450000000,0.507900000000),
double3(0.172466666667,0.765175000000,0.940150000000),
double3(0.182500000000,0.921300000000,0.950100000000),
double3(0.212966666667,0.845475000000,0.805850000000),
double3(0.166666666667,0.877850000000,0.625000000000),
double3(0.272666666667,0.780400000000,0.623900000000),
double3(0.212266666667,0.972275000000,0.955650000000),
double3(0.216866666667,0.787450000000,0.805200000000),
double3(0.140366666667,0.858925000000,0.667750000000),
double3(0.092000000000,0.824850000000,0.651000000000),
double3(0.074833333333,0.776400000000,0.575300000000),
double3(0.076100000000,0.981425000000,0.653550000000),
double3(0.098733333333,0.979450000000,0.742100000000),
double3(0.160866666667,0.765175000000,0.809850000000),
double3(0.150833333333,0.921300000000,0.799900000000),
double3(0.120366666667,0.845475000000,0.944150000000),
double3(0.060666666667,0.780400000000,0.626100000000),
double3(0.121066666667,0.972275000000,0.794350000000),
double3(0.116466666667,0.787450000000,0.944800000000),
double3(0.192966666667,0.858925000000,0.582250000000),
double3(0.092000000000,0.925150000000,0.901000000000),
double3(0.074833333333,0.973600000000,0.825300000000),
double3(0.076100000000,0.768575000000,0.903550000000),
double3(0.000000000000,0.959475000000,0.875000000000),
double3(0.098733333333,0.770550000000,0.992100000000),
double3(0.160866666667,0.984825000000,0.559850000000),
double3(0.150833333333,0.828700000000,0.549900000000),
double3(0.120366666667,0.904525000000,0.694150000000),
double3(0.166666666667,0.872150000000,0.875000000000),
double3(0.060666666667,0.969600000000,0.876100000000),
double3(0.121066666667,0.777725000000,0.544350000000),
double3(0.116466666667,0.962550000000,0.694800000000),
double3(0.192966666667,0.891075000000,0.832250000000),
double3(0.241333333333,0.925150000000,0.849000000000),
double3(0.258500000000,0.973600000000,0.924700000000),
double3(0.257233333333,0.768575000000,0.846450000000),
double3(0.234600000000,0.770550000000,0.757900000000),
double3(0.172466666667,0.984825000000,0.690150000000),
double3(0.182500000000,0.828700000000,0.700100000000),
double3(0.212966666667,0.904525000000,0.555850000000),
double3(0.272666666667,0.969600000000,0.873900000000),
double3(0.212266666667,0.777725000000,0.705650000000),
double3(0.216866666667,0.962550000000,0.555200000000),
double3(0.140366666667,0.891075000000,0.917750000000),
double3(0.574666666667,0.074850000000,0.099000000000),
double3(0.591833333333,0.026400000000,0.174700000000),
double3(0.590566666667,0.231425000000,0.096450000000),
double3(0.333333333333,0.040525000000,0.125000000000),
double3(0.567933333333,0.229450000000,0.007900000000),
double3(0.505800000000,0.015175000000,0.440150000000),
double3(0.515833333333,0.171300000000,0.450100000000),
double3(0.546300000000,0.095475000000,0.305850000000),
double3(0.500000000000,0.127850000000,0.125000000000),
double3(0.606000000000,0.030400000000,0.123900000000),
double3(0.545600000000,0.222275000000,0.455650000000),
double3(0.550200000000,0.037450000000,0.305200000000),
double3(0.473700000000,0.108925000000,0.167750000000),
double3(0.425333333333,0.074850000000,0.151000000000),
double3(0.408166666667,0.026400000000,0.075300000000),
double3(0.409433333333,0.231425000000,0.153550000000),
double3(0.432066666667,0.229450000000,0.242100000000),
double3(0.494200000000,0.015175000000,0.309850000000),
double3(0.484166666667,0.171300000000,0.299900000000),
double3(0.453700000000,0.095475000000,0.444150000000),
double3(0.394000000000,0.030400000000,0.126100000000),
double3(0.454400000000,0.222275000000,0.294350000000),
double3(0.449800000000,0.037450000000,0.444800000000),
double3(0.526300000000,0.108925000000,0.082250000000),
double3(0.425333333333,0.175150000000,0.401000000000),
double3(0.408166666667,0.223600000000,0.325300000000),
double3(0.409433333333,0.018575000000,0.403550000000),
double3(0.333333333333,0.209475000000,0.375000000000),
double3(0.432066666667,0.020550000000,0.492100000000),
double3(0.494200000000,0.234825000000,0.059850000000),
double3(0.484166666667,0.078700000000,0.049900000000),
double3(0.453700000000,0.154525000000,0.194150000000),
double3(0.500000000000,0.122150000000,0.375000000000),
double3(0.394000000000,0.219600000000,0.376100000000),
double3(0.454400000000,0.027725000000,0.044350000000),
double3(0.449800000000,0.212550000000,0.194800000000),
double3(0.526300000000,0.141075000000,0.332250000000),
double3(0.574666666667,0.175150000000,0.349000000000),
double3(0.591833333333,0.223600000000,0.424700000000),
double3(0.590566666667,0.018575000000,0.346450000000),
double3(0.567933333333,0.020550000000,0.257900000000),
double3(0.505800000000,0.234825000000,0.190150000000),
double3(0.515833333333,0.078700000000,0.200100000000),
double3(0.546300000000,0.154525000000,0.055850000000),
double3(0.606000000000,0.219600000000,0.373900000000),
double3(0.545600000000,0.027725000000,0.205650000000),
double3(0.550200000000,0.212550000000,0.055200000000),
double3(0.473700000000,0.141075000000,0.417750000000),
double3(0.574666666667,0.074850000000,0.599000000000),
double3(0.591833333333,0.026400000000,0.674700000000),
double3(0.590566666667,0.231425000000,0.596450000000),
double3(0.333333333333,0.040525000000,0.625000000000),
double3(0.567933333333,0.229450000000,0.507900000000),
double3(0.505800000000,0.015175000000,0.940150000000),
double3(0.515833333333,0.171300000000,0.950100000000),
double3(0.546300000000,0.095475000000,0.805850000000),
double3(0.500000000000,0.127850000000,0.625000000000),
double3(0.606000000000,0.030400000000,0.623900000000),
double3(0.545600000000,0.222275000000,0.955650000000),
double3(0.550200000000,0.037450000000,0.805200000000),
double3(0.473700000000,0.108925000000,0.667750000000),
double3(0.425333333333,0.074850000000,0.651000000000),
double3(0.408166666667,0.026400000000,0.575300000000),
double3(0.409433333333,0.231425000000,0.653550000000),
double3(0.432066666667,0.229450000000,0.742100000000),
double3(0.494200000000,0.015175000000,0.809850000000),
double3(0.484166666667,0.171300000000,0.799900000000),
double3(0.453700000000,0.095475000000,0.944150000000),
double3(0.394000000000,0.030400000000,0.626100000000),
double3(0.454400000000,0.222275000000,0.794350000000),
double3(0.449800000000,0.037450000000,0.944800000000),
double3(0.526300000000,0.108925000000,0.582250000000),
double3(0.425333333333,0.175150000000,0.901000000000),
double3(0.408166666667,0.223600000000,0.825300000000),
double3(0.409433333333,0.018575000000,0.903550000000),
double3(0.333333333333,0.209475000000,0.875000000000),
double3(0.432066666667,0.020550000000,0.992100000000),
double3(0.494200000000,0.234825000000,0.559850000000),
double3(0.484166666667,0.078700000000,0.549900000000),
double3(0.453700000000,0.154525000000,0.694150000000),
double3(0.500000000000,0.122150000000,0.875000000000),
double3(0.394000000000,0.219600000000,0.876100000000),
double3(0.454400000000,0.027725000000,0.544350000000),
double3(0.449800000000,0.212550000000,0.694800000000),
double3(0.526300000000,0.141075000000,0.832250000000),
double3(0.574666666667,0.175150000000,0.849000000000),
double3(0.591833333333,0.223600000000,0.924700000000),
double3(0.590566666667,0.018575000000,0.846450000000),
double3(0.567933333333,0.020550000000,0.757900000000),
double3(0.505800000000,0.234825000000,0.690150000000),
double3(0.515833333333,0.078700000000,0.700100000000),
double3(0.546300000000,0.154525000000,0.555850000000),
double3(0.606000000000,0.219600000000,0.873900000000),
double3(0.545600000000,0.027725000000,0.705650000000),
double3(0.550200000000,0.212550000000,0.555200000000),
double3(0.473700000000,0.141075000000,0.917750000000),
double3(0.574666666667,0.324850000000,0.099000000000),
double3(0.591833333333,0.276400000000,0.174700000000),
double3(0.590566666667,0.481425000000,0.096450000000),
double3(0.333333333333,0.290525000000,0.125000000000),
double3(0.567933333333,0.479450000000,0.007900000000),
double3(0.505800000000,0.265175000000,0.440150000000),
double3(0.515833333333,0.421300000000,0.450100000000),
double3(0.546300000000,0.345475000000,0.305850000000),
double3(0.500000000000,0.377850000000,0.125000000000),
double3(0.606000000000,0.280400000000,0.123900000000),
double3(0.545600000000,0.472275000000,0.455650000000),
double3(0.550200000000,0.287450000000,0.305200000000),
double3(0.473700000000,0.358925000000,0.167750000000),
double3(0.425333333333,0.324850000000,0.151000000000),
double3(0.408166666667,0.276400000000,0.075300000000),
double3(0.409433333333,0.481425000000,0.153550000000),
double3(0.432066666667,0.479450000000,0.242100000000),
double3(0.494200000000,0.265175000000,0.309850000000),
double3(0.484166666667,0.421300000000,0.299900000000),
double3(0.453700000000,0.345475000000,0.444150000000),
double3(0.394000000000,0.280400000000,0.126100000000),
double3(0.454400000000,0.472275000000,0.294350000000),
double3(0.449800000000,0.287450000000,0.444800000000),
double3(0.526300000000,0.358925000000,0.082250000000),
double3(0.425333333333,0.425150000000,0.401000000000),
double3(0.408166666667,0.473600000000,0.325300000000),
double3(0.409433333333,0.268575000000,0.403550000000),
double3(0.333333333333,0.459475000000,0.375000000000),
double3(0.432066666667,0.270550000000,0.492100000000),
double3(0.494200000000,0.484825000000,0.059850000000),
double3(0.484166666667,0.328700000000,0.049900000000),
double3(0.453700000000,0.404525000000,0.194150000000),
double3(0.500000000000,0.372150000000,0.375000000000),
double3(0.394000000000,0.469600000000,0.376100000000),
double3(0.454400000000,0.277725000000,0.044350000000),
double3(0.449800000000,0.462550000000,0.194800000000),
double3(0.526300000000,0.391075000000,0.332250000000),
double3(0.574666666667,0.425150000000,0.349000000000),
double3(0.591833333333,0.473600000000,0.424700000000),
double3(0.590566666667,0.268575000000,0.346450000000),
double3(0.567933333333,0.270550000000,0.257900000000),
double3(0.505800000000,0.484825000000,0.190150000000),
double3(0.515833333333,0.328700000000,0.200100000000),
double3(0.546300000000,0.404525000000,0.055850000000),
double3(0.606000000000,0.469600000000,0.373900000000),
double3(0.545600000000,0.277725000000,0.205650000000),
double3(0.550200000000,0.462550000000,0.055200000000),
double3(0.473700000000,0.391075000000,0.417750000000),
double3(0.574666666667,0.324850000000,0.599000000000),
double3(0.591833333333,0.276400000000,0.674700000000),
double3(0.590566666667,0.481425000000,0.596450000000),
double3(0.333333333333,0.290525000000,0.625000000000),
double3(0.567933333333,0.479450000000,0.507900000000),
double3(0.505800000000,0.265175000000,0.940150000000),
double3(0.515833333333,0.421300000000,0.950100000000),
double3(0.546300000000,0.345475000000,0.805850000000),
double3(0.500000000000,0.377850000000,0.625000000000),
double3(0.606000000000,0.280400000000,0.623900000000),
double3(0.545600000000,0.472275000000,0.955650000000),
double3(0.550200000000,0.287450000000,0.805200000000),
double3(0.473700000000,0.358925000000,0.667750000000),
double3(0.425333333333,0.324850000000,0.651000000000),
double3(0.408166666667,0.276400000000,0.575300000000),
double3(0.409433333333,0.481425000000,0.653550000000),
double3(0.432066666667,0.479450000000,0.742100000000),
double3(0.494200000000,0.265175000000,0.809850000000),
double3(0.484166666667,0.421300000000,0.799900000000),
double3(0.453700000000,0.345475000000,0.944150000000),
double3(0.394000000000,0.280400000000,0.626100000000),
double3(0.454400000000,0.472275000000,0.794350000000),
double3(0.449800000000,0.287450000000,0.944800000000),
double3(0.526300000000,0.358925000000,0.582250000000),
double3(0.425333333333,0.425150000000,0.901000000000),
double3(0.408166666667,0.473600000000,0.825300000000),
double3(0.409433333333,0.268575000000,0.903550000000),
double3(0.333333333333,0.459475000000,0.875000000000),
double3(0.432066666667,0.270550000000,0.992100000000),
double3(0.494200000000,0.484825000000,0.559850000000),
double3(0.484166666667,0.328700000000,0.549900000000),
double3(0.453700000000,0.404525000000,0.694150000000),
double3(0.500000000000,0.372150000000,0.875000000000),
double3(0.394000000000,0.469600000000,0.876100000000),
double3(0.454400000000,0.277725000000,0.544350000000),
double3(0.449800000000,0.462550000000,0.694800000000),
double3(0.526300000000,0.391075000000,0.832250000000),
double3(0.574666666667,0.425150000000,0.849000000000),
double3(0.591833333333,0.473600000000,0.924700000000),
double3(0.590566666667,0.268575000000,0.846450000000),
double3(0.567933333333,0.270550000000,0.757900000000),
double3(0.505800000000,0.484825000000,0.690150000000),
double3(0.515833333333,0.328700000000,0.700100000000),
double3(0.546300000000,0.404525000000,0.555850000000),
double3(0.606000000000,0.469600000000,0.873900000000),
double3(0.545600000000,0.277725000000,0.705650000000),
double3(0.550200000000,0.462550000000,0.555200000000),
double3(0.473700000000,0.391075000000,0.917750000000),
double3(0.574666666667,0.574850000000,0.099000000000),
double3(0.591833333333,0.526400000000,0.174700000000),
double3(0.590566666667,0.731425000000,0.096450000000),
double3(0.333333333333,0.540525000000,0.125000000000),
double3(0.567933333333,0.729450000000,0.007900000000),
double3(0.505800000000,0.515175000000,0.440150000000),
double3(0.515833333333,0.671300000000,0.450100000000),
double3(0.546300000000,0.595475000000,0.305850000000),
double3(0.500000000000,0.627850000000,0.125000000000),
double3(0.606000000000,0.530400000000,0.123900000000),
double3(0.545600000000,0.722275000000,0.455650000000),
double3(0.550200000000,0.537450000000,0.305200000000),
double3(0.473700000000,0.608925000000,0.167750000000),
double3(0.425333333333,0.574850000000,0.151000000000),
double3(0.408166666667,0.526400000000,0.075300000000),
double3(0.409433333333,0.731425000000,0.153550000000),
double3(0.432066666667,0.729450000000,0.242100000000),
double3(0.494200000000,0.515175000000,0.309850000000),
double3(0.484166666667,0.671300000000,0.299900000000),
double3(0.453700000000,0.595475000000,0.444150000000),
double3(0.394000000000,0.530400000000,0.126100000000),
double3(0.454400000000,0.722275000000,0.294350000000),
double3(0.449800000000,0.537450000000,0.444800000000),
double3(0.526300000000,0.608925000000,0.082250000000),
double3(0.425333333333,0.675150000000,0.401000000000),
double3(0.408166666667,0.723600000000,0.325300000000),
double3(0.409433333333,0.518575000000,0.403550000000),
double3(0.333333333333,0.709475000000,0.375000000000),
double3(0.432066666667,0.520550000000,0.492100000000),
double3(0.494200000000,0.734825000000,0.059850000000),
double3(0.484166666667,0.578700000000,0.049900000000),
double3(0.453700000000,0.654525000000,0.194150000000),
double3(0.500000000000,0.622150000000,0.375000000000),
double3(0.394000000000,0.719600000000,0.376100000000),
double3(0.454400000000,0.527725000000,0.044350000000),
double3(0.449800000000,0.712550000000,0.194800000000),
double3(0.526300000000,0.641075000000,0.332250000000),
double3(0.574666666667,0.675150000000,0.349000000000),
double3(0.591833333333,0.723600000000,0.424700000000),
double3(0.590566666667,0.518575000000,0.346450000000),
double3(0.567933333333,0.520550000000,0.257900000000),
double3(0.505800000000,0.734825000000,0.190150000000),
double3(0.515833333333,0.578700000000,0.200100000000),
double3(0.546300000000,0.654525000000,0.055850000000),
double3(0.606000000000,0.719600000000,0.373900000000),
double3(0.545600000000,0.527725000000,0.205650000000),
double3(0.550200000000,0.712550000000,0.055200000000),
double3(0.473700000000,0.641075000000,0.417750000000),
double3(0.574666666667,0.574850000000,0.599000000000),
double3(0.591833333333,0.526400000000,0.674700000000),
double3(0.590566666667,0.731425000000,0.596450000000),
double3(0.333333333333,0.540525000000,0.625000000000),
double3(0.567933333333,0.729450000000,0.507900000000),
double3(0.505800000000,0.515175000000,0.940150000000),
double3(0.515833333333,0.671300000000,0.950100000000),
double3(0.546300000000,0.595475000000,0.805850000000),
double3(0.500000000000,0.627850000000,0.625000000000),
double3(0.606000000000,0.530400000000,0.623900000000),
double3(0.545600000000,0.722275000000,0.955650000000),
double3(0.550200000000,0.537450000000,0.805200000000),
double3(0.473700000000,0.608925000000,0.667750000000),
double3(0.425333333333,0.574850000000,0.651000000000),
double3(0.408166666667,0.526400000000,0.575300000000),
double3(0.409433333333,0.731425000000,0.653550000000),
double3(0.432066666667,0.729450000000,0.742100000000),
double3(0.494200000000,0.515175000000,0.809850000000),
double3(0.484166666667,0.671300000000,0.799900000000),
double3(0.453700000000,0.595475000000,0.944150000000),
double3(0.394000000000,0.530400000000,0.626100000000),
double3(0.454400000000,0.722275000000,0.794350000000),
double3(0.449800000000,0.537450000000,0.944800000000),
double3(0.526300000000,0.608925000000,0.582250000000),
double3(0.425333333333,0.675150000000,0.901000000000),
double3(0.408166666667,0.723600000000,0.825300000000),
double3(0.409433333333,0.518575000000,0.903550000000),
double3(0.333333333333,0.709475000000,0.875000000000),
double3(0.432066666667,0.520550000000,0.992100000000),
double3(0.494200000000,0.734825000000,0.559850000000),
double3(0.484166666667,0.578700000000,0.549900000000),
double3(0.453700000000,0.654525000000,0.694150000000),
double3(0.500000000000,0.622150000000,0.875000000000),
double3(0.394000000000,0.719600000000,0.876100000000),
double3(0.454400000000,0.527725000000,0.544350000000),
double3(0.449800000000,0.712550000000,0.694800000000),
double3(0.526300000000,0.641075000000,0.832250000000),
double3(0.574666666667,0.675150000000,0.849000000000),
double3(0.591833333333,0.723600000000,0.924700000000),
double3(0.590566666667,0.518575000000,0.846450000000),
double3(0.567933333333,0.520550000000,0.757900000000),
double3(0.505800000000,0.734825000000,0.690150000000),
double3(0.515833333333,0.578700000000,0.700100000000),
double3(0.546300000000,0.654525000000,0.555850000000),
double3(0.606000000000,0.719600000000,0.873900000000),
double3(0.545600000000,0.527725000000,0.705650000000),
double3(0.550200000000,0.712550000000,0.555200000000),
double3(0.473700000000,0.641075000000,0.917750000000),
double3(0.574666666667,0.824850000000,0.099000000000),
double3(0.591833333333,0.776400000000,0.174700000000),
double3(0.590566666667,0.981425000000,0.096450000000),
double3(0.333333333333,0.790525000000,0.125000000000),
double3(0.567933333333,0.979450000000,0.007900000000),
double3(0.505800000000,0.765175000000,0.440150000000),
double3(0.515833333333,0.921300000000,0.450100000000),
double3(0.546300000000,0.845475000000,0.305850000000),
double3(0.500000000000,0.877850000000,0.125000000000),
double3(0.606000000000,0.780400000000,0.123900000000),
double3(0.545600000000,0.972275000000,0.455650000000),
double3(0.550200000000,0.787450000000,0.305200000000),
double3(0.473700000000,0.858925000000,0.167750000000),
double3(0.425333333333,0.824850000000,0.151000000000),
double3(0.408166666667,0.776400000000,0.075300000000),
double3(0.409433333333,0.981425000000,0.153550000000),
double3(0.432066666667,0.979450000000,0.242100000000),
double3(0.494200000000,0.765175000000,0.309850000000),
double3(0.484166666667,0.921300000000,0.299900000000),
double3(0.453700000000,0.845475000000,0.444150000000),
double3(0.394000000000,0.780400000000,0.126100000000),
double3(0.454400000000,0.972275000000,0.294350000000),
double3(0.449800000000,0.787450000000,0.444800000000),
double3(0.526300000000,0.858925000000,0.082250000000),
double3(0.425333333333,0.925150000000,0.401000000000),
double3(0.408166666667,0.973600000000,0.325300000000),
double3(0.409433333333,0.768575000000,0.403550000000),
double3(0.333333333333,0.959475000000,0.375000000000),
double3(0.432066666667,0.770550000000,0.492100000000),
double3(0.494200000000,0.984825000000,0.059850000000),
double3(0.484166666667,0.828700000000,0.049900000000),
double3(0.453700000000,0.904525000000,0.194150000000),
double3(0.500000000000,0.872150000000,0.375000000000),
double3(0.394000000000,0.969600000000,0.376100000000),
double3(0.454400000000,0.777725000000,0.044350000000),
double3(0.449800000000,0.962550000000,0.194800000000),
double3(0.526300000000,0.891075000000,0.332250000000),
double3(0.574666666667,0.925150000000,0.349000000000),
double3(0.591833333333,0.973600000000,0.424700000000),
double3(0.590566666667,0.768575000000,0.346450000000),
double3(0.567933333333,0.770550000000,0.257900000000),
double3(0.505800000000,0.984825000000,0.190150000000),
double3(0.515833333333,0.828700000000,0.200100000000),
double3(0.546300000000,0.904525000000,0.055850000000),
double3(0.606000000000,0.969600000000,0.373900000000),
double3(0.545600000000,0.777725000000,0.205650000000),
double3(0.550200000000,0.962550000000,0.055200000000),
double3(0.473700000000,0.891075000000,0.417750000000),
double3(0.574666666667,0.824850000000,0.599000000000),
double3(0.591833333333,0.776400000000,0.674700000000),
double3(0.590566666667,0.981425000000,0.596450000000),
double3(0.333333333333,0.790525000000,0.625000000000),
double3(0.567933333333,0.979450000000,0.507900000000),
double3(0.505800000000,0.765175000000,0.940150000000),
double3(0.515833333333,0.921300000000,0.950100000000),
double3(0.546300000000,0.845475000000,0.805850000000),
double3(0.500000000000,0.877850000000,0.625000000000),
double3(0.606000000000,0.780400000000,0.623900000000),
double3(0.545600000000,0.972275000000,0.955650000000),
double3(0.550200000000,0.787450000000,0.805200000000),
double3(0.473700000000,0.858925000000,0.667750000000),
double3(0.425333333333,0.824850000000,0.651000000000),
double3(0.408166666667,0.776400000000,0.575300000000),
double3(0.409433333333,0.981425000000,0.653550000000),
double3(0.432066666667,0.979450000000,0.742100000000),
double3(0.494200000000,0.765175000000,0.809850000000),
double3(0.484166666667,0.921300000000,0.799900000000),
double3(0.453700000000,0.845475000000,0.944150000000),
double3(0.394000000000,0.780400000000,0.626100000000),
double3(0.454400000000,0.972275000000,0.794350000000),
double3(0.449800000000,0.787450000000,0.944800000000),
double3(0.526300000000,0.858925000000,0.582250000000),
double3(0.425333333333,0.925150000000,0.901000000000),
double3(0.408166666667,0.973600000000,0.825300000000),
double3(0.409433333333,0.768575000000,0.903550000000),
double3(0.333333333333,0.959475000000,0.875000000000),
double3(0.432066666667,0.770550000000,0.992100000000),
double3(0.494200000000,0.984825000000,0.559850000000),
double3(0.484166666667,0.828700000000,0.549900000000),
double3(0.453700000000,0.904525000000,0.694150000000),
double3(0.500000000000,0.872150000000,0.875000000000),
double3(0.394000000000,0.969600000000,0.876100000000),
double3(0.454400000000,0.777725000000,0.544350000000),
double3(0.449800000000,0.962550000000,0.694800000000),
double3(0.526300000000,0.891075000000,0.832250000000),
double3(0.574666666667,0.925150000000,0.849000000000),
double3(0.591833333333,0.973600000000,0.924700000000),
double3(0.590566666667,0.768575000000,0.846450000000),
double3(0.567933333333,0.770550000000,0.757900000000),
double3(0.505800000000,0.984825000000,0.690150000000),
double3(0.515833333333,0.828700000000,0.700100000000),
double3(0.546300000000,0.904525000000,0.555850000000),
double3(0.606000000000,0.969600000000,0.873900000000),
double3(0.545600000000,0.777725000000,0.705650000000),
double3(0.550200000000,0.962550000000,0.555200000000),
double3(0.473700000000,0.891075000000,0.917750000000),
double3(0.908000000000,0.074850000000,0.099000000000),
double3(0.925166666667,0.026400000000,0.174700000000),
double3(0.923900000000,0.231425000000,0.096450000000),
double3(0.666666666667,0.040525000000,0.125000000000),
double3(0.901266666667,0.229450000000,0.007900000000),
double3(0.839133333333,0.015175000000,0.440150000000),
double3(0.849166666667,0.171300000000,0.450100000000),
double3(0.879633333333,0.095475000000,0.305850000000),
double3(0.833333333333,0.127850000000,0.125000000000),
double3(0.939333333333,0.030400000000,0.123900000000),
double3(0.878933333333,0.222275000000,0.455650000000),
double3(0.883533333333,0.037450000000,0.305200000000),
double3(0.807033333333,0.108925000000,0.167750000000),
double3(0.758666666667,0.074850000000,0.151000000000),
double3(0.741500000000,0.026400000000,0.075300000000),
double3(0.742766666667,0.231425000000,0.153550000000),
double3(0.765400000000,0.229450000000,0.242100000000),
double3(0.827533333333,0.015175000000,0.309850000000),
double3(0.817500000000,0.171300000000,0.299900000000),
double3(0.787033333333,0.095475000000,0.444150000000),
double3(0.727333333333,0.030400000000,0.126100000000),
double3(0.787733333333,0.222275000000,0.294350000000),
double3(0.783133333333,0.037450000000,0.444800000000),
double3(0.859633333333,0.108925000000,0.082250000000),
double3(0.758666666667,0.175150000000,0.401000000000),
double3(0.741500000000,0.223600000000,0.325300000000),
double3(0.742766666667,0.018575000000,0.403550000000),
double3(0.666666666667,0.209475000000,0.375000000000),
double3(0.765400000000,0.020550000000,0.492100000000),
double3(0.827533333333,0.234825000000,0.059850000000),
double3(0.817500000000,0.078700000000,0.049900000000),
double3(0.787033333333,0.154525000000,0.194150000000),
double3(0.833333333333,0.122150000000,0.375000000000),
double3(0.727333333333,0.219600000000,0.376100000000),
double3(0.787733333333,0.027725000000,0.044350000000),
double3(0.783133333333,0.212550000000,0.194800000000),
double3(0.859633333333,0.141075000000,0.332250000000),
double3(0.908000000000,0.175150000000,0.349000000000),
double3(0.925166666667,0.223600000000,0.424700000000),
double3(0.923900000000,0.018575000000,0.346450000000),
double3(0.901266666667,0.020550000000,0.257900000000),
double3(0.839133333333,0.234825000000,0.190150000000),
double3(0.849166666667,0.078700000000,0.200100000000),
double3(0.879633333333,0.154525000000,0.055850000000),
double3(0.939333333333,0.219600000000,0.373900000000),
double3(0.878933333333,0.027725000000,0.205650000000),
double3(0.883533333333,0.212550000000,0.055200000000),
double3(0.807033333333,0.141075000000,0.417750000000),
double3(0.908000000000,0.074850000000,0.599000000000),
double3(0.925166666667,0.026400000000,0.674700000000),
double3(0.923900000000,0.231425000000,0.596450000000),
double3(0.666666666667,0.040525000000,0.625000000000),
double3(0.901266666667,0.229450000000,0.507900000000),
double3(0.839133333333,0.015175000000,0.940150000000),
double3(0.849166666667,0.171300000000,0.950100000000),
double3(0.879633333333,0.095475000000,0.805850000000),
double3(0.833333333333,0.127850000000,0.625000000000),
double3(0.939333333333,0.030400000000,0.623900000000),
double3(0.878933333333,0.222275000000,0.955650000000),
double3(0.883533333333,0.037450000000,0.805200000000),
double3(0.807033333333,0.108925000000,0.667750000000),
double3(0.758666666667,0.074850000000,0.651000000000),
double3(0.741500000000,0.026400000000,0.575300000000),
double3(0.742766666667,0.231425000000,0.653550000000),
double3(0.765400000000,0.229450000000,0.742100000000),
double3(0.827533333333,0.015175000000,0.809850000000),
double3(0.817500000000,0.171300000000,0.799900000000),
double3(0.787033333333,0.095475000000,0.944150000000),
double3(0.727333333333,0.030400000000,0.626100000000),
double3(0.787733333333,0.222275000000,0.794350000000),
double3(0.783133333333,0.037450000000,0.944800000000),
double3(0.859633333333,0.108925000000,0.582250000000),
double3(0.758666666667,0.175150000000,0.901000000000),
double3(0.741500000000,0.223600000000,0.825300000000),
double3(0.742766666667,0.018575000000,0.903550000000),
double3(0.666666666667,0.209475000000,0.875000000000),
double3(0.765400000000,0.020550000000,0.992100000000),
double3(0.827533333333,0.234825000000,0.559850000000),
double3(0.817500000000,0.078700000000,0.549900000000),
double3(0.787033333333,0.154525000000,0.694150000000),
double3(0.833333333333,0.122150000000,0.875000000000),
double3(0.727333333333,0.219600000000,0.876100000000),
double3(0.787733333333,0.027725000000,0.544350000000),
double3(0.783133333333,0.212550000000,0.694800000000),
double3(0.859633333333,0.141075000000,0.832250000000),
double3(0.908000000000,0.175150000000,0.849000000000),
double3(0.925166666667,0.223600000000,0.924700000000),
double3(0.923900000000,0.018575000000,0.846450000000),
double3(0.901266666667,0.020550000000,0.757900000000),
double3(0.839133333333,0.234825000000,0.690150000000),
double3(0.849166666667,0.078700000000,0.700100000000),
double3(0.879633333333,0.154525000000,0.555850000000),
double3(0.939333333333,0.219600000000,0.873900000000),
double3(0.878933333333,0.027725000000,0.705650000000),
double3(0.883533333333,0.212550000000,0.555200000000),
double3(0.807033333333,0.141075000000,0.917750000000),
double3(0.908000000000,0.324850000000,0.099000000000),
double3(0.925166666667,0.276400000000,0.174700000000),
double3(0.923900000000,0.481425000000,0.096450000000),
double3(0.666666666667,0.290525000000,0.125000000000),
double3(0.901266666667,0.479450000000,0.007900000000),
double3(0.839133333333,0.265175000000,0.440150000000),
double3(0.849166666667,0.421300000000,0.450100000000),
double3(0.879633333333,0.345475000000,0.305850000000),
double3(0.833333333333,0.377850000000,0.125000000000),
double3(0.939333333333,0.280400000000,0.123900000000),
double3(0.878933333333,0.472275000000,0.455650000000),
double3(0.883533333333,0.287450000000,0.305200000000),
double3(0.807033333333,0.358925000000,0.167750000000),
double3(0.758666666667,0.324850000000,0.151000000000),
double3(0.741500000000,0.276400000000,0.075300000000),
double3(0.742766666667,0.481425000000,0.153550000000),
double3(0.765400000000,0.479450000000,0.242100000000),
double3(0.827533333333,0.265175000000,0.309850000000),
double3(0.817500000000,0.421300000000,0.299900000000),
double3(0.787033333333,0.345475000000,0.444150000000),
double3(0.727333333333,0.280400000000,0.126100000000),
double3(0.787733333333,0.472275000000,0.294350000000),
double3(0.783133333333,0.287450000000,0.444800000000),
double3(0.859633333333,0.358925000000,0.082250000000),
double3(0.758666666667,0.425150000000,0.401000000000),
double3(0.741500000000,0.473600000000,0.325300000000),
double3(0.742766666667,0.268575000000,0.403550000000),
double3(0.666666666667,0.459475000000,0.375000000000),
double3(0.765400000000,0.270550000000,0.492100000000),
double3(0.827533333333,0.484825000000,0.059850000000),
double3(0.817500000000,0.328700000000,0.049900000000),
double3(0.787033333333,0.404525000000,0.194150000000),
double3(0.833333333333,0.372150000000,0.375000000000),
double3(0.727333333333,0.469600000000,0.376100000000),
double3(0.787733333333,0.277725000000,0.044350000000),
double3(0.783133333333,0.462550000000,0.194800000000),
double3(0.859633333333,0.391075000000,0.332250000000),
double3(0.908000000000,0.425150000000,0.349000000000),
double3(0.925166666667,0.473600000000,0.424700000000),
double3(0.923900000000,0.268575000000,0.346450000000),
double3(0.901266666667,0.270550000000,0.257900000000),
double3(0.839133333333,0.484825000000,0.190150000000),
double3(0.849166666667,0.328700000000,0.200100000000),
double3(0.879633333333,0.404525000000,0.055850000000),
double3(0.939333333333,0.469600000000,0.373900000000),
double3(0.878933333333,0.277725000000,0.205650000000),
double3(0.883533333333,0.462550000000,0.055200000000),
double3(0.807033333333,0.391075000000,0.417750000000),
double3(0.908000000000,0.324850000000,0.599000000000),
double3(0.925166666667,0.276400000000,0.674700000000),
double3(0.923900000000,0.481425000000,0.596450000000),
double3(0.666666666667,0.290525000000,0.625000000000),
double3(0.901266666667,0.479450000000,0.507900000000),
double3(0.839133333333,0.265175000000,0.940150000000),
double3(0.849166666667,0.421300000000,0.950100000000),
double3(0.879633333333,0.345475000000,0.805850000000),
double3(0.833333333333,0.377850000000,0.625000000000),
double3(0.939333333333,0.280400000000,0.623900000000),
double3(0.878933333333,0.472275000000,0.955650000000),
double3(0.883533333333,0.287450000000,0.805200000000),
double3(0.807033333333,0.358925000000,0.667750000000),
double3(0.758666666667,0.324850000000,0.651000000000),
double3(0.741500000000,0.276400000000,0.575300000000),
double3(0.742766666667,0.481425000000,0.653550000000),
double3(0.765400000000,0.479450000000,0.742100000000),
double3(0.827533333333,0.265175000000,0.809850000000),
double3(0.817500000000,0.421300000000,0.799900000000),
double3(0.787033333333,0.345475000000,0.944150000000),
double3(0.727333333333,0.280400000000,0.626100000000),
double3(0.787733333333,0.472275000000,0.794350000000),
double3(0.783133333333,0.287450000000,0.944800000000),
double3(0.859633333333,0.358925000000,0.582250000000),
double3(0.758666666667,0.425150000000,0.901000000000),
double3(0.741500000000,0.473600000000,0.825300000000),
double3(0.742766666667,0.268575000000,0.903550000000),
double3(0.666666666667,0.459475000000,0.875000000000),
double3(0.765400000000,0.270550000000,0.992100000000),
double3(0.827533333333,0.484825000000,0.559850000000),
double3(0.817500000000,0.328700000000,0.549900000000),
double3(0.787033333333,0.404525000000,0.694150000000),
double3(0.833333333333,0.372150000000,0.875000000000),
double3(0.727333333333,0.469600000000,0.876100000000),
double3(0.787733333333,0.277725000000,0.544350000000),
double3(0.783133333333,0.462550000000,0.694800000000),
double3(0.859633333333,0.391075000000,0.832250000000),
double3(0.908000000000,0.425150000000,0.849000000000),
double3(0.925166666667,0.473600000000,0.924700000000),
double3(0.923900000000,0.268575000000,0.846450000000),
double3(0.901266666667,0.270550000000,0.757900000000),
double3(0.839133333333,0.484825000000,0.690150000000),
double3(0.849166666667,0.328700000000,0.700100000000),
double3(0.879633333333,0.404525000000,0.555850000000),
double3(0.939333333333,0.469600000000,0.873900000000),
double3(0.878933333333,0.277725000000,0.705650000000),
double3(0.883533333333,0.462550000000,0.555200000000),
double3(0.807033333333,0.391075000000,0.917750000000),
double3(0.908000000000,0.574850000000,0.099000000000),
double3(0.925166666667,0.526400000000,0.174700000000),
double3(0.923900000000,0.731425000000,0.096450000000),
double3(0.666666666667,0.540525000000,0.125000000000),
double3(0.901266666667,0.729450000000,0.007900000000),
double3(0.839133333333,0.515175000000,0.440150000000),
double3(0.849166666667,0.671300000000,0.450100000000),
double3(0.879633333333,0.595475000000,0.305850000000),
double3(0.833333333333,0.627850000000,0.125000000000),
double3(0.939333333333,0.530400000000,0.123900000000),
double3(0.878933333333,0.722275000000,0.455650000000),
double3(0.883533333333,0.537450000000,0.305200000000),
double3(0.807033333333,0.608925000000,0.167750000000),
double3(0.758666666667,0.574850000000,0.151000000000),
double3(0.741500000000,0.526400000000,0.075300000000),
double3(0.742766666667,0.731425000000,0.153550000000),
double3(0.765400000000,0.729450000000,0.242100000000),
double3(0.827533333333,0.515175000000,0.309850000000),
double3(0.817500000000,0.671300000000,0.299900000000),
double3(0.787033333333,0.595475000000,0.444150000000),
double3(0.727333333333,0.530400000000,0.126100000000),
double3(0.787733333333,0.722275000000,0.294350000000),
double3(0.783133333333,0.537450000000,0.444800000000),
double3(0.859633333333,0.608925000000,0.082250000000),
double3(0.758666666667,0.675150000000,0.401000000000),
double3(0.741500000000,0.723600000000,0.325300000000),
double3(0.742766666667,0.518575000000,0.403550000000),
double3(0.666666666667,0.709475000000,0.375000000000),
double3(0.765400000000,0.520550000000,0.492100000000),
double3(0.827533333333,0.734825000000,0.059850000000),
double3(0.817500000000,0.578700000000,0.049900000000),
double3(0.787033333333,0.654525000000,0.194150000000),
double3(0.833333333333,0.622150000000,0.375000000000),
double3(0.727333333333,0.719600000000,0.376100000000),
double3(0.787733333333,0.527725000000,0.044350000000),
double3(0.783133333333,0.712550000000,0.194800000000),
double3(0.859633333333,0.641075000000,0.332250000000),
double3(0.908000000000,0.675150000000,0.349000000000),
double3(0.925166666667,0.723600000000,0.424700000000),
double3(0.923900000000,0.518575000000,0.346450000000),
double3(0.901266666667,0.520550000000,0.257900000000),
double3(0.839133333333,0.734825000000,0.190150000000),
double3(0.849166666667,0.578700000000,0.200100000000),
double3(0.879633333333,0.654525000000,0.055850000000),
double3(0.939333333333,0.719600000000,0.373900000000),
double3(0.878933333333,0.527725000000,0.205650000000),
double3(0.883533333333,0.712550000000,0.055200000000),
double3(0.807033333333,0.641075000000,0.417750000000),
double3(0.908000000000,0.574850000000,0.599000000000),
double3(0.925166666667,0.526400000000,0.674700000000),
double3(0.923900000000,0.731425000000,0.596450000000),
double3(0.666666666667,0.540525000000,0.625000000000),
double3(0.901266666667,0.729450000000,0.507900000000),
double3(0.839133333333,0.515175000000,0.940150000000),
double3(0.849166666667,0.671300000000,0.950100000000),
double3(0.879633333333,0.595475000000,0.805850000000),
double3(0.833333333333,0.627850000000,0.625000000000),
double3(0.939333333333,0.530400000000,0.623900000000),
double3(0.878933333333,0.722275000000,0.955650000000),
double3(0.883533333333,0.537450000000,0.805200000000),
double3(0.807033333333,0.608925000000,0.667750000000),
double3(0.758666666667,0.574850000000,0.651000000000),
double3(0.741500000000,0.526400000000,0.575300000000),
double3(0.742766666667,0.731425000000,0.653550000000),
double3(0.765400000000,0.729450000000,0.742100000000),
double3(0.827533333333,0.515175000000,0.809850000000),
double3(0.817500000000,0.671300000000,0.799900000000),
double3(0.787033333333,0.595475000000,0.944150000000),
double3(0.727333333333,0.530400000000,0.626100000000),
double3(0.787733333333,0.722275000000,0.794350000000),
double3(0.783133333333,0.537450000000,0.944800000000),
double3(0.859633333333,0.608925000000,0.582250000000),
double3(0.758666666667,0.675150000000,0.901000000000),
double3(0.741500000000,0.723600000000,0.825300000000),
double3(0.742766666667,0.518575000000,0.903550000000),
double3(0.666666666667,0.709475000000,0.875000000000),
double3(0.765400000000,0.520550000000,0.992100000000),
double3(0.827533333333,0.734825000000,0.559850000000),
double3(0.817500000000,0.578700000000,0.549900000000),
double3(0.787033333333,0.654525000000,0.694150000000),
double3(0.833333333333,0.622150000000,0.875000000000),
double3(0.727333333333,0.719600000000,0.876100000000),
double3(0.787733333333,0.527725000000,0.544350000000),
double3(0.783133333333,0.712550000000,0.694800000000),
double3(0.859633333333,0.641075000000,0.832250000000),
double3(0.908000000000,0.675150000000,0.849000000000),
double3(0.925166666667,0.723600000000,0.924700000000),
double3(0.923900000000,0.518575000000,0.846450000000),
double3(0.901266666667,0.520550000000,0.757900000000),
double3(0.839133333333,0.734825000000,0.690150000000),
double3(0.849166666667,0.578700000000,0.700100000000),
double3(0.879633333333,0.654525000000,0.555850000000),
double3(0.939333333333,0.719600000000,0.873900000000),
double3(0.878933333333,0.527725000000,0.705650000000),
double3(0.883533333333,0.712550000000,0.555200000000),
double3(0.807033333333,0.641075000000,0.917750000000),
double3(0.908000000000,0.824850000000,0.099000000000),
double3(0.925166666667,0.776400000000,0.174700000000),
double3(0.923900000000,0.981425000000,0.096450000000),
double3(0.666666666667,0.790525000000,0.125000000000),
double3(0.901266666667,0.979450000000,0.007900000000),
double3(0.839133333333,0.765175000000,0.440150000000),
double3(0.849166666667,0.921300000000,0.450100000000),
double3(0.879633333333,0.845475000000,0.305850000000),
double3(0.833333333333,0.877850000000,0.125000000000),
double3(0.939333333333,0.780400000000,0.123900000000),
double3(0.878933333333,0.972275000000,0.455650000000),
double3(0.883533333333,0.787450000000,0.305200000000),
double3(0.807033333333,0.858925000000,0.167750000000),
double3(0.758666666667,0.824850000000,0.151000000000),
double3(0.741500000000,0.776400000000,0.075300000000),
double3(0.742766666667,0.981425000000,0.153550000000),
double3(0.765400000000,0.979450000000,0.242100000000),
double3(0.827533333333,0.765175000000,0.309850000000),
double3(0.817500000000,0.921300000000,0.299900000000),
double3(0.787033333333,0.845475000000,0.444150000000),
double3(0.727333333333,0.780400000000,0.126100000000),
double3(0.787733333333,0.972275000000,0.294350000000),
double3(0.783133333333,0.787450000000,0.444800000000),
double3(0.859633333333,0.858925000000,0.082250000000),
double3(0.758666666667,0.925150000000,0.401000000000),
double3(0.741500000000,0.973600000000,0.325300000000),
double3(0.742766666667,0.768575000000,0.403550000000),
double3(0.666666666667,0.959475000000,0.375000000000),
double3(0.765400000000,0.770550000000,0.492100000000),
double3(0.827533333333,0.984825000000,0.059850000000),
double3(0.817500000000,0.828700000000,0.049900000000),
double3(0.787033333333,0.904525000000,0.194150000000),
double3(0.833333333333,0.872150000000,0.375000000000),
double3(0.727333333333,0.969600000000,0.376100000000),
double3(0.787733333333,0.777725000000,0.044350000000),
double3(0.783133333333,0.962550000000,0.194800000000),
double3(0.859633333333,0.891075000000,0.332250000000),
double3(0.908000000000,0.925150000000,0.349000000000),
double3(0.925166666667,0.973600000000,0.424700000000),
double3(0.923900000000,0.768575000000,0.346450000000),
double3(0.901266666667,0.770550000000,0.257900000000),
double3(0.839133333333,0.984825000000,0.190150000000),
double3(0.849166666667,0.828700000000,0.200100000000),
double3(0.879633333333,0.904525000000,0.055850000000),
double3(0.939333333333,0.969600000000,0.373900000000),
double3(0.878933333333,0.777725000000,0.205650000000),
double3(0.883533333333,0.962550000000,0.055200000000),
double3(0.807033333333,0.891075000000,0.417750000000),
double3(0.908000000000,0.824850000000,0.599000000000),
double3(0.925166666667,0.776400000000,0.674700000000),
double3(0.923900000000,0.981425000000,0.596450000000),
double3(0.666666666667,0.790525000000,0.625000000000),
double3(0.901266666667,0.979450000000,0.507900000000),
double3(0.839133333333,0.765175000000,0.940150000000),
double3(0.849166666667,0.921300000000,0.950100000000),
double3(0.879633333333,0.845475000000,0.805850000000),
double3(0.833333333333,0.877850000000,0.625000000000),
double3(0.939333333333,0.780400000000,0.623900000000),
double3(0.878933333333,0.972275000000,0.955650000000),
double3(0.883533333333,0.787450000000,0.805200000000),
double3(0.807033333333,0.858925000000,0.667750000000),
double3(0.758666666667,0.824850000000,0.651000000000),
double3(0.741500000000,0.776400000000,0.575300000000),
double3(0.742766666667,0.981425000000,0.653550000000),
double3(0.765400000000,0.979450000000,0.742100000000),
double3(0.827533333333,0.765175000000,0.809850000000),
double3(0.817500000000,0.921300000000,0.799900000000),
double3(0.787033333333,0.845475000000,0.944150000000),
double3(0.727333333333,0.780400000000,0.626100000000),
double3(0.787733333333,0.972275000000,0.794350000000),
double3(0.783133333333,0.787450000000,0.944800000000),
double3(0.859633333333,0.858925000000,0.582250000000),
double3(0.758666666667,0.925150000000,0.901000000000),
double3(0.741500000000,0.973600000000,0.825300000000),
double3(0.742766666667,0.768575000000,0.903550000000),
double3(0.666666666667,0.959475000000,0.875000000000),
double3(0.765400000000,0.770550000000,0.992100000000),
double3(0.827533333333,0.984825000000,0.559850000000),
double3(0.817500000000,0.828700000000,0.549900000000),
double3(0.787033333333,0.904525000000,0.694150000000),
double3(0.833333333333,0.872150000000,0.875000000000),
double3(0.727333333333,0.969600000000,0.876100000000),
double3(0.787733333333,0.777725000000,0.544350000000),
double3(0.783133333333,0.962550000000,0.694800000000),
double3(0.859633333333,0.891075000000,0.832250000000),
double3(0.908000000000,0.925150000000,0.849000000000),
double3(0.925166666667,0.973600000000,0.924700000000),
double3(0.923900000000,0.768575000000,0.846450000000),
double3(0.901266666667,0.770550000000,0.757900000000),
double3(0.839133333333,0.984825000000,0.690150000000),
double3(0.849166666667,0.828700000000,0.700100000000),
double3(0.879633333333,0.904525000000,0.555850000000),
double3(0.939333333333,0.969600000000,0.873900000000),
double3(0.878933333333,0.777725000000,0.705650000000),
double3(0.883533333333,0.962550000000,0.555200000000),
double3(0.807033333333,0.891075000000,0.917750000000),
