 # Derivative distribution function -dV(r)/dr (or -dV(d)/dd) vs d
  0.1250000      0.0000000E+00
  0.3750000      0.0000000E+00
  0.6250000      0.0000000E+00
  0.8750000      0.0000000E+00
   1.125000      0.0000000E+00
   1.375000      0.0000000E+00
   1.625000      0.0000000E+00
   1.875000      0.0000000E+00
   2.125000      0.0000000E+00
   2.375000      0.0000000E+00
   2.625000      0.0000000E+00
   2.875000      0.0000000E+00
   3.125000      5.7955980E-03
   3.375000      1.0079265E-02
   3.625000      9.8273754E-03
   3.875000      1.1087418E-02
   4.125000      1.2851238E-02
   4.375000      1.1591196E-02
   4.625000      9.5753670E-03
   4.875000      9.0714693E-03
   5.125000      8.3154440E-03
   5.375000      8.8194609E-03
   5.625000      7.5595379E-03
   5.875000      8.8194609E-03
   6.125000      1.2599230E-02
   6.375000      1.6882896E-02
   6.625000      2.8222322E-02
   6.875000      3.3513904E-02
   7.125000      3.0994058E-02
   7.375000      3.5529852E-02
   7.625000      3.7545681E-02
   7.875000      3.6789775E-02
   8.125000      4.5861125E-02
   8.375000      4.5861125E-02
   8.625000      4.9136996E-02
   8.875000      5.9720278E-02
   9.125000      5.4428577E-02
   9.375000      5.7704449E-02
   9.625000      7.2571516E-02
   9.875000      6.8791747E-02
   10.12500      5.6696415E-02
   10.37500       1.585738    
   10.62500       1.558019    
   10.87500      0.0000000E+00
   11.12500      0.0000000E+00
   11.37500      0.0000000E+00
   11.62500      0.0000000E+00
   11.87500      0.0000000E+00
   12.12500      0.0000000E+00
   12.37500      0.0000000E+00
   12.62500      0.0000000E+00
   12.87500      0.0000000E+00
   13.12500      0.0000000E+00
   13.37500      0.0000000E+00
   13.62500      0.0000000E+00
   13.87500      0.0000000E+00
   14.12500      0.0000000E+00
   14.37500      0.0000000E+00
   14.62500      0.0000000E+00
   14.87500      0.0000000E+00
   15.12500      0.0000000E+00
   15.37500      0.0000000E+00
   15.62500      0.0000000E+00
   15.87500      0.0000000E+00
   16.12500      0.0000000E+00
   16.37500      0.0000000E+00
   16.62500      0.0000000E+00
   16.87500      0.0000000E+00
   17.12500      0.0000000E+00
   17.37500      0.0000000E+00
   17.62500      0.0000000E+00
   17.87500      0.0000000E+00
   18.12500      0.0000000E+00
   18.37500      0.0000000E+00
   18.62500      0.0000000E+00
   18.87500      0.0000000E+00
   19.12500      0.0000000E+00
   19.37500      0.0000000E+00
