 # Derivative distribution function -dV(r)/dr (or -dV(d)/dd) vs d
  0.1250000      0.0000000E+00
  0.3750000      0.0000000E+00
  0.6250000      0.0000000E+00
  0.8750000      0.0000000E+00
   1.125000      0.0000000E+00
   1.375000      0.0000000E+00
   1.625000      0.0000000E+00
   1.875000      0.0000000E+00
   2.125000      0.0000000E+00
   2.375000      0.0000000E+00
   2.625000      0.0000000E+00
   2.875000      0.0000000E+00
   3.125000      4.1152239E-03
   3.375000      1.5317798E-02
   3.625000      2.4234176E-02
   3.875000      2.3776889E-02
   4.125000      2.3319602E-02
   4.375000      2.9492378E-02
   4.625000      3.6808372E-02
   4.875000      0.1515776    
   5.125000      0.1803840    
   5.375000      5.3269267E-02
   5.625000      8.0019236E-03
   5.875000      8.6877346E-03
   6.125000      1.0973930E-02
   6.375000      1.3717413E-02
   6.625000      2.4691343E-02
   6.875000      3.2921791E-02
   7.125000      2.8806567E-02
   7.375000      2.8120756E-02
   7.625000      2.9949665E-02
   7.875000      3.0406952E-02
   8.125000      3.7265658E-02
   8.375000      3.5665274E-02
   8.625000      3.8408756E-02
   8.875000      4.8468232E-02
   9.125000      4.4124365E-02
   9.375000      4.7325015E-02
   9.625000      5.9213638E-02
   9.875000      6.0356736E-02
   10.12500      5.4641008E-02
   10.37500       1.420896    
   10.62500       1.395062    
   10.87500      0.0000000E+00
   11.12500      0.0000000E+00
   11.37500      0.0000000E+00
   11.62500      0.0000000E+00
   11.87500      0.0000000E+00
   12.12500      0.0000000E+00
   12.37500      0.0000000E+00
   12.62500      0.0000000E+00
   12.87500      0.0000000E+00
   13.12500      0.0000000E+00
   13.37500      0.0000000E+00
   13.62500      0.0000000E+00
   13.87500      0.0000000E+00
   14.12500      0.0000000E+00
   14.37500      0.0000000E+00
   14.62500      0.0000000E+00
   14.87500      0.0000000E+00
   15.12500      0.0000000E+00
   15.37500      0.0000000E+00
   15.62500      0.0000000E+00
   15.87500      0.0000000E+00
   16.12500      0.0000000E+00
   16.37500      0.0000000E+00
   16.62500      0.0000000E+00
   16.87500      0.0000000E+00
   17.12500      0.0000000E+00
   17.37500      0.0000000E+00
   17.62500      0.0000000E+00
   17.87500      0.0000000E+00
   18.12500      0.0000000E+00
   18.37500      0.0000000E+00
   18.62500      0.0000000E+00
   18.87500      0.0000000E+00
   19.12500      0.0000000E+00
   19.37500      0.0000000E+00
