[double3(18.867730000000,0.000000000000,0.000000000000),double3(-9.433865000000,16.339933491746,0.000000000000),double3(0.000000000000,0.000000000000,11.633280000000)]

double3(0.185565000000,0.233060000000,0.122043333333),
double3(0.122005000000,0.244010000000,0.082906666667),
double3(0.140540000000,0.359460000000,0.000000000000),
double3(0.166665000000,0.333335000000,0.120656666667),
double3(0.145410000000,0.220300000000,0.096376666667),
double3(0.173255000000,0.228560000000,0.166666666667),
double3(0.202890000000,0.202890000000,0.111996666667),
double3(0.220415000000,0.279585000000,0.113316666667),
double3(0.143480000000,0.286960000000,0.105383333333),
double3(0.166665000000,0.333335000000,0.166666666667),
double3(0.189650000000,0.379300000000,0.000000000000),
double3(0.126200000000,0.373800000000,0.037500000000),
double3(0.452505000000,0.185565000000,0.122043333333),
double3(0.377995000000,0.122005000000,0.082906666667),
double3(0.281080000000,0.140540000000,0.000000000000),
double3(0.333330000000,0.166665000000,0.120656666667),
double3(0.425110000000,0.145410000000,0.096376666667),
double3(0.444695000000,0.173255000000,0.166666666667),
double3(0.000000000000,0.202890000000,0.111996666667),
double3(0.440830000000,0.220415000000,0.113316666667),
double3(0.356520000000,0.143480000000,0.105383333333),
double3(0.333330000000,0.166665000000,0.166666666667),
double3(0.310350000000,0.189650000000,0.000000000000),
double3(0.252400000000,0.126200000000,0.037500000000),
double3(0.266940000000,0.452505000000,0.122043333333),
double3(0.255990000000,0.377995000000,0.082906666667),
double3(0.140540000000,0.281080000000,0.000000000000),
double3(0.279700000000,0.425110000000,0.096376666667),
double3(0.271440000000,0.444695000000,0.166666666667),
double3(0.297110000000,0.000000000000,0.111996666667),
double3(0.220415000000,0.440830000000,0.113316666667),
double3(0.213040000000,0.356520000000,0.105383333333),
double3(0.120700000000,0.310350000000,0.000000000000),
double3(0.126200000000,0.252400000000,0.037500000000),
double3(0.314435000000,0.266940000000,0.122043333333),
double3(0.377995000000,0.255990000000,0.082906666667),
double3(0.359460000000,0.140540000000,0.000000000000),
double3(0.354590000000,0.279700000000,0.096376666667),
double3(0.326745000000,0.271440000000,0.166666666667),
double3(0.297110000000,0.297110000000,0.111996666667),
double3(0.279585000000,0.220415000000,0.113316666667),
double3(0.356520000000,0.213040000000,0.105383333333),
double3(0.310350000000,0.120700000000,0.000000000000),
double3(0.373800000000,0.126200000000,0.037500000000),
double3(0.047495000000,0.314435000000,0.122043333333),
double3(0.122005000000,0.377995000000,0.082906666667),
double3(0.218920000000,0.359460000000,0.000000000000),
double3(0.074890000000,0.354590000000,0.096376666667),
double3(0.055305000000,0.326745000000,0.166666666667),
double3(0.000000000000,0.297110000000,0.111996666667),
double3(0.059170000000,0.279585000000,0.113316666667),
double3(0.143480000000,0.356520000000,0.105383333333),
double3(0.189650000000,0.310350000000,0.000000000000),
double3(0.247600000000,0.373800000000,0.037500000000),
double3(0.233060000000,0.047495000000,0.122043333333),
double3(0.244010000000,0.122005000000,0.082906666667),
double3(0.359460000000,0.218920000000,0.000000000000),
double3(0.220300000000,0.074890000000,0.096376666667),
double3(0.228560000000,0.055305000000,0.166666666667),
double3(0.202890000000,0.000000000000,0.111996666667),
double3(0.279585000000,0.059170000000,0.113316666667),
double3(0.286960000000,0.143480000000,0.105383333333),
double3(0.379300000000,0.189650000000,0.000000000000),
double3(0.373800000000,0.247600000000,0.037500000000),
double3(0.266940000000,0.314435000000,0.211290000000),
double3(0.255990000000,0.377995000000,0.250426666667),
double3(0.166665000000,0.333335000000,0.212676666667),
double3(0.279700000000,0.354590000000,0.236956666667),
double3(0.271440000000,0.326745000000,0.166666666667),
double3(0.297110000000,0.297110000000,0.221336666667),
double3(0.220415000000,0.279585000000,0.220016666667),
double3(0.213040000000,0.356520000000,0.227950000000),
double3(0.126200000000,0.373800000000,0.295833333333),
double3(0.452505000000,0.266940000000,0.211290000000),
double3(0.377995000000,0.255990000000,0.250426666667),
double3(0.333330000000,0.166665000000,0.212676666667),
double3(0.425110000000,0.279700000000,0.236956666667),
double3(0.444695000000,0.271440000000,0.166666666667),
double3(0.000000000000,0.297110000000,0.221336666667),
double3(0.440830000000,0.220415000000,0.220016666667),
double3(0.356520000000,0.213040000000,0.227950000000),
double3(0.252400000000,0.126200000000,0.295833333333),
double3(0.185565000000,0.452505000000,0.211290000000),
double3(0.122005000000,0.377995000000,0.250426666667),
double3(0.145410000000,0.425110000000,0.236956666667),
double3(0.173255000000,0.444695000000,0.166666666667),
double3(0.202890000000,0.000000000000,0.221336666667),
double3(0.220415000000,0.440830000000,0.220016666667),
double3(0.143480000000,0.356520000000,0.227950000000),
double3(0.126200000000,0.252400000000,0.295833333333),
double3(0.233060000000,0.185565000000,0.211290000000),
double3(0.244010000000,0.122005000000,0.250426666667),
double3(0.220300000000,0.145410000000,0.236956666667),
double3(0.228560000000,0.173255000000,0.166666666667),
double3(0.202890000000,0.202890000000,0.221336666667),
double3(0.279585000000,0.220415000000,0.220016666667),
double3(0.286960000000,0.143480000000,0.227950000000),
double3(0.373800000000,0.126200000000,0.295833333333),
double3(0.047495000000,0.233060000000,0.211290000000),
double3(0.122005000000,0.244010000000,0.250426666667),
double3(0.074890000000,0.220300000000,0.236956666667),
double3(0.055305000000,0.228560000000,0.166666666667),
double3(0.000000000000,0.202890000000,0.221336666667),
double3(0.059170000000,0.279585000000,0.220016666667),
double3(0.143480000000,0.286960000000,0.227950000000),
double3(0.247600000000,0.373800000000,0.295833333333),
double3(0.314435000000,0.047495000000,0.211290000000),
double3(0.377995000000,0.122005000000,0.250426666667),
double3(0.354590000000,0.074890000000,0.236956666667),
double3(0.326745000000,0.055305000000,0.166666666667),
double3(0.297110000000,0.000000000000,0.221336666667),
double3(0.279585000000,0.059170000000,0.220016666667),
double3(0.356520000000,0.143480000000,0.227950000000),
double3(0.373800000000,0.247600000000,0.295833333333),
double3(0.314435000000,0.266940000000,0.211290000000),
double3(0.354590000000,0.279700000000,0.236956666667),
double3(0.047495000000,0.314435000000,0.211290000000),
double3(0.074890000000,0.354590000000,0.236956666667),
double3(0.233060000000,0.047495000000,0.211290000000),
double3(0.220300000000,0.074890000000,0.236956666667),
double3(0.185565000000,0.233060000000,0.211290000000),
double3(0.145410000000,0.220300000000,0.236956666667),
double3(0.452505000000,0.185565000000,0.211290000000),
double3(0.425110000000,0.145410000000,0.236956666667),
double3(0.266940000000,0.452505000000,0.211290000000),
double3(0.279700000000,0.425110000000,0.236956666667),
double3(0.233060000000,0.185565000000,0.122043333333),
double3(0.220300000000,0.145410000000,0.096376666667),
double3(0.047495000000,0.233060000000,0.122043333333),
double3(0.074890000000,0.220300000000,0.096376666667),
double3(0.314435000000,0.047495000000,0.122043333333),
double3(0.354590000000,0.074890000000,0.096376666667),
double3(0.266940000000,0.314435000000,0.122043333333),
double3(0.279700000000,0.354590000000,0.096376666667),
double3(0.452505000000,0.266940000000,0.122043333333),
double3(0.425110000000,0.279700000000,0.096376666667),
double3(0.185565000000,0.452505000000,0.122043333333),
double3(0.145410000000,0.425110000000,0.096376666667),
double3(0.185565000000,0.233060000000,0.455376666667),
double3(0.122005000000,0.244010000000,0.416240000000),
double3(0.140540000000,0.359460000000,0.333333333333),
double3(0.166665000000,0.333335000000,0.453990000000),
double3(0.145410000000,0.220300000000,0.429710000000),
double3(0.173255000000,0.228560000000,0.500000000000),
double3(0.202890000000,0.202890000000,0.445330000000),
double3(0.220415000000,0.279585000000,0.446650000000),
double3(0.143480000000,0.286960000000,0.438716666667),
double3(0.166665000000,0.333335000000,0.500000000000),
double3(0.189650000000,0.379300000000,0.333333333333),
double3(0.126200000000,0.373800000000,0.370833333333),
double3(0.452505000000,0.185565000000,0.455376666667),
double3(0.377995000000,0.122005000000,0.416240000000),
double3(0.281080000000,0.140540000000,0.333333333333),
double3(0.333330000000,0.166665000000,0.453990000000),
double3(0.425110000000,0.145410000000,0.429710000000),
double3(0.444695000000,0.173255000000,0.500000000000),
double3(0.000000000000,0.202890000000,0.445330000000),
double3(0.440830000000,0.220415000000,0.446650000000),
double3(0.356520000000,0.143480000000,0.438716666667),
double3(0.333330000000,0.166665000000,0.500000000000),
double3(0.310350000000,0.189650000000,0.333333333333),
double3(0.252400000000,0.126200000000,0.370833333333),
double3(0.266940000000,0.452505000000,0.455376666667),
double3(0.255990000000,0.377995000000,0.416240000000),
double3(0.140540000000,0.281080000000,0.333333333333),
double3(0.279700000000,0.425110000000,0.429710000000),
double3(0.271440000000,0.444695000000,0.500000000000),
double3(0.297110000000,0.000000000000,0.445330000000),
double3(0.220415000000,0.440830000000,0.446650000000),
double3(0.213040000000,0.356520000000,0.438716666667),
double3(0.120700000000,0.310350000000,0.333333333333),
double3(0.126200000000,0.252400000000,0.370833333333),
double3(0.314435000000,0.266940000000,0.455376666667),
double3(0.377995000000,0.255990000000,0.416240000000),
double3(0.359460000000,0.140540000000,0.333333333333),
double3(0.354590000000,0.279700000000,0.429710000000),
double3(0.326745000000,0.271440000000,0.500000000000),
double3(0.297110000000,0.297110000000,0.445330000000),
double3(0.279585000000,0.220415000000,0.446650000000),
double3(0.356520000000,0.213040000000,0.438716666667),
double3(0.310350000000,0.120700000000,0.333333333333),
double3(0.373800000000,0.126200000000,0.370833333333),
double3(0.047495000000,0.314435000000,0.455376666667),
double3(0.122005000000,0.377995000000,0.416240000000),
double3(0.218920000000,0.359460000000,0.333333333333),
double3(0.074890000000,0.354590000000,0.429710000000),
double3(0.055305000000,0.326745000000,0.500000000000),
double3(0.000000000000,0.297110000000,0.445330000000),
double3(0.059170000000,0.279585000000,0.446650000000),
double3(0.143480000000,0.356520000000,0.438716666667),
double3(0.189650000000,0.310350000000,0.333333333333),
double3(0.247600000000,0.373800000000,0.370833333333),
double3(0.233060000000,0.047495000000,0.455376666667),
double3(0.244010000000,0.122005000000,0.416240000000),
double3(0.359460000000,0.218920000000,0.333333333333),
double3(0.220300000000,0.074890000000,0.429710000000),
double3(0.228560000000,0.055305000000,0.500000000000),
double3(0.202890000000,0.000000000000,0.445330000000),
double3(0.279585000000,0.059170000000,0.446650000000),
double3(0.286960000000,0.143480000000,0.438716666667),
double3(0.379300000000,0.189650000000,0.333333333333),
double3(0.373800000000,0.247600000000,0.370833333333),
double3(0.266940000000,0.314435000000,0.544623333333),
double3(0.255990000000,0.377995000000,0.583760000000),
double3(0.166665000000,0.333335000000,0.546010000000),
double3(0.279700000000,0.354590000000,0.570290000000),
double3(0.271440000000,0.326745000000,0.500000000000),
double3(0.297110000000,0.297110000000,0.554670000000),
double3(0.220415000000,0.279585000000,0.553350000000),
double3(0.213040000000,0.356520000000,0.561283333333),
double3(0.126200000000,0.373800000000,0.629166666667),
double3(0.452505000000,0.266940000000,0.544623333333),
double3(0.377995000000,0.255990000000,0.583760000000),
double3(0.333330000000,0.166665000000,0.546010000000),
double3(0.425110000000,0.279700000000,0.570290000000),
double3(0.444695000000,0.271440000000,0.500000000000),
double3(0.000000000000,0.297110000000,0.554670000000),
double3(0.440830000000,0.220415000000,0.553350000000),
double3(0.356520000000,0.213040000000,0.561283333333),
double3(0.252400000000,0.126200000000,0.629166666667),
double3(0.185565000000,0.452505000000,0.544623333333),
double3(0.122005000000,0.377995000000,0.583760000000),
double3(0.145410000000,0.425110000000,0.570290000000),
double3(0.173255000000,0.444695000000,0.500000000000),
double3(0.202890000000,0.000000000000,0.554670000000),
double3(0.220415000000,0.440830000000,0.553350000000),
double3(0.143480000000,0.356520000000,0.561283333333),
double3(0.126200000000,0.252400000000,0.629166666667),
double3(0.233060000000,0.185565000000,0.544623333333),
double3(0.244010000000,0.122005000000,0.583760000000),
double3(0.220300000000,0.145410000000,0.570290000000),
double3(0.228560000000,0.173255000000,0.500000000000),
double3(0.202890000000,0.202890000000,0.554670000000),
double3(0.279585000000,0.220415000000,0.553350000000),
double3(0.286960000000,0.143480000000,0.561283333333),
double3(0.373800000000,0.126200000000,0.629166666667),
double3(0.047495000000,0.233060000000,0.544623333333),
double3(0.122005000000,0.244010000000,0.583760000000),
double3(0.074890000000,0.220300000000,0.570290000000),
double3(0.055305000000,0.228560000000,0.500000000000),
double3(0.000000000000,0.202890000000,0.554670000000),
double3(0.059170000000,0.279585000000,0.553350000000),
double3(0.143480000000,0.286960000000,0.561283333333),
double3(0.247600000000,0.373800000000,0.629166666667),
double3(0.314435000000,0.047495000000,0.544623333333),
double3(0.377995000000,0.122005000000,0.583760000000),
double3(0.354590000000,0.074890000000,0.570290000000),
double3(0.326745000000,0.055305000000,0.500000000000),
double3(0.297110000000,0.000000000000,0.554670000000),
double3(0.279585000000,0.059170000000,0.553350000000),
double3(0.356520000000,0.143480000000,0.561283333333),
double3(0.373800000000,0.247600000000,0.629166666667),
double3(0.314435000000,0.266940000000,0.544623333333),
double3(0.354590000000,0.279700000000,0.570290000000),
double3(0.047495000000,0.314435000000,0.544623333333),
double3(0.074890000000,0.354590000000,0.570290000000),
double3(0.233060000000,0.047495000000,0.544623333333),
double3(0.220300000000,0.074890000000,0.570290000000),
double3(0.185565000000,0.233060000000,0.544623333333),
double3(0.145410000000,0.220300000000,0.570290000000),
double3(0.452505000000,0.185565000000,0.544623333333),
double3(0.425110000000,0.145410000000,0.570290000000),
double3(0.266940000000,0.452505000000,0.544623333333),
double3(0.279700000000,0.425110000000,0.570290000000),
double3(0.233060000000,0.185565000000,0.455376666667),
double3(0.220300000000,0.145410000000,0.429710000000),
double3(0.047495000000,0.233060000000,0.455376666667),
double3(0.074890000000,0.220300000000,0.429710000000),
double3(0.314435000000,0.047495000000,0.455376666667),
double3(0.354590000000,0.074890000000,0.429710000000),
double3(0.266940000000,0.314435000000,0.455376666667),
double3(0.279700000000,0.354590000000,0.429710000000),
double3(0.452505000000,0.266940000000,0.455376666667),
double3(0.425110000000,0.279700000000,0.429710000000),
double3(0.185565000000,0.452505000000,0.455376666667),
double3(0.145410000000,0.425110000000,0.429710000000),
double3(0.185565000000,0.233060000000,0.788710000000),
double3(0.122005000000,0.244010000000,0.749573333333),
double3(0.140540000000,0.359460000000,0.666666666667),
double3(0.166665000000,0.333335000000,0.787323333333),
double3(0.145410000000,0.220300000000,0.763043333333),
double3(0.173255000000,0.228560000000,0.833333333333),
double3(0.202890000000,0.202890000000,0.778663333333),
double3(0.220415000000,0.279585000000,0.779983333333),
double3(0.143480000000,0.286960000000,0.772050000000),
double3(0.166665000000,0.333335000000,0.833333333333),
double3(0.189650000000,0.379300000000,0.666666666667),
double3(0.126200000000,0.373800000000,0.704166666667),
double3(0.452505000000,0.185565000000,0.788710000000),
double3(0.377995000000,0.122005000000,0.749573333333),
double3(0.281080000000,0.140540000000,0.666666666667),
double3(0.333330000000,0.166665000000,0.787323333333),
double3(0.425110000000,0.145410000000,0.763043333333),
double3(0.444695000000,0.173255000000,0.833333333333),
double3(0.000000000000,0.202890000000,0.778663333333),
double3(0.440830000000,0.220415000000,0.779983333333),
double3(0.356520000000,0.143480000000,0.772050000000),
double3(0.333330000000,0.166665000000,0.833333333333),
double3(0.310350000000,0.189650000000,0.666666666667),
double3(0.252400000000,0.126200000000,0.704166666667),
double3(0.266940000000,0.452505000000,0.788710000000),
double3(0.255990000000,0.377995000000,0.749573333333),
double3(0.140540000000,0.281080000000,0.666666666667),
double3(0.279700000000,0.425110000000,0.763043333333),
double3(0.271440000000,0.444695000000,0.833333333333),
double3(0.297110000000,0.000000000000,0.778663333333),
double3(0.220415000000,0.440830000000,0.779983333333),
double3(0.213040000000,0.356520000000,0.772050000000),
double3(0.120700000000,0.310350000000,0.666666666667),
double3(0.126200000000,0.252400000000,0.704166666667),
double3(0.314435000000,0.266940000000,0.788710000000),
double3(0.377995000000,0.255990000000,0.749573333333),
double3(0.359460000000,0.140540000000,0.666666666667),
double3(0.354590000000,0.279700000000,0.763043333333),
double3(0.326745000000,0.271440000000,0.833333333333),
double3(0.297110000000,0.297110000000,0.778663333333),
double3(0.279585000000,0.220415000000,0.779983333333),
double3(0.356520000000,0.213040000000,0.772050000000),
double3(0.310350000000,0.120700000000,0.666666666667),
double3(0.373800000000,0.126200000000,0.704166666667),
double3(0.047495000000,0.314435000000,0.788710000000),
double3(0.122005000000,0.377995000000,0.749573333333),
double3(0.218920000000,0.359460000000,0.666666666667),
double3(0.074890000000,0.354590000000,0.763043333333),
double3(0.055305000000,0.326745000000,0.833333333333),
double3(0.000000000000,0.297110000000,0.778663333333),
double3(0.059170000000,0.279585000000,0.779983333333),
double3(0.143480000000,0.356520000000,0.772050000000),
double3(0.189650000000,0.310350000000,0.666666666667),
double3(0.247600000000,0.373800000000,0.704166666667),
double3(0.233060000000,0.047495000000,0.788710000000),
double3(0.244010000000,0.122005000000,0.749573333333),
double3(0.359460000000,0.218920000000,0.666666666667),
double3(0.220300000000,0.074890000000,0.763043333333),
double3(0.228560000000,0.055305000000,0.833333333333),
double3(0.202890000000,0.000000000000,0.778663333333),
double3(0.279585000000,0.059170000000,0.779983333333),
double3(0.286960000000,0.143480000000,0.772050000000),
double3(0.379300000000,0.189650000000,0.666666666667),
double3(0.373800000000,0.247600000000,0.704166666667),
double3(0.266940000000,0.314435000000,0.877956666667),
double3(0.255990000000,0.377995000000,0.917093333333),
double3(0.166665000000,0.333335000000,0.879343333333),
double3(0.279700000000,0.354590000000,0.903623333333),
double3(0.271440000000,0.326745000000,0.833333333333),
double3(0.297110000000,0.297110000000,0.888003333333),
double3(0.220415000000,0.279585000000,0.886683333333),
double3(0.213040000000,0.356520000000,0.894616666667),
double3(0.126200000000,0.373800000000,0.962500000000),
double3(0.452505000000,0.266940000000,0.877956666667),
double3(0.377995000000,0.255990000000,0.917093333333),
double3(0.333330000000,0.166665000000,0.879343333333),
double3(0.425110000000,0.279700000000,0.903623333333),
double3(0.444695000000,0.271440000000,0.833333333333),
double3(0.000000000000,0.297110000000,0.888003333333),
double3(0.440830000000,0.220415000000,0.886683333333),
double3(0.356520000000,0.213040000000,0.894616666667),
double3(0.252400000000,0.126200000000,0.962500000000),
double3(0.185565000000,0.452505000000,0.877956666667),
double3(0.122005000000,0.377995000000,0.917093333333),
double3(0.145410000000,0.425110000000,0.903623333333),
double3(0.173255000000,0.444695000000,0.833333333333),
double3(0.202890000000,0.000000000000,0.888003333333),
double3(0.220415000000,0.440830000000,0.886683333333),
double3(0.143480000000,0.356520000000,0.894616666667),
double3(0.126200000000,0.252400000000,0.962500000000),
double3(0.233060000000,0.185565000000,0.877956666667),
double3(0.244010000000,0.122005000000,0.917093333333),
double3(0.220300000000,0.145410000000,0.903623333333),
double3(0.228560000000,0.173255000000,0.833333333333),
double3(0.202890000000,0.202890000000,0.888003333333),
double3(0.279585000000,0.220415000000,0.886683333333),
double3(0.286960000000,0.143480000000,0.894616666667),
double3(0.373800000000,0.126200000000,0.962500000000),
double3(0.047495000000,0.233060000000,0.877956666667),
double3(0.122005000000,0.244010000000,0.917093333333),
double3(0.074890000000,0.220300000000,0.903623333333),
double3(0.055305000000,0.228560000000,0.833333333333),
double3(0.000000000000,0.202890000000,0.888003333333),
double3(0.059170000000,0.279585000000,0.886683333333),
double3(0.143480000000,0.286960000000,0.894616666667),
double3(0.247600000000,0.373800000000,0.962500000000),
double3(0.314435000000,0.047495000000,0.877956666667),
double3(0.377995000000,0.122005000000,0.917093333333),
double3(0.354590000000,0.074890000000,0.903623333333),
double3(0.326745000000,0.055305000000,0.833333333333),
double3(0.297110000000,0.000000000000,0.888003333333),
double3(0.279585000000,0.059170000000,0.886683333333),
double3(0.356520000000,0.143480000000,0.894616666667),
double3(0.373800000000,0.247600000000,0.962500000000),
double3(0.314435000000,0.266940000000,0.877956666667),
double3(0.354590000000,0.279700000000,0.903623333333),
double3(0.047495000000,0.314435000000,0.877956666667),
double3(0.074890000000,0.354590000000,0.903623333333),
double3(0.233060000000,0.047495000000,0.877956666667),
double3(0.220300000000,0.074890000000,0.903623333333),
double3(0.185565000000,0.233060000000,0.877956666667),
double3(0.145410000000,0.220300000000,0.903623333333),
double3(0.452505000000,0.185565000000,0.877956666667),
double3(0.425110000000,0.145410000000,0.903623333333),
double3(0.266940000000,0.452505000000,0.877956666667),
double3(0.279700000000,0.425110000000,0.903623333333),
double3(0.233060000000,0.185565000000,0.788710000000),
double3(0.220300000000,0.145410000000,0.763043333333),
double3(0.047495000000,0.233060000000,0.788710000000),
double3(0.074890000000,0.220300000000,0.763043333333),
double3(0.314435000000,0.047495000000,0.788710000000),
double3(0.354590000000,0.074890000000,0.763043333333),
double3(0.266940000000,0.314435000000,0.788710000000),
double3(0.279700000000,0.354590000000,0.763043333333),
double3(0.452505000000,0.266940000000,0.788710000000),
double3(0.425110000000,0.279700000000,0.763043333333),
double3(0.185565000000,0.452505000000,0.788710000000),
double3(0.145410000000,0.425110000000,0.763043333333),
double3(0.185565000000,0.733060000000,0.122043333333),
double3(0.122005000000,0.744010000000,0.082906666667),
double3(0.140540000000,0.859460000000,0.000000000000),
double3(0.166665000000,0.833335000000,0.120656666667),
double3(0.145410000000,0.720300000000,0.096376666667),
double3(0.173255000000,0.728560000000,0.166666666667),
double3(0.202890000000,0.702890000000,0.111996666667),
double3(0.220415000000,0.779585000000,0.113316666667),
double3(0.143480000000,0.786960000000,0.105383333333),
double3(0.166665000000,0.833335000000,0.166666666667),
double3(0.189650000000,0.879300000000,0.000000000000),
double3(0.126200000000,0.873800000000,0.037500000000),
double3(0.452505000000,0.685565000000,0.122043333333),
double3(0.377995000000,0.622005000000,0.082906666667),
double3(0.281080000000,0.640540000000,0.000000000000),
double3(0.333330000000,0.666665000000,0.120656666667),
double3(0.425110000000,0.645410000000,0.096376666667),
double3(0.444695000000,0.673255000000,0.166666666667),
double3(0.000000000000,0.702890000000,0.111996666667),
double3(0.440830000000,0.720415000000,0.113316666667),
double3(0.356520000000,0.643480000000,0.105383333333),
double3(0.333330000000,0.666665000000,0.166666666667),
double3(0.310350000000,0.689650000000,0.000000000000),
double3(0.252400000000,0.626200000000,0.037500000000),
double3(0.266940000000,0.952505000000,0.122043333333),
double3(0.255990000000,0.877995000000,0.082906666667),
double3(0.140540000000,0.781080000000,0.000000000000),
double3(0.279700000000,0.925110000000,0.096376666667),
double3(0.271440000000,0.944695000000,0.166666666667),
double3(0.297110000000,0.500000000000,0.111996666667),
double3(0.220415000000,0.940830000000,0.113316666667),
double3(0.213040000000,0.856520000000,0.105383333333),
double3(0.120700000000,0.810350000000,0.000000000000),
double3(0.126200000000,0.752400000000,0.037500000000),
double3(0.314435000000,0.766940000000,0.122043333333),
double3(0.377995000000,0.755990000000,0.082906666667),
double3(0.359460000000,0.640540000000,0.000000000000),
double3(0.354590000000,0.779700000000,0.096376666667),
double3(0.326745000000,0.771440000000,0.166666666667),
double3(0.297110000000,0.797110000000,0.111996666667),
double3(0.279585000000,0.720415000000,0.113316666667),
double3(0.356520000000,0.713040000000,0.105383333333),
double3(0.310350000000,0.620700000000,0.000000000000),
double3(0.373800000000,0.626200000000,0.037500000000),
double3(0.047495000000,0.814435000000,0.122043333333),
double3(0.122005000000,0.877995000000,0.082906666667),
double3(0.218920000000,0.859460000000,0.000000000000),
double3(0.074890000000,0.854590000000,0.096376666667),
double3(0.055305000000,0.826745000000,0.166666666667),
double3(0.000000000000,0.797110000000,0.111996666667),
double3(0.059170000000,0.779585000000,0.113316666667),
double3(0.143480000000,0.856520000000,0.105383333333),
double3(0.189650000000,0.810350000000,0.000000000000),
double3(0.247600000000,0.873800000000,0.037500000000),
double3(0.233060000000,0.547495000000,0.122043333333),
double3(0.244010000000,0.622005000000,0.082906666667),
double3(0.359460000000,0.718920000000,0.000000000000),
double3(0.220300000000,0.574890000000,0.096376666667),
double3(0.228560000000,0.555305000000,0.166666666667),
double3(0.202890000000,0.500000000000,0.111996666667),
double3(0.279585000000,0.559170000000,0.113316666667),
double3(0.286960000000,0.643480000000,0.105383333333),
double3(0.379300000000,0.689650000000,0.000000000000),
double3(0.373800000000,0.747600000000,0.037500000000),
double3(0.266940000000,0.814435000000,0.211290000000),
double3(0.255990000000,0.877995000000,0.250426666667),
double3(0.166665000000,0.833335000000,0.212676666667),
double3(0.279700000000,0.854590000000,0.236956666667),
double3(0.271440000000,0.826745000000,0.166666666667),
double3(0.297110000000,0.797110000000,0.221336666667),
double3(0.220415000000,0.779585000000,0.220016666667),
double3(0.213040000000,0.856520000000,0.227950000000),
double3(0.126200000000,0.873800000000,0.295833333333),
double3(0.452505000000,0.766940000000,0.211290000000),
double3(0.377995000000,0.755990000000,0.250426666667),
double3(0.333330000000,0.666665000000,0.212676666667),
double3(0.425110000000,0.779700000000,0.236956666667),
double3(0.444695000000,0.771440000000,0.166666666667),
double3(0.000000000000,0.797110000000,0.221336666667),
double3(0.440830000000,0.720415000000,0.220016666667),
double3(0.356520000000,0.713040000000,0.227950000000),
double3(0.252400000000,0.626200000000,0.295833333333),
double3(0.185565000000,0.952505000000,0.211290000000),
double3(0.122005000000,0.877995000000,0.250426666667),
double3(0.145410000000,0.925110000000,0.236956666667),
double3(0.173255000000,0.944695000000,0.166666666667),
double3(0.202890000000,0.500000000000,0.221336666667),
double3(0.220415000000,0.940830000000,0.220016666667),
double3(0.143480000000,0.856520000000,0.227950000000),
double3(0.126200000000,0.752400000000,0.295833333333),
double3(0.233060000000,0.685565000000,0.211290000000),
double3(0.244010000000,0.622005000000,0.250426666667),
double3(0.220300000000,0.645410000000,0.236956666667),
double3(0.228560000000,0.673255000000,0.166666666667),
double3(0.202890000000,0.702890000000,0.221336666667),
double3(0.279585000000,0.720415000000,0.220016666667),
double3(0.286960000000,0.643480000000,0.227950000000),
double3(0.373800000000,0.626200000000,0.295833333333),
double3(0.047495000000,0.733060000000,0.211290000000),
double3(0.122005000000,0.744010000000,0.250426666667),
double3(0.074890000000,0.720300000000,0.236956666667),
double3(0.055305000000,0.728560000000,0.166666666667),
double3(0.000000000000,0.702890000000,0.221336666667),
double3(0.059170000000,0.779585000000,0.220016666667),
double3(0.143480000000,0.786960000000,0.227950000000),
double3(0.247600000000,0.873800000000,0.295833333333),
double3(0.314435000000,0.547495000000,0.211290000000),
double3(0.377995000000,0.622005000000,0.250426666667),
double3(0.354590000000,0.574890000000,0.236956666667),
double3(0.326745000000,0.555305000000,0.166666666667),
double3(0.297110000000,0.500000000000,0.221336666667),
double3(0.279585000000,0.559170000000,0.220016666667),
double3(0.356520000000,0.643480000000,0.227950000000),
double3(0.373800000000,0.747600000000,0.295833333333),
double3(0.314435000000,0.766940000000,0.211290000000),
double3(0.354590000000,0.779700000000,0.236956666667),
double3(0.047495000000,0.814435000000,0.211290000000),
double3(0.074890000000,0.854590000000,0.236956666667),
double3(0.233060000000,0.547495000000,0.211290000000),
double3(0.220300000000,0.574890000000,0.236956666667),
double3(0.185565000000,0.733060000000,0.211290000000),
double3(0.145410000000,0.720300000000,0.236956666667),
double3(0.452505000000,0.685565000000,0.211290000000),
double3(0.425110000000,0.645410000000,0.236956666667),
double3(0.266940000000,0.952505000000,0.211290000000),
double3(0.279700000000,0.925110000000,0.236956666667),
double3(0.233060000000,0.685565000000,0.122043333333),
double3(0.220300000000,0.645410000000,0.096376666667),
double3(0.047495000000,0.733060000000,0.122043333333),
double3(0.074890000000,0.720300000000,0.096376666667),
double3(0.314435000000,0.547495000000,0.122043333333),
double3(0.354590000000,0.574890000000,0.096376666667),
double3(0.266940000000,0.814435000000,0.122043333333),
double3(0.279700000000,0.854590000000,0.096376666667),
double3(0.452505000000,0.766940000000,0.122043333333),
double3(0.425110000000,0.779700000000,0.096376666667),
double3(0.185565000000,0.952505000000,0.122043333333),
double3(0.145410000000,0.925110000000,0.096376666667),
double3(0.185565000000,0.733060000000,0.455376666667),
double3(0.122005000000,0.744010000000,0.416240000000),
double3(0.140540000000,0.859460000000,0.333333333333),
double3(0.166665000000,0.833335000000,0.453990000000),
double3(0.145410000000,0.720300000000,0.429710000000),
double3(0.173255000000,0.728560000000,0.500000000000),
double3(0.202890000000,0.702890000000,0.445330000000),
double3(0.220415000000,0.779585000000,0.446650000000),
double3(0.143480000000,0.786960000000,0.438716666667),
double3(0.166665000000,0.833335000000,0.500000000000),
double3(0.189650000000,0.879300000000,0.333333333333),
double3(0.126200000000,0.873800000000,0.370833333333),
double3(0.452505000000,0.685565000000,0.455376666667),
double3(0.377995000000,0.622005000000,0.416240000000),
double3(0.281080000000,0.640540000000,0.333333333333),
double3(0.333330000000,0.666665000000,0.453990000000),
double3(0.425110000000,0.645410000000,0.429710000000),
double3(0.444695000000,0.673255000000,0.500000000000),
double3(0.000000000000,0.702890000000,0.445330000000),
double3(0.440830000000,0.720415000000,0.446650000000),
double3(0.356520000000,0.643480000000,0.438716666667),
double3(0.333330000000,0.666665000000,0.500000000000),
double3(0.310350000000,0.689650000000,0.333333333333),
double3(0.252400000000,0.626200000000,0.370833333333),
double3(0.266940000000,0.952505000000,0.455376666667),
double3(0.255990000000,0.877995000000,0.416240000000),
double3(0.140540000000,0.781080000000,0.333333333333),
double3(0.279700000000,0.925110000000,0.429710000000),
double3(0.271440000000,0.944695000000,0.500000000000),
double3(0.297110000000,0.500000000000,0.445330000000),
double3(0.220415000000,0.940830000000,0.446650000000),
double3(0.213040000000,0.856520000000,0.438716666667),
double3(0.120700000000,0.810350000000,0.333333333333),
double3(0.126200000000,0.752400000000,0.370833333333),
double3(0.314435000000,0.766940000000,0.455376666667),
double3(0.377995000000,0.755990000000,0.416240000000),
double3(0.359460000000,0.640540000000,0.333333333333),
double3(0.354590000000,0.779700000000,0.429710000000),
double3(0.326745000000,0.771440000000,0.500000000000),
double3(0.297110000000,0.797110000000,0.445330000000),
double3(0.279585000000,0.720415000000,0.446650000000),
double3(0.356520000000,0.713040000000,0.438716666667),
double3(0.310350000000,0.620700000000,0.333333333333),
double3(0.373800000000,0.626200000000,0.370833333333),
double3(0.047495000000,0.814435000000,0.455376666667),
double3(0.122005000000,0.877995000000,0.416240000000),
double3(0.218920000000,0.859460000000,0.333333333333),
double3(0.074890000000,0.854590000000,0.429710000000),
double3(0.055305000000,0.826745000000,0.500000000000),
double3(0.000000000000,0.797110000000,0.445330000000),
double3(0.059170000000,0.779585000000,0.446650000000),
double3(0.143480000000,0.856520000000,0.438716666667),
double3(0.189650000000,0.810350000000,0.333333333333),
double3(0.247600000000,0.873800000000,0.370833333333),
double3(0.233060000000,0.547495000000,0.455376666667),
double3(0.244010000000,0.622005000000,0.416240000000),
double3(0.359460000000,0.718920000000,0.333333333333),
double3(0.220300000000,0.574890000000,0.429710000000),
double3(0.228560000000,0.555305000000,0.500000000000),
double3(0.202890000000,0.500000000000,0.445330000000),
double3(0.279585000000,0.559170000000,0.446650000000),
double3(0.286960000000,0.643480000000,0.438716666667),
double3(0.379300000000,0.689650000000,0.333333333333),
double3(0.373800000000,0.747600000000,0.370833333333),
double3(0.266940000000,0.814435000000,0.544623333333),
double3(0.255990000000,0.877995000000,0.583760000000),
double3(0.166665000000,0.833335000000,0.546010000000),
double3(0.279700000000,0.854590000000,0.570290000000),
double3(0.271440000000,0.826745000000,0.500000000000),
double3(0.297110000000,0.797110000000,0.554670000000),
double3(0.220415000000,0.779585000000,0.553350000000),
double3(0.213040000000,0.856520000000,0.561283333333),
double3(0.126200000000,0.873800000000,0.629166666667),
double3(0.452505000000,0.766940000000,0.544623333333),
double3(0.377995000000,0.755990000000,0.583760000000),
double3(0.333330000000,0.666665000000,0.546010000000),
double3(0.425110000000,0.779700000000,0.570290000000),
double3(0.444695000000,0.771440000000,0.500000000000),
double3(0.000000000000,0.797110000000,0.554670000000),
double3(0.440830000000,0.720415000000,0.553350000000),
double3(0.356520000000,0.713040000000,0.561283333333),
double3(0.252400000000,0.626200000000,0.629166666667),
double3(0.185565000000,0.952505000000,0.544623333333),
double3(0.122005000000,0.877995000000,0.583760000000),
double3(0.145410000000,0.925110000000,0.570290000000),
double3(0.173255000000,0.944695000000,0.500000000000),
double3(0.202890000000,0.500000000000,0.554670000000),
double3(0.220415000000,0.940830000000,0.553350000000),
double3(0.143480000000,0.856520000000,0.561283333333),
double3(0.126200000000,0.752400000000,0.629166666667),
double3(0.233060000000,0.685565000000,0.544623333333),
double3(0.244010000000,0.622005000000,0.583760000000),
double3(0.220300000000,0.645410000000,0.570290000000),
double3(0.228560000000,0.673255000000,0.500000000000),
double3(0.202890000000,0.702890000000,0.554670000000),
double3(0.279585000000,0.720415000000,0.553350000000),
double3(0.286960000000,0.643480000000,0.561283333333),
double3(0.373800000000,0.626200000000,0.629166666667),
double3(0.047495000000,0.733060000000,0.544623333333),
double3(0.122005000000,0.744010000000,0.583760000000),
double3(0.074890000000,0.720300000000,0.570290000000),
double3(0.055305000000,0.728560000000,0.500000000000),
double3(0.000000000000,0.702890000000,0.554670000000),
double3(0.059170000000,0.779585000000,0.553350000000),
double3(0.143480000000,0.786960000000,0.561283333333),
double3(0.247600000000,0.873800000000,0.629166666667),
double3(0.314435000000,0.547495000000,0.544623333333),
double3(0.377995000000,0.622005000000,0.583760000000),
double3(0.354590000000,0.574890000000,0.570290000000),
double3(0.326745000000,0.555305000000,0.500000000000),
double3(0.297110000000,0.500000000000,0.554670000000),
double3(0.279585000000,0.559170000000,0.553350000000),
double3(0.356520000000,0.643480000000,0.561283333333),
double3(0.373800000000,0.747600000000,0.629166666667),
double3(0.314435000000,0.766940000000,0.544623333333),
double3(0.354590000000,0.779700000000,0.570290000000),
double3(0.047495000000,0.814435000000,0.544623333333),
double3(0.074890000000,0.854590000000,0.570290000000),
double3(0.233060000000,0.547495000000,0.544623333333),
double3(0.220300000000,0.574890000000,0.570290000000),
double3(0.185565000000,0.733060000000,0.544623333333),
double3(0.145410000000,0.720300000000,0.570290000000),
double3(0.452505000000,0.685565000000,0.544623333333),
double3(0.425110000000,0.645410000000,0.570290000000),
double3(0.266940000000,0.952505000000,0.544623333333),
double3(0.279700000000,0.925110000000,0.570290000000),
double3(0.233060000000,0.685565000000,0.455376666667),
double3(0.220300000000,0.645410000000,0.429710000000),
double3(0.047495000000,0.733060000000,0.455376666667),
double3(0.074890000000,0.720300000000,0.429710000000),
double3(0.314435000000,0.547495000000,0.455376666667),
double3(0.354590000000,0.574890000000,0.429710000000),
double3(0.266940000000,0.814435000000,0.455376666667),
double3(0.279700000000,0.854590000000,0.429710000000),
double3(0.452505000000,0.766940000000,0.455376666667),
double3(0.425110000000,0.779700000000,0.429710000000),
double3(0.185565000000,0.952505000000,0.455376666667),
double3(0.145410000000,0.925110000000,0.429710000000),
double3(0.185565000000,0.733060000000,0.788710000000),
double3(0.122005000000,0.744010000000,0.749573333333),
double3(0.140540000000,0.859460000000,0.666666666667),
double3(0.166665000000,0.833335000000,0.787323333333),
double3(0.145410000000,0.720300000000,0.763043333333),
double3(0.173255000000,0.728560000000,0.833333333333),
double3(0.202890000000,0.702890000000,0.778663333333),
double3(0.220415000000,0.779585000000,0.779983333333),
double3(0.143480000000,0.786960000000,0.772050000000),
double3(0.166665000000,0.833335000000,0.833333333333),
double3(0.189650000000,0.879300000000,0.666666666667),
double3(0.126200000000,0.873800000000,0.704166666667),
double3(0.452505000000,0.685565000000,0.788710000000),
double3(0.377995000000,0.622005000000,0.749573333333),
double3(0.281080000000,0.640540000000,0.666666666667),
double3(0.333330000000,0.666665000000,0.787323333333),
double3(0.425110000000,0.645410000000,0.763043333333),
double3(0.444695000000,0.673255000000,0.833333333333),
double3(0.000000000000,0.702890000000,0.778663333333),
double3(0.440830000000,0.720415000000,0.779983333333),
double3(0.356520000000,0.643480000000,0.772050000000),
double3(0.333330000000,0.666665000000,0.833333333333),
double3(0.310350000000,0.689650000000,0.666666666667),
double3(0.252400000000,0.626200000000,0.704166666667),
double3(0.266940000000,0.952505000000,0.788710000000),
double3(0.255990000000,0.877995000000,0.749573333333),
double3(0.140540000000,0.781080000000,0.666666666667),
double3(0.279700000000,0.925110000000,0.763043333333),
double3(0.271440000000,0.944695000000,0.833333333333),
double3(0.297110000000,0.500000000000,0.778663333333),
double3(0.220415000000,0.940830000000,0.779983333333),
double3(0.213040000000,0.856520000000,0.772050000000),
double3(0.120700000000,0.810350000000,0.666666666667),
double3(0.126200000000,0.752400000000,0.704166666667),
double3(0.314435000000,0.766940000000,0.788710000000),
double3(0.377995000000,0.755990000000,0.749573333333),
double3(0.359460000000,0.640540000000,0.666666666667),
double3(0.354590000000,0.779700000000,0.763043333333),
double3(0.326745000000,0.771440000000,0.833333333333),
double3(0.297110000000,0.797110000000,0.778663333333),
double3(0.279585000000,0.720415000000,0.779983333333),
double3(0.356520000000,0.713040000000,0.772050000000),
double3(0.310350000000,0.620700000000,0.666666666667),
double3(0.373800000000,0.626200000000,0.704166666667),
double3(0.047495000000,0.814435000000,0.788710000000),
double3(0.122005000000,0.877995000000,0.749573333333),
double3(0.218920000000,0.859460000000,0.666666666667),
double3(0.074890000000,0.854590000000,0.763043333333),
double3(0.055305000000,0.826745000000,0.833333333333),
double3(0.000000000000,0.797110000000,0.778663333333),
double3(0.059170000000,0.779585000000,0.779983333333),
double3(0.143480000000,0.856520000000,0.772050000000),
double3(0.189650000000,0.810350000000,0.666666666667),
double3(0.247600000000,0.873800000000,0.704166666667),
double3(0.233060000000,0.547495000000,0.788710000000),
double3(0.244010000000,0.622005000000,0.749573333333),
double3(0.359460000000,0.718920000000,0.666666666667),
double3(0.220300000000,0.574890000000,0.763043333333),
double3(0.228560000000,0.555305000000,0.833333333333),
double3(0.202890000000,0.500000000000,0.778663333333),
double3(0.279585000000,0.559170000000,0.779983333333),
double3(0.286960000000,0.643480000000,0.772050000000),
double3(0.379300000000,0.689650000000,0.666666666667),
double3(0.373800000000,0.747600000000,0.704166666667),
double3(0.266940000000,0.814435000000,0.877956666667),
double3(0.255990000000,0.877995000000,0.917093333333),
double3(0.166665000000,0.833335000000,0.879343333333),
double3(0.279700000000,0.854590000000,0.903623333333),
double3(0.271440000000,0.826745000000,0.833333333333),
double3(0.297110000000,0.797110000000,0.888003333333),
double3(0.220415000000,0.779585000000,0.886683333333),
double3(0.213040000000,0.856520000000,0.894616666667),
double3(0.126200000000,0.873800000000,0.962500000000),
double3(0.452505000000,0.766940000000,0.877956666667),
double3(0.377995000000,0.755990000000,0.917093333333),
double3(0.333330000000,0.666665000000,0.879343333333),
double3(0.425110000000,0.779700000000,0.903623333333),
double3(0.444695000000,0.771440000000,0.833333333333),
double3(0.000000000000,0.797110000000,0.888003333333),
double3(0.440830000000,0.720415000000,0.886683333333),
double3(0.356520000000,0.713040000000,0.894616666667),
double3(0.252400000000,0.626200000000,0.962500000000),
double3(0.185565000000,0.952505000000,0.877956666667),
double3(0.122005000000,0.877995000000,0.917093333333),
double3(0.145410000000,0.925110000000,0.903623333333),
double3(0.173255000000,0.944695000000,0.833333333333),
double3(0.202890000000,0.500000000000,0.888003333333),
double3(0.220415000000,0.940830000000,0.886683333333),
double3(0.143480000000,0.856520000000,0.894616666667),
double3(0.126200000000,0.752400000000,0.962500000000),
double3(0.233060000000,0.685565000000,0.877956666667),
double3(0.244010000000,0.622005000000,0.917093333333),
double3(0.220300000000,0.645410000000,0.903623333333),
double3(0.228560000000,0.673255000000,0.833333333333),
double3(0.202890000000,0.702890000000,0.888003333333),
double3(0.279585000000,0.720415000000,0.886683333333),
double3(0.286960000000,0.643480000000,0.894616666667),
double3(0.373800000000,0.626200000000,0.962500000000),
double3(0.047495000000,0.733060000000,0.877956666667),
double3(0.122005000000,0.744010000000,0.917093333333),
double3(0.074890000000,0.720300000000,0.903623333333),
double3(0.055305000000,0.728560000000,0.833333333333),
double3(0.000000000000,0.702890000000,0.888003333333),
double3(0.059170000000,0.779585000000,0.886683333333),
double3(0.143480000000,0.786960000000,0.894616666667),
double3(0.247600000000,0.873800000000,0.962500000000),
double3(0.314435000000,0.547495000000,0.877956666667),
double3(0.377995000000,0.622005000000,0.917093333333),
double3(0.354590000000,0.574890000000,0.903623333333),
double3(0.326745000000,0.555305000000,0.833333333333),
double3(0.297110000000,0.500000000000,0.888003333333),
double3(0.279585000000,0.559170000000,0.886683333333),
double3(0.356520000000,0.643480000000,0.894616666667),
double3(0.373800000000,0.747600000000,0.962500000000),
double3(0.314435000000,0.766940000000,0.877956666667),
double3(0.354590000000,0.779700000000,0.903623333333),
double3(0.047495000000,0.814435000000,0.877956666667),
double3(0.074890000000,0.854590000000,0.903623333333),
double3(0.233060000000,0.547495000000,0.877956666667),
double3(0.220300000000,0.574890000000,0.903623333333),
double3(0.185565000000,0.733060000000,0.877956666667),
double3(0.145410000000,0.720300000000,0.903623333333),
double3(0.452505000000,0.685565000000,0.877956666667),
double3(0.425110000000,0.645410000000,0.903623333333),
double3(0.266940000000,0.952505000000,0.877956666667),
double3(0.279700000000,0.925110000000,0.903623333333),
double3(0.233060000000,0.685565000000,0.788710000000),
double3(0.220300000000,0.645410000000,0.763043333333),
double3(0.047495000000,0.733060000000,0.788710000000),
double3(0.074890000000,0.720300000000,0.763043333333),
double3(0.314435000000,0.547495000000,0.788710000000),
double3(0.354590000000,0.574890000000,0.763043333333),
double3(0.266940000000,0.814435000000,0.788710000000),
double3(0.279700000000,0.854590000000,0.763043333333),
double3(0.452505000000,0.766940000000,0.788710000000),
double3(0.425110000000,0.779700000000,0.763043333333),
double3(0.185565000000,0.952505000000,0.788710000000),
double3(0.145410000000,0.925110000000,0.763043333333),
double3(0.685565000000,0.233060000000,0.122043333333),
double3(0.622005000000,0.244010000000,0.082906666667),
double3(0.640540000000,0.359460000000,0.000000000000),
double3(0.666665000000,0.333335000000,0.120656666667),
double3(0.645410000000,0.220300000000,0.096376666667),
double3(0.673255000000,0.228560000000,0.166666666667),
double3(0.702890000000,0.202890000000,0.111996666667),
double3(0.720415000000,0.279585000000,0.113316666667),
double3(0.643480000000,0.286960000000,0.105383333333),
double3(0.666665000000,0.333335000000,0.166666666667),
double3(0.689650000000,0.379300000000,0.000000000000),
double3(0.626200000000,0.373800000000,0.037500000000),
double3(0.952505000000,0.185565000000,0.122043333333),
double3(0.877995000000,0.122005000000,0.082906666667),
double3(0.781080000000,0.140540000000,0.000000000000),
double3(0.833330000000,0.166665000000,0.120656666667),
double3(0.925110000000,0.145410000000,0.096376666667),
double3(0.944695000000,0.173255000000,0.166666666667),
double3(0.500000000000,0.202890000000,0.111996666667),
double3(0.940830000000,0.220415000000,0.113316666667),
double3(0.856520000000,0.143480000000,0.105383333333),
double3(0.833330000000,0.166665000000,0.166666666667),
double3(0.810350000000,0.189650000000,0.000000000000),
double3(0.752400000000,0.126200000000,0.037500000000),
double3(0.766940000000,0.452505000000,0.122043333333),
double3(0.755990000000,0.377995000000,0.082906666667),
double3(0.640540000000,0.281080000000,0.000000000000),
double3(0.779700000000,0.425110000000,0.096376666667),
double3(0.771440000000,0.444695000000,0.166666666667),
double3(0.797110000000,0.000000000000,0.111996666667),
double3(0.720415000000,0.440830000000,0.113316666667),
double3(0.713040000000,0.356520000000,0.105383333333),
double3(0.620700000000,0.310350000000,0.000000000000),
double3(0.626200000000,0.252400000000,0.037500000000),
double3(0.814435000000,0.266940000000,0.122043333333),
double3(0.877995000000,0.255990000000,0.082906666667),
double3(0.859460000000,0.140540000000,0.000000000000),
double3(0.854590000000,0.279700000000,0.096376666667),
double3(0.826745000000,0.271440000000,0.166666666667),
double3(0.797110000000,0.297110000000,0.111996666667),
double3(0.779585000000,0.220415000000,0.113316666667),
double3(0.856520000000,0.213040000000,0.105383333333),
double3(0.810350000000,0.120700000000,0.000000000000),
double3(0.873800000000,0.126200000000,0.037500000000),
double3(0.547495000000,0.314435000000,0.122043333333),
double3(0.622005000000,0.377995000000,0.082906666667),
double3(0.718920000000,0.359460000000,0.000000000000),
double3(0.574890000000,0.354590000000,0.096376666667),
double3(0.555305000000,0.326745000000,0.166666666667),
double3(0.500000000000,0.297110000000,0.111996666667),
double3(0.559170000000,0.279585000000,0.113316666667),
double3(0.643480000000,0.356520000000,0.105383333333),
double3(0.689650000000,0.310350000000,0.000000000000),
double3(0.747600000000,0.373800000000,0.037500000000),
double3(0.733060000000,0.047495000000,0.122043333333),
double3(0.744010000000,0.122005000000,0.082906666667),
double3(0.859460000000,0.218920000000,0.000000000000),
double3(0.720300000000,0.074890000000,0.096376666667),
double3(0.728560000000,0.055305000000,0.166666666667),
double3(0.702890000000,0.000000000000,0.111996666667),
double3(0.779585000000,0.059170000000,0.113316666667),
double3(0.786960000000,0.143480000000,0.105383333333),
double3(0.879300000000,0.189650000000,0.000000000000),
double3(0.873800000000,0.247600000000,0.037500000000),
double3(0.766940000000,0.314435000000,0.211290000000),
double3(0.755990000000,0.377995000000,0.250426666667),
double3(0.666665000000,0.333335000000,0.212676666667),
double3(0.779700000000,0.354590000000,0.236956666667),
double3(0.771440000000,0.326745000000,0.166666666667),
double3(0.797110000000,0.297110000000,0.221336666667),
double3(0.720415000000,0.279585000000,0.220016666667),
double3(0.713040000000,0.356520000000,0.227950000000),
double3(0.626200000000,0.373800000000,0.295833333333),
double3(0.952505000000,0.266940000000,0.211290000000),
double3(0.877995000000,0.255990000000,0.250426666667),
double3(0.833330000000,0.166665000000,0.212676666667),
double3(0.925110000000,0.279700000000,0.236956666667),
double3(0.944695000000,0.271440000000,0.166666666667),
double3(0.500000000000,0.297110000000,0.221336666667),
double3(0.940830000000,0.220415000000,0.220016666667),
double3(0.856520000000,0.213040000000,0.227950000000),
double3(0.752400000000,0.126200000000,0.295833333333),
double3(0.685565000000,0.452505000000,0.211290000000),
double3(0.622005000000,0.377995000000,0.250426666667),
double3(0.645410000000,0.425110000000,0.236956666667),
double3(0.673255000000,0.444695000000,0.166666666667),
double3(0.702890000000,0.000000000000,0.221336666667),
double3(0.720415000000,0.440830000000,0.220016666667),
double3(0.643480000000,0.356520000000,0.227950000000),
double3(0.626200000000,0.252400000000,0.295833333333),
double3(0.733060000000,0.185565000000,0.211290000000),
double3(0.744010000000,0.122005000000,0.250426666667),
double3(0.720300000000,0.145410000000,0.236956666667),
double3(0.728560000000,0.173255000000,0.166666666667),
double3(0.702890000000,0.202890000000,0.221336666667),
double3(0.779585000000,0.220415000000,0.220016666667),
double3(0.786960000000,0.143480000000,0.227950000000),
double3(0.873800000000,0.126200000000,0.295833333333),
double3(0.547495000000,0.233060000000,0.211290000000),
double3(0.622005000000,0.244010000000,0.250426666667),
double3(0.574890000000,0.220300000000,0.236956666667),
double3(0.555305000000,0.228560000000,0.166666666667),
double3(0.500000000000,0.202890000000,0.221336666667),
double3(0.559170000000,0.279585000000,0.220016666667),
double3(0.643480000000,0.286960000000,0.227950000000),
double3(0.747600000000,0.373800000000,0.295833333333),
double3(0.814435000000,0.047495000000,0.211290000000),
double3(0.877995000000,0.122005000000,0.250426666667),
double3(0.854590000000,0.074890000000,0.236956666667),
double3(0.826745000000,0.055305000000,0.166666666667),
double3(0.797110000000,0.000000000000,0.221336666667),
double3(0.779585000000,0.059170000000,0.220016666667),
double3(0.856520000000,0.143480000000,0.227950000000),
double3(0.873800000000,0.247600000000,0.295833333333),
double3(0.814435000000,0.266940000000,0.211290000000),
double3(0.854590000000,0.279700000000,0.236956666667),
double3(0.547495000000,0.314435000000,0.211290000000),
double3(0.574890000000,0.354590000000,0.236956666667),
double3(0.733060000000,0.047495000000,0.211290000000),
double3(0.720300000000,0.074890000000,0.236956666667),
double3(0.685565000000,0.233060000000,0.211290000000),
double3(0.645410000000,0.220300000000,0.236956666667),
double3(0.952505000000,0.185565000000,0.211290000000),
double3(0.925110000000,0.145410000000,0.236956666667),
double3(0.766940000000,0.452505000000,0.211290000000),
double3(0.779700000000,0.425110000000,0.236956666667),
double3(0.733060000000,0.185565000000,0.122043333333),
double3(0.720300000000,0.145410000000,0.096376666667),
double3(0.547495000000,0.233060000000,0.122043333333),
double3(0.574890000000,0.220300000000,0.096376666667),
double3(0.814435000000,0.047495000000,0.122043333333),
double3(0.854590000000,0.074890000000,0.096376666667),
double3(0.766940000000,0.314435000000,0.122043333333),
double3(0.779700000000,0.354590000000,0.096376666667),
double3(0.952505000000,0.266940000000,0.122043333333),
double3(0.925110000000,0.279700000000,0.096376666667),
double3(0.685565000000,0.452505000000,0.122043333333),
double3(0.645410000000,0.425110000000,0.096376666667),
double3(0.685565000000,0.233060000000,0.455376666667),
double3(0.622005000000,0.244010000000,0.416240000000),
double3(0.640540000000,0.359460000000,0.333333333333),
double3(0.666665000000,0.333335000000,0.453990000000),
double3(0.645410000000,0.220300000000,0.429710000000),
double3(0.673255000000,0.228560000000,0.500000000000),
double3(0.702890000000,0.202890000000,0.445330000000),
double3(0.720415000000,0.279585000000,0.446650000000),
double3(0.643480000000,0.286960000000,0.438716666667),
double3(0.666665000000,0.333335000000,0.500000000000),
double3(0.689650000000,0.379300000000,0.333333333333),
double3(0.626200000000,0.373800000000,0.370833333333),
double3(0.952505000000,0.185565000000,0.455376666667),
double3(0.877995000000,0.122005000000,0.416240000000),
double3(0.781080000000,0.140540000000,0.333333333333),
double3(0.833330000000,0.166665000000,0.453990000000),
double3(0.925110000000,0.145410000000,0.429710000000),
double3(0.944695000000,0.173255000000,0.500000000000),
double3(0.500000000000,0.202890000000,0.445330000000),
double3(0.940830000000,0.220415000000,0.446650000000),
double3(0.856520000000,0.143480000000,0.438716666667),
double3(0.833330000000,0.166665000000,0.500000000000),
double3(0.810350000000,0.189650000000,0.333333333333),
double3(0.752400000000,0.126200000000,0.370833333333),
double3(0.766940000000,0.452505000000,0.455376666667),
double3(0.755990000000,0.377995000000,0.416240000000),
double3(0.640540000000,0.281080000000,0.333333333333),
double3(0.779700000000,0.425110000000,0.429710000000),
double3(0.771440000000,0.444695000000,0.500000000000),
double3(0.797110000000,0.000000000000,0.445330000000),
double3(0.720415000000,0.440830000000,0.446650000000),
double3(0.713040000000,0.356520000000,0.438716666667),
double3(0.620700000000,0.310350000000,0.333333333333),
double3(0.626200000000,0.252400000000,0.370833333333),
double3(0.814435000000,0.266940000000,0.455376666667),
double3(0.877995000000,0.255990000000,0.416240000000),
double3(0.859460000000,0.140540000000,0.333333333333),
double3(0.854590000000,0.279700000000,0.429710000000),
double3(0.826745000000,0.271440000000,0.500000000000),
double3(0.797110000000,0.297110000000,0.445330000000),
double3(0.779585000000,0.220415000000,0.446650000000),
double3(0.856520000000,0.213040000000,0.438716666667),
double3(0.810350000000,0.120700000000,0.333333333333),
double3(0.873800000000,0.126200000000,0.370833333333),
double3(0.547495000000,0.314435000000,0.455376666667),
double3(0.622005000000,0.377995000000,0.416240000000),
double3(0.718920000000,0.359460000000,0.333333333333),
double3(0.574890000000,0.354590000000,0.429710000000),
double3(0.555305000000,0.326745000000,0.500000000000),
double3(0.500000000000,0.297110000000,0.445330000000),
double3(0.559170000000,0.279585000000,0.446650000000),
double3(0.643480000000,0.356520000000,0.438716666667),
double3(0.689650000000,0.310350000000,0.333333333333),
double3(0.747600000000,0.373800000000,0.370833333333),
double3(0.733060000000,0.047495000000,0.455376666667),
double3(0.744010000000,0.122005000000,0.416240000000),
double3(0.859460000000,0.218920000000,0.333333333333),
double3(0.720300000000,0.074890000000,0.429710000000),
double3(0.728560000000,0.055305000000,0.500000000000),
double3(0.702890000000,0.000000000000,0.445330000000),
double3(0.779585000000,0.059170000000,0.446650000000),
double3(0.786960000000,0.143480000000,0.438716666667),
double3(0.879300000000,0.189650000000,0.333333333333),
double3(0.873800000000,0.247600000000,0.370833333333),
double3(0.766940000000,0.314435000000,0.544623333333),
double3(0.755990000000,0.377995000000,0.583760000000),
double3(0.666665000000,0.333335000000,0.546010000000),
double3(0.779700000000,0.354590000000,0.570290000000),
double3(0.771440000000,0.326745000000,0.500000000000),
double3(0.797110000000,0.297110000000,0.554670000000),
double3(0.720415000000,0.279585000000,0.553350000000),
double3(0.713040000000,0.356520000000,0.561283333333),
double3(0.626200000000,0.373800000000,0.629166666667),
double3(0.952505000000,0.266940000000,0.544623333333),
double3(0.877995000000,0.255990000000,0.583760000000),
double3(0.833330000000,0.166665000000,0.546010000000),
double3(0.925110000000,0.279700000000,0.570290000000),
double3(0.944695000000,0.271440000000,0.500000000000),
double3(0.500000000000,0.297110000000,0.554670000000),
double3(0.940830000000,0.220415000000,0.553350000000),
double3(0.856520000000,0.213040000000,0.561283333333),
double3(0.752400000000,0.126200000000,0.629166666667),
double3(0.685565000000,0.452505000000,0.544623333333),
double3(0.622005000000,0.377995000000,0.583760000000),
double3(0.645410000000,0.425110000000,0.570290000000),
double3(0.673255000000,0.444695000000,0.500000000000),
double3(0.702890000000,0.000000000000,0.554670000000),
double3(0.720415000000,0.440830000000,0.553350000000),
double3(0.643480000000,0.356520000000,0.561283333333),
double3(0.626200000000,0.252400000000,0.629166666667),
double3(0.733060000000,0.185565000000,0.544623333333),
double3(0.744010000000,0.122005000000,0.583760000000),
double3(0.720300000000,0.145410000000,0.570290000000),
double3(0.728560000000,0.173255000000,0.500000000000),
double3(0.702890000000,0.202890000000,0.554670000000),
double3(0.779585000000,0.220415000000,0.553350000000),
double3(0.786960000000,0.143480000000,0.561283333333),
double3(0.873800000000,0.126200000000,0.629166666667),
double3(0.547495000000,0.233060000000,0.544623333333),
double3(0.622005000000,0.244010000000,0.583760000000),
double3(0.574890000000,0.220300000000,0.570290000000),
double3(0.555305000000,0.228560000000,0.500000000000),
double3(0.500000000000,0.202890000000,0.554670000000),
double3(0.559170000000,0.279585000000,0.553350000000),
double3(0.643480000000,0.286960000000,0.561283333333),
double3(0.747600000000,0.373800000000,0.629166666667),
double3(0.814435000000,0.047495000000,0.544623333333),
double3(0.877995000000,0.122005000000,0.583760000000),
double3(0.854590000000,0.074890000000,0.570290000000),
double3(0.826745000000,0.055305000000,0.500000000000),
double3(0.797110000000,0.000000000000,0.554670000000),
double3(0.779585000000,0.059170000000,0.553350000000),
double3(0.856520000000,0.143480000000,0.561283333333),
double3(0.873800000000,0.247600000000,0.629166666667),
double3(0.814435000000,0.266940000000,0.544623333333),
double3(0.854590000000,0.279700000000,0.570290000000),
double3(0.547495000000,0.314435000000,0.544623333333),
double3(0.574890000000,0.354590000000,0.570290000000),
double3(0.733060000000,0.047495000000,0.544623333333),
double3(0.720300000000,0.074890000000,0.570290000000),
double3(0.685565000000,0.233060000000,0.544623333333),
double3(0.645410000000,0.220300000000,0.570290000000),
double3(0.952505000000,0.185565000000,0.544623333333),
double3(0.925110000000,0.145410000000,0.570290000000),
double3(0.766940000000,0.452505000000,0.544623333333),
double3(0.779700000000,0.425110000000,0.570290000000),
double3(0.733060000000,0.185565000000,0.455376666667),
double3(0.720300000000,0.145410000000,0.429710000000),
double3(0.547495000000,0.233060000000,0.455376666667),
double3(0.574890000000,0.220300000000,0.429710000000),
double3(0.814435000000,0.047495000000,0.455376666667),
double3(0.854590000000,0.074890000000,0.429710000000),
double3(0.766940000000,0.314435000000,0.455376666667),
double3(0.779700000000,0.354590000000,0.429710000000),
double3(0.952505000000,0.266940000000,0.455376666667),
double3(0.925110000000,0.279700000000,0.429710000000),
double3(0.685565000000,0.452505000000,0.455376666667),
double3(0.645410000000,0.425110000000,0.429710000000),
double3(0.685565000000,0.233060000000,0.788710000000),
double3(0.622005000000,0.244010000000,0.749573333333),
double3(0.640540000000,0.359460000000,0.666666666667),
double3(0.666665000000,0.333335000000,0.787323333333),
double3(0.645410000000,0.220300000000,0.763043333333),
double3(0.673255000000,0.228560000000,0.833333333333),
double3(0.702890000000,0.202890000000,0.778663333333),
double3(0.720415000000,0.279585000000,0.779983333333),
double3(0.643480000000,0.286960000000,0.772050000000),
double3(0.666665000000,0.333335000000,0.833333333333),
double3(0.689650000000,0.379300000000,0.666666666667),
double3(0.626200000000,0.373800000000,0.704166666667),
double3(0.952505000000,0.185565000000,0.788710000000),
double3(0.877995000000,0.122005000000,0.749573333333),
double3(0.781080000000,0.140540000000,0.666666666667),
double3(0.833330000000,0.166665000000,0.787323333333),
double3(0.925110000000,0.145410000000,0.763043333333),
double3(0.944695000000,0.173255000000,0.833333333333),
double3(0.500000000000,0.202890000000,0.778663333333),
double3(0.940830000000,0.220415000000,0.779983333333),
double3(0.856520000000,0.143480000000,0.772050000000),
double3(0.833330000000,0.166665000000,0.833333333333),
double3(0.810350000000,0.189650000000,0.666666666667),
double3(0.752400000000,0.126200000000,0.704166666667),
double3(0.766940000000,0.452505000000,0.788710000000),
double3(0.755990000000,0.377995000000,0.749573333333),
double3(0.640540000000,0.281080000000,0.666666666667),
double3(0.779700000000,0.425110000000,0.763043333333),
double3(0.771440000000,0.444695000000,0.833333333333),
double3(0.797110000000,0.000000000000,0.778663333333),
double3(0.720415000000,0.440830000000,0.779983333333),
double3(0.713040000000,0.356520000000,0.772050000000),
double3(0.620700000000,0.310350000000,0.666666666667),
double3(0.626200000000,0.252400000000,0.704166666667),
double3(0.814435000000,0.266940000000,0.788710000000),
double3(0.877995000000,0.255990000000,0.749573333333),
double3(0.859460000000,0.140540000000,0.666666666667),
double3(0.854590000000,0.279700000000,0.763043333333),
double3(0.826745000000,0.271440000000,0.833333333333),
double3(0.797110000000,0.297110000000,0.778663333333),
double3(0.779585000000,0.220415000000,0.779983333333),
double3(0.856520000000,0.213040000000,0.772050000000),
double3(0.810350000000,0.120700000000,0.666666666667),
double3(0.873800000000,0.126200000000,0.704166666667),
double3(0.547495000000,0.314435000000,0.788710000000),
double3(0.622005000000,0.377995000000,0.749573333333),
double3(0.718920000000,0.359460000000,0.666666666667),
double3(0.574890000000,0.354590000000,0.763043333333),
double3(0.555305000000,0.326745000000,0.833333333333),
double3(0.500000000000,0.297110000000,0.778663333333),
double3(0.559170000000,0.279585000000,0.779983333333),
double3(0.643480000000,0.356520000000,0.772050000000),
double3(0.689650000000,0.310350000000,0.666666666667),
double3(0.747600000000,0.373800000000,0.704166666667),
double3(0.733060000000,0.047495000000,0.788710000000),
double3(0.744010000000,0.122005000000,0.749573333333),
double3(0.859460000000,0.218920000000,0.666666666667),
double3(0.720300000000,0.074890000000,0.763043333333),
double3(0.728560000000,0.055305000000,0.833333333333),
double3(0.702890000000,0.000000000000,0.778663333333),
double3(0.779585000000,0.059170000000,0.779983333333),
double3(0.786960000000,0.143480000000,0.772050000000),
double3(0.879300000000,0.189650000000,0.666666666667),
double3(0.873800000000,0.247600000000,0.704166666667),
double3(0.766940000000,0.314435000000,0.877956666667),
double3(0.755990000000,0.377995000000,0.917093333333),
double3(0.666665000000,0.333335000000,0.879343333333),
double3(0.779700000000,0.354590000000,0.903623333333),
double3(0.771440000000,0.326745000000,0.833333333333),
double3(0.797110000000,0.297110000000,0.888003333333),
double3(0.720415000000,0.279585000000,0.886683333333),
double3(0.713040000000,0.356520000000,0.894616666667),
double3(0.626200000000,0.373800000000,0.962500000000),
double3(0.952505000000,0.266940000000,0.877956666667),
double3(0.877995000000,0.255990000000,0.917093333333),
double3(0.833330000000,0.166665000000,0.879343333333),
double3(0.925110000000,0.279700000000,0.903623333333),
double3(0.944695000000,0.271440000000,0.833333333333),
double3(0.500000000000,0.297110000000,0.888003333333),
double3(0.940830000000,0.220415000000,0.886683333333),
double3(0.856520000000,0.213040000000,0.894616666667),
double3(0.752400000000,0.126200000000,0.962500000000),
double3(0.685565000000,0.452505000000,0.877956666667),
double3(0.622005000000,0.377995000000,0.917093333333),
double3(0.645410000000,0.425110000000,0.903623333333),
double3(0.673255000000,0.444695000000,0.833333333333),
double3(0.702890000000,0.000000000000,0.888003333333),
double3(0.720415000000,0.440830000000,0.886683333333),
double3(0.643480000000,0.356520000000,0.894616666667),
double3(0.626200000000,0.252400000000,0.962500000000),
double3(0.733060000000,0.185565000000,0.877956666667),
double3(0.744010000000,0.122005000000,0.917093333333),
double3(0.720300000000,0.145410000000,0.903623333333),
double3(0.728560000000,0.173255000000,0.833333333333),
double3(0.702890000000,0.202890000000,0.888003333333),
double3(0.779585000000,0.220415000000,0.886683333333),
double3(0.786960000000,0.143480000000,0.894616666667),
double3(0.873800000000,0.126200000000,0.962500000000),
double3(0.547495000000,0.233060000000,0.877956666667),
double3(0.622005000000,0.244010000000,0.917093333333),
double3(0.574890000000,0.220300000000,0.903623333333),
double3(0.555305000000,0.228560000000,0.833333333333),
double3(0.500000000000,0.202890000000,0.888003333333),
double3(0.559170000000,0.279585000000,0.886683333333),
double3(0.643480000000,0.286960000000,0.894616666667),
double3(0.747600000000,0.373800000000,0.962500000000),
double3(0.814435000000,0.047495000000,0.877956666667),
double3(0.877995000000,0.122005000000,0.917093333333),
double3(0.854590000000,0.074890000000,0.903623333333),
double3(0.826745000000,0.055305000000,0.833333333333),
double3(0.797110000000,0.000000000000,0.888003333333),
double3(0.779585000000,0.059170000000,0.886683333333),
double3(0.856520000000,0.143480000000,0.894616666667),
double3(0.873800000000,0.247600000000,0.962500000000),
double3(0.814435000000,0.266940000000,0.877956666667),
double3(0.854590000000,0.279700000000,0.903623333333),
double3(0.547495000000,0.314435000000,0.877956666667),
double3(0.574890000000,0.354590000000,0.903623333333),
double3(0.733060000000,0.047495000000,0.877956666667),
double3(0.720300000000,0.074890000000,0.903623333333),
double3(0.685565000000,0.233060000000,0.877956666667),
double3(0.645410000000,0.220300000000,0.903623333333),
double3(0.952505000000,0.185565000000,0.877956666667),
double3(0.925110000000,0.145410000000,0.903623333333),
double3(0.766940000000,0.452505000000,0.877956666667),
double3(0.779700000000,0.425110000000,0.903623333333),
double3(0.733060000000,0.185565000000,0.788710000000),
double3(0.720300000000,0.145410000000,0.763043333333),
double3(0.547495000000,0.233060000000,0.788710000000),
double3(0.574890000000,0.220300000000,0.763043333333),
double3(0.814435000000,0.047495000000,0.788710000000),
double3(0.854590000000,0.074890000000,0.763043333333),
double3(0.766940000000,0.314435000000,0.788710000000),
double3(0.779700000000,0.354590000000,0.763043333333),
double3(0.952505000000,0.266940000000,0.788710000000),
double3(0.925110000000,0.279700000000,0.763043333333),
double3(0.685565000000,0.452505000000,0.788710000000),
double3(0.645410000000,0.425110000000,0.763043333333),
double3(0.685565000000,0.733060000000,0.122043333333),
double3(0.622005000000,0.744010000000,0.082906666667),
double3(0.640540000000,0.859460000000,0.000000000000),
double3(0.666665000000,0.833335000000,0.120656666667),
double3(0.645410000000,0.720300000000,0.096376666667),
double3(0.673255000000,0.728560000000,0.166666666667),
double3(0.702890000000,0.702890000000,0.111996666667),
double3(0.720415000000,0.779585000000,0.113316666667),
double3(0.643480000000,0.786960000000,0.105383333333),
double3(0.666665000000,0.833335000000,0.166666666667),
double3(0.689650000000,0.879300000000,0.000000000000),
double3(0.626200000000,0.873800000000,0.037500000000),
double3(0.952505000000,0.685565000000,0.122043333333),
double3(0.877995000000,0.622005000000,0.082906666667),
double3(0.781080000000,0.640540000000,0.000000000000),
double3(0.833330000000,0.666665000000,0.120656666667),
double3(0.925110000000,0.645410000000,0.096376666667),
double3(0.944695000000,0.673255000000,0.166666666667),
double3(0.500000000000,0.702890000000,0.111996666667),
double3(0.940830000000,0.720415000000,0.113316666667),
double3(0.856520000000,0.643480000000,0.105383333333),
double3(0.833330000000,0.666665000000,0.166666666667),
double3(0.810350000000,0.689650000000,0.000000000000),
double3(0.752400000000,0.626200000000,0.037500000000),
double3(0.766940000000,0.952505000000,0.122043333333),
double3(0.755990000000,0.877995000000,0.082906666667),
double3(0.640540000000,0.781080000000,0.000000000000),
double3(0.779700000000,0.925110000000,0.096376666667),
double3(0.771440000000,0.944695000000,0.166666666667),
double3(0.797110000000,0.500000000000,0.111996666667),
double3(0.720415000000,0.940830000000,0.113316666667),
double3(0.713040000000,0.856520000000,0.105383333333),
double3(0.620700000000,0.810350000000,0.000000000000),
double3(0.626200000000,0.752400000000,0.037500000000),
double3(0.814435000000,0.766940000000,0.122043333333),
double3(0.877995000000,0.755990000000,0.082906666667),
double3(0.859460000000,0.640540000000,0.000000000000),
double3(0.854590000000,0.779700000000,0.096376666667),
double3(0.826745000000,0.771440000000,0.166666666667),
double3(0.797110000000,0.797110000000,0.111996666667),
double3(0.779585000000,0.720415000000,0.113316666667),
double3(0.856520000000,0.713040000000,0.105383333333),
double3(0.810350000000,0.620700000000,0.000000000000),
double3(0.873800000000,0.626200000000,0.037500000000),
double3(0.547495000000,0.814435000000,0.122043333333),
double3(0.622005000000,0.877995000000,0.082906666667),
double3(0.718920000000,0.859460000000,0.000000000000),
double3(0.574890000000,0.854590000000,0.096376666667),
double3(0.555305000000,0.826745000000,0.166666666667),
double3(0.500000000000,0.797110000000,0.111996666667),
double3(0.559170000000,0.779585000000,0.113316666667),
double3(0.643480000000,0.856520000000,0.105383333333),
double3(0.689650000000,0.810350000000,0.000000000000),
double3(0.747600000000,0.873800000000,0.037500000000),
double3(0.733060000000,0.547495000000,0.122043333333),
double3(0.744010000000,0.622005000000,0.082906666667),
double3(0.859460000000,0.718920000000,0.000000000000),
double3(0.720300000000,0.574890000000,0.096376666667),
double3(0.728560000000,0.555305000000,0.166666666667),
double3(0.702890000000,0.500000000000,0.111996666667),
double3(0.779585000000,0.559170000000,0.113316666667),
double3(0.786960000000,0.643480000000,0.105383333333),
double3(0.879300000000,0.689650000000,0.000000000000),
double3(0.873800000000,0.747600000000,0.037500000000),
double3(0.766940000000,0.814435000000,0.211290000000),
double3(0.755990000000,0.877995000000,0.250426666667),
double3(0.666665000000,0.833335000000,0.212676666667),
double3(0.779700000000,0.854590000000,0.236956666667),
double3(0.771440000000,0.826745000000,0.166666666667),
double3(0.797110000000,0.797110000000,0.221336666667),
double3(0.720415000000,0.779585000000,0.220016666667),
double3(0.713040000000,0.856520000000,0.227950000000),
double3(0.626200000000,0.873800000000,0.295833333333),
double3(0.952505000000,0.766940000000,0.211290000000),
double3(0.877995000000,0.755990000000,0.250426666667),
double3(0.833330000000,0.666665000000,0.212676666667),
double3(0.925110000000,0.779700000000,0.236956666667),
double3(0.944695000000,0.771440000000,0.166666666667),
double3(0.500000000000,0.797110000000,0.221336666667),
double3(0.940830000000,0.720415000000,0.220016666667),
double3(0.856520000000,0.713040000000,0.227950000000),
double3(0.752400000000,0.626200000000,0.295833333333),
double3(0.685565000000,0.952505000000,0.211290000000),
double3(0.622005000000,0.877995000000,0.250426666667),
double3(0.645410000000,0.925110000000,0.236956666667),
double3(0.673255000000,0.944695000000,0.166666666667),
double3(0.702890000000,0.500000000000,0.221336666667),
double3(0.720415000000,0.940830000000,0.220016666667),
double3(0.643480000000,0.856520000000,0.227950000000),
double3(0.626200000000,0.752400000000,0.295833333333),
double3(0.733060000000,0.685565000000,0.211290000000),
double3(0.744010000000,0.622005000000,0.250426666667),
double3(0.720300000000,0.645410000000,0.236956666667),
double3(0.728560000000,0.673255000000,0.166666666667),
double3(0.702890000000,0.702890000000,0.221336666667),
double3(0.779585000000,0.720415000000,0.220016666667),
double3(0.786960000000,0.643480000000,0.227950000000),
double3(0.873800000000,0.626200000000,0.295833333333),
double3(0.547495000000,0.733060000000,0.211290000000),
double3(0.622005000000,0.744010000000,0.250426666667),
double3(0.574890000000,0.720300000000,0.236956666667),
double3(0.555305000000,0.728560000000,0.166666666667),
double3(0.500000000000,0.702890000000,0.221336666667),
double3(0.559170000000,0.779585000000,0.220016666667),
double3(0.643480000000,0.786960000000,0.227950000000),
double3(0.747600000000,0.873800000000,0.295833333333),
double3(0.814435000000,0.547495000000,0.211290000000),
double3(0.877995000000,0.622005000000,0.250426666667),
double3(0.854590000000,0.574890000000,0.236956666667),
double3(0.826745000000,0.555305000000,0.166666666667),
double3(0.797110000000,0.500000000000,0.221336666667),
double3(0.779585000000,0.559170000000,0.220016666667),
double3(0.856520000000,0.643480000000,0.227950000000),
double3(0.873800000000,0.747600000000,0.295833333333),
double3(0.814435000000,0.766940000000,0.211290000000),
double3(0.854590000000,0.779700000000,0.236956666667),
double3(0.547495000000,0.814435000000,0.211290000000),
double3(0.574890000000,0.854590000000,0.236956666667),
double3(0.733060000000,0.547495000000,0.211290000000),
double3(0.720300000000,0.574890000000,0.236956666667),
double3(0.685565000000,0.733060000000,0.211290000000),
double3(0.645410000000,0.720300000000,0.236956666667),
double3(0.952505000000,0.685565000000,0.211290000000),
double3(0.925110000000,0.645410000000,0.236956666667),
double3(0.766940000000,0.952505000000,0.211290000000),
double3(0.779700000000,0.925110000000,0.236956666667),
double3(0.733060000000,0.685565000000,0.122043333333),
double3(0.720300000000,0.645410000000,0.096376666667),
double3(0.547495000000,0.733060000000,0.122043333333),
double3(0.574890000000,0.720300000000,0.096376666667),
double3(0.814435000000,0.547495000000,0.122043333333),
double3(0.854590000000,0.574890000000,0.096376666667),
double3(0.766940000000,0.814435000000,0.122043333333),
double3(0.779700000000,0.854590000000,0.096376666667),
double3(0.952505000000,0.766940000000,0.122043333333),
double3(0.925110000000,0.779700000000,0.096376666667),
double3(0.685565000000,0.952505000000,0.122043333333),
double3(0.645410000000,0.925110000000,0.096376666667),
double3(0.685565000000,0.733060000000,0.455376666667),
double3(0.622005000000,0.744010000000,0.416240000000),
double3(0.640540000000,0.859460000000,0.333333333333),
double3(0.666665000000,0.833335000000,0.453990000000),
double3(0.645410000000,0.720300000000,0.429710000000),
double3(0.673255000000,0.728560000000,0.500000000000),
double3(0.702890000000,0.702890000000,0.445330000000),
double3(0.720415000000,0.779585000000,0.446650000000),
double3(0.643480000000,0.786960000000,0.438716666667),
double3(0.666665000000,0.833335000000,0.500000000000),
double3(0.689650000000,0.879300000000,0.333333333333),
double3(0.626200000000,0.873800000000,0.370833333333),
double3(0.952505000000,0.685565000000,0.455376666667),
double3(0.877995000000,0.622005000000,0.416240000000),
double3(0.781080000000,0.640540000000,0.333333333333),
double3(0.833330000000,0.666665000000,0.453990000000),
double3(0.925110000000,0.645410000000,0.429710000000),
double3(0.944695000000,0.673255000000,0.500000000000),
double3(0.500000000000,0.702890000000,0.445330000000),
double3(0.940830000000,0.720415000000,0.446650000000),
double3(0.856520000000,0.643480000000,0.438716666667),
double3(0.833330000000,0.666665000000,0.500000000000),
double3(0.810350000000,0.689650000000,0.333333333333),
double3(0.752400000000,0.626200000000,0.370833333333),
double3(0.766940000000,0.952505000000,0.455376666667),
double3(0.755990000000,0.877995000000,0.416240000000),
double3(0.640540000000,0.781080000000,0.333333333333),
double3(0.779700000000,0.925110000000,0.429710000000),
double3(0.771440000000,0.944695000000,0.500000000000),
double3(0.797110000000,0.500000000000,0.445330000000),
double3(0.720415000000,0.940830000000,0.446650000000),
double3(0.713040000000,0.856520000000,0.438716666667),
double3(0.620700000000,0.810350000000,0.333333333333),
double3(0.626200000000,0.752400000000,0.370833333333),
double3(0.814435000000,0.766940000000,0.455376666667),
double3(0.877995000000,0.755990000000,0.416240000000),
double3(0.859460000000,0.640540000000,0.333333333333),
double3(0.854590000000,0.779700000000,0.429710000000),
double3(0.826745000000,0.771440000000,0.500000000000),
double3(0.797110000000,0.797110000000,0.445330000000),
double3(0.779585000000,0.720415000000,0.446650000000),
double3(0.856520000000,0.713040000000,0.438716666667),
double3(0.810350000000,0.620700000000,0.333333333333),
double3(0.873800000000,0.626200000000,0.370833333333),
double3(0.547495000000,0.814435000000,0.455376666667),
double3(0.622005000000,0.877995000000,0.416240000000),
double3(0.718920000000,0.859460000000,0.333333333333),
double3(0.574890000000,0.854590000000,0.429710000000),
double3(0.555305000000,0.826745000000,0.500000000000),
double3(0.500000000000,0.797110000000,0.445330000000),
double3(0.559170000000,0.779585000000,0.446650000000),
double3(0.643480000000,0.856520000000,0.438716666667),
double3(0.689650000000,0.810350000000,0.333333333333),
double3(0.747600000000,0.873800000000,0.370833333333),
double3(0.733060000000,0.547495000000,0.455376666667),
double3(0.744010000000,0.622005000000,0.416240000000),
double3(0.859460000000,0.718920000000,0.333333333333),
double3(0.720300000000,0.574890000000,0.429710000000),
double3(0.728560000000,0.555305000000,0.500000000000),
double3(0.702890000000,0.500000000000,0.445330000000),
double3(0.779585000000,0.559170000000,0.446650000000),
double3(0.786960000000,0.643480000000,0.438716666667),
double3(0.879300000000,0.689650000000,0.333333333333),
double3(0.873800000000,0.747600000000,0.370833333333),
double3(0.766940000000,0.814435000000,0.544623333333),
double3(0.755990000000,0.877995000000,0.583760000000),
double3(0.666665000000,0.833335000000,0.546010000000),
double3(0.779700000000,0.854590000000,0.570290000000),
double3(0.771440000000,0.826745000000,0.500000000000),
double3(0.797110000000,0.797110000000,0.554670000000),
double3(0.720415000000,0.779585000000,0.553350000000),
double3(0.713040000000,0.856520000000,0.561283333333),
double3(0.626200000000,0.873800000000,0.629166666667),
double3(0.952505000000,0.766940000000,0.544623333333),
double3(0.877995000000,0.755990000000,0.583760000000),
double3(0.833330000000,0.666665000000,0.546010000000),
double3(0.925110000000,0.779700000000,0.570290000000),
double3(0.944695000000,0.771440000000,0.500000000000),
double3(0.500000000000,0.797110000000,0.554670000000),
double3(0.940830000000,0.720415000000,0.553350000000),
double3(0.856520000000,0.713040000000,0.561283333333),
double3(0.752400000000,0.626200000000,0.629166666667),
double3(0.685565000000,0.952505000000,0.544623333333),
double3(0.622005000000,0.877995000000,0.583760000000),
double3(0.645410000000,0.925110000000,0.570290000000),
double3(0.673255000000,0.944695000000,0.500000000000),
double3(0.702890000000,0.500000000000,0.554670000000),
double3(0.720415000000,0.940830000000,0.553350000000),
double3(0.643480000000,0.856520000000,0.561283333333),
double3(0.626200000000,0.752400000000,0.629166666667),
double3(0.733060000000,0.685565000000,0.544623333333),
double3(0.744010000000,0.622005000000,0.583760000000),
double3(0.720300000000,0.645410000000,0.570290000000),
double3(0.728560000000,0.673255000000,0.500000000000),
double3(0.702890000000,0.702890000000,0.554670000000),
double3(0.779585000000,0.720415000000,0.553350000000),
double3(0.786960000000,0.643480000000,0.561283333333),
double3(0.873800000000,0.626200000000,0.629166666667),
double3(0.547495000000,0.733060000000,0.544623333333),
double3(0.622005000000,0.744010000000,0.583760000000),
double3(0.574890000000,0.720300000000,0.570290000000),
double3(0.555305000000,0.728560000000,0.500000000000),
double3(0.500000000000,0.702890000000,0.554670000000),
double3(0.559170000000,0.779585000000,0.553350000000),
double3(0.643480000000,0.786960000000,0.561283333333),
double3(0.747600000000,0.873800000000,0.629166666667),
double3(0.814435000000,0.547495000000,0.544623333333),
double3(0.877995000000,0.622005000000,0.583760000000),
double3(0.854590000000,0.574890000000,0.570290000000),
double3(0.826745000000,0.555305000000,0.500000000000),
double3(0.797110000000,0.500000000000,0.554670000000),
double3(0.779585000000,0.559170000000,0.553350000000),
double3(0.856520000000,0.643480000000,0.561283333333),
double3(0.873800000000,0.747600000000,0.629166666667),
double3(0.814435000000,0.766940000000,0.544623333333),
double3(0.854590000000,0.779700000000,0.570290000000),
double3(0.547495000000,0.814435000000,0.544623333333),
double3(0.574890000000,0.854590000000,0.570290000000),
double3(0.733060000000,0.547495000000,0.544623333333),
double3(0.720300000000,0.574890000000,0.570290000000),
double3(0.685565000000,0.733060000000,0.544623333333),
double3(0.645410000000,0.720300000000,0.570290000000),
double3(0.952505000000,0.685565000000,0.544623333333),
double3(0.925110000000,0.645410000000,0.570290000000),
double3(0.766940000000,0.952505000000,0.544623333333),
double3(0.779700000000,0.925110000000,0.570290000000),
double3(0.733060000000,0.685565000000,0.455376666667),
double3(0.720300000000,0.645410000000,0.429710000000),
double3(0.547495000000,0.733060000000,0.455376666667),
double3(0.574890000000,0.720300000000,0.429710000000),
double3(0.814435000000,0.547495000000,0.455376666667),
double3(0.854590000000,0.574890000000,0.429710000000),
double3(0.766940000000,0.814435000000,0.455376666667),
double3(0.779700000000,0.854590000000,0.429710000000),
double3(0.952505000000,0.766940000000,0.455376666667),
double3(0.925110000000,0.779700000000,0.429710000000),
double3(0.685565000000,0.952505000000,0.455376666667),
double3(0.645410000000,0.925110000000,0.429710000000),
double3(0.685565000000,0.733060000000,0.788710000000),
double3(0.622005000000,0.744010000000,0.749573333333),
double3(0.640540000000,0.859460000000,0.666666666667),
double3(0.666665000000,0.833335000000,0.787323333333),
double3(0.645410000000,0.720300000000,0.763043333333),
double3(0.673255000000,0.728560000000,0.833333333333),
double3(0.702890000000,0.702890000000,0.778663333333),
double3(0.720415000000,0.779585000000,0.779983333333),
double3(0.643480000000,0.786960000000,0.772050000000),
double3(0.666665000000,0.833335000000,0.833333333333),
double3(0.689650000000,0.879300000000,0.666666666667),
double3(0.626200000000,0.873800000000,0.704166666667),
double3(0.952505000000,0.685565000000,0.788710000000),
double3(0.877995000000,0.622005000000,0.749573333333),
double3(0.781080000000,0.640540000000,0.666666666667),
double3(0.833330000000,0.666665000000,0.787323333333),
double3(0.925110000000,0.645410000000,0.763043333333),
double3(0.944695000000,0.673255000000,0.833333333333),
double3(0.500000000000,0.702890000000,0.778663333333),
double3(0.940830000000,0.720415000000,0.779983333333),
double3(0.856520000000,0.643480000000,0.772050000000),
double3(0.833330000000,0.666665000000,0.833333333333),
double3(0.810350000000,0.689650000000,0.666666666667),
double3(0.752400000000,0.626200000000,0.704166666667),
double3(0.766940000000,0.952505000000,0.788710000000),
double3(0.755990000000,0.877995000000,0.749573333333),
double3(0.640540000000,0.781080000000,0.666666666667),
double3(0.779700000000,0.925110000000,0.763043333333),
double3(0.771440000000,0.944695000000,0.833333333333),
double3(0.797110000000,0.500000000000,0.778663333333),
double3(0.720415000000,0.940830000000,0.779983333333),
double3(0.713040000000,0.856520000000,0.772050000000),
double3(0.620700000000,0.810350000000,0.666666666667),
double3(0.626200000000,0.752400000000,0.704166666667),
double3(0.814435000000,0.766940000000,0.788710000000),
double3(0.877995000000,0.755990000000,0.749573333333),
double3(0.859460000000,0.640540000000,0.666666666667),
double3(0.854590000000,0.779700000000,0.763043333333),
double3(0.826745000000,0.771440000000,0.833333333333),
double3(0.797110000000,0.797110000000,0.778663333333),
double3(0.779585000000,0.720415000000,0.779983333333),
double3(0.856520000000,0.713040000000,0.772050000000),
double3(0.810350000000,0.620700000000,0.666666666667),
double3(0.873800000000,0.626200000000,0.704166666667),
double3(0.547495000000,0.814435000000,0.788710000000),
double3(0.622005000000,0.877995000000,0.749573333333),
double3(0.718920000000,0.859460000000,0.666666666667),
double3(0.574890000000,0.854590000000,0.763043333333),
double3(0.555305000000,0.826745000000,0.833333333333),
double3(0.500000000000,0.797110000000,0.778663333333),
double3(0.559170000000,0.779585000000,0.779983333333),
double3(0.643480000000,0.856520000000,0.772050000000),
double3(0.689650000000,0.810350000000,0.666666666667),
double3(0.747600000000,0.873800000000,0.704166666667),
double3(0.733060000000,0.547495000000,0.788710000000),
double3(0.744010000000,0.622005000000,0.749573333333),
double3(0.859460000000,0.718920000000,0.666666666667),
double3(0.720300000000,0.574890000000,0.763043333333),
double3(0.728560000000,0.555305000000,0.833333333333),
double3(0.702890000000,0.500000000000,0.778663333333),
double3(0.779585000000,0.559170000000,0.779983333333),
double3(0.786960000000,0.643480000000,0.772050000000),
double3(0.879300000000,0.689650000000,0.666666666667),
double3(0.873800000000,0.747600000000,0.704166666667),
double3(0.766940000000,0.814435000000,0.877956666667),
double3(0.755990000000,0.877995000000,0.917093333333),
double3(0.666665000000,0.833335000000,0.879343333333),
double3(0.779700000000,0.854590000000,0.903623333333),
double3(0.771440000000,0.826745000000,0.833333333333),
double3(0.797110000000,0.797110000000,0.888003333333),
double3(0.720415000000,0.779585000000,0.886683333333),
double3(0.713040000000,0.856520000000,0.894616666667),
double3(0.626200000000,0.873800000000,0.962500000000),
double3(0.952505000000,0.766940000000,0.877956666667),
double3(0.877995000000,0.755990000000,0.917093333333),
double3(0.833330000000,0.666665000000,0.879343333333),
double3(0.925110000000,0.779700000000,0.903623333333),
double3(0.944695000000,0.771440000000,0.833333333333),
double3(0.500000000000,0.797110000000,0.888003333333),
double3(0.940830000000,0.720415000000,0.886683333333),
double3(0.856520000000,0.713040000000,0.894616666667),
double3(0.752400000000,0.626200000000,0.962500000000),
double3(0.685565000000,0.952505000000,0.877956666667),
double3(0.622005000000,0.877995000000,0.917093333333),
double3(0.645410000000,0.925110000000,0.903623333333),
double3(0.673255000000,0.944695000000,0.833333333333),
double3(0.702890000000,0.500000000000,0.888003333333),
double3(0.720415000000,0.940830000000,0.886683333333),
double3(0.643480000000,0.856520000000,0.894616666667),
double3(0.626200000000,0.752400000000,0.962500000000),
double3(0.733060000000,0.685565000000,0.877956666667),
double3(0.744010000000,0.622005000000,0.917093333333),
double3(0.720300000000,0.645410000000,0.903623333333),
double3(0.728560000000,0.673255000000,0.833333333333),
double3(0.702890000000,0.702890000000,0.888003333333),
double3(0.779585000000,0.720415000000,0.886683333333),
double3(0.786960000000,0.643480000000,0.894616666667),
double3(0.873800000000,0.626200000000,0.962500000000),
double3(0.547495000000,0.733060000000,0.877956666667),
double3(0.622005000000,0.744010000000,0.917093333333),
double3(0.574890000000,0.720300000000,0.903623333333),
double3(0.555305000000,0.728560000000,0.833333333333),
double3(0.500000000000,0.702890000000,0.888003333333),
double3(0.559170000000,0.779585000000,0.886683333333),
double3(0.643480000000,0.786960000000,0.894616666667),
double3(0.747600000000,0.873800000000,0.962500000000),
double3(0.814435000000,0.547495000000,0.877956666667),
double3(0.877995000000,0.622005000000,0.917093333333),
double3(0.854590000000,0.574890000000,0.903623333333),
double3(0.826745000000,0.555305000000,0.833333333333),
double3(0.797110000000,0.500000000000,0.888003333333),
double3(0.779585000000,0.559170000000,0.886683333333),
double3(0.856520000000,0.643480000000,0.894616666667),
double3(0.873800000000,0.747600000000,0.962500000000),
double3(0.814435000000,0.766940000000,0.877956666667),
double3(0.854590000000,0.779700000000,0.903623333333),
double3(0.547495000000,0.814435000000,0.877956666667),
double3(0.574890000000,0.854590000000,0.903623333333),
double3(0.733060000000,0.547495000000,0.877956666667),
double3(0.720300000000,0.574890000000,0.903623333333),
double3(0.685565000000,0.733060000000,0.877956666667),
double3(0.645410000000,0.720300000000,0.903623333333),
double3(0.952505000000,0.685565000000,0.877956666667),
double3(0.925110000000,0.645410000000,0.903623333333),
double3(0.766940000000,0.952505000000,0.877956666667),
double3(0.779700000000,0.925110000000,0.903623333333),
double3(0.733060000000,0.685565000000,0.788710000000),
double3(0.720300000000,0.645410000000,0.763043333333),
double3(0.547495000000,0.733060000000,0.788710000000),
double3(0.574890000000,0.720300000000,0.763043333333),
double3(0.814435000000,0.547495000000,0.788710000000),
double3(0.854590000000,0.574890000000,0.763043333333),
double3(0.766940000000,0.814435000000,0.788710000000),
double3(0.779700000000,0.854590000000,0.763043333333),
double3(0.952505000000,0.766940000000,0.788710000000),
double3(0.925110000000,0.779700000000,0.763043333333),
double3(0.685565000000,0.952505000000,0.788710000000),
double3(0.645410000000,0.925110000000,0.763043333333),
