 # Derivative distribution function -dV(r)/dr (or -dV(d)/dd) vs d
  0.1250000      0.0000000E+00
  0.3750000      0.0000000E+00
  0.6250000      0.0000000E+00
  0.8750000      0.0000000E+00
   1.125000      0.0000000E+00
   1.375000      0.0000000E+00
   1.625000      0.0000000E+00
   1.875000      0.0000000E+00
   2.125000      0.0000000E+00
   2.375000      0.0000000E+00
   2.625000      0.0000000E+00
   2.875000      2.4938583E-04
   3.125000      8.7292194E-03
   3.375000      2.6686549E-02
   3.625000      3.5914660E-02
   3.875000      0.1264497    
   4.125000      0.2424242    
   4.375000      0.1755830    
   4.625000      0.1271980    
   4.875000      0.1464024    
   5.125000      0.1366754    
   5.375000      0.4940765    
   5.625000      0.4334705    
   5.875000      2.5938392E-02
   6.125000      1.8206835E-02
   6.375000      1.7708004E-02
   6.625000      1.9952595E-02
   6.875000      1.9453764E-02
   7.125000      2.6686609E-02
   7.375000      3.9406419E-02
   7.625000      0.4591595    
   7.875000      0.4541714    
   8.125000      2.9928923E-02
   8.375000      2.3693740E-02
   8.625000      1.9952625E-02
   8.875000      0.4501808    
   9.125000      0.4417010    
   9.375000      0.0000000E+00
   9.625000      0.0000000E+00
   9.875000      0.0000000E+00
   10.12500      0.0000000E+00
   10.37500      0.0000000E+00
   10.62500      0.0000000E+00
   10.87500      0.0000000E+00
   11.12500      0.0000000E+00
   11.37500      0.0000000E+00
   11.62500      0.0000000E+00
   11.87500      0.0000000E+00
   12.12500      0.0000000E+00
   12.37500      0.0000000E+00
   12.62500      0.0000000E+00
   12.87500      0.0000000E+00
   13.12500      0.0000000E+00
   13.37500      0.0000000E+00
   13.62500      0.0000000E+00
   13.87500      0.0000000E+00
   14.12500      0.0000000E+00
   14.37500      0.0000000E+00
   14.62500      0.0000000E+00
   14.87500      0.0000000E+00
   15.12500      0.0000000E+00
   15.37500      0.0000000E+00
   15.62500      0.0000000E+00
   15.87500      0.0000000E+00
   16.12500      0.0000000E+00
   16.37500      0.0000000E+00
   16.62500      0.0000000E+00
   16.87500      0.0000000E+00
   17.12500      0.0000000E+00
   17.37500      0.0000000E+00
   17.62500      0.0000000E+00
   17.87500      0.0000000E+00
   18.12500      0.0000000E+00
   18.37500      0.0000000E+00
   18.62500      0.0000000E+00
   18.87500      0.0000000E+00
   19.12500      0.0000000E+00
   19.37500      0.0000000E+00
