[double3(18.574000000000,0.000000000000,0.000000000000),double3(0.000000000000,7.542000000000,0.000000000000),double3(-3.364203819772,0.000000000000,9.816530021297)]

double3(0.069100000000,0.043575000000,0.258833333333),
double3(0.125000000000,0.062500000000,0.000000000000),
double3(0.137050000000,0.062300000000,0.254733333333),
double3(0.095250000000,0.125000000000,0.273466666667),
double3(0.083100000000,0.125000000000,0.115500000000),
double3(0.125000000000,0.062500000000,0.166666666667),
double3(0.057150000000,0.043550000000,0.110000000000),
double3(0.004800000000,0.000000000000,0.225900000000),
double3(0.054550000000,0.000000000000,0.182000000000),
double3(0.106650000000,0.073375000000,0.280133333333),
double3(0.094700000000,0.073450000000,0.117766666667),
double3(0.049350000000,0.000000000000,0.231333333333),
double3(0.040950000000,0.000000000000,0.127366666667),
double3(0.430900000000,0.043575000000,0.074500000000),
double3(0.375000000000,0.062500000000,0.000000000000),
double3(0.362950000000,0.062300000000,0.078600000000),
double3(0.404750000000,0.125000000000,0.059866666667),
double3(0.416900000000,0.125000000000,0.217833333333),
double3(0.375000000000,0.062500000000,0.166666666667),
double3(0.442850000000,0.043550000000,0.223333333333),
double3(0.495200000000,0.000000000000,0.107433333333),
double3(0.445450000000,0.000000000000,0.151333333333),
double3(0.393350000000,0.073375000000,0.053200000000),
double3(0.405300000000,0.073450000000,0.215566666667),
double3(0.450650000000,0.000000000000,0.102000000000),
double3(0.459050000000,0.000000000000,0.205966666667),
double3(0.430900000000,0.206425000000,0.074500000000),
double3(0.375000000000,0.187500000000,0.000000000000),
double3(0.362950000000,0.187700000000,0.078600000000),
double3(0.375000000000,0.187500000000,0.166666666667),
double3(0.442850000000,0.206450000000,0.223333333333),
double3(0.393350000000,0.176625000000,0.053200000000),
double3(0.405300000000,0.176550000000,0.215566666667),
double3(0.069100000000,0.206425000000,0.258833333333),
double3(0.125000000000,0.187500000000,0.000000000000),
double3(0.137050000000,0.187700000000,0.254733333333),
double3(0.125000000000,0.187500000000,0.166666666667),
double3(0.057150000000,0.206450000000,0.110000000000),
double3(0.106650000000,0.176625000000,0.280133333333),
double3(0.094700000000,0.176550000000,0.117766666667),
double3(0.319100000000,0.168575000000,0.258833333333),
double3(0.387050000000,0.187300000000,0.254733333333),
double3(0.345250000000,0.000000000000,0.273466666667),
double3(0.333100000000,0.000000000000,0.115500000000),
double3(0.307150000000,0.168550000000,0.110000000000),
double3(0.254800000000,0.125000000000,0.225900000000),
double3(0.304550000000,0.125000000000,0.182000000000),
double3(0.356650000000,0.198375000000,0.280133333333),
double3(0.344700000000,0.198450000000,0.117766666667),
double3(0.299350000000,0.125000000000,0.231333333333),
double3(0.290950000000,0.125000000000,0.127366666667),
double3(0.180900000000,0.168575000000,0.074500000000),
double3(0.112950000000,0.187300000000,0.078600000000),
double3(0.154750000000,0.000000000000,0.059866666667),
double3(0.166900000000,0.000000000000,0.217833333333),
double3(0.192850000000,0.168550000000,0.223333333333),
double3(0.245200000000,0.125000000000,0.107433333333),
double3(0.195450000000,0.125000000000,0.151333333333),
double3(0.143350000000,0.198375000000,0.053200000000),
double3(0.155300000000,0.198450000000,0.215566666667),
double3(0.200650000000,0.125000000000,0.102000000000),
double3(0.209050000000,0.125000000000,0.205966666667),
double3(0.180900000000,0.081425000000,0.074500000000),
double3(0.112950000000,0.062700000000,0.078600000000),
double3(0.192850000000,0.081450000000,0.223333333333),
double3(0.143350000000,0.051625000000,0.053200000000),
double3(0.155300000000,0.051550000000,0.215566666667),
double3(0.319100000000,0.081425000000,0.258833333333),
double3(0.387050000000,0.062700000000,0.254733333333),
double3(0.307150000000,0.081450000000,0.110000000000),
double3(0.356650000000,0.051625000000,0.280133333333),
double3(0.344700000000,0.051550000000,0.117766666667),
double3(0.069100000000,0.043575000000,0.592166666667),
double3(0.125000000000,0.062500000000,0.333333333333),
double3(0.137050000000,0.062300000000,0.588066666667),
double3(0.095250000000,0.125000000000,0.606800000000),
double3(0.083100000000,0.125000000000,0.448833333333),
double3(0.125000000000,0.062500000000,0.500000000000),
double3(0.057150000000,0.043550000000,0.443333333333),
double3(0.004800000000,0.000000000000,0.559233333333),
double3(0.054550000000,0.000000000000,0.515333333333),
double3(0.106650000000,0.073375000000,0.613466666667),
double3(0.094700000000,0.073450000000,0.451100000000),
double3(0.049350000000,0.000000000000,0.564666666667),
double3(0.040950000000,0.000000000000,0.460700000000),
double3(0.430900000000,0.043575000000,0.407833333333),
double3(0.375000000000,0.062500000000,0.333333333333),
double3(0.362950000000,0.062300000000,0.411933333333),
double3(0.404750000000,0.125000000000,0.393200000000),
double3(0.416900000000,0.125000000000,0.551166666667),
double3(0.375000000000,0.062500000000,0.500000000000),
double3(0.442850000000,0.043550000000,0.556666666667),
double3(0.495200000000,0.000000000000,0.440766666667),
double3(0.445450000000,0.000000000000,0.484666666667),
double3(0.393350000000,0.073375000000,0.386533333333),
double3(0.405300000000,0.073450000000,0.548900000000),
double3(0.450650000000,0.000000000000,0.435333333333),
double3(0.459050000000,0.000000000000,0.539300000000),
double3(0.430900000000,0.206425000000,0.407833333333),
double3(0.375000000000,0.187500000000,0.333333333333),
double3(0.362950000000,0.187700000000,0.411933333333),
double3(0.375000000000,0.187500000000,0.500000000000),
double3(0.442850000000,0.206450000000,0.556666666667),
double3(0.393350000000,0.176625000000,0.386533333333),
double3(0.405300000000,0.176550000000,0.548900000000),
double3(0.069100000000,0.206425000000,0.592166666667),
double3(0.125000000000,0.187500000000,0.333333333333),
double3(0.137050000000,0.187700000000,0.588066666667),
double3(0.125000000000,0.187500000000,0.500000000000),
double3(0.057150000000,0.206450000000,0.443333333333),
double3(0.106650000000,0.176625000000,0.613466666667),
double3(0.094700000000,0.176550000000,0.451100000000),
double3(0.319100000000,0.168575000000,0.592166666667),
double3(0.387050000000,0.187300000000,0.588066666667),
double3(0.345250000000,0.000000000000,0.606800000000),
double3(0.333100000000,0.000000000000,0.448833333333),
double3(0.307150000000,0.168550000000,0.443333333333),
double3(0.254800000000,0.125000000000,0.559233333333),
double3(0.304550000000,0.125000000000,0.515333333333),
double3(0.356650000000,0.198375000000,0.613466666667),
double3(0.344700000000,0.198450000000,0.451100000000),
double3(0.299350000000,0.125000000000,0.564666666667),
double3(0.290950000000,0.125000000000,0.460700000000),
double3(0.180900000000,0.168575000000,0.407833333333),
double3(0.112950000000,0.187300000000,0.411933333333),
double3(0.154750000000,0.000000000000,0.393200000000),
double3(0.166900000000,0.000000000000,0.551166666667),
double3(0.192850000000,0.168550000000,0.556666666667),
double3(0.245200000000,0.125000000000,0.440766666667),
double3(0.195450000000,0.125000000000,0.484666666667),
double3(0.143350000000,0.198375000000,0.386533333333),
double3(0.155300000000,0.198450000000,0.548900000000),
double3(0.200650000000,0.125000000000,0.435333333333),
double3(0.209050000000,0.125000000000,0.539300000000),
double3(0.180900000000,0.081425000000,0.407833333333),
double3(0.112950000000,0.062700000000,0.411933333333),
double3(0.192850000000,0.081450000000,0.556666666667),
double3(0.143350000000,0.051625000000,0.386533333333),
double3(0.155300000000,0.051550000000,0.548900000000),
double3(0.319100000000,0.081425000000,0.592166666667),
double3(0.387050000000,0.062700000000,0.588066666667),
double3(0.307150000000,0.081450000000,0.443333333333),
double3(0.356650000000,0.051625000000,0.613466666667),
double3(0.344700000000,0.051550000000,0.451100000000),
double3(0.069100000000,0.043575000000,0.925500000000),
double3(0.125000000000,0.062500000000,0.666666666667),
double3(0.137050000000,0.062300000000,0.921400000000),
double3(0.095250000000,0.125000000000,0.940133333333),
double3(0.083100000000,0.125000000000,0.782166666667),
double3(0.125000000000,0.062500000000,0.833333333333),
double3(0.057150000000,0.043550000000,0.776666666667),
double3(0.004800000000,0.000000000000,0.892566666667),
double3(0.054550000000,0.000000000000,0.848666666667),
double3(0.106650000000,0.073375000000,0.946800000000),
double3(0.094700000000,0.073450000000,0.784433333333),
double3(0.049350000000,0.000000000000,0.898000000000),
double3(0.040950000000,0.000000000000,0.794033333333),
double3(0.430900000000,0.043575000000,0.741166666667),
double3(0.375000000000,0.062500000000,0.666666666667),
double3(0.362950000000,0.062300000000,0.745266666667),
double3(0.404750000000,0.125000000000,0.726533333333),
double3(0.416900000000,0.125000000000,0.884500000000),
double3(0.375000000000,0.062500000000,0.833333333333),
double3(0.442850000000,0.043550000000,0.890000000000),
double3(0.495200000000,0.000000000000,0.774100000000),
double3(0.445450000000,0.000000000000,0.818000000000),
double3(0.393350000000,0.073375000000,0.719866666667),
double3(0.405300000000,0.073450000000,0.882233333333),
double3(0.450650000000,0.000000000000,0.768666666667),
double3(0.459050000000,0.000000000000,0.872633333333),
double3(0.430900000000,0.206425000000,0.741166666667),
double3(0.375000000000,0.187500000000,0.666666666667),
double3(0.362950000000,0.187700000000,0.745266666667),
double3(0.375000000000,0.187500000000,0.833333333333),
double3(0.442850000000,0.206450000000,0.890000000000),
double3(0.393350000000,0.176625000000,0.719866666667),
double3(0.405300000000,0.176550000000,0.882233333333),
double3(0.069100000000,0.206425000000,0.925500000000),
double3(0.125000000000,0.187500000000,0.666666666667),
double3(0.137050000000,0.187700000000,0.921400000000),
double3(0.125000000000,0.187500000000,0.833333333333),
double3(0.057150000000,0.206450000000,0.776666666667),
double3(0.106650000000,0.176625000000,0.946800000000),
double3(0.094700000000,0.176550000000,0.784433333333),
double3(0.319100000000,0.168575000000,0.925500000000),
double3(0.387050000000,0.187300000000,0.921400000000),
double3(0.345250000000,0.000000000000,0.940133333333),
double3(0.333100000000,0.000000000000,0.782166666667),
double3(0.307150000000,0.168550000000,0.776666666667),
double3(0.254800000000,0.125000000000,0.892566666667),
double3(0.304550000000,0.125000000000,0.848666666667),
double3(0.356650000000,0.198375000000,0.946800000000),
double3(0.344700000000,0.198450000000,0.784433333333),
double3(0.299350000000,0.125000000000,0.898000000000),
double3(0.290950000000,0.125000000000,0.794033333333),
double3(0.180900000000,0.168575000000,0.741166666667),
double3(0.112950000000,0.187300000000,0.745266666667),
double3(0.154750000000,0.000000000000,0.726533333333),
double3(0.166900000000,0.000000000000,0.884500000000),
double3(0.192850000000,0.168550000000,0.890000000000),
double3(0.245200000000,0.125000000000,0.774100000000),
double3(0.195450000000,0.125000000000,0.818000000000),
double3(0.143350000000,0.198375000000,0.719866666667),
double3(0.155300000000,0.198450000000,0.882233333333),
double3(0.200650000000,0.125000000000,0.768666666667),
double3(0.209050000000,0.125000000000,0.872633333333),
double3(0.180900000000,0.081425000000,0.741166666667),
double3(0.112950000000,0.062700000000,0.745266666667),
double3(0.192850000000,0.081450000000,0.890000000000),
double3(0.143350000000,0.051625000000,0.719866666667),
double3(0.155300000000,0.051550000000,0.882233333333),
double3(0.319100000000,0.081425000000,0.925500000000),
double3(0.387050000000,0.062700000000,0.921400000000),
double3(0.307150000000,0.081450000000,0.776666666667),
double3(0.356650000000,0.051625000000,0.946800000000),
double3(0.344700000000,0.051550000000,0.784433333333),
double3(0.069100000000,0.293575000000,0.258833333333),
double3(0.125000000000,0.312500000000,0.000000000000),
double3(0.137050000000,0.312300000000,0.254733333333),
double3(0.095250000000,0.375000000000,0.273466666667),
double3(0.083100000000,0.375000000000,0.115500000000),
double3(0.125000000000,0.312500000000,0.166666666667),
double3(0.057150000000,0.293550000000,0.110000000000),
double3(0.004800000000,0.250000000000,0.225900000000),
double3(0.054550000000,0.250000000000,0.182000000000),
double3(0.106650000000,0.323375000000,0.280133333333),
double3(0.094700000000,0.323450000000,0.117766666667),
double3(0.049350000000,0.250000000000,0.231333333333),
double3(0.040950000000,0.250000000000,0.127366666667),
double3(0.430900000000,0.293575000000,0.074500000000),
double3(0.375000000000,0.312500000000,0.000000000000),
double3(0.362950000000,0.312300000000,0.078600000000),
double3(0.404750000000,0.375000000000,0.059866666667),
double3(0.416900000000,0.375000000000,0.217833333333),
double3(0.375000000000,0.312500000000,0.166666666667),
double3(0.442850000000,0.293550000000,0.223333333333),
double3(0.495200000000,0.250000000000,0.107433333333),
double3(0.445450000000,0.250000000000,0.151333333333),
double3(0.393350000000,0.323375000000,0.053200000000),
double3(0.405300000000,0.323450000000,0.215566666667),
double3(0.450650000000,0.250000000000,0.102000000000),
double3(0.459050000000,0.250000000000,0.205966666667),
double3(0.430900000000,0.456425000000,0.074500000000),
double3(0.375000000000,0.437500000000,0.000000000000),
double3(0.362950000000,0.437700000000,0.078600000000),
double3(0.375000000000,0.437500000000,0.166666666667),
double3(0.442850000000,0.456450000000,0.223333333333),
double3(0.393350000000,0.426625000000,0.053200000000),
double3(0.405300000000,0.426550000000,0.215566666667),
double3(0.069100000000,0.456425000000,0.258833333333),
double3(0.125000000000,0.437500000000,0.000000000000),
double3(0.137050000000,0.437700000000,0.254733333333),
double3(0.125000000000,0.437500000000,0.166666666667),
double3(0.057150000000,0.456450000000,0.110000000000),
double3(0.106650000000,0.426625000000,0.280133333333),
double3(0.094700000000,0.426550000000,0.117766666667),
double3(0.319100000000,0.418575000000,0.258833333333),
double3(0.387050000000,0.437300000000,0.254733333333),
double3(0.345250000000,0.250000000000,0.273466666667),
double3(0.333100000000,0.250000000000,0.115500000000),
double3(0.307150000000,0.418550000000,0.110000000000),
double3(0.254800000000,0.375000000000,0.225900000000),
double3(0.304550000000,0.375000000000,0.182000000000),
double3(0.356650000000,0.448375000000,0.280133333333),
double3(0.344700000000,0.448450000000,0.117766666667),
double3(0.299350000000,0.375000000000,0.231333333333),
double3(0.290950000000,0.375000000000,0.127366666667),
double3(0.180900000000,0.418575000000,0.074500000000),
double3(0.112950000000,0.437300000000,0.078600000000),
double3(0.154750000000,0.250000000000,0.059866666667),
double3(0.166900000000,0.250000000000,0.217833333333),
double3(0.192850000000,0.418550000000,0.223333333333),
double3(0.245200000000,0.375000000000,0.107433333333),
double3(0.195450000000,0.375000000000,0.151333333333),
double3(0.143350000000,0.448375000000,0.053200000000),
double3(0.155300000000,0.448450000000,0.215566666667),
double3(0.200650000000,0.375000000000,0.102000000000),
double3(0.209050000000,0.375000000000,0.205966666667),
double3(0.180900000000,0.331425000000,0.074500000000),
double3(0.112950000000,0.312700000000,0.078600000000),
double3(0.192850000000,0.331450000000,0.223333333333),
double3(0.143350000000,0.301625000000,0.053200000000),
double3(0.155300000000,0.301550000000,0.215566666667),
double3(0.319100000000,0.331425000000,0.258833333333),
double3(0.387050000000,0.312700000000,0.254733333333),
double3(0.307150000000,0.331450000000,0.110000000000),
double3(0.356650000000,0.301625000000,0.280133333333),
double3(0.344700000000,0.301550000000,0.117766666667),
double3(0.069100000000,0.293575000000,0.592166666667),
double3(0.125000000000,0.312500000000,0.333333333333),
double3(0.137050000000,0.312300000000,0.588066666667),
double3(0.095250000000,0.375000000000,0.606800000000),
double3(0.083100000000,0.375000000000,0.448833333333),
double3(0.125000000000,0.312500000000,0.500000000000),
double3(0.057150000000,0.293550000000,0.443333333333),
double3(0.004800000000,0.250000000000,0.559233333333),
double3(0.054550000000,0.250000000000,0.515333333333),
double3(0.106650000000,0.323375000000,0.613466666667),
double3(0.094700000000,0.323450000000,0.451100000000),
double3(0.049350000000,0.250000000000,0.564666666667),
double3(0.040950000000,0.250000000000,0.460700000000),
double3(0.430900000000,0.293575000000,0.407833333333),
double3(0.375000000000,0.312500000000,0.333333333333),
double3(0.362950000000,0.312300000000,0.411933333333),
double3(0.404750000000,0.375000000000,0.393200000000),
double3(0.416900000000,0.375000000000,0.551166666667),
double3(0.375000000000,0.312500000000,0.500000000000),
double3(0.442850000000,0.293550000000,0.556666666667),
double3(0.495200000000,0.250000000000,0.440766666667),
double3(0.445450000000,0.250000000000,0.484666666667),
double3(0.393350000000,0.323375000000,0.386533333333),
double3(0.405300000000,0.323450000000,0.548900000000),
double3(0.450650000000,0.250000000000,0.435333333333),
double3(0.459050000000,0.250000000000,0.539300000000),
double3(0.430900000000,0.456425000000,0.407833333333),
double3(0.375000000000,0.437500000000,0.333333333333),
double3(0.362950000000,0.437700000000,0.411933333333),
double3(0.375000000000,0.437500000000,0.500000000000),
double3(0.442850000000,0.456450000000,0.556666666667),
double3(0.393350000000,0.426625000000,0.386533333333),
double3(0.405300000000,0.426550000000,0.548900000000),
double3(0.069100000000,0.456425000000,0.592166666667),
double3(0.125000000000,0.437500000000,0.333333333333),
double3(0.137050000000,0.437700000000,0.588066666667),
double3(0.125000000000,0.437500000000,0.500000000000),
double3(0.057150000000,0.456450000000,0.443333333333),
double3(0.106650000000,0.426625000000,0.613466666667),
double3(0.094700000000,0.426550000000,0.451100000000),
double3(0.319100000000,0.418575000000,0.592166666667),
double3(0.387050000000,0.437300000000,0.588066666667),
double3(0.345250000000,0.250000000000,0.606800000000),
double3(0.333100000000,0.250000000000,0.448833333333),
double3(0.307150000000,0.418550000000,0.443333333333),
double3(0.254800000000,0.375000000000,0.559233333333),
double3(0.304550000000,0.375000000000,0.515333333333),
double3(0.356650000000,0.448375000000,0.613466666667),
double3(0.344700000000,0.448450000000,0.451100000000),
double3(0.299350000000,0.375000000000,0.564666666667),
double3(0.290950000000,0.375000000000,0.460700000000),
double3(0.180900000000,0.418575000000,0.407833333333),
double3(0.112950000000,0.437300000000,0.411933333333),
double3(0.154750000000,0.250000000000,0.393200000000),
double3(0.166900000000,0.250000000000,0.551166666667),
double3(0.192850000000,0.418550000000,0.556666666667),
double3(0.245200000000,0.375000000000,0.440766666667),
double3(0.195450000000,0.375000000000,0.484666666667),
double3(0.143350000000,0.448375000000,0.386533333333),
double3(0.155300000000,0.448450000000,0.548900000000),
double3(0.200650000000,0.375000000000,0.435333333333),
double3(0.209050000000,0.375000000000,0.539300000000),
double3(0.180900000000,0.331425000000,0.407833333333),
double3(0.112950000000,0.312700000000,0.411933333333),
double3(0.192850000000,0.331450000000,0.556666666667),
double3(0.143350000000,0.301625000000,0.386533333333),
double3(0.155300000000,0.301550000000,0.548900000000),
double3(0.319100000000,0.331425000000,0.592166666667),
double3(0.387050000000,0.312700000000,0.588066666667),
double3(0.307150000000,0.331450000000,0.443333333333),
double3(0.356650000000,0.301625000000,0.613466666667),
double3(0.344700000000,0.301550000000,0.451100000000),
double3(0.069100000000,0.293575000000,0.925500000000),
double3(0.125000000000,0.312500000000,0.666666666667),
double3(0.137050000000,0.312300000000,0.921400000000),
double3(0.095250000000,0.375000000000,0.940133333333),
double3(0.083100000000,0.375000000000,0.782166666667),
double3(0.125000000000,0.312500000000,0.833333333333),
double3(0.057150000000,0.293550000000,0.776666666667),
double3(0.004800000000,0.250000000000,0.892566666667),
double3(0.054550000000,0.250000000000,0.848666666667),
double3(0.106650000000,0.323375000000,0.946800000000),
double3(0.094700000000,0.323450000000,0.784433333333),
double3(0.049350000000,0.250000000000,0.898000000000),
double3(0.040950000000,0.250000000000,0.794033333333),
double3(0.430900000000,0.293575000000,0.741166666667),
double3(0.375000000000,0.312500000000,0.666666666667),
double3(0.362950000000,0.312300000000,0.745266666667),
double3(0.404750000000,0.375000000000,0.726533333333),
double3(0.416900000000,0.375000000000,0.884500000000),
double3(0.375000000000,0.312500000000,0.833333333333),
double3(0.442850000000,0.293550000000,0.890000000000),
double3(0.495200000000,0.250000000000,0.774100000000),
double3(0.445450000000,0.250000000000,0.818000000000),
double3(0.393350000000,0.323375000000,0.719866666667),
double3(0.405300000000,0.323450000000,0.882233333333),
double3(0.450650000000,0.250000000000,0.768666666667),
double3(0.459050000000,0.250000000000,0.872633333333),
double3(0.430900000000,0.456425000000,0.741166666667),
double3(0.375000000000,0.437500000000,0.666666666667),
double3(0.362950000000,0.437700000000,0.745266666667),
double3(0.375000000000,0.437500000000,0.833333333333),
double3(0.442850000000,0.456450000000,0.890000000000),
double3(0.393350000000,0.426625000000,0.719866666667),
double3(0.405300000000,0.426550000000,0.882233333333),
double3(0.069100000000,0.456425000000,0.925500000000),
double3(0.125000000000,0.437500000000,0.666666666667),
double3(0.137050000000,0.437700000000,0.921400000000),
double3(0.125000000000,0.437500000000,0.833333333333),
double3(0.057150000000,0.456450000000,0.776666666667),
double3(0.106650000000,0.426625000000,0.946800000000),
double3(0.094700000000,0.426550000000,0.784433333333),
double3(0.319100000000,0.418575000000,0.925500000000),
double3(0.387050000000,0.437300000000,0.921400000000),
double3(0.345250000000,0.250000000000,0.940133333333),
double3(0.333100000000,0.250000000000,0.782166666667),
double3(0.307150000000,0.418550000000,0.776666666667),
double3(0.254800000000,0.375000000000,0.892566666667),
double3(0.304550000000,0.375000000000,0.848666666667),
double3(0.356650000000,0.448375000000,0.946800000000),
double3(0.344700000000,0.448450000000,0.784433333333),
double3(0.299350000000,0.375000000000,0.898000000000),
double3(0.290950000000,0.375000000000,0.794033333333),
double3(0.180900000000,0.418575000000,0.741166666667),
double3(0.112950000000,0.437300000000,0.745266666667),
double3(0.154750000000,0.250000000000,0.726533333333),
double3(0.166900000000,0.250000000000,0.884500000000),
double3(0.192850000000,0.418550000000,0.890000000000),
double3(0.245200000000,0.375000000000,0.774100000000),
double3(0.195450000000,0.375000000000,0.818000000000),
double3(0.143350000000,0.448375000000,0.719866666667),
double3(0.155300000000,0.448450000000,0.882233333333),
double3(0.200650000000,0.375000000000,0.768666666667),
double3(0.209050000000,0.375000000000,0.872633333333),
double3(0.180900000000,0.331425000000,0.741166666667),
double3(0.112950000000,0.312700000000,0.745266666667),
double3(0.192850000000,0.331450000000,0.890000000000),
double3(0.143350000000,0.301625000000,0.719866666667),
double3(0.155300000000,0.301550000000,0.882233333333),
double3(0.319100000000,0.331425000000,0.925500000000),
double3(0.387050000000,0.312700000000,0.921400000000),
double3(0.307150000000,0.331450000000,0.776666666667),
double3(0.356650000000,0.301625000000,0.946800000000),
double3(0.344700000000,0.301550000000,0.784433333333),
double3(0.069100000000,0.543575000000,0.258833333333),
double3(0.125000000000,0.562500000000,0.000000000000),
double3(0.137050000000,0.562300000000,0.254733333333),
double3(0.095250000000,0.625000000000,0.273466666667),
double3(0.083100000000,0.625000000000,0.115500000000),
double3(0.125000000000,0.562500000000,0.166666666667),
double3(0.057150000000,0.543550000000,0.110000000000),
double3(0.004800000000,0.500000000000,0.225900000000),
double3(0.054550000000,0.500000000000,0.182000000000),
double3(0.106650000000,0.573375000000,0.280133333333),
double3(0.094700000000,0.573450000000,0.117766666667),
double3(0.049350000000,0.500000000000,0.231333333333),
double3(0.040950000000,0.500000000000,0.127366666667),
double3(0.430900000000,0.543575000000,0.074500000000),
double3(0.375000000000,0.562500000000,0.000000000000),
double3(0.362950000000,0.562300000000,0.078600000000),
double3(0.404750000000,0.625000000000,0.059866666667),
double3(0.416900000000,0.625000000000,0.217833333333),
double3(0.375000000000,0.562500000000,0.166666666667),
double3(0.442850000000,0.543550000000,0.223333333333),
double3(0.495200000000,0.500000000000,0.107433333333),
double3(0.445450000000,0.500000000000,0.151333333333),
double3(0.393350000000,0.573375000000,0.053200000000),
double3(0.405300000000,0.573450000000,0.215566666667),
double3(0.450650000000,0.500000000000,0.102000000000),
double3(0.459050000000,0.500000000000,0.205966666667),
double3(0.430900000000,0.706425000000,0.074500000000),
double3(0.375000000000,0.687500000000,0.000000000000),
double3(0.362950000000,0.687700000000,0.078600000000),
double3(0.375000000000,0.687500000000,0.166666666667),
double3(0.442850000000,0.706450000000,0.223333333333),
double3(0.393350000000,0.676625000000,0.053200000000),
double3(0.405300000000,0.676550000000,0.215566666667),
double3(0.069100000000,0.706425000000,0.258833333333),
double3(0.125000000000,0.687500000000,0.000000000000),
double3(0.137050000000,0.687700000000,0.254733333333),
double3(0.125000000000,0.687500000000,0.166666666667),
double3(0.057150000000,0.706450000000,0.110000000000),
double3(0.106650000000,0.676625000000,0.280133333333),
double3(0.094700000000,0.676550000000,0.117766666667),
double3(0.319100000000,0.668575000000,0.258833333333),
double3(0.387050000000,0.687300000000,0.254733333333),
double3(0.345250000000,0.500000000000,0.273466666667),
double3(0.333100000000,0.500000000000,0.115500000000),
double3(0.307150000000,0.668550000000,0.110000000000),
double3(0.254800000000,0.625000000000,0.225900000000),
double3(0.304550000000,0.625000000000,0.182000000000),
double3(0.356650000000,0.698375000000,0.280133333333),
double3(0.344700000000,0.698450000000,0.117766666667),
double3(0.299350000000,0.625000000000,0.231333333333),
double3(0.290950000000,0.625000000000,0.127366666667),
double3(0.180900000000,0.668575000000,0.074500000000),
double3(0.112950000000,0.687300000000,0.078600000000),
double3(0.154750000000,0.500000000000,0.059866666667),
double3(0.166900000000,0.500000000000,0.217833333333),
double3(0.192850000000,0.668550000000,0.223333333333),
double3(0.245200000000,0.625000000000,0.107433333333),
double3(0.195450000000,0.625000000000,0.151333333333),
double3(0.143350000000,0.698375000000,0.053200000000),
double3(0.155300000000,0.698450000000,0.215566666667),
double3(0.200650000000,0.625000000000,0.102000000000),
double3(0.209050000000,0.625000000000,0.205966666667),
double3(0.180900000000,0.581425000000,0.074500000000),
double3(0.112950000000,0.562700000000,0.078600000000),
double3(0.192850000000,0.581450000000,0.223333333333),
double3(0.143350000000,0.551625000000,0.053200000000),
double3(0.155300000000,0.551550000000,0.215566666667),
double3(0.319100000000,0.581425000000,0.258833333333),
double3(0.387050000000,0.562700000000,0.254733333333),
double3(0.307150000000,0.581450000000,0.110000000000),
double3(0.356650000000,0.551625000000,0.280133333333),
double3(0.344700000000,0.551550000000,0.117766666667),
double3(0.069100000000,0.543575000000,0.592166666667),
double3(0.125000000000,0.562500000000,0.333333333333),
double3(0.137050000000,0.562300000000,0.588066666667),
double3(0.095250000000,0.625000000000,0.606800000000),
double3(0.083100000000,0.625000000000,0.448833333333),
double3(0.125000000000,0.562500000000,0.500000000000),
double3(0.057150000000,0.543550000000,0.443333333333),
double3(0.004800000000,0.500000000000,0.559233333333),
double3(0.054550000000,0.500000000000,0.515333333333),
double3(0.106650000000,0.573375000000,0.613466666667),
double3(0.094700000000,0.573450000000,0.451100000000),
double3(0.049350000000,0.500000000000,0.564666666667),
double3(0.040950000000,0.500000000000,0.460700000000),
double3(0.430900000000,0.543575000000,0.407833333333),
double3(0.375000000000,0.562500000000,0.333333333333),
double3(0.362950000000,0.562300000000,0.411933333333),
double3(0.404750000000,0.625000000000,0.393200000000),
double3(0.416900000000,0.625000000000,0.551166666667),
double3(0.375000000000,0.562500000000,0.500000000000),
double3(0.442850000000,0.543550000000,0.556666666667),
double3(0.495200000000,0.500000000000,0.440766666667),
double3(0.445450000000,0.500000000000,0.484666666667),
double3(0.393350000000,0.573375000000,0.386533333333),
double3(0.405300000000,0.573450000000,0.548900000000),
double3(0.450650000000,0.500000000000,0.435333333333),
double3(0.459050000000,0.500000000000,0.539300000000),
double3(0.430900000000,0.706425000000,0.407833333333),
double3(0.375000000000,0.687500000000,0.333333333333),
double3(0.362950000000,0.687700000000,0.411933333333),
double3(0.375000000000,0.687500000000,0.500000000000),
double3(0.442850000000,0.706450000000,0.556666666667),
double3(0.393350000000,0.676625000000,0.386533333333),
double3(0.405300000000,0.676550000000,0.548900000000),
double3(0.069100000000,0.706425000000,0.592166666667),
double3(0.125000000000,0.687500000000,0.333333333333),
double3(0.137050000000,0.687700000000,0.588066666667),
double3(0.125000000000,0.687500000000,0.500000000000),
double3(0.057150000000,0.706450000000,0.443333333333),
double3(0.106650000000,0.676625000000,0.613466666667),
double3(0.094700000000,0.676550000000,0.451100000000),
double3(0.319100000000,0.668575000000,0.592166666667),
double3(0.387050000000,0.687300000000,0.588066666667),
double3(0.345250000000,0.500000000000,0.606800000000),
double3(0.333100000000,0.500000000000,0.448833333333),
double3(0.307150000000,0.668550000000,0.443333333333),
double3(0.254800000000,0.625000000000,0.559233333333),
double3(0.304550000000,0.625000000000,0.515333333333),
double3(0.356650000000,0.698375000000,0.613466666667),
double3(0.344700000000,0.698450000000,0.451100000000),
double3(0.299350000000,0.625000000000,0.564666666667),
double3(0.290950000000,0.625000000000,0.460700000000),
double3(0.180900000000,0.668575000000,0.407833333333),
double3(0.112950000000,0.687300000000,0.411933333333),
double3(0.154750000000,0.500000000000,0.393200000000),
double3(0.166900000000,0.500000000000,0.551166666667),
double3(0.192850000000,0.668550000000,0.556666666667),
double3(0.245200000000,0.625000000000,0.440766666667),
double3(0.195450000000,0.625000000000,0.484666666667),
double3(0.143350000000,0.698375000000,0.386533333333),
double3(0.155300000000,0.698450000000,0.548900000000),
double3(0.200650000000,0.625000000000,0.435333333333),
double3(0.209050000000,0.625000000000,0.539300000000),
double3(0.180900000000,0.581425000000,0.407833333333),
double3(0.112950000000,0.562700000000,0.411933333333),
double3(0.192850000000,0.581450000000,0.556666666667),
double3(0.143350000000,0.551625000000,0.386533333333),
double3(0.155300000000,0.551550000000,0.548900000000),
double3(0.319100000000,0.581425000000,0.592166666667),
double3(0.387050000000,0.562700000000,0.588066666667),
double3(0.307150000000,0.581450000000,0.443333333333),
double3(0.356650000000,0.551625000000,0.613466666667),
double3(0.344700000000,0.551550000000,0.451100000000),
double3(0.069100000000,0.543575000000,0.925500000000),
double3(0.125000000000,0.562500000000,0.666666666667),
double3(0.137050000000,0.562300000000,0.921400000000),
double3(0.095250000000,0.625000000000,0.940133333333),
double3(0.083100000000,0.625000000000,0.782166666667),
double3(0.125000000000,0.562500000000,0.833333333333),
double3(0.057150000000,0.543550000000,0.776666666667),
double3(0.004800000000,0.500000000000,0.892566666667),
double3(0.054550000000,0.500000000000,0.848666666667),
double3(0.106650000000,0.573375000000,0.946800000000),
double3(0.094700000000,0.573450000000,0.784433333333),
double3(0.049350000000,0.500000000000,0.898000000000),
double3(0.040950000000,0.500000000000,0.794033333333),
double3(0.430900000000,0.543575000000,0.741166666667),
double3(0.375000000000,0.562500000000,0.666666666667),
double3(0.362950000000,0.562300000000,0.745266666667),
double3(0.404750000000,0.625000000000,0.726533333333),
double3(0.416900000000,0.625000000000,0.884500000000),
double3(0.375000000000,0.562500000000,0.833333333333),
double3(0.442850000000,0.543550000000,0.890000000000),
double3(0.495200000000,0.500000000000,0.774100000000),
double3(0.445450000000,0.500000000000,0.818000000000),
double3(0.393350000000,0.573375000000,0.719866666667),
double3(0.405300000000,0.573450000000,0.882233333333),
double3(0.450650000000,0.500000000000,0.768666666667),
double3(0.459050000000,0.500000000000,0.872633333333),
double3(0.430900000000,0.706425000000,0.741166666667),
double3(0.375000000000,0.687500000000,0.666666666667),
double3(0.362950000000,0.687700000000,0.745266666667),
double3(0.375000000000,0.687500000000,0.833333333333),
double3(0.442850000000,0.706450000000,0.890000000000),
double3(0.393350000000,0.676625000000,0.719866666667),
double3(0.405300000000,0.676550000000,0.882233333333),
double3(0.069100000000,0.706425000000,0.925500000000),
double3(0.125000000000,0.687500000000,0.666666666667),
double3(0.137050000000,0.687700000000,0.921400000000),
double3(0.125000000000,0.687500000000,0.833333333333),
double3(0.057150000000,0.706450000000,0.776666666667),
double3(0.106650000000,0.676625000000,0.946800000000),
double3(0.094700000000,0.676550000000,0.784433333333),
double3(0.319100000000,0.668575000000,0.925500000000),
double3(0.387050000000,0.687300000000,0.921400000000),
double3(0.345250000000,0.500000000000,0.940133333333),
double3(0.333100000000,0.500000000000,0.782166666667),
double3(0.307150000000,0.668550000000,0.776666666667),
double3(0.254800000000,0.625000000000,0.892566666667),
double3(0.304550000000,0.625000000000,0.848666666667),
double3(0.356650000000,0.698375000000,0.946800000000),
double3(0.344700000000,0.698450000000,0.784433333333),
double3(0.299350000000,0.625000000000,0.898000000000),
double3(0.290950000000,0.625000000000,0.794033333333),
double3(0.180900000000,0.668575000000,0.741166666667),
double3(0.112950000000,0.687300000000,0.745266666667),
double3(0.154750000000,0.500000000000,0.726533333333),
double3(0.166900000000,0.500000000000,0.884500000000),
double3(0.192850000000,0.668550000000,0.890000000000),
double3(0.245200000000,0.625000000000,0.774100000000),
double3(0.195450000000,0.625000000000,0.818000000000),
double3(0.143350000000,0.698375000000,0.719866666667),
double3(0.155300000000,0.698450000000,0.882233333333),
double3(0.200650000000,0.625000000000,0.768666666667),
double3(0.209050000000,0.625000000000,0.872633333333),
double3(0.180900000000,0.581425000000,0.741166666667),
double3(0.112950000000,0.562700000000,0.745266666667),
double3(0.192850000000,0.581450000000,0.890000000000),
double3(0.143350000000,0.551625000000,0.719866666667),
double3(0.155300000000,0.551550000000,0.882233333333),
double3(0.319100000000,0.581425000000,0.925500000000),
double3(0.387050000000,0.562700000000,0.921400000000),
double3(0.307150000000,0.581450000000,0.776666666667),
double3(0.356650000000,0.551625000000,0.946800000000),
double3(0.344700000000,0.551550000000,0.784433333333),
double3(0.069100000000,0.793575000000,0.258833333333),
double3(0.125000000000,0.812500000000,0.000000000000),
double3(0.137050000000,0.812300000000,0.254733333333),
double3(0.095250000000,0.875000000000,0.273466666667),
double3(0.083100000000,0.875000000000,0.115500000000),
double3(0.125000000000,0.812500000000,0.166666666667),
double3(0.057150000000,0.793550000000,0.110000000000),
double3(0.004800000000,0.750000000000,0.225900000000),
double3(0.054550000000,0.750000000000,0.182000000000),
double3(0.106650000000,0.823375000000,0.280133333333),
double3(0.094700000000,0.823450000000,0.117766666667),
double3(0.049350000000,0.750000000000,0.231333333333),
double3(0.040950000000,0.750000000000,0.127366666667),
double3(0.430900000000,0.793575000000,0.074500000000),
double3(0.375000000000,0.812500000000,0.000000000000),
double3(0.362950000000,0.812300000000,0.078600000000),
double3(0.404750000000,0.875000000000,0.059866666667),
double3(0.416900000000,0.875000000000,0.217833333333),
double3(0.375000000000,0.812500000000,0.166666666667),
double3(0.442850000000,0.793550000000,0.223333333333),
double3(0.495200000000,0.750000000000,0.107433333333),
double3(0.445450000000,0.750000000000,0.151333333333),
double3(0.393350000000,0.823375000000,0.053200000000),
double3(0.405300000000,0.823450000000,0.215566666667),
double3(0.450650000000,0.750000000000,0.102000000000),
double3(0.459050000000,0.750000000000,0.205966666667),
double3(0.430900000000,0.956425000000,0.074500000000),
double3(0.375000000000,0.937500000000,0.000000000000),
double3(0.362950000000,0.937700000000,0.078600000000),
double3(0.375000000000,0.937500000000,0.166666666667),
double3(0.442850000000,0.956450000000,0.223333333333),
double3(0.393350000000,0.926625000000,0.053200000000),
double3(0.405300000000,0.926550000000,0.215566666667),
double3(0.069100000000,0.956425000000,0.258833333333),
double3(0.125000000000,0.937500000000,0.000000000000),
double3(0.137050000000,0.937700000000,0.254733333333),
double3(0.125000000000,0.937500000000,0.166666666667),
double3(0.057150000000,0.956450000000,0.110000000000),
double3(0.106650000000,0.926625000000,0.280133333333),
double3(0.094700000000,0.926550000000,0.117766666667),
double3(0.319100000000,0.918575000000,0.258833333333),
double3(0.387050000000,0.937300000000,0.254733333333),
double3(0.345250000000,0.750000000000,0.273466666667),
double3(0.333100000000,0.750000000000,0.115500000000),
double3(0.307150000000,0.918550000000,0.110000000000),
double3(0.254800000000,0.875000000000,0.225900000000),
double3(0.304550000000,0.875000000000,0.182000000000),
double3(0.356650000000,0.948375000000,0.280133333333),
double3(0.344700000000,0.948450000000,0.117766666667),
double3(0.299350000000,0.875000000000,0.231333333333),
double3(0.290950000000,0.875000000000,0.127366666667),
double3(0.180900000000,0.918575000000,0.074500000000),
double3(0.112950000000,0.937300000000,0.078600000000),
double3(0.154750000000,0.750000000000,0.059866666667),
double3(0.166900000000,0.750000000000,0.217833333333),
double3(0.192850000000,0.918550000000,0.223333333333),
double3(0.245200000000,0.875000000000,0.107433333333),
double3(0.195450000000,0.875000000000,0.151333333333),
double3(0.143350000000,0.948375000000,0.053200000000),
double3(0.155300000000,0.948450000000,0.215566666667),
double3(0.200650000000,0.875000000000,0.102000000000),
double3(0.209050000000,0.875000000000,0.205966666667),
double3(0.180900000000,0.831425000000,0.074500000000),
double3(0.112950000000,0.812700000000,0.078600000000),
double3(0.192850000000,0.831450000000,0.223333333333),
double3(0.143350000000,0.801625000000,0.053200000000),
double3(0.155300000000,0.801550000000,0.215566666667),
double3(0.319100000000,0.831425000000,0.258833333333),
double3(0.387050000000,0.812700000000,0.254733333333),
double3(0.307150000000,0.831450000000,0.110000000000),
double3(0.356650000000,0.801625000000,0.280133333333),
double3(0.344700000000,0.801550000000,0.117766666667),
double3(0.069100000000,0.793575000000,0.592166666667),
double3(0.125000000000,0.812500000000,0.333333333333),
double3(0.137050000000,0.812300000000,0.588066666667),
double3(0.095250000000,0.875000000000,0.606800000000),
double3(0.083100000000,0.875000000000,0.448833333333),
double3(0.125000000000,0.812500000000,0.500000000000),
double3(0.057150000000,0.793550000000,0.443333333333),
double3(0.004800000000,0.750000000000,0.559233333333),
double3(0.054550000000,0.750000000000,0.515333333333),
double3(0.106650000000,0.823375000000,0.613466666667),
double3(0.094700000000,0.823450000000,0.451100000000),
double3(0.049350000000,0.750000000000,0.564666666667),
double3(0.040950000000,0.750000000000,0.460700000000),
double3(0.430900000000,0.793575000000,0.407833333333),
double3(0.375000000000,0.812500000000,0.333333333333),
double3(0.362950000000,0.812300000000,0.411933333333),
double3(0.404750000000,0.875000000000,0.393200000000),
double3(0.416900000000,0.875000000000,0.551166666667),
double3(0.375000000000,0.812500000000,0.500000000000),
double3(0.442850000000,0.793550000000,0.556666666667),
double3(0.495200000000,0.750000000000,0.440766666667),
double3(0.445450000000,0.750000000000,0.484666666667),
double3(0.393350000000,0.823375000000,0.386533333333),
double3(0.405300000000,0.823450000000,0.548900000000),
double3(0.450650000000,0.750000000000,0.435333333333),
double3(0.459050000000,0.750000000000,0.539300000000),
double3(0.430900000000,0.956425000000,0.407833333333),
double3(0.375000000000,0.937500000000,0.333333333333),
double3(0.362950000000,0.937700000000,0.411933333333),
double3(0.375000000000,0.937500000000,0.500000000000),
double3(0.442850000000,0.956450000000,0.556666666667),
double3(0.393350000000,0.926625000000,0.386533333333),
double3(0.405300000000,0.926550000000,0.548900000000),
double3(0.069100000000,0.956425000000,0.592166666667),
double3(0.125000000000,0.937500000000,0.333333333333),
double3(0.137050000000,0.937700000000,0.588066666667),
double3(0.125000000000,0.937500000000,0.500000000000),
double3(0.057150000000,0.956450000000,0.443333333333),
double3(0.106650000000,0.926625000000,0.613466666667),
double3(0.094700000000,0.926550000000,0.451100000000),
double3(0.319100000000,0.918575000000,0.592166666667),
double3(0.387050000000,0.937300000000,0.588066666667),
double3(0.345250000000,0.750000000000,0.606800000000),
double3(0.333100000000,0.750000000000,0.448833333333),
double3(0.307150000000,0.918550000000,0.443333333333),
double3(0.254800000000,0.875000000000,0.559233333333),
double3(0.304550000000,0.875000000000,0.515333333333),
double3(0.356650000000,0.948375000000,0.613466666667),
double3(0.344700000000,0.948450000000,0.451100000000),
double3(0.299350000000,0.875000000000,0.564666666667),
double3(0.290950000000,0.875000000000,0.460700000000),
double3(0.180900000000,0.918575000000,0.407833333333),
double3(0.112950000000,0.937300000000,0.411933333333),
double3(0.154750000000,0.750000000000,0.393200000000),
double3(0.166900000000,0.750000000000,0.551166666667),
double3(0.192850000000,0.918550000000,0.556666666667),
double3(0.245200000000,0.875000000000,0.440766666667),
double3(0.195450000000,0.875000000000,0.484666666667),
double3(0.143350000000,0.948375000000,0.386533333333),
double3(0.155300000000,0.948450000000,0.548900000000),
double3(0.200650000000,0.875000000000,0.435333333333),
double3(0.209050000000,0.875000000000,0.539300000000),
double3(0.180900000000,0.831425000000,0.407833333333),
double3(0.112950000000,0.812700000000,0.411933333333),
double3(0.192850000000,0.831450000000,0.556666666667),
double3(0.143350000000,0.801625000000,0.386533333333),
double3(0.155300000000,0.801550000000,0.548900000000),
double3(0.319100000000,0.831425000000,0.592166666667),
double3(0.387050000000,0.812700000000,0.588066666667),
double3(0.307150000000,0.831450000000,0.443333333333),
double3(0.356650000000,0.801625000000,0.613466666667),
double3(0.344700000000,0.801550000000,0.451100000000),
double3(0.069100000000,0.793575000000,0.925500000000),
double3(0.125000000000,0.812500000000,0.666666666667),
double3(0.137050000000,0.812300000000,0.921400000000),
double3(0.095250000000,0.875000000000,0.940133333333),
double3(0.083100000000,0.875000000000,0.782166666667),
double3(0.125000000000,0.812500000000,0.833333333333),
double3(0.057150000000,0.793550000000,0.776666666667),
double3(0.004800000000,0.750000000000,0.892566666667),
double3(0.054550000000,0.750000000000,0.848666666667),
double3(0.106650000000,0.823375000000,0.946800000000),
double3(0.094700000000,0.823450000000,0.784433333333),
double3(0.049350000000,0.750000000000,0.898000000000),
double3(0.040950000000,0.750000000000,0.794033333333),
double3(0.430900000000,0.793575000000,0.741166666667),
double3(0.375000000000,0.812500000000,0.666666666667),
double3(0.362950000000,0.812300000000,0.745266666667),
double3(0.404750000000,0.875000000000,0.726533333333),
double3(0.416900000000,0.875000000000,0.884500000000),
double3(0.375000000000,0.812500000000,0.833333333333),
double3(0.442850000000,0.793550000000,0.890000000000),
double3(0.495200000000,0.750000000000,0.774100000000),
double3(0.445450000000,0.750000000000,0.818000000000),
double3(0.393350000000,0.823375000000,0.719866666667),
double3(0.405300000000,0.823450000000,0.882233333333),
double3(0.450650000000,0.750000000000,0.768666666667),
double3(0.459050000000,0.750000000000,0.872633333333),
double3(0.430900000000,0.956425000000,0.741166666667),
double3(0.375000000000,0.937500000000,0.666666666667),
double3(0.362950000000,0.937700000000,0.745266666667),
double3(0.375000000000,0.937500000000,0.833333333333),
double3(0.442850000000,0.956450000000,0.890000000000),
double3(0.393350000000,0.926625000000,0.719866666667),
double3(0.405300000000,0.926550000000,0.882233333333),
double3(0.069100000000,0.956425000000,0.925500000000),
double3(0.125000000000,0.937500000000,0.666666666667),
double3(0.137050000000,0.937700000000,0.921400000000),
double3(0.125000000000,0.937500000000,0.833333333333),
double3(0.057150000000,0.956450000000,0.776666666667),
double3(0.106650000000,0.926625000000,0.946800000000),
double3(0.094700000000,0.926550000000,0.784433333333),
double3(0.319100000000,0.918575000000,0.925500000000),
double3(0.387050000000,0.937300000000,0.921400000000),
double3(0.345250000000,0.750000000000,0.940133333333),
double3(0.333100000000,0.750000000000,0.782166666667),
double3(0.307150000000,0.918550000000,0.776666666667),
double3(0.254800000000,0.875000000000,0.892566666667),
double3(0.304550000000,0.875000000000,0.848666666667),
double3(0.356650000000,0.948375000000,0.946800000000),
double3(0.344700000000,0.948450000000,0.784433333333),
double3(0.299350000000,0.875000000000,0.898000000000),
double3(0.290950000000,0.875000000000,0.794033333333),
double3(0.180900000000,0.918575000000,0.741166666667),
double3(0.112950000000,0.937300000000,0.745266666667),
double3(0.154750000000,0.750000000000,0.726533333333),
double3(0.166900000000,0.750000000000,0.884500000000),
double3(0.192850000000,0.918550000000,0.890000000000),
double3(0.245200000000,0.875000000000,0.774100000000),
double3(0.195450000000,0.875000000000,0.818000000000),
double3(0.143350000000,0.948375000000,0.719866666667),
double3(0.155300000000,0.948450000000,0.882233333333),
double3(0.200650000000,0.875000000000,0.768666666667),
double3(0.209050000000,0.875000000000,0.872633333333),
double3(0.180900000000,0.831425000000,0.741166666667),
double3(0.112950000000,0.812700000000,0.745266666667),
double3(0.192850000000,0.831450000000,0.890000000000),
double3(0.143350000000,0.801625000000,0.719866666667),
double3(0.155300000000,0.801550000000,0.882233333333),
double3(0.319100000000,0.831425000000,0.925500000000),
double3(0.387050000000,0.812700000000,0.921400000000),
double3(0.307150000000,0.831450000000,0.776666666667),
double3(0.356650000000,0.801625000000,0.946800000000),
double3(0.344700000000,0.801550000000,0.784433333333),
double3(0.569100000000,0.043575000000,0.258833333333),
double3(0.625000000000,0.062500000000,0.000000000000),
double3(0.637050000000,0.062300000000,0.254733333333),
double3(0.595250000000,0.125000000000,0.273466666667),
double3(0.583100000000,0.125000000000,0.115500000000),
double3(0.625000000000,0.062500000000,0.166666666667),
double3(0.557150000000,0.043550000000,0.110000000000),
double3(0.504800000000,0.000000000000,0.225900000000),
double3(0.554550000000,0.000000000000,0.182000000000),
double3(0.606650000000,0.073375000000,0.280133333333),
double3(0.594700000000,0.073450000000,0.117766666667),
double3(0.549350000000,0.000000000000,0.231333333333),
double3(0.540950000000,0.000000000000,0.127366666667),
double3(0.930900000000,0.043575000000,0.074500000000),
double3(0.875000000000,0.062500000000,0.000000000000),
double3(0.862950000000,0.062300000000,0.078600000000),
double3(0.904750000000,0.125000000000,0.059866666667),
double3(0.916900000000,0.125000000000,0.217833333333),
double3(0.875000000000,0.062500000000,0.166666666667),
double3(0.942850000000,0.043550000000,0.223333333333),
double3(0.995200000000,0.000000000000,0.107433333333),
double3(0.945450000000,0.000000000000,0.151333333333),
double3(0.893350000000,0.073375000000,0.053200000000),
double3(0.905300000000,0.073450000000,0.215566666667),
double3(0.950650000000,0.000000000000,0.102000000000),
double3(0.959050000000,0.000000000000,0.205966666667),
double3(0.930900000000,0.206425000000,0.074500000000),
double3(0.875000000000,0.187500000000,0.000000000000),
double3(0.862950000000,0.187700000000,0.078600000000),
double3(0.875000000000,0.187500000000,0.166666666667),
double3(0.942850000000,0.206450000000,0.223333333333),
double3(0.893350000000,0.176625000000,0.053200000000),
double3(0.905300000000,0.176550000000,0.215566666667),
double3(0.569100000000,0.206425000000,0.258833333333),
double3(0.625000000000,0.187500000000,0.000000000000),
double3(0.637050000000,0.187700000000,0.254733333333),
double3(0.625000000000,0.187500000000,0.166666666667),
double3(0.557150000000,0.206450000000,0.110000000000),
double3(0.606650000000,0.176625000000,0.280133333333),
double3(0.594700000000,0.176550000000,0.117766666667),
double3(0.819100000000,0.168575000000,0.258833333333),
double3(0.887050000000,0.187300000000,0.254733333333),
double3(0.845250000000,0.000000000000,0.273466666667),
double3(0.833100000000,0.000000000000,0.115500000000),
double3(0.807150000000,0.168550000000,0.110000000000),
double3(0.754800000000,0.125000000000,0.225900000000),
double3(0.804550000000,0.125000000000,0.182000000000),
double3(0.856650000000,0.198375000000,0.280133333333),
double3(0.844700000000,0.198450000000,0.117766666667),
double3(0.799350000000,0.125000000000,0.231333333333),
double3(0.790950000000,0.125000000000,0.127366666667),
double3(0.680900000000,0.168575000000,0.074500000000),
double3(0.612950000000,0.187300000000,0.078600000000),
double3(0.654750000000,0.000000000000,0.059866666667),
double3(0.666900000000,0.000000000000,0.217833333333),
double3(0.692850000000,0.168550000000,0.223333333333),
double3(0.745200000000,0.125000000000,0.107433333333),
double3(0.695450000000,0.125000000000,0.151333333333),
double3(0.643350000000,0.198375000000,0.053200000000),
double3(0.655300000000,0.198450000000,0.215566666667),
double3(0.700650000000,0.125000000000,0.102000000000),
double3(0.709050000000,0.125000000000,0.205966666667),
double3(0.680900000000,0.081425000000,0.074500000000),
double3(0.612950000000,0.062700000000,0.078600000000),
double3(0.692850000000,0.081450000000,0.223333333333),
double3(0.643350000000,0.051625000000,0.053200000000),
double3(0.655300000000,0.051550000000,0.215566666667),
double3(0.819100000000,0.081425000000,0.258833333333),
double3(0.887050000000,0.062700000000,0.254733333333),
double3(0.807150000000,0.081450000000,0.110000000000),
double3(0.856650000000,0.051625000000,0.280133333333),
double3(0.844700000000,0.051550000000,0.117766666667),
double3(0.569100000000,0.043575000000,0.592166666667),
double3(0.625000000000,0.062500000000,0.333333333333),
double3(0.637050000000,0.062300000000,0.588066666667),
double3(0.595250000000,0.125000000000,0.606800000000),
double3(0.583100000000,0.125000000000,0.448833333333),
double3(0.625000000000,0.062500000000,0.500000000000),
double3(0.557150000000,0.043550000000,0.443333333333),
double3(0.504800000000,0.000000000000,0.559233333333),
double3(0.554550000000,0.000000000000,0.515333333333),
double3(0.606650000000,0.073375000000,0.613466666667),
double3(0.594700000000,0.073450000000,0.451100000000),
double3(0.549350000000,0.000000000000,0.564666666667),
double3(0.540950000000,0.000000000000,0.460700000000),
double3(0.930900000000,0.043575000000,0.407833333333),
double3(0.875000000000,0.062500000000,0.333333333333),
double3(0.862950000000,0.062300000000,0.411933333333),
double3(0.904750000000,0.125000000000,0.393200000000),
double3(0.916900000000,0.125000000000,0.551166666667),
double3(0.875000000000,0.062500000000,0.500000000000),
double3(0.942850000000,0.043550000000,0.556666666667),
double3(0.995200000000,0.000000000000,0.440766666667),
double3(0.945450000000,0.000000000000,0.484666666667),
double3(0.893350000000,0.073375000000,0.386533333333),
double3(0.905300000000,0.073450000000,0.548900000000),
double3(0.950650000000,0.000000000000,0.435333333333),
double3(0.959050000000,0.000000000000,0.539300000000),
double3(0.930900000000,0.206425000000,0.407833333333),
double3(0.875000000000,0.187500000000,0.333333333333),
double3(0.862950000000,0.187700000000,0.411933333333),
double3(0.875000000000,0.187500000000,0.500000000000),
double3(0.942850000000,0.206450000000,0.556666666667),
double3(0.893350000000,0.176625000000,0.386533333333),
double3(0.905300000000,0.176550000000,0.548900000000),
double3(0.569100000000,0.206425000000,0.592166666667),
double3(0.625000000000,0.187500000000,0.333333333333),
double3(0.637050000000,0.187700000000,0.588066666667),
double3(0.625000000000,0.187500000000,0.500000000000),
double3(0.557150000000,0.206450000000,0.443333333333),
double3(0.606650000000,0.176625000000,0.613466666667),
double3(0.594700000000,0.176550000000,0.451100000000),
double3(0.819100000000,0.168575000000,0.592166666667),
double3(0.887050000000,0.187300000000,0.588066666667),
double3(0.845250000000,0.000000000000,0.606800000000),
double3(0.833100000000,0.000000000000,0.448833333333),
double3(0.807150000000,0.168550000000,0.443333333333),
double3(0.754800000000,0.125000000000,0.559233333333),
double3(0.804550000000,0.125000000000,0.515333333333),
double3(0.856650000000,0.198375000000,0.613466666667),
double3(0.844700000000,0.198450000000,0.451100000000),
double3(0.799350000000,0.125000000000,0.564666666667),
double3(0.790950000000,0.125000000000,0.460700000000),
double3(0.680900000000,0.168575000000,0.407833333333),
double3(0.612950000000,0.187300000000,0.411933333333),
double3(0.654750000000,0.000000000000,0.393200000000),
double3(0.666900000000,0.000000000000,0.551166666667),
double3(0.692850000000,0.168550000000,0.556666666667),
double3(0.745200000000,0.125000000000,0.440766666667),
double3(0.695450000000,0.125000000000,0.484666666667),
double3(0.643350000000,0.198375000000,0.386533333333),
double3(0.655300000000,0.198450000000,0.548900000000),
double3(0.700650000000,0.125000000000,0.435333333333),
double3(0.709050000000,0.125000000000,0.539300000000),
double3(0.680900000000,0.081425000000,0.407833333333),
double3(0.612950000000,0.062700000000,0.411933333333),
double3(0.692850000000,0.081450000000,0.556666666667),
double3(0.643350000000,0.051625000000,0.386533333333),
double3(0.655300000000,0.051550000000,0.548900000000),
double3(0.819100000000,0.081425000000,0.592166666667),
double3(0.887050000000,0.062700000000,0.588066666667),
double3(0.807150000000,0.081450000000,0.443333333333),
double3(0.856650000000,0.051625000000,0.613466666667),
double3(0.844700000000,0.051550000000,0.451100000000),
double3(0.569100000000,0.043575000000,0.925500000000),
double3(0.625000000000,0.062500000000,0.666666666667),
double3(0.637050000000,0.062300000000,0.921400000000),
double3(0.595250000000,0.125000000000,0.940133333333),
double3(0.583100000000,0.125000000000,0.782166666667),
double3(0.625000000000,0.062500000000,0.833333333333),
double3(0.557150000000,0.043550000000,0.776666666667),
double3(0.504800000000,0.000000000000,0.892566666667),
double3(0.554550000000,0.000000000000,0.848666666667),
double3(0.606650000000,0.073375000000,0.946800000000),
double3(0.594700000000,0.073450000000,0.784433333333),
double3(0.549350000000,0.000000000000,0.898000000000),
double3(0.540950000000,0.000000000000,0.794033333333),
double3(0.930900000000,0.043575000000,0.741166666667),
double3(0.875000000000,0.062500000000,0.666666666667),
double3(0.862950000000,0.062300000000,0.745266666667),
double3(0.904750000000,0.125000000000,0.726533333333),
double3(0.916900000000,0.125000000000,0.884500000000),
double3(0.875000000000,0.062500000000,0.833333333333),
double3(0.942850000000,0.043550000000,0.890000000000),
double3(0.995200000000,0.000000000000,0.774100000000),
double3(0.945450000000,0.000000000000,0.818000000000),
double3(0.893350000000,0.073375000000,0.719866666667),
double3(0.905300000000,0.073450000000,0.882233333333),
double3(0.950650000000,0.000000000000,0.768666666667),
double3(0.959050000000,0.000000000000,0.872633333333),
double3(0.930900000000,0.206425000000,0.741166666667),
double3(0.875000000000,0.187500000000,0.666666666667),
double3(0.862950000000,0.187700000000,0.745266666667),
double3(0.875000000000,0.187500000000,0.833333333333),
double3(0.942850000000,0.206450000000,0.890000000000),
double3(0.893350000000,0.176625000000,0.719866666667),
double3(0.905300000000,0.176550000000,0.882233333333),
double3(0.569100000000,0.206425000000,0.925500000000),
double3(0.625000000000,0.187500000000,0.666666666667),
double3(0.637050000000,0.187700000000,0.921400000000),
double3(0.625000000000,0.187500000000,0.833333333333),
double3(0.557150000000,0.206450000000,0.776666666667),
double3(0.606650000000,0.176625000000,0.946800000000),
double3(0.594700000000,0.176550000000,0.784433333333),
double3(0.819100000000,0.168575000000,0.925500000000),
double3(0.887050000000,0.187300000000,0.921400000000),
double3(0.845250000000,0.000000000000,0.940133333333),
double3(0.833100000000,0.000000000000,0.782166666667),
double3(0.807150000000,0.168550000000,0.776666666667),
double3(0.754800000000,0.125000000000,0.892566666667),
double3(0.804550000000,0.125000000000,0.848666666667),
double3(0.856650000000,0.198375000000,0.946800000000),
double3(0.844700000000,0.198450000000,0.784433333333),
double3(0.799350000000,0.125000000000,0.898000000000),
double3(0.790950000000,0.125000000000,0.794033333333),
double3(0.680900000000,0.168575000000,0.741166666667),
double3(0.612950000000,0.187300000000,0.745266666667),
double3(0.654750000000,0.000000000000,0.726533333333),
double3(0.666900000000,0.000000000000,0.884500000000),
double3(0.692850000000,0.168550000000,0.890000000000),
double3(0.745200000000,0.125000000000,0.774100000000),
double3(0.695450000000,0.125000000000,0.818000000000),
double3(0.643350000000,0.198375000000,0.719866666667),
double3(0.655300000000,0.198450000000,0.882233333333),
double3(0.700650000000,0.125000000000,0.768666666667),
double3(0.709050000000,0.125000000000,0.872633333333),
double3(0.680900000000,0.081425000000,0.741166666667),
double3(0.612950000000,0.062700000000,0.745266666667),
double3(0.692850000000,0.081450000000,0.890000000000),
double3(0.643350000000,0.051625000000,0.719866666667),
double3(0.655300000000,0.051550000000,0.882233333333),
double3(0.819100000000,0.081425000000,0.925500000000),
double3(0.887050000000,0.062700000000,0.921400000000),
double3(0.807150000000,0.081450000000,0.776666666667),
double3(0.856650000000,0.051625000000,0.946800000000),
double3(0.844700000000,0.051550000000,0.784433333333),
double3(0.569100000000,0.293575000000,0.258833333333),
double3(0.625000000000,0.312500000000,0.000000000000),
double3(0.637050000000,0.312300000000,0.254733333333),
double3(0.595250000000,0.375000000000,0.273466666667),
double3(0.583100000000,0.375000000000,0.115500000000),
double3(0.625000000000,0.312500000000,0.166666666667),
double3(0.557150000000,0.293550000000,0.110000000000),
double3(0.504800000000,0.250000000000,0.225900000000),
double3(0.554550000000,0.250000000000,0.182000000000),
double3(0.606650000000,0.323375000000,0.280133333333),
double3(0.594700000000,0.323450000000,0.117766666667),
double3(0.549350000000,0.250000000000,0.231333333333),
double3(0.540950000000,0.250000000000,0.127366666667),
double3(0.930900000000,0.293575000000,0.074500000000),
double3(0.875000000000,0.312500000000,0.000000000000),
double3(0.862950000000,0.312300000000,0.078600000000),
double3(0.904750000000,0.375000000000,0.059866666667),
double3(0.916900000000,0.375000000000,0.217833333333),
double3(0.875000000000,0.312500000000,0.166666666667),
double3(0.942850000000,0.293550000000,0.223333333333),
double3(0.995200000000,0.250000000000,0.107433333333),
double3(0.945450000000,0.250000000000,0.151333333333),
double3(0.893350000000,0.323375000000,0.053200000000),
double3(0.905300000000,0.323450000000,0.215566666667),
double3(0.950650000000,0.250000000000,0.102000000000),
double3(0.959050000000,0.250000000000,0.205966666667),
double3(0.930900000000,0.456425000000,0.074500000000),
double3(0.875000000000,0.437500000000,0.000000000000),
double3(0.862950000000,0.437700000000,0.078600000000),
double3(0.875000000000,0.437500000000,0.166666666667),
double3(0.942850000000,0.456450000000,0.223333333333),
double3(0.893350000000,0.426625000000,0.053200000000),
double3(0.905300000000,0.426550000000,0.215566666667),
double3(0.569100000000,0.456425000000,0.258833333333),
double3(0.625000000000,0.437500000000,0.000000000000),
double3(0.637050000000,0.437700000000,0.254733333333),
double3(0.625000000000,0.437500000000,0.166666666667),
double3(0.557150000000,0.456450000000,0.110000000000),
double3(0.606650000000,0.426625000000,0.280133333333),
double3(0.594700000000,0.426550000000,0.117766666667),
double3(0.819100000000,0.418575000000,0.258833333333),
double3(0.887050000000,0.437300000000,0.254733333333),
double3(0.845250000000,0.250000000000,0.273466666667),
double3(0.833100000000,0.250000000000,0.115500000000),
double3(0.807150000000,0.418550000000,0.110000000000),
double3(0.754800000000,0.375000000000,0.225900000000),
double3(0.804550000000,0.375000000000,0.182000000000),
double3(0.856650000000,0.448375000000,0.280133333333),
double3(0.844700000000,0.448450000000,0.117766666667),
double3(0.799350000000,0.375000000000,0.231333333333),
double3(0.790950000000,0.375000000000,0.127366666667),
double3(0.680900000000,0.418575000000,0.074500000000),
double3(0.612950000000,0.437300000000,0.078600000000),
double3(0.654750000000,0.250000000000,0.059866666667),
double3(0.666900000000,0.250000000000,0.217833333333),
double3(0.692850000000,0.418550000000,0.223333333333),
double3(0.745200000000,0.375000000000,0.107433333333),
double3(0.695450000000,0.375000000000,0.151333333333),
double3(0.643350000000,0.448375000000,0.053200000000),
double3(0.655300000000,0.448450000000,0.215566666667),
double3(0.700650000000,0.375000000000,0.102000000000),
double3(0.709050000000,0.375000000000,0.205966666667),
double3(0.680900000000,0.331425000000,0.074500000000),
double3(0.612950000000,0.312700000000,0.078600000000),
double3(0.692850000000,0.331450000000,0.223333333333),
double3(0.643350000000,0.301625000000,0.053200000000),
double3(0.655300000000,0.301550000000,0.215566666667),
double3(0.819100000000,0.331425000000,0.258833333333),
double3(0.887050000000,0.312700000000,0.254733333333),
double3(0.807150000000,0.331450000000,0.110000000000),
double3(0.856650000000,0.301625000000,0.280133333333),
double3(0.844700000000,0.301550000000,0.117766666667),
double3(0.569100000000,0.293575000000,0.592166666667),
double3(0.625000000000,0.312500000000,0.333333333333),
double3(0.637050000000,0.312300000000,0.588066666667),
double3(0.595250000000,0.375000000000,0.606800000000),
double3(0.583100000000,0.375000000000,0.448833333333),
double3(0.625000000000,0.312500000000,0.500000000000),
double3(0.557150000000,0.293550000000,0.443333333333),
double3(0.504800000000,0.250000000000,0.559233333333),
double3(0.554550000000,0.250000000000,0.515333333333),
double3(0.606650000000,0.323375000000,0.613466666667),
double3(0.594700000000,0.323450000000,0.451100000000),
double3(0.549350000000,0.250000000000,0.564666666667),
double3(0.540950000000,0.250000000000,0.460700000000),
double3(0.930900000000,0.293575000000,0.407833333333),
double3(0.875000000000,0.312500000000,0.333333333333),
double3(0.862950000000,0.312300000000,0.411933333333),
double3(0.904750000000,0.375000000000,0.393200000000),
double3(0.916900000000,0.375000000000,0.551166666667),
double3(0.875000000000,0.312500000000,0.500000000000),
double3(0.942850000000,0.293550000000,0.556666666667),
double3(0.995200000000,0.250000000000,0.440766666667),
double3(0.945450000000,0.250000000000,0.484666666667),
double3(0.893350000000,0.323375000000,0.386533333333),
double3(0.905300000000,0.323450000000,0.548900000000),
double3(0.950650000000,0.250000000000,0.435333333333),
double3(0.959050000000,0.250000000000,0.539300000000),
double3(0.930900000000,0.456425000000,0.407833333333),
double3(0.875000000000,0.437500000000,0.333333333333),
double3(0.862950000000,0.437700000000,0.411933333333),
double3(0.875000000000,0.437500000000,0.500000000000),
double3(0.942850000000,0.456450000000,0.556666666667),
double3(0.893350000000,0.426625000000,0.386533333333),
double3(0.905300000000,0.426550000000,0.548900000000),
double3(0.569100000000,0.456425000000,0.592166666667),
double3(0.625000000000,0.437500000000,0.333333333333),
double3(0.637050000000,0.437700000000,0.588066666667),
double3(0.625000000000,0.437500000000,0.500000000000),
double3(0.557150000000,0.456450000000,0.443333333333),
double3(0.606650000000,0.426625000000,0.613466666667),
double3(0.594700000000,0.426550000000,0.451100000000),
double3(0.819100000000,0.418575000000,0.592166666667),
double3(0.887050000000,0.437300000000,0.588066666667),
double3(0.845250000000,0.250000000000,0.606800000000),
double3(0.833100000000,0.250000000000,0.448833333333),
double3(0.807150000000,0.418550000000,0.443333333333),
double3(0.754800000000,0.375000000000,0.559233333333),
double3(0.804550000000,0.375000000000,0.515333333333),
double3(0.856650000000,0.448375000000,0.613466666667),
double3(0.844700000000,0.448450000000,0.451100000000),
double3(0.799350000000,0.375000000000,0.564666666667),
double3(0.790950000000,0.375000000000,0.460700000000),
double3(0.680900000000,0.418575000000,0.407833333333),
double3(0.612950000000,0.437300000000,0.411933333333),
double3(0.654750000000,0.250000000000,0.393200000000),
double3(0.666900000000,0.250000000000,0.551166666667),
double3(0.692850000000,0.418550000000,0.556666666667),
double3(0.745200000000,0.375000000000,0.440766666667),
double3(0.695450000000,0.375000000000,0.484666666667),
double3(0.643350000000,0.448375000000,0.386533333333),
double3(0.655300000000,0.448450000000,0.548900000000),
double3(0.700650000000,0.375000000000,0.435333333333),
double3(0.709050000000,0.375000000000,0.539300000000),
double3(0.680900000000,0.331425000000,0.407833333333),
double3(0.612950000000,0.312700000000,0.411933333333),
double3(0.692850000000,0.331450000000,0.556666666667),
double3(0.643350000000,0.301625000000,0.386533333333),
double3(0.655300000000,0.301550000000,0.548900000000),
double3(0.819100000000,0.331425000000,0.592166666667),
double3(0.887050000000,0.312700000000,0.588066666667),
double3(0.807150000000,0.331450000000,0.443333333333),
double3(0.856650000000,0.301625000000,0.613466666667),
double3(0.844700000000,0.301550000000,0.451100000000),
double3(0.569100000000,0.293575000000,0.925500000000),
double3(0.625000000000,0.312500000000,0.666666666667),
double3(0.637050000000,0.312300000000,0.921400000000),
double3(0.595250000000,0.375000000000,0.940133333333),
double3(0.583100000000,0.375000000000,0.782166666667),
double3(0.625000000000,0.312500000000,0.833333333333),
double3(0.557150000000,0.293550000000,0.776666666667),
double3(0.504800000000,0.250000000000,0.892566666667),
double3(0.554550000000,0.250000000000,0.848666666667),
double3(0.606650000000,0.323375000000,0.946800000000),
double3(0.594700000000,0.323450000000,0.784433333333),
double3(0.549350000000,0.250000000000,0.898000000000),
double3(0.540950000000,0.250000000000,0.794033333333),
double3(0.930900000000,0.293575000000,0.741166666667),
double3(0.875000000000,0.312500000000,0.666666666667),
double3(0.862950000000,0.312300000000,0.745266666667),
double3(0.904750000000,0.375000000000,0.726533333333),
double3(0.916900000000,0.375000000000,0.884500000000),
double3(0.875000000000,0.312500000000,0.833333333333),
double3(0.942850000000,0.293550000000,0.890000000000),
double3(0.995200000000,0.250000000000,0.774100000000),
double3(0.945450000000,0.250000000000,0.818000000000),
double3(0.893350000000,0.323375000000,0.719866666667),
double3(0.905300000000,0.323450000000,0.882233333333),
double3(0.950650000000,0.250000000000,0.768666666667),
double3(0.959050000000,0.250000000000,0.872633333333),
double3(0.930900000000,0.456425000000,0.741166666667),
double3(0.875000000000,0.437500000000,0.666666666667),
double3(0.862950000000,0.437700000000,0.745266666667),
double3(0.875000000000,0.437500000000,0.833333333333),
double3(0.942850000000,0.456450000000,0.890000000000),
double3(0.893350000000,0.426625000000,0.719866666667),
double3(0.905300000000,0.426550000000,0.882233333333),
double3(0.569100000000,0.456425000000,0.925500000000),
double3(0.625000000000,0.437500000000,0.666666666667),
double3(0.637050000000,0.437700000000,0.921400000000),
double3(0.625000000000,0.437500000000,0.833333333333),
double3(0.557150000000,0.456450000000,0.776666666667),
double3(0.606650000000,0.426625000000,0.946800000000),
double3(0.594700000000,0.426550000000,0.784433333333),
double3(0.819100000000,0.418575000000,0.925500000000),
double3(0.887050000000,0.437300000000,0.921400000000),
double3(0.845250000000,0.250000000000,0.940133333333),
double3(0.833100000000,0.250000000000,0.782166666667),
double3(0.807150000000,0.418550000000,0.776666666667),
double3(0.754800000000,0.375000000000,0.892566666667),
double3(0.804550000000,0.375000000000,0.848666666667),
double3(0.856650000000,0.448375000000,0.946800000000),
double3(0.844700000000,0.448450000000,0.784433333333),
double3(0.799350000000,0.375000000000,0.898000000000),
double3(0.790950000000,0.375000000000,0.794033333333),
double3(0.680900000000,0.418575000000,0.741166666667),
double3(0.612950000000,0.437300000000,0.745266666667),
double3(0.654750000000,0.250000000000,0.726533333333),
double3(0.666900000000,0.250000000000,0.884500000000),
double3(0.692850000000,0.418550000000,0.890000000000),
double3(0.745200000000,0.375000000000,0.774100000000),
double3(0.695450000000,0.375000000000,0.818000000000),
double3(0.643350000000,0.448375000000,0.719866666667),
double3(0.655300000000,0.448450000000,0.882233333333),
double3(0.700650000000,0.375000000000,0.768666666667),
double3(0.709050000000,0.375000000000,0.872633333333),
double3(0.680900000000,0.331425000000,0.741166666667),
double3(0.612950000000,0.312700000000,0.745266666667),
double3(0.692850000000,0.331450000000,0.890000000000),
double3(0.643350000000,0.301625000000,0.719866666667),
double3(0.655300000000,0.301550000000,0.882233333333),
double3(0.819100000000,0.331425000000,0.925500000000),
double3(0.887050000000,0.312700000000,0.921400000000),
double3(0.807150000000,0.331450000000,0.776666666667),
double3(0.856650000000,0.301625000000,0.946800000000),
double3(0.844700000000,0.301550000000,0.784433333333),
double3(0.569100000000,0.543575000000,0.258833333333),
double3(0.625000000000,0.562500000000,0.000000000000),
double3(0.637050000000,0.562300000000,0.254733333333),
double3(0.595250000000,0.625000000000,0.273466666667),
double3(0.583100000000,0.625000000000,0.115500000000),
double3(0.625000000000,0.562500000000,0.166666666667),
double3(0.557150000000,0.543550000000,0.110000000000),
double3(0.504800000000,0.500000000000,0.225900000000),
double3(0.554550000000,0.500000000000,0.182000000000),
double3(0.606650000000,0.573375000000,0.280133333333),
double3(0.594700000000,0.573450000000,0.117766666667),
double3(0.549350000000,0.500000000000,0.231333333333),
double3(0.540950000000,0.500000000000,0.127366666667),
double3(0.930900000000,0.543575000000,0.074500000000),
double3(0.875000000000,0.562500000000,0.000000000000),
double3(0.862950000000,0.562300000000,0.078600000000),
double3(0.904750000000,0.625000000000,0.059866666667),
double3(0.916900000000,0.625000000000,0.217833333333),
double3(0.875000000000,0.562500000000,0.166666666667),
double3(0.942850000000,0.543550000000,0.223333333333),
double3(0.995200000000,0.500000000000,0.107433333333),
double3(0.945450000000,0.500000000000,0.151333333333),
double3(0.893350000000,0.573375000000,0.053200000000),
double3(0.905300000000,0.573450000000,0.215566666667),
double3(0.950650000000,0.500000000000,0.102000000000),
double3(0.959050000000,0.500000000000,0.205966666667),
double3(0.930900000000,0.706425000000,0.074500000000),
double3(0.875000000000,0.687500000000,0.000000000000),
double3(0.862950000000,0.687700000000,0.078600000000),
double3(0.875000000000,0.687500000000,0.166666666667),
double3(0.942850000000,0.706450000000,0.223333333333),
double3(0.893350000000,0.676625000000,0.053200000000),
double3(0.905300000000,0.676550000000,0.215566666667),
double3(0.569100000000,0.706425000000,0.258833333333),
double3(0.625000000000,0.687500000000,0.000000000000),
double3(0.637050000000,0.687700000000,0.254733333333),
double3(0.625000000000,0.687500000000,0.166666666667),
double3(0.557150000000,0.706450000000,0.110000000000),
double3(0.606650000000,0.676625000000,0.280133333333),
double3(0.594700000000,0.676550000000,0.117766666667),
double3(0.819100000000,0.668575000000,0.258833333333),
double3(0.887050000000,0.687300000000,0.254733333333),
double3(0.845250000000,0.500000000000,0.273466666667),
double3(0.833100000000,0.500000000000,0.115500000000),
double3(0.807150000000,0.668550000000,0.110000000000),
double3(0.754800000000,0.625000000000,0.225900000000),
double3(0.804550000000,0.625000000000,0.182000000000),
double3(0.856650000000,0.698375000000,0.280133333333),
double3(0.844700000000,0.698450000000,0.117766666667),
double3(0.799350000000,0.625000000000,0.231333333333),
double3(0.790950000000,0.625000000000,0.127366666667),
double3(0.680900000000,0.668575000000,0.074500000000),
double3(0.612950000000,0.687300000000,0.078600000000),
double3(0.654750000000,0.500000000000,0.059866666667),
double3(0.666900000000,0.500000000000,0.217833333333),
double3(0.692850000000,0.668550000000,0.223333333333),
double3(0.745200000000,0.625000000000,0.107433333333),
double3(0.695450000000,0.625000000000,0.151333333333),
double3(0.643350000000,0.698375000000,0.053200000000),
double3(0.655300000000,0.698450000000,0.215566666667),
double3(0.700650000000,0.625000000000,0.102000000000),
double3(0.709050000000,0.625000000000,0.205966666667),
double3(0.680900000000,0.581425000000,0.074500000000),
double3(0.612950000000,0.562700000000,0.078600000000),
double3(0.692850000000,0.581450000000,0.223333333333),
double3(0.643350000000,0.551625000000,0.053200000000),
double3(0.655300000000,0.551550000000,0.215566666667),
double3(0.819100000000,0.581425000000,0.258833333333),
double3(0.887050000000,0.562700000000,0.254733333333),
double3(0.807150000000,0.581450000000,0.110000000000),
double3(0.856650000000,0.551625000000,0.280133333333),
double3(0.844700000000,0.551550000000,0.117766666667),
double3(0.569100000000,0.543575000000,0.592166666667),
double3(0.625000000000,0.562500000000,0.333333333333),
double3(0.637050000000,0.562300000000,0.588066666667),
double3(0.595250000000,0.625000000000,0.606800000000),
double3(0.583100000000,0.625000000000,0.448833333333),
double3(0.625000000000,0.562500000000,0.500000000000),
double3(0.557150000000,0.543550000000,0.443333333333),
double3(0.504800000000,0.500000000000,0.559233333333),
double3(0.554550000000,0.500000000000,0.515333333333),
double3(0.606650000000,0.573375000000,0.613466666667),
double3(0.594700000000,0.573450000000,0.451100000000),
double3(0.549350000000,0.500000000000,0.564666666667),
double3(0.540950000000,0.500000000000,0.460700000000),
double3(0.930900000000,0.543575000000,0.407833333333),
double3(0.875000000000,0.562500000000,0.333333333333),
double3(0.862950000000,0.562300000000,0.411933333333),
double3(0.904750000000,0.625000000000,0.393200000000),
double3(0.916900000000,0.625000000000,0.551166666667),
double3(0.875000000000,0.562500000000,0.500000000000),
double3(0.942850000000,0.543550000000,0.556666666667),
double3(0.995200000000,0.500000000000,0.440766666667),
double3(0.945450000000,0.500000000000,0.484666666667),
double3(0.893350000000,0.573375000000,0.386533333333),
double3(0.905300000000,0.573450000000,0.548900000000),
double3(0.950650000000,0.500000000000,0.435333333333),
double3(0.959050000000,0.500000000000,0.539300000000),
double3(0.930900000000,0.706425000000,0.407833333333),
double3(0.875000000000,0.687500000000,0.333333333333),
double3(0.862950000000,0.687700000000,0.411933333333),
double3(0.875000000000,0.687500000000,0.500000000000),
double3(0.942850000000,0.706450000000,0.556666666667),
double3(0.893350000000,0.676625000000,0.386533333333),
double3(0.905300000000,0.676550000000,0.548900000000),
double3(0.569100000000,0.706425000000,0.592166666667),
double3(0.625000000000,0.687500000000,0.333333333333),
double3(0.637050000000,0.687700000000,0.588066666667),
double3(0.625000000000,0.687500000000,0.500000000000),
double3(0.557150000000,0.706450000000,0.443333333333),
double3(0.606650000000,0.676625000000,0.613466666667),
double3(0.594700000000,0.676550000000,0.451100000000),
double3(0.819100000000,0.668575000000,0.592166666667),
double3(0.887050000000,0.687300000000,0.588066666667),
double3(0.845250000000,0.500000000000,0.606800000000),
double3(0.833100000000,0.500000000000,0.448833333333),
double3(0.807150000000,0.668550000000,0.443333333333),
double3(0.754800000000,0.625000000000,0.559233333333),
double3(0.804550000000,0.625000000000,0.515333333333),
double3(0.856650000000,0.698375000000,0.613466666667),
double3(0.844700000000,0.698450000000,0.451100000000),
double3(0.799350000000,0.625000000000,0.564666666667),
double3(0.790950000000,0.625000000000,0.460700000000),
double3(0.680900000000,0.668575000000,0.407833333333),
double3(0.612950000000,0.687300000000,0.411933333333),
double3(0.654750000000,0.500000000000,0.393200000000),
double3(0.666900000000,0.500000000000,0.551166666667),
double3(0.692850000000,0.668550000000,0.556666666667),
double3(0.745200000000,0.625000000000,0.440766666667),
double3(0.695450000000,0.625000000000,0.484666666667),
double3(0.643350000000,0.698375000000,0.386533333333),
double3(0.655300000000,0.698450000000,0.548900000000),
double3(0.700650000000,0.625000000000,0.435333333333),
double3(0.709050000000,0.625000000000,0.539300000000),
double3(0.680900000000,0.581425000000,0.407833333333),
double3(0.612950000000,0.562700000000,0.411933333333),
double3(0.692850000000,0.581450000000,0.556666666667),
double3(0.643350000000,0.551625000000,0.386533333333),
double3(0.655300000000,0.551550000000,0.548900000000),
double3(0.819100000000,0.581425000000,0.592166666667),
double3(0.887050000000,0.562700000000,0.588066666667),
double3(0.807150000000,0.581450000000,0.443333333333),
double3(0.856650000000,0.551625000000,0.613466666667),
double3(0.844700000000,0.551550000000,0.451100000000),
double3(0.569100000000,0.543575000000,0.925500000000),
double3(0.625000000000,0.562500000000,0.666666666667),
double3(0.637050000000,0.562300000000,0.921400000000),
double3(0.595250000000,0.625000000000,0.940133333333),
double3(0.583100000000,0.625000000000,0.782166666667),
double3(0.625000000000,0.562500000000,0.833333333333),
double3(0.557150000000,0.543550000000,0.776666666667),
double3(0.504800000000,0.500000000000,0.892566666667),
double3(0.554550000000,0.500000000000,0.848666666667),
double3(0.606650000000,0.573375000000,0.946800000000),
double3(0.594700000000,0.573450000000,0.784433333333),
double3(0.549350000000,0.500000000000,0.898000000000),
double3(0.540950000000,0.500000000000,0.794033333333),
double3(0.930900000000,0.543575000000,0.741166666667),
double3(0.875000000000,0.562500000000,0.666666666667),
double3(0.862950000000,0.562300000000,0.745266666667),
double3(0.904750000000,0.625000000000,0.726533333333),
double3(0.916900000000,0.625000000000,0.884500000000),
double3(0.875000000000,0.562500000000,0.833333333333),
double3(0.942850000000,0.543550000000,0.890000000000),
double3(0.995200000000,0.500000000000,0.774100000000),
double3(0.945450000000,0.500000000000,0.818000000000),
double3(0.893350000000,0.573375000000,0.719866666667),
double3(0.905300000000,0.573450000000,0.882233333333),
double3(0.950650000000,0.500000000000,0.768666666667),
double3(0.959050000000,0.500000000000,0.872633333333),
double3(0.930900000000,0.706425000000,0.741166666667),
double3(0.875000000000,0.687500000000,0.666666666667),
double3(0.862950000000,0.687700000000,0.745266666667),
double3(0.875000000000,0.687500000000,0.833333333333),
double3(0.942850000000,0.706450000000,0.890000000000),
double3(0.893350000000,0.676625000000,0.719866666667),
double3(0.905300000000,0.676550000000,0.882233333333),
double3(0.569100000000,0.706425000000,0.925500000000),
double3(0.625000000000,0.687500000000,0.666666666667),
double3(0.637050000000,0.687700000000,0.921400000000),
double3(0.625000000000,0.687500000000,0.833333333333),
double3(0.557150000000,0.706450000000,0.776666666667),
double3(0.606650000000,0.676625000000,0.946800000000),
double3(0.594700000000,0.676550000000,0.784433333333),
double3(0.819100000000,0.668575000000,0.925500000000),
double3(0.887050000000,0.687300000000,0.921400000000),
double3(0.845250000000,0.500000000000,0.940133333333),
double3(0.833100000000,0.500000000000,0.782166666667),
double3(0.807150000000,0.668550000000,0.776666666667),
double3(0.754800000000,0.625000000000,0.892566666667),
double3(0.804550000000,0.625000000000,0.848666666667),
double3(0.856650000000,0.698375000000,0.946800000000),
double3(0.844700000000,0.698450000000,0.784433333333),
double3(0.799350000000,0.625000000000,0.898000000000),
double3(0.790950000000,0.625000000000,0.794033333333),
double3(0.680900000000,0.668575000000,0.741166666667),
double3(0.612950000000,0.687300000000,0.745266666667),
double3(0.654750000000,0.500000000000,0.726533333333),
double3(0.666900000000,0.500000000000,0.884500000000),
double3(0.692850000000,0.668550000000,0.890000000000),
double3(0.745200000000,0.625000000000,0.774100000000),
double3(0.695450000000,0.625000000000,0.818000000000),
double3(0.643350000000,0.698375000000,0.719866666667),
double3(0.655300000000,0.698450000000,0.882233333333),
double3(0.700650000000,0.625000000000,0.768666666667),
double3(0.709050000000,0.625000000000,0.872633333333),
double3(0.680900000000,0.581425000000,0.741166666667),
double3(0.612950000000,0.562700000000,0.745266666667),
double3(0.692850000000,0.581450000000,0.890000000000),
double3(0.643350000000,0.551625000000,0.719866666667),
double3(0.655300000000,0.551550000000,0.882233333333),
double3(0.819100000000,0.581425000000,0.925500000000),
double3(0.887050000000,0.562700000000,0.921400000000),
double3(0.807150000000,0.581450000000,0.776666666667),
double3(0.856650000000,0.551625000000,0.946800000000),
double3(0.844700000000,0.551550000000,0.784433333333),
double3(0.569100000000,0.793575000000,0.258833333333),
double3(0.625000000000,0.812500000000,0.000000000000),
double3(0.637050000000,0.812300000000,0.254733333333),
double3(0.595250000000,0.875000000000,0.273466666667),
double3(0.583100000000,0.875000000000,0.115500000000),
double3(0.625000000000,0.812500000000,0.166666666667),
double3(0.557150000000,0.793550000000,0.110000000000),
double3(0.504800000000,0.750000000000,0.225900000000),
double3(0.554550000000,0.750000000000,0.182000000000),
double3(0.606650000000,0.823375000000,0.280133333333),
double3(0.594700000000,0.823450000000,0.117766666667),
double3(0.549350000000,0.750000000000,0.231333333333),
double3(0.540950000000,0.750000000000,0.127366666667),
double3(0.930900000000,0.793575000000,0.074500000000),
double3(0.875000000000,0.812500000000,0.000000000000),
double3(0.862950000000,0.812300000000,0.078600000000),
double3(0.904750000000,0.875000000000,0.059866666667),
double3(0.916900000000,0.875000000000,0.217833333333),
double3(0.875000000000,0.812500000000,0.166666666667),
double3(0.942850000000,0.793550000000,0.223333333333),
double3(0.995200000000,0.750000000000,0.107433333333),
double3(0.945450000000,0.750000000000,0.151333333333),
double3(0.893350000000,0.823375000000,0.053200000000),
double3(0.905300000000,0.823450000000,0.215566666667),
double3(0.950650000000,0.750000000000,0.102000000000),
double3(0.959050000000,0.750000000000,0.205966666667),
double3(0.930900000000,0.956425000000,0.074500000000),
double3(0.875000000000,0.937500000000,0.000000000000),
double3(0.862950000000,0.937700000000,0.078600000000),
double3(0.875000000000,0.937500000000,0.166666666667),
double3(0.942850000000,0.956450000000,0.223333333333),
double3(0.893350000000,0.926625000000,0.053200000000),
double3(0.905300000000,0.926550000000,0.215566666667),
double3(0.569100000000,0.956425000000,0.258833333333),
double3(0.625000000000,0.937500000000,0.000000000000),
double3(0.637050000000,0.937700000000,0.254733333333),
double3(0.625000000000,0.937500000000,0.166666666667),
double3(0.557150000000,0.956450000000,0.110000000000),
double3(0.606650000000,0.926625000000,0.280133333333),
double3(0.594700000000,0.926550000000,0.117766666667),
double3(0.819100000000,0.918575000000,0.258833333333),
double3(0.887050000000,0.937300000000,0.254733333333),
double3(0.845250000000,0.750000000000,0.273466666667),
double3(0.833100000000,0.750000000000,0.115500000000),
double3(0.807150000000,0.918550000000,0.110000000000),
double3(0.754800000000,0.875000000000,0.225900000000),
double3(0.804550000000,0.875000000000,0.182000000000),
double3(0.856650000000,0.948375000000,0.280133333333),
double3(0.844700000000,0.948450000000,0.117766666667),
double3(0.799350000000,0.875000000000,0.231333333333),
double3(0.790950000000,0.875000000000,0.127366666667),
double3(0.680900000000,0.918575000000,0.074500000000),
double3(0.612950000000,0.937300000000,0.078600000000),
double3(0.654750000000,0.750000000000,0.059866666667),
double3(0.666900000000,0.750000000000,0.217833333333),
double3(0.692850000000,0.918550000000,0.223333333333),
double3(0.745200000000,0.875000000000,0.107433333333),
double3(0.695450000000,0.875000000000,0.151333333333),
double3(0.643350000000,0.948375000000,0.053200000000),
double3(0.655300000000,0.948450000000,0.215566666667),
double3(0.700650000000,0.875000000000,0.102000000000),
double3(0.709050000000,0.875000000000,0.205966666667),
double3(0.680900000000,0.831425000000,0.074500000000),
double3(0.612950000000,0.812700000000,0.078600000000),
double3(0.692850000000,0.831450000000,0.223333333333),
double3(0.643350000000,0.801625000000,0.053200000000),
double3(0.655300000000,0.801550000000,0.215566666667),
double3(0.819100000000,0.831425000000,0.258833333333),
double3(0.887050000000,0.812700000000,0.254733333333),
double3(0.807150000000,0.831450000000,0.110000000000),
double3(0.856650000000,0.801625000000,0.280133333333),
double3(0.844700000000,0.801550000000,0.117766666667),
double3(0.569100000000,0.793575000000,0.592166666667),
double3(0.625000000000,0.812500000000,0.333333333333),
double3(0.637050000000,0.812300000000,0.588066666667),
double3(0.595250000000,0.875000000000,0.606800000000),
double3(0.583100000000,0.875000000000,0.448833333333),
double3(0.625000000000,0.812500000000,0.500000000000),
double3(0.557150000000,0.793550000000,0.443333333333),
double3(0.504800000000,0.750000000000,0.559233333333),
double3(0.554550000000,0.750000000000,0.515333333333),
double3(0.606650000000,0.823375000000,0.613466666667),
double3(0.594700000000,0.823450000000,0.451100000000),
double3(0.549350000000,0.750000000000,0.564666666667),
double3(0.540950000000,0.750000000000,0.460700000000),
double3(0.930900000000,0.793575000000,0.407833333333),
double3(0.875000000000,0.812500000000,0.333333333333),
double3(0.862950000000,0.812300000000,0.411933333333),
double3(0.904750000000,0.875000000000,0.393200000000),
double3(0.916900000000,0.875000000000,0.551166666667),
double3(0.875000000000,0.812500000000,0.500000000000),
double3(0.942850000000,0.793550000000,0.556666666667),
double3(0.995200000000,0.750000000000,0.440766666667),
double3(0.945450000000,0.750000000000,0.484666666667),
double3(0.893350000000,0.823375000000,0.386533333333),
double3(0.905300000000,0.823450000000,0.548900000000),
double3(0.950650000000,0.750000000000,0.435333333333),
double3(0.959050000000,0.750000000000,0.539300000000),
double3(0.930900000000,0.956425000000,0.407833333333),
double3(0.875000000000,0.937500000000,0.333333333333),
double3(0.862950000000,0.937700000000,0.411933333333),
double3(0.875000000000,0.937500000000,0.500000000000),
double3(0.942850000000,0.956450000000,0.556666666667),
double3(0.893350000000,0.926625000000,0.386533333333),
double3(0.905300000000,0.926550000000,0.548900000000),
double3(0.569100000000,0.956425000000,0.592166666667),
double3(0.625000000000,0.937500000000,0.333333333333),
double3(0.637050000000,0.937700000000,0.588066666667),
double3(0.625000000000,0.937500000000,0.500000000000),
double3(0.557150000000,0.956450000000,0.443333333333),
double3(0.606650000000,0.926625000000,0.613466666667),
double3(0.594700000000,0.926550000000,0.451100000000),
double3(0.819100000000,0.918575000000,0.592166666667),
double3(0.887050000000,0.937300000000,0.588066666667),
double3(0.845250000000,0.750000000000,0.606800000000),
double3(0.833100000000,0.750000000000,0.448833333333),
double3(0.807150000000,0.918550000000,0.443333333333),
double3(0.754800000000,0.875000000000,0.559233333333),
double3(0.804550000000,0.875000000000,0.515333333333),
double3(0.856650000000,0.948375000000,0.613466666667),
double3(0.844700000000,0.948450000000,0.451100000000),
double3(0.799350000000,0.875000000000,0.564666666667),
double3(0.790950000000,0.875000000000,0.460700000000),
double3(0.680900000000,0.918575000000,0.407833333333),
double3(0.612950000000,0.937300000000,0.411933333333),
double3(0.654750000000,0.750000000000,0.393200000000),
double3(0.666900000000,0.750000000000,0.551166666667),
double3(0.692850000000,0.918550000000,0.556666666667),
double3(0.745200000000,0.875000000000,0.440766666667),
double3(0.695450000000,0.875000000000,0.484666666667),
double3(0.643350000000,0.948375000000,0.386533333333),
double3(0.655300000000,0.948450000000,0.548900000000),
double3(0.700650000000,0.875000000000,0.435333333333),
double3(0.709050000000,0.875000000000,0.539300000000),
double3(0.680900000000,0.831425000000,0.407833333333),
double3(0.612950000000,0.812700000000,0.411933333333),
double3(0.692850000000,0.831450000000,0.556666666667),
double3(0.643350000000,0.801625000000,0.386533333333),
double3(0.655300000000,0.801550000000,0.548900000000),
double3(0.819100000000,0.831425000000,0.592166666667),
double3(0.887050000000,0.812700000000,0.588066666667),
double3(0.807150000000,0.831450000000,0.443333333333),
double3(0.856650000000,0.801625000000,0.613466666667),
double3(0.844700000000,0.801550000000,0.451100000000),
double3(0.569100000000,0.793575000000,0.925500000000),
double3(0.625000000000,0.812500000000,0.666666666667),
double3(0.637050000000,0.812300000000,0.921400000000),
double3(0.595250000000,0.875000000000,0.940133333333),
double3(0.583100000000,0.875000000000,0.782166666667),
double3(0.625000000000,0.812500000000,0.833333333333),
double3(0.557150000000,0.793550000000,0.776666666667),
double3(0.504800000000,0.750000000000,0.892566666667),
double3(0.554550000000,0.750000000000,0.848666666667),
double3(0.606650000000,0.823375000000,0.946800000000),
double3(0.594700000000,0.823450000000,0.784433333333),
double3(0.549350000000,0.750000000000,0.898000000000),
double3(0.540950000000,0.750000000000,0.794033333333),
double3(0.930900000000,0.793575000000,0.741166666667),
double3(0.875000000000,0.812500000000,0.666666666667),
double3(0.862950000000,0.812300000000,0.745266666667),
double3(0.904750000000,0.875000000000,0.726533333333),
double3(0.916900000000,0.875000000000,0.884500000000),
double3(0.875000000000,0.812500000000,0.833333333333),
double3(0.942850000000,0.793550000000,0.890000000000),
double3(0.995200000000,0.750000000000,0.774100000000),
double3(0.945450000000,0.750000000000,0.818000000000),
double3(0.893350000000,0.823375000000,0.719866666667),
double3(0.905300000000,0.823450000000,0.882233333333),
double3(0.950650000000,0.750000000000,0.768666666667),
double3(0.959050000000,0.750000000000,0.872633333333),
double3(0.930900000000,0.956425000000,0.741166666667),
double3(0.875000000000,0.937500000000,0.666666666667),
double3(0.862950000000,0.937700000000,0.745266666667),
double3(0.875000000000,0.937500000000,0.833333333333),
double3(0.942850000000,0.956450000000,0.890000000000),
double3(0.893350000000,0.926625000000,0.719866666667),
double3(0.905300000000,0.926550000000,0.882233333333),
double3(0.569100000000,0.956425000000,0.925500000000),
double3(0.625000000000,0.937500000000,0.666666666667),
double3(0.637050000000,0.937700000000,0.921400000000),
double3(0.625000000000,0.937500000000,0.833333333333),
double3(0.557150000000,0.956450000000,0.776666666667),
double3(0.606650000000,0.926625000000,0.946800000000),
double3(0.594700000000,0.926550000000,0.784433333333),
double3(0.819100000000,0.918575000000,0.925500000000),
double3(0.887050000000,0.937300000000,0.921400000000),
double3(0.845250000000,0.750000000000,0.940133333333),
double3(0.833100000000,0.750000000000,0.782166666667),
double3(0.807150000000,0.918550000000,0.776666666667),
double3(0.754800000000,0.875000000000,0.892566666667),
double3(0.804550000000,0.875000000000,0.848666666667),
double3(0.856650000000,0.948375000000,0.946800000000),
double3(0.844700000000,0.948450000000,0.784433333333),
double3(0.799350000000,0.875000000000,0.898000000000),
double3(0.790950000000,0.875000000000,0.794033333333),
double3(0.680900000000,0.918575000000,0.741166666667),
double3(0.612950000000,0.937300000000,0.745266666667),
double3(0.654750000000,0.750000000000,0.726533333333),
double3(0.666900000000,0.750000000000,0.884500000000),
double3(0.692850000000,0.918550000000,0.890000000000),
double3(0.745200000000,0.875000000000,0.774100000000),
double3(0.695450000000,0.875000000000,0.818000000000),
double3(0.643350000000,0.948375000000,0.719866666667),
double3(0.655300000000,0.948450000000,0.882233333333),
double3(0.700650000000,0.875000000000,0.768666666667),
double3(0.709050000000,0.875000000000,0.872633333333),
double3(0.680900000000,0.831425000000,0.741166666667),
double3(0.612950000000,0.812700000000,0.745266666667),
double3(0.692850000000,0.831450000000,0.890000000000),
double3(0.643350000000,0.801625000000,0.719866666667),
double3(0.655300000000,0.801550000000,0.882233333333),
double3(0.819100000000,0.831425000000,0.925500000000),
double3(0.887050000000,0.812700000000,0.921400000000),
double3(0.807150000000,0.831450000000,0.776666666667),
double3(0.856650000000,0.801625000000,0.946800000000),
double3(0.844700000000,0.801550000000,0.784433333333),
