[double3(15.949900000000,0.000000000000,0.000000000000),double3(-7.974950000000,13.813018587821,0.000000000000),double3(0.000000000000,0.000000000000,31.079600000000)]

double3(0.237300000000,0.166750000000,0.031900000000),
double3(0.185550000000,0.218450000000,0.064000000000),
double3(0.112650000000,0.225350000000,0.114900000000),
double3(0.136050000000,0.272150000000,0.201800000000),
double3(0.166650000000,0.333350000000,0.076500000000),
double3(0.220350000000,0.165250000000,0.982900000000),
double3(0.294000000000,0.206000000000,0.036300000000),
double3(0.228300000000,0.114150000000,0.045500000000),
double3(0.206550000000,0.181850000000,0.062900000000),
double3(0.228300000000,0.271700000000,0.077100000000),
double3(0.141250000000,0.198950000000,0.097700000000),
double3(0.114750000000,0.229450000000,0.166700000000),
double3(0.193850000000,0.306150000000,0.196100000000),
double3(0.125250000000,0.250550000000,0.250000000000),
double3(0.139350000000,0.278650000000,0.094200000000),
double3(0.166650000000,0.333350000000,0.024700000000),
double3(0.070550000000,0.237300000000,0.531900000000),
double3(0.467100000000,0.185550000000,0.564000000000),
double3(0.387300000000,0.112650000000,0.614900000000),
double3(0.363900000000,0.136050000000,0.701800000000),
double3(0.333300000000,0.166650000000,0.576500000000),
double3(0.055100000000,0.220350000000,0.482900000000),
double3(0.088000000000,0.294000000000,0.536300000000),
double3(0.114150000000,0.228300000000,0.545500000000),
double3(0.024700000000,0.206550000000,0.562900000000),
double3(0.456600000000,0.228300000000,0.577100000000),
double3(0.442300000000,0.141250000000,0.597700000000),
double3(0.385300000000,0.114750000000,0.666700000000),
double3(0.387700000000,0.193850000000,0.696100000000),
double3(0.374700000000,0.125250000000,0.750000000000),
double3(0.360700000000,0.139350000000,0.594200000000),
double3(0.333300000000,0.166650000000,0.524700000000),
double3(0.333250000000,0.070550000000,0.031900000000),
double3(0.281550000000,0.467100000000,0.064000000000),
double3(0.274650000000,0.387300000000,0.114900000000),
double3(0.227850000000,0.363900000000,0.201800000000),
double3(0.334750000000,0.055100000000,0.982900000000),
double3(0.294000000000,0.088000000000,0.036300000000),
double3(0.385850000000,0.114150000000,0.045500000000),
double3(0.318150000000,0.024700000000,0.062900000000),
double3(0.228300000000,0.456600000000,0.077100000000),
double3(0.301050000000,0.442300000000,0.097700000000),
double3(0.270550000000,0.385300000000,0.166700000000),
double3(0.193850000000,0.387700000000,0.196100000000),
double3(0.249450000000,0.374700000000,0.250000000000),
double3(0.221350000000,0.360700000000,0.094200000000),
double3(0.262700000000,0.333250000000,0.531900000000),
double3(0.314450000000,0.281550000000,0.564000000000),
double3(0.387350000000,0.274650000000,0.614900000000),
double3(0.363950000000,0.227850000000,0.701800000000),
double3(0.279650000000,0.334750000000,0.482900000000),
double3(0.206000000000,0.294000000000,0.536300000000),
double3(0.271700000000,0.385850000000,0.545500000000),
double3(0.293450000000,0.318150000000,0.562900000000),
double3(0.271700000000,0.228300000000,0.577100000000),
double3(0.358750000000,0.301050000000,0.597700000000),
double3(0.385250000000,0.270550000000,0.666700000000),
double3(0.306150000000,0.193850000000,0.696100000000),
double3(0.374750000000,0.249450000000,0.750000000000),
double3(0.360650000000,0.221350000000,0.594200000000),
double3(0.429450000000,0.262700000000,0.031900000000),
double3(0.032900000000,0.314450000000,0.064000000000),
double3(0.112700000000,0.387350000000,0.114900000000),
double3(0.136100000000,0.363950000000,0.201800000000),
double3(0.444900000000,0.279650000000,0.982900000000),
double3(0.412000000000,0.206000000000,0.036300000000),
double3(0.385850000000,0.271700000000,0.045500000000),
double3(0.475300000000,0.293450000000,0.062900000000),
double3(0.043400000000,0.271700000000,0.077100000000),
double3(0.057700000000,0.358750000000,0.097700000000),
double3(0.114700000000,0.385250000000,0.166700000000),
double3(0.112300000000,0.306150000000,0.196100000000),
double3(0.125300000000,0.374750000000,0.250000000000),
double3(0.139300000000,0.360650000000,0.094200000000),
double3(0.166750000000,0.429450000000,0.531900000000),
double3(0.218450000000,0.032900000000,0.564000000000),
double3(0.225350000000,0.112700000000,0.614900000000),
double3(0.272150000000,0.136100000000,0.701800000000),
double3(0.165250000000,0.444900000000,0.482900000000),
double3(0.206000000000,0.412000000000,0.536300000000),
double3(0.114150000000,0.385850000000,0.545500000000),
double3(0.181850000000,0.475300000000,0.562900000000),
double3(0.271700000000,0.043400000000,0.577100000000),
double3(0.198950000000,0.057700000000,0.597700000000),
double3(0.229450000000,0.114700000000,0.666700000000),
double3(0.306150000000,0.112300000000,0.696100000000),
double3(0.250550000000,0.125300000000,0.750000000000),
double3(0.278650000000,0.139300000000,0.594200000000),
double3(0.333250000000,0.262700000000,0.468100000000),
double3(0.281550000000,0.314450000000,0.436000000000),
double3(0.274650000000,0.387350000000,0.385100000000),
double3(0.227850000000,0.363950000000,0.298200000000),
double3(0.166650000000,0.333350000000,0.423500000000),
double3(0.334750000000,0.279650000000,0.517100000000),
double3(0.294000000000,0.206000000000,0.463700000000),
double3(0.385850000000,0.271700000000,0.454500000000),
double3(0.318150000000,0.293450000000,0.437100000000),
double3(0.228300000000,0.271700000000,0.422900000000),
double3(0.301050000000,0.358750000000,0.402300000000),
double3(0.270550000000,0.385250000000,0.333300000000),
double3(0.193850000000,0.306150000000,0.303900000000),
double3(0.221350000000,0.360650000000,0.405800000000),
double3(0.166650000000,0.333350000000,0.475300000000),
double3(0.070550000000,0.333250000000,0.968100000000),
double3(0.467100000000,0.281550000000,0.936000000000),
double3(0.387300000000,0.274650000000,0.885100000000),
double3(0.363900000000,0.227850000000,0.798200000000),
double3(0.333300000000,0.166650000000,0.923500000000),
double3(0.055100000000,0.334750000000,0.017100000000),
double3(0.088000000000,0.294000000000,0.963700000000),
double3(0.114150000000,0.385850000000,0.954500000000),
double3(0.024700000000,0.318150000000,0.937100000000),
double3(0.456600000000,0.228300000000,0.922900000000),
double3(0.442300000000,0.301050000000,0.902300000000),
double3(0.385300000000,0.270550000000,0.833300000000),
double3(0.387700000000,0.193850000000,0.803900000000),
double3(0.360700000000,0.221350000000,0.905800000000),
double3(0.333300000000,0.166650000000,0.975300000000),
double3(0.237300000000,0.070550000000,0.468100000000),
double3(0.185550000000,0.467100000000,0.436000000000),
double3(0.112650000000,0.387300000000,0.385100000000),
double3(0.136050000000,0.363900000000,0.298200000000),
double3(0.220350000000,0.055100000000,0.517100000000),
double3(0.294000000000,0.088000000000,0.463700000000),
double3(0.228300000000,0.114150000000,0.454500000000),
double3(0.206550000000,0.024700000000,0.437100000000),
double3(0.228300000000,0.456600000000,0.422900000000),
double3(0.141250000000,0.442300000000,0.402300000000),
double3(0.114750000000,0.385300000000,0.333300000000),
double3(0.193850000000,0.387700000000,0.303900000000),
double3(0.139350000000,0.360700000000,0.405800000000),
double3(0.166750000000,0.237300000000,0.968100000000),
double3(0.218450000000,0.185550000000,0.936000000000),
double3(0.225350000000,0.112650000000,0.885100000000),
double3(0.272150000000,0.136050000000,0.798200000000),
double3(0.165250000000,0.220350000000,0.017100000000),
double3(0.206000000000,0.294000000000,0.963700000000),
double3(0.114150000000,0.228300000000,0.954500000000),
double3(0.181850000000,0.206550000000,0.937100000000),
double3(0.271700000000,0.228300000000,0.922900000000),
double3(0.198950000000,0.141250000000,0.902300000000),
double3(0.229450000000,0.114750000000,0.833300000000),
double3(0.306150000000,0.193850000000,0.803900000000),
double3(0.278650000000,0.139350000000,0.905800000000),
double3(0.429450000000,0.166750000000,0.468100000000),
double3(0.032900000000,0.218450000000,0.436000000000),
double3(0.112700000000,0.225350000000,0.385100000000),
double3(0.136100000000,0.272150000000,0.298200000000),
double3(0.444900000000,0.165250000000,0.517100000000),
double3(0.412000000000,0.206000000000,0.463700000000),
double3(0.385850000000,0.114150000000,0.454500000000),
double3(0.475300000000,0.181850000000,0.437100000000),
double3(0.043400000000,0.271700000000,0.422900000000),
double3(0.057700000000,0.198950000000,0.402300000000),
double3(0.114700000000,0.229450000000,0.333300000000),
double3(0.112300000000,0.306150000000,0.303900000000),
double3(0.139300000000,0.278650000000,0.405800000000),
double3(0.262700000000,0.429450000000,0.968100000000),
double3(0.314450000000,0.032900000000,0.936000000000),
double3(0.387350000000,0.112700000000,0.885100000000),
double3(0.363950000000,0.136100000000,0.798200000000),
double3(0.279650000000,0.444900000000,0.017100000000),
double3(0.206000000000,0.412000000000,0.963700000000),
double3(0.271700000000,0.385850000000,0.954500000000),
double3(0.293450000000,0.475300000000,0.937100000000),
double3(0.271700000000,0.043400000000,0.922900000000),
double3(0.358750000000,0.057700000000,0.902300000000),
double3(0.385250000000,0.114700000000,0.833300000000),
double3(0.306150000000,0.112300000000,0.803900000000),
double3(0.360650000000,0.139300000000,0.905800000000),
double3(0.262700000000,0.333250000000,0.968100000000),
double3(0.314450000000,0.281550000000,0.936000000000),
double3(0.279650000000,0.334750000000,0.017100000000),
double3(0.293450000000,0.318150000000,0.937100000000),
double3(0.358750000000,0.301050000000,0.902300000000),
double3(0.429450000000,0.262700000000,0.468100000000),
double3(0.032900000000,0.314450000000,0.436000000000),
double3(0.444900000000,0.279650000000,0.517100000000),
double3(0.475300000000,0.293450000000,0.437100000000),
double3(0.057700000000,0.358750000000,0.402300000000),
double3(0.166750000000,0.429450000000,0.968100000000),
double3(0.218450000000,0.032900000000,0.936000000000),
double3(0.165250000000,0.444900000000,0.017100000000),
double3(0.181850000000,0.475300000000,0.937100000000),
double3(0.198950000000,0.057700000000,0.902300000000),
double3(0.237300000000,0.166750000000,0.468100000000),
double3(0.185550000000,0.218450000000,0.436000000000),
double3(0.220350000000,0.165250000000,0.517100000000),
double3(0.206550000000,0.181850000000,0.437100000000),
double3(0.141250000000,0.198950000000,0.402300000000),
double3(0.070550000000,0.237300000000,0.968100000000),
double3(0.467100000000,0.185550000000,0.936000000000),
double3(0.055100000000,0.220350000000,0.017100000000),
double3(0.024700000000,0.206550000000,0.937100000000),
double3(0.442300000000,0.141250000000,0.902300000000),
double3(0.333250000000,0.070550000000,0.468100000000),
double3(0.281550000000,0.467100000000,0.436000000000),
double3(0.334750000000,0.055100000000,0.517100000000),
double3(0.318150000000,0.024700000000,0.437100000000),
double3(0.301050000000,0.442300000000,0.402300000000),
double3(0.166750000000,0.237300000000,0.531900000000),
double3(0.218450000000,0.185550000000,0.564000000000),
double3(0.165250000000,0.220350000000,0.482900000000),
double3(0.181850000000,0.206550000000,0.562900000000),
double3(0.198950000000,0.141250000000,0.597700000000),
double3(0.429450000000,0.166750000000,0.031900000000),
double3(0.032900000000,0.218450000000,0.064000000000),
double3(0.444900000000,0.165250000000,0.982900000000),
double3(0.475300000000,0.181850000000,0.062900000000),
double3(0.057700000000,0.198950000000,0.097700000000),
double3(0.262700000000,0.429450000000,0.531900000000),
double3(0.314450000000,0.032900000000,0.564000000000),
double3(0.279650000000,0.444900000000,0.482900000000),
double3(0.293450000000,0.475300000000,0.562900000000),
double3(0.358750000000,0.057700000000,0.597700000000),
double3(0.333250000000,0.262700000000,0.031900000000),
double3(0.281550000000,0.314450000000,0.064000000000),
double3(0.334750000000,0.279650000000,0.982900000000),
double3(0.318150000000,0.293450000000,0.062900000000),
double3(0.301050000000,0.358750000000,0.097700000000),
double3(0.070550000000,0.333250000000,0.531900000000),
double3(0.467100000000,0.281550000000,0.564000000000),
double3(0.055100000000,0.334750000000,0.482900000000),
double3(0.024700000000,0.318150000000,0.562900000000),
double3(0.442300000000,0.301050000000,0.597700000000),
double3(0.237300000000,0.070550000000,0.031900000000),
double3(0.185550000000,0.467100000000,0.064000000000),
double3(0.220350000000,0.055100000000,0.982900000000),
double3(0.206550000000,0.024700000000,0.062900000000),
double3(0.141250000000,0.442300000000,0.097700000000),
double3(0.237300000000,0.666750000000,0.031900000000),
double3(0.185550000000,0.718450000000,0.064000000000),
double3(0.112650000000,0.725350000000,0.114900000000),
double3(0.136050000000,0.772150000000,0.201800000000),
double3(0.166650000000,0.833350000000,0.076500000000),
double3(0.220350000000,0.665250000000,0.982900000000),
double3(0.294000000000,0.706000000000,0.036300000000),
double3(0.228300000000,0.614150000000,0.045500000000),
double3(0.206550000000,0.681850000000,0.062900000000),
double3(0.228300000000,0.771700000000,0.077100000000),
double3(0.141250000000,0.698950000000,0.097700000000),
double3(0.114750000000,0.729450000000,0.166700000000),
double3(0.193850000000,0.806150000000,0.196100000000),
double3(0.125250000000,0.750550000000,0.250000000000),
double3(0.139350000000,0.778650000000,0.094200000000),
double3(0.166650000000,0.833350000000,0.024700000000),
double3(0.070550000000,0.737300000000,0.531900000000),
double3(0.467100000000,0.685550000000,0.564000000000),
double3(0.387300000000,0.612650000000,0.614900000000),
double3(0.363900000000,0.636050000000,0.701800000000),
double3(0.333300000000,0.666650000000,0.576500000000),
double3(0.055100000000,0.720350000000,0.482900000000),
double3(0.088000000000,0.794000000000,0.536300000000),
double3(0.114150000000,0.728300000000,0.545500000000),
double3(0.024700000000,0.706550000000,0.562900000000),
double3(0.456600000000,0.728300000000,0.577100000000),
double3(0.442300000000,0.641250000000,0.597700000000),
double3(0.385300000000,0.614750000000,0.666700000000),
double3(0.387700000000,0.693850000000,0.696100000000),
double3(0.374700000000,0.625250000000,0.750000000000),
double3(0.360700000000,0.639350000000,0.594200000000),
double3(0.333300000000,0.666650000000,0.524700000000),
double3(0.333250000000,0.570550000000,0.031900000000),
double3(0.281550000000,0.967100000000,0.064000000000),
double3(0.274650000000,0.887300000000,0.114900000000),
double3(0.227850000000,0.863900000000,0.201800000000),
double3(0.334750000000,0.555100000000,0.982900000000),
double3(0.294000000000,0.588000000000,0.036300000000),
double3(0.385850000000,0.614150000000,0.045500000000),
double3(0.318150000000,0.524700000000,0.062900000000),
double3(0.228300000000,0.956600000000,0.077100000000),
double3(0.301050000000,0.942300000000,0.097700000000),
double3(0.270550000000,0.885300000000,0.166700000000),
double3(0.193850000000,0.887700000000,0.196100000000),
double3(0.249450000000,0.874700000000,0.250000000000),
double3(0.221350000000,0.860700000000,0.094200000000),
double3(0.262700000000,0.833250000000,0.531900000000),
double3(0.314450000000,0.781550000000,0.564000000000),
double3(0.387350000000,0.774650000000,0.614900000000),
double3(0.363950000000,0.727850000000,0.701800000000),
double3(0.279650000000,0.834750000000,0.482900000000),
double3(0.206000000000,0.794000000000,0.536300000000),
double3(0.271700000000,0.885850000000,0.545500000000),
double3(0.293450000000,0.818150000000,0.562900000000),
double3(0.271700000000,0.728300000000,0.577100000000),
double3(0.358750000000,0.801050000000,0.597700000000),
double3(0.385250000000,0.770550000000,0.666700000000),
double3(0.306150000000,0.693850000000,0.696100000000),
double3(0.374750000000,0.749450000000,0.750000000000),
double3(0.360650000000,0.721350000000,0.594200000000),
double3(0.429450000000,0.762700000000,0.031900000000),
double3(0.032900000000,0.814450000000,0.064000000000),
double3(0.112700000000,0.887350000000,0.114900000000),
double3(0.136100000000,0.863950000000,0.201800000000),
double3(0.444900000000,0.779650000000,0.982900000000),
double3(0.412000000000,0.706000000000,0.036300000000),
double3(0.385850000000,0.771700000000,0.045500000000),
double3(0.475300000000,0.793450000000,0.062900000000),
double3(0.043400000000,0.771700000000,0.077100000000),
double3(0.057700000000,0.858750000000,0.097700000000),
double3(0.114700000000,0.885250000000,0.166700000000),
double3(0.112300000000,0.806150000000,0.196100000000),
double3(0.125300000000,0.874750000000,0.250000000000),
double3(0.139300000000,0.860650000000,0.094200000000),
double3(0.166750000000,0.929450000000,0.531900000000),
double3(0.218450000000,0.532900000000,0.564000000000),
double3(0.225350000000,0.612700000000,0.614900000000),
double3(0.272150000000,0.636100000000,0.701800000000),
double3(0.165250000000,0.944900000000,0.482900000000),
double3(0.206000000000,0.912000000000,0.536300000000),
double3(0.114150000000,0.885850000000,0.545500000000),
double3(0.181850000000,0.975300000000,0.562900000000),
double3(0.271700000000,0.543400000000,0.577100000000),
double3(0.198950000000,0.557700000000,0.597700000000),
double3(0.229450000000,0.614700000000,0.666700000000),
double3(0.306150000000,0.612300000000,0.696100000000),
double3(0.250550000000,0.625300000000,0.750000000000),
double3(0.278650000000,0.639300000000,0.594200000000),
double3(0.333250000000,0.762700000000,0.468100000000),
double3(0.281550000000,0.814450000000,0.436000000000),
double3(0.274650000000,0.887350000000,0.385100000000),
double3(0.227850000000,0.863950000000,0.298200000000),
double3(0.166650000000,0.833350000000,0.423500000000),
double3(0.334750000000,0.779650000000,0.517100000000),
double3(0.294000000000,0.706000000000,0.463700000000),
double3(0.385850000000,0.771700000000,0.454500000000),
double3(0.318150000000,0.793450000000,0.437100000000),
double3(0.228300000000,0.771700000000,0.422900000000),
double3(0.301050000000,0.858750000000,0.402300000000),
double3(0.270550000000,0.885250000000,0.333300000000),
double3(0.193850000000,0.806150000000,0.303900000000),
double3(0.221350000000,0.860650000000,0.405800000000),
double3(0.166650000000,0.833350000000,0.475300000000),
double3(0.070550000000,0.833250000000,0.968100000000),
double3(0.467100000000,0.781550000000,0.936000000000),
double3(0.387300000000,0.774650000000,0.885100000000),
double3(0.363900000000,0.727850000000,0.798200000000),
double3(0.333300000000,0.666650000000,0.923500000000),
double3(0.055100000000,0.834750000000,0.017100000000),
double3(0.088000000000,0.794000000000,0.963700000000),
double3(0.114150000000,0.885850000000,0.954500000000),
double3(0.024700000000,0.818150000000,0.937100000000),
double3(0.456600000000,0.728300000000,0.922900000000),
double3(0.442300000000,0.801050000000,0.902300000000),
double3(0.385300000000,0.770550000000,0.833300000000),
double3(0.387700000000,0.693850000000,0.803900000000),
double3(0.360700000000,0.721350000000,0.905800000000),
double3(0.333300000000,0.666650000000,0.975300000000),
double3(0.237300000000,0.570550000000,0.468100000000),
double3(0.185550000000,0.967100000000,0.436000000000),
double3(0.112650000000,0.887300000000,0.385100000000),
double3(0.136050000000,0.863900000000,0.298200000000),
double3(0.220350000000,0.555100000000,0.517100000000),
double3(0.294000000000,0.588000000000,0.463700000000),
double3(0.228300000000,0.614150000000,0.454500000000),
double3(0.206550000000,0.524700000000,0.437100000000),
double3(0.228300000000,0.956600000000,0.422900000000),
double3(0.141250000000,0.942300000000,0.402300000000),
double3(0.114750000000,0.885300000000,0.333300000000),
double3(0.193850000000,0.887700000000,0.303900000000),
double3(0.139350000000,0.860700000000,0.405800000000),
double3(0.166750000000,0.737300000000,0.968100000000),
double3(0.218450000000,0.685550000000,0.936000000000),
double3(0.225350000000,0.612650000000,0.885100000000),
double3(0.272150000000,0.636050000000,0.798200000000),
double3(0.165250000000,0.720350000000,0.017100000000),
double3(0.206000000000,0.794000000000,0.963700000000),
double3(0.114150000000,0.728300000000,0.954500000000),
double3(0.181850000000,0.706550000000,0.937100000000),
double3(0.271700000000,0.728300000000,0.922900000000),
double3(0.198950000000,0.641250000000,0.902300000000),
double3(0.229450000000,0.614750000000,0.833300000000),
double3(0.306150000000,0.693850000000,0.803900000000),
double3(0.278650000000,0.639350000000,0.905800000000),
double3(0.429450000000,0.666750000000,0.468100000000),
double3(0.032900000000,0.718450000000,0.436000000000),
double3(0.112700000000,0.725350000000,0.385100000000),
double3(0.136100000000,0.772150000000,0.298200000000),
double3(0.444900000000,0.665250000000,0.517100000000),
double3(0.412000000000,0.706000000000,0.463700000000),
double3(0.385850000000,0.614150000000,0.454500000000),
double3(0.475300000000,0.681850000000,0.437100000000),
double3(0.043400000000,0.771700000000,0.422900000000),
double3(0.057700000000,0.698950000000,0.402300000000),
double3(0.114700000000,0.729450000000,0.333300000000),
double3(0.112300000000,0.806150000000,0.303900000000),
double3(0.139300000000,0.778650000000,0.405800000000),
double3(0.262700000000,0.929450000000,0.968100000000),
double3(0.314450000000,0.532900000000,0.936000000000),
double3(0.387350000000,0.612700000000,0.885100000000),
double3(0.363950000000,0.636100000000,0.798200000000),
double3(0.279650000000,0.944900000000,0.017100000000),
double3(0.206000000000,0.912000000000,0.963700000000),
double3(0.271700000000,0.885850000000,0.954500000000),
double3(0.293450000000,0.975300000000,0.937100000000),
double3(0.271700000000,0.543400000000,0.922900000000),
double3(0.358750000000,0.557700000000,0.902300000000),
double3(0.385250000000,0.614700000000,0.833300000000),
double3(0.306150000000,0.612300000000,0.803900000000),
double3(0.360650000000,0.639300000000,0.905800000000),
double3(0.262700000000,0.833250000000,0.968100000000),
double3(0.314450000000,0.781550000000,0.936000000000),
double3(0.279650000000,0.834750000000,0.017100000000),
double3(0.293450000000,0.818150000000,0.937100000000),
double3(0.358750000000,0.801050000000,0.902300000000),
double3(0.429450000000,0.762700000000,0.468100000000),
double3(0.032900000000,0.814450000000,0.436000000000),
double3(0.444900000000,0.779650000000,0.517100000000),
double3(0.475300000000,0.793450000000,0.437100000000),
double3(0.057700000000,0.858750000000,0.402300000000),
double3(0.166750000000,0.929450000000,0.968100000000),
double3(0.218450000000,0.532900000000,0.936000000000),
double3(0.165250000000,0.944900000000,0.017100000000),
double3(0.181850000000,0.975300000000,0.937100000000),
double3(0.198950000000,0.557700000000,0.902300000000),
double3(0.237300000000,0.666750000000,0.468100000000),
double3(0.185550000000,0.718450000000,0.436000000000),
double3(0.220350000000,0.665250000000,0.517100000000),
double3(0.206550000000,0.681850000000,0.437100000000),
double3(0.141250000000,0.698950000000,0.402300000000),
double3(0.070550000000,0.737300000000,0.968100000000),
double3(0.467100000000,0.685550000000,0.936000000000),
double3(0.055100000000,0.720350000000,0.017100000000),
double3(0.024700000000,0.706550000000,0.937100000000),
double3(0.442300000000,0.641250000000,0.902300000000),
double3(0.333250000000,0.570550000000,0.468100000000),
double3(0.281550000000,0.967100000000,0.436000000000),
double3(0.334750000000,0.555100000000,0.517100000000),
double3(0.318150000000,0.524700000000,0.437100000000),
double3(0.301050000000,0.942300000000,0.402300000000),
double3(0.166750000000,0.737300000000,0.531900000000),
double3(0.218450000000,0.685550000000,0.564000000000),
double3(0.165250000000,0.720350000000,0.482900000000),
double3(0.181850000000,0.706550000000,0.562900000000),
double3(0.198950000000,0.641250000000,0.597700000000),
double3(0.429450000000,0.666750000000,0.031900000000),
double3(0.032900000000,0.718450000000,0.064000000000),
double3(0.444900000000,0.665250000000,0.982900000000),
double3(0.475300000000,0.681850000000,0.062900000000),
double3(0.057700000000,0.698950000000,0.097700000000),
double3(0.262700000000,0.929450000000,0.531900000000),
double3(0.314450000000,0.532900000000,0.564000000000),
double3(0.279650000000,0.944900000000,0.482900000000),
double3(0.293450000000,0.975300000000,0.562900000000),
double3(0.358750000000,0.557700000000,0.597700000000),
double3(0.333250000000,0.762700000000,0.031900000000),
double3(0.281550000000,0.814450000000,0.064000000000),
double3(0.334750000000,0.779650000000,0.982900000000),
double3(0.318150000000,0.793450000000,0.062900000000),
double3(0.301050000000,0.858750000000,0.097700000000),
double3(0.070550000000,0.833250000000,0.531900000000),
double3(0.467100000000,0.781550000000,0.564000000000),
double3(0.055100000000,0.834750000000,0.482900000000),
double3(0.024700000000,0.818150000000,0.562900000000),
double3(0.442300000000,0.801050000000,0.597700000000),
double3(0.237300000000,0.570550000000,0.031900000000),
double3(0.185550000000,0.967100000000,0.064000000000),
double3(0.220350000000,0.555100000000,0.982900000000),
double3(0.206550000000,0.524700000000,0.062900000000),
double3(0.141250000000,0.942300000000,0.097700000000),
double3(0.737300000000,0.166750000000,0.031900000000),
double3(0.685550000000,0.218450000000,0.064000000000),
double3(0.612650000000,0.225350000000,0.114900000000),
double3(0.636050000000,0.272150000000,0.201800000000),
double3(0.666650000000,0.333350000000,0.076500000000),
double3(0.720350000000,0.165250000000,0.982900000000),
double3(0.794000000000,0.206000000000,0.036300000000),
double3(0.728300000000,0.114150000000,0.045500000000),
double3(0.706550000000,0.181850000000,0.062900000000),
double3(0.728300000000,0.271700000000,0.077100000000),
double3(0.641250000000,0.198950000000,0.097700000000),
double3(0.614750000000,0.229450000000,0.166700000000),
double3(0.693850000000,0.306150000000,0.196100000000),
double3(0.625250000000,0.250550000000,0.250000000000),
double3(0.639350000000,0.278650000000,0.094200000000),
double3(0.666650000000,0.333350000000,0.024700000000),
double3(0.570550000000,0.237300000000,0.531900000000),
double3(0.967100000000,0.185550000000,0.564000000000),
double3(0.887300000000,0.112650000000,0.614900000000),
double3(0.863900000000,0.136050000000,0.701800000000),
double3(0.833300000000,0.166650000000,0.576500000000),
double3(0.555100000000,0.220350000000,0.482900000000),
double3(0.588000000000,0.294000000000,0.536300000000),
double3(0.614150000000,0.228300000000,0.545500000000),
double3(0.524700000000,0.206550000000,0.562900000000),
double3(0.956600000000,0.228300000000,0.577100000000),
double3(0.942300000000,0.141250000000,0.597700000000),
double3(0.885300000000,0.114750000000,0.666700000000),
double3(0.887700000000,0.193850000000,0.696100000000),
double3(0.874700000000,0.125250000000,0.750000000000),
double3(0.860700000000,0.139350000000,0.594200000000),
double3(0.833300000000,0.166650000000,0.524700000000),
double3(0.833250000000,0.070550000000,0.031900000000),
double3(0.781550000000,0.467100000000,0.064000000000),
double3(0.774650000000,0.387300000000,0.114900000000),
double3(0.727850000000,0.363900000000,0.201800000000),
double3(0.834750000000,0.055100000000,0.982900000000),
double3(0.794000000000,0.088000000000,0.036300000000),
double3(0.885850000000,0.114150000000,0.045500000000),
double3(0.818150000000,0.024700000000,0.062900000000),
double3(0.728300000000,0.456600000000,0.077100000000),
double3(0.801050000000,0.442300000000,0.097700000000),
double3(0.770550000000,0.385300000000,0.166700000000),
double3(0.693850000000,0.387700000000,0.196100000000),
double3(0.749450000000,0.374700000000,0.250000000000),
double3(0.721350000000,0.360700000000,0.094200000000),
double3(0.762700000000,0.333250000000,0.531900000000),
double3(0.814450000000,0.281550000000,0.564000000000),
double3(0.887350000000,0.274650000000,0.614900000000),
double3(0.863950000000,0.227850000000,0.701800000000),
double3(0.779650000000,0.334750000000,0.482900000000),
double3(0.706000000000,0.294000000000,0.536300000000),
double3(0.771700000000,0.385850000000,0.545500000000),
double3(0.793450000000,0.318150000000,0.562900000000),
double3(0.771700000000,0.228300000000,0.577100000000),
double3(0.858750000000,0.301050000000,0.597700000000),
double3(0.885250000000,0.270550000000,0.666700000000),
double3(0.806150000000,0.193850000000,0.696100000000),
double3(0.874750000000,0.249450000000,0.750000000000),
double3(0.860650000000,0.221350000000,0.594200000000),
double3(0.929450000000,0.262700000000,0.031900000000),
double3(0.532900000000,0.314450000000,0.064000000000),
double3(0.612700000000,0.387350000000,0.114900000000),
double3(0.636100000000,0.363950000000,0.201800000000),
double3(0.944900000000,0.279650000000,0.982900000000),
double3(0.912000000000,0.206000000000,0.036300000000),
double3(0.885850000000,0.271700000000,0.045500000000),
double3(0.975300000000,0.293450000000,0.062900000000),
double3(0.543400000000,0.271700000000,0.077100000000),
double3(0.557700000000,0.358750000000,0.097700000000),
double3(0.614700000000,0.385250000000,0.166700000000),
double3(0.612300000000,0.306150000000,0.196100000000),
double3(0.625300000000,0.374750000000,0.250000000000),
double3(0.639300000000,0.360650000000,0.094200000000),
double3(0.666750000000,0.429450000000,0.531900000000),
double3(0.718450000000,0.032900000000,0.564000000000),
double3(0.725350000000,0.112700000000,0.614900000000),
double3(0.772150000000,0.136100000000,0.701800000000),
double3(0.665250000000,0.444900000000,0.482900000000),
double3(0.706000000000,0.412000000000,0.536300000000),
double3(0.614150000000,0.385850000000,0.545500000000),
double3(0.681850000000,0.475300000000,0.562900000000),
double3(0.771700000000,0.043400000000,0.577100000000),
double3(0.698950000000,0.057700000000,0.597700000000),
double3(0.729450000000,0.114700000000,0.666700000000),
double3(0.806150000000,0.112300000000,0.696100000000),
double3(0.750550000000,0.125300000000,0.750000000000),
double3(0.778650000000,0.139300000000,0.594200000000),
double3(0.833250000000,0.262700000000,0.468100000000),
double3(0.781550000000,0.314450000000,0.436000000000),
double3(0.774650000000,0.387350000000,0.385100000000),
double3(0.727850000000,0.363950000000,0.298200000000),
double3(0.666650000000,0.333350000000,0.423500000000),
double3(0.834750000000,0.279650000000,0.517100000000),
double3(0.794000000000,0.206000000000,0.463700000000),
double3(0.885850000000,0.271700000000,0.454500000000),
double3(0.818150000000,0.293450000000,0.437100000000),
double3(0.728300000000,0.271700000000,0.422900000000),
double3(0.801050000000,0.358750000000,0.402300000000),
double3(0.770550000000,0.385250000000,0.333300000000),
double3(0.693850000000,0.306150000000,0.303900000000),
double3(0.721350000000,0.360650000000,0.405800000000),
double3(0.666650000000,0.333350000000,0.475300000000),
double3(0.570550000000,0.333250000000,0.968100000000),
double3(0.967100000000,0.281550000000,0.936000000000),
double3(0.887300000000,0.274650000000,0.885100000000),
double3(0.863900000000,0.227850000000,0.798200000000),
double3(0.833300000000,0.166650000000,0.923500000000),
double3(0.555100000000,0.334750000000,0.017100000000),
double3(0.588000000000,0.294000000000,0.963700000000),
double3(0.614150000000,0.385850000000,0.954500000000),
double3(0.524700000000,0.318150000000,0.937100000000),
double3(0.956600000000,0.228300000000,0.922900000000),
double3(0.942300000000,0.301050000000,0.902300000000),
double3(0.885300000000,0.270550000000,0.833300000000),
double3(0.887700000000,0.193850000000,0.803900000000),
double3(0.860700000000,0.221350000000,0.905800000000),
double3(0.833300000000,0.166650000000,0.975300000000),
double3(0.737300000000,0.070550000000,0.468100000000),
double3(0.685550000000,0.467100000000,0.436000000000),
double3(0.612650000000,0.387300000000,0.385100000000),
double3(0.636050000000,0.363900000000,0.298200000000),
double3(0.720350000000,0.055100000000,0.517100000000),
double3(0.794000000000,0.088000000000,0.463700000000),
double3(0.728300000000,0.114150000000,0.454500000000),
double3(0.706550000000,0.024700000000,0.437100000000),
double3(0.728300000000,0.456600000000,0.422900000000),
double3(0.641250000000,0.442300000000,0.402300000000),
double3(0.614750000000,0.385300000000,0.333300000000),
double3(0.693850000000,0.387700000000,0.303900000000),
double3(0.639350000000,0.360700000000,0.405800000000),
double3(0.666750000000,0.237300000000,0.968100000000),
double3(0.718450000000,0.185550000000,0.936000000000),
double3(0.725350000000,0.112650000000,0.885100000000),
double3(0.772150000000,0.136050000000,0.798200000000),
double3(0.665250000000,0.220350000000,0.017100000000),
double3(0.706000000000,0.294000000000,0.963700000000),
double3(0.614150000000,0.228300000000,0.954500000000),
double3(0.681850000000,0.206550000000,0.937100000000),
double3(0.771700000000,0.228300000000,0.922900000000),
double3(0.698950000000,0.141250000000,0.902300000000),
double3(0.729450000000,0.114750000000,0.833300000000),
double3(0.806150000000,0.193850000000,0.803900000000),
double3(0.778650000000,0.139350000000,0.905800000000),
double3(0.929450000000,0.166750000000,0.468100000000),
double3(0.532900000000,0.218450000000,0.436000000000),
double3(0.612700000000,0.225350000000,0.385100000000),
double3(0.636100000000,0.272150000000,0.298200000000),
double3(0.944900000000,0.165250000000,0.517100000000),
double3(0.912000000000,0.206000000000,0.463700000000),
double3(0.885850000000,0.114150000000,0.454500000000),
double3(0.975300000000,0.181850000000,0.437100000000),
double3(0.543400000000,0.271700000000,0.422900000000),
double3(0.557700000000,0.198950000000,0.402300000000),
double3(0.614700000000,0.229450000000,0.333300000000),
double3(0.612300000000,0.306150000000,0.303900000000),
double3(0.639300000000,0.278650000000,0.405800000000),
double3(0.762700000000,0.429450000000,0.968100000000),
double3(0.814450000000,0.032900000000,0.936000000000),
double3(0.887350000000,0.112700000000,0.885100000000),
double3(0.863950000000,0.136100000000,0.798200000000),
double3(0.779650000000,0.444900000000,0.017100000000),
double3(0.706000000000,0.412000000000,0.963700000000),
double3(0.771700000000,0.385850000000,0.954500000000),
double3(0.793450000000,0.475300000000,0.937100000000),
double3(0.771700000000,0.043400000000,0.922900000000),
double3(0.858750000000,0.057700000000,0.902300000000),
double3(0.885250000000,0.114700000000,0.833300000000),
double3(0.806150000000,0.112300000000,0.803900000000),
double3(0.860650000000,0.139300000000,0.905800000000),
double3(0.762700000000,0.333250000000,0.968100000000),
double3(0.814450000000,0.281550000000,0.936000000000),
double3(0.779650000000,0.334750000000,0.017100000000),
double3(0.793450000000,0.318150000000,0.937100000000),
double3(0.858750000000,0.301050000000,0.902300000000),
double3(0.929450000000,0.262700000000,0.468100000000),
double3(0.532900000000,0.314450000000,0.436000000000),
double3(0.944900000000,0.279650000000,0.517100000000),
double3(0.975300000000,0.293450000000,0.437100000000),
double3(0.557700000000,0.358750000000,0.402300000000),
double3(0.666750000000,0.429450000000,0.968100000000),
double3(0.718450000000,0.032900000000,0.936000000000),
double3(0.665250000000,0.444900000000,0.017100000000),
double3(0.681850000000,0.475300000000,0.937100000000),
double3(0.698950000000,0.057700000000,0.902300000000),
double3(0.737300000000,0.166750000000,0.468100000000),
double3(0.685550000000,0.218450000000,0.436000000000),
double3(0.720350000000,0.165250000000,0.517100000000),
double3(0.706550000000,0.181850000000,0.437100000000),
double3(0.641250000000,0.198950000000,0.402300000000),
double3(0.570550000000,0.237300000000,0.968100000000),
double3(0.967100000000,0.185550000000,0.936000000000),
double3(0.555100000000,0.220350000000,0.017100000000),
double3(0.524700000000,0.206550000000,0.937100000000),
double3(0.942300000000,0.141250000000,0.902300000000),
double3(0.833250000000,0.070550000000,0.468100000000),
double3(0.781550000000,0.467100000000,0.436000000000),
double3(0.834750000000,0.055100000000,0.517100000000),
double3(0.818150000000,0.024700000000,0.437100000000),
double3(0.801050000000,0.442300000000,0.402300000000),
double3(0.666750000000,0.237300000000,0.531900000000),
double3(0.718450000000,0.185550000000,0.564000000000),
double3(0.665250000000,0.220350000000,0.482900000000),
double3(0.681850000000,0.206550000000,0.562900000000),
double3(0.698950000000,0.141250000000,0.597700000000),
double3(0.929450000000,0.166750000000,0.031900000000),
double3(0.532900000000,0.218450000000,0.064000000000),
double3(0.944900000000,0.165250000000,0.982900000000),
double3(0.975300000000,0.181850000000,0.062900000000),
double3(0.557700000000,0.198950000000,0.097700000000),
double3(0.762700000000,0.429450000000,0.531900000000),
double3(0.814450000000,0.032900000000,0.564000000000),
double3(0.779650000000,0.444900000000,0.482900000000),
double3(0.793450000000,0.475300000000,0.562900000000),
double3(0.858750000000,0.057700000000,0.597700000000),
double3(0.833250000000,0.262700000000,0.031900000000),
double3(0.781550000000,0.314450000000,0.064000000000),
double3(0.834750000000,0.279650000000,0.982900000000),
double3(0.818150000000,0.293450000000,0.062900000000),
double3(0.801050000000,0.358750000000,0.097700000000),
double3(0.570550000000,0.333250000000,0.531900000000),
double3(0.967100000000,0.281550000000,0.564000000000),
double3(0.555100000000,0.334750000000,0.482900000000),
double3(0.524700000000,0.318150000000,0.562900000000),
double3(0.942300000000,0.301050000000,0.597700000000),
double3(0.737300000000,0.070550000000,0.031900000000),
double3(0.685550000000,0.467100000000,0.064000000000),
double3(0.720350000000,0.055100000000,0.982900000000),
double3(0.706550000000,0.024700000000,0.062900000000),
double3(0.641250000000,0.442300000000,0.097700000000),
double3(0.737300000000,0.666750000000,0.031900000000),
double3(0.685550000000,0.718450000000,0.064000000000),
double3(0.612650000000,0.725350000000,0.114900000000),
double3(0.636050000000,0.772150000000,0.201800000000),
double3(0.666650000000,0.833350000000,0.076500000000),
double3(0.720350000000,0.665250000000,0.982900000000),
double3(0.794000000000,0.706000000000,0.036300000000),
double3(0.728300000000,0.614150000000,0.045500000000),
double3(0.706550000000,0.681850000000,0.062900000000),
double3(0.728300000000,0.771700000000,0.077100000000),
double3(0.641250000000,0.698950000000,0.097700000000),
double3(0.614750000000,0.729450000000,0.166700000000),
double3(0.693850000000,0.806150000000,0.196100000000),
double3(0.625250000000,0.750550000000,0.250000000000),
double3(0.639350000000,0.778650000000,0.094200000000),
double3(0.666650000000,0.833350000000,0.024700000000),
double3(0.570550000000,0.737300000000,0.531900000000),
double3(0.967100000000,0.685550000000,0.564000000000),
double3(0.887300000000,0.612650000000,0.614900000000),
double3(0.863900000000,0.636050000000,0.701800000000),
double3(0.833300000000,0.666650000000,0.576500000000),
double3(0.555100000000,0.720350000000,0.482900000000),
double3(0.588000000000,0.794000000000,0.536300000000),
double3(0.614150000000,0.728300000000,0.545500000000),
double3(0.524700000000,0.706550000000,0.562900000000),
double3(0.956600000000,0.728300000000,0.577100000000),
double3(0.942300000000,0.641250000000,0.597700000000),
double3(0.885300000000,0.614750000000,0.666700000000),
double3(0.887700000000,0.693850000000,0.696100000000),
double3(0.874700000000,0.625250000000,0.750000000000),
double3(0.860700000000,0.639350000000,0.594200000000),
double3(0.833300000000,0.666650000000,0.524700000000),
double3(0.833250000000,0.570550000000,0.031900000000),
double3(0.781550000000,0.967100000000,0.064000000000),
double3(0.774650000000,0.887300000000,0.114900000000),
double3(0.727850000000,0.863900000000,0.201800000000),
double3(0.834750000000,0.555100000000,0.982900000000),
double3(0.794000000000,0.588000000000,0.036300000000),
double3(0.885850000000,0.614150000000,0.045500000000),
double3(0.818150000000,0.524700000000,0.062900000000),
double3(0.728300000000,0.956600000000,0.077100000000),
double3(0.801050000000,0.942300000000,0.097700000000),
double3(0.770550000000,0.885300000000,0.166700000000),
double3(0.693850000000,0.887700000000,0.196100000000),
double3(0.749450000000,0.874700000000,0.250000000000),
double3(0.721350000000,0.860700000000,0.094200000000),
double3(0.762700000000,0.833250000000,0.531900000000),
double3(0.814450000000,0.781550000000,0.564000000000),
double3(0.887350000000,0.774650000000,0.614900000000),
double3(0.863950000000,0.727850000000,0.701800000000),
double3(0.779650000000,0.834750000000,0.482900000000),
double3(0.706000000000,0.794000000000,0.536300000000),
double3(0.771700000000,0.885850000000,0.545500000000),
double3(0.793450000000,0.818150000000,0.562900000000),
double3(0.771700000000,0.728300000000,0.577100000000),
double3(0.858750000000,0.801050000000,0.597700000000),
double3(0.885250000000,0.770550000000,0.666700000000),
double3(0.806150000000,0.693850000000,0.696100000000),
double3(0.874750000000,0.749450000000,0.750000000000),
double3(0.860650000000,0.721350000000,0.594200000000),
double3(0.929450000000,0.762700000000,0.031900000000),
double3(0.532900000000,0.814450000000,0.064000000000),
double3(0.612700000000,0.887350000000,0.114900000000),
double3(0.636100000000,0.863950000000,0.201800000000),
double3(0.944900000000,0.779650000000,0.982900000000),
double3(0.912000000000,0.706000000000,0.036300000000),
double3(0.885850000000,0.771700000000,0.045500000000),
double3(0.975300000000,0.793450000000,0.062900000000),
double3(0.543400000000,0.771700000000,0.077100000000),
double3(0.557700000000,0.858750000000,0.097700000000),
double3(0.614700000000,0.885250000000,0.166700000000),
double3(0.612300000000,0.806150000000,0.196100000000),
double3(0.625300000000,0.874750000000,0.250000000000),
double3(0.639300000000,0.860650000000,0.094200000000),
double3(0.666750000000,0.929450000000,0.531900000000),
double3(0.718450000000,0.532900000000,0.564000000000),
double3(0.725350000000,0.612700000000,0.614900000000),
double3(0.772150000000,0.636100000000,0.701800000000),
double3(0.665250000000,0.944900000000,0.482900000000),
double3(0.706000000000,0.912000000000,0.536300000000),
double3(0.614150000000,0.885850000000,0.545500000000),
double3(0.681850000000,0.975300000000,0.562900000000),
double3(0.771700000000,0.543400000000,0.577100000000),
double3(0.698950000000,0.557700000000,0.597700000000),
double3(0.729450000000,0.614700000000,0.666700000000),
double3(0.806150000000,0.612300000000,0.696100000000),
double3(0.750550000000,0.625300000000,0.750000000000),
double3(0.778650000000,0.639300000000,0.594200000000),
double3(0.833250000000,0.762700000000,0.468100000000),
double3(0.781550000000,0.814450000000,0.436000000000),
double3(0.774650000000,0.887350000000,0.385100000000),
double3(0.727850000000,0.863950000000,0.298200000000),
double3(0.666650000000,0.833350000000,0.423500000000),
double3(0.834750000000,0.779650000000,0.517100000000),
double3(0.794000000000,0.706000000000,0.463700000000),
double3(0.885850000000,0.771700000000,0.454500000000),
double3(0.818150000000,0.793450000000,0.437100000000),
double3(0.728300000000,0.771700000000,0.422900000000),
double3(0.801050000000,0.858750000000,0.402300000000),
double3(0.770550000000,0.885250000000,0.333300000000),
double3(0.693850000000,0.806150000000,0.303900000000),
double3(0.721350000000,0.860650000000,0.405800000000),
double3(0.666650000000,0.833350000000,0.475300000000),
double3(0.570550000000,0.833250000000,0.968100000000),
double3(0.967100000000,0.781550000000,0.936000000000),
double3(0.887300000000,0.774650000000,0.885100000000),
double3(0.863900000000,0.727850000000,0.798200000000),
double3(0.833300000000,0.666650000000,0.923500000000),
double3(0.555100000000,0.834750000000,0.017100000000),
double3(0.588000000000,0.794000000000,0.963700000000),
double3(0.614150000000,0.885850000000,0.954500000000),
double3(0.524700000000,0.818150000000,0.937100000000),
double3(0.956600000000,0.728300000000,0.922900000000),
double3(0.942300000000,0.801050000000,0.902300000000),
double3(0.885300000000,0.770550000000,0.833300000000),
double3(0.887700000000,0.693850000000,0.803900000000),
double3(0.860700000000,0.721350000000,0.905800000000),
double3(0.833300000000,0.666650000000,0.975300000000),
double3(0.737300000000,0.570550000000,0.468100000000),
double3(0.685550000000,0.967100000000,0.436000000000),
double3(0.612650000000,0.887300000000,0.385100000000),
double3(0.636050000000,0.863900000000,0.298200000000),
double3(0.720350000000,0.555100000000,0.517100000000),
double3(0.794000000000,0.588000000000,0.463700000000),
double3(0.728300000000,0.614150000000,0.454500000000),
double3(0.706550000000,0.524700000000,0.437100000000),
double3(0.728300000000,0.956600000000,0.422900000000),
double3(0.641250000000,0.942300000000,0.402300000000),
double3(0.614750000000,0.885300000000,0.333300000000),
double3(0.693850000000,0.887700000000,0.303900000000),
double3(0.639350000000,0.860700000000,0.405800000000),
double3(0.666750000000,0.737300000000,0.968100000000),
double3(0.718450000000,0.685550000000,0.936000000000),
double3(0.725350000000,0.612650000000,0.885100000000),
double3(0.772150000000,0.636050000000,0.798200000000),
double3(0.665250000000,0.720350000000,0.017100000000),
double3(0.706000000000,0.794000000000,0.963700000000),
double3(0.614150000000,0.728300000000,0.954500000000),
double3(0.681850000000,0.706550000000,0.937100000000),
double3(0.771700000000,0.728300000000,0.922900000000),
double3(0.698950000000,0.641250000000,0.902300000000),
double3(0.729450000000,0.614750000000,0.833300000000),
double3(0.806150000000,0.693850000000,0.803900000000),
double3(0.778650000000,0.639350000000,0.905800000000),
double3(0.929450000000,0.666750000000,0.468100000000),
double3(0.532900000000,0.718450000000,0.436000000000),
double3(0.612700000000,0.725350000000,0.385100000000),
double3(0.636100000000,0.772150000000,0.298200000000),
double3(0.944900000000,0.665250000000,0.517100000000),
double3(0.912000000000,0.706000000000,0.463700000000),
double3(0.885850000000,0.614150000000,0.454500000000),
double3(0.975300000000,0.681850000000,0.437100000000),
double3(0.543400000000,0.771700000000,0.422900000000),
double3(0.557700000000,0.698950000000,0.402300000000),
double3(0.614700000000,0.729450000000,0.333300000000),
double3(0.612300000000,0.806150000000,0.303900000000),
double3(0.639300000000,0.778650000000,0.405800000000),
double3(0.762700000000,0.929450000000,0.968100000000),
double3(0.814450000000,0.532900000000,0.936000000000),
double3(0.887350000000,0.612700000000,0.885100000000),
double3(0.863950000000,0.636100000000,0.798200000000),
double3(0.779650000000,0.944900000000,0.017100000000),
double3(0.706000000000,0.912000000000,0.963700000000),
double3(0.771700000000,0.885850000000,0.954500000000),
double3(0.793450000000,0.975300000000,0.937100000000),
double3(0.771700000000,0.543400000000,0.922900000000),
double3(0.858750000000,0.557700000000,0.902300000000),
double3(0.885250000000,0.614700000000,0.833300000000),
double3(0.806150000000,0.612300000000,0.803900000000),
double3(0.860650000000,0.639300000000,0.905800000000),
double3(0.762700000000,0.833250000000,0.968100000000),
double3(0.814450000000,0.781550000000,0.936000000000),
double3(0.779650000000,0.834750000000,0.017100000000),
double3(0.793450000000,0.818150000000,0.937100000000),
double3(0.858750000000,0.801050000000,0.902300000000),
double3(0.929450000000,0.762700000000,0.468100000000),
double3(0.532900000000,0.814450000000,0.436000000000),
double3(0.944900000000,0.779650000000,0.517100000000),
double3(0.975300000000,0.793450000000,0.437100000000),
double3(0.557700000000,0.858750000000,0.402300000000),
double3(0.666750000000,0.929450000000,0.968100000000),
double3(0.718450000000,0.532900000000,0.936000000000),
double3(0.665250000000,0.944900000000,0.017100000000),
double3(0.681850000000,0.975300000000,0.937100000000),
double3(0.698950000000,0.557700000000,0.902300000000),
double3(0.737300000000,0.666750000000,0.468100000000),
double3(0.685550000000,0.718450000000,0.436000000000),
double3(0.720350000000,0.665250000000,0.517100000000),
double3(0.706550000000,0.681850000000,0.437100000000),
double3(0.641250000000,0.698950000000,0.402300000000),
double3(0.570550000000,0.737300000000,0.968100000000),
double3(0.967100000000,0.685550000000,0.936000000000),
double3(0.555100000000,0.720350000000,0.017100000000),
double3(0.524700000000,0.706550000000,0.937100000000),
double3(0.942300000000,0.641250000000,0.902300000000),
double3(0.833250000000,0.570550000000,0.468100000000),
double3(0.781550000000,0.967100000000,0.436000000000),
double3(0.834750000000,0.555100000000,0.517100000000),
double3(0.818150000000,0.524700000000,0.437100000000),
double3(0.801050000000,0.942300000000,0.402300000000),
double3(0.666750000000,0.737300000000,0.531900000000),
double3(0.718450000000,0.685550000000,0.564000000000),
double3(0.665250000000,0.720350000000,0.482900000000),
double3(0.681850000000,0.706550000000,0.562900000000),
double3(0.698950000000,0.641250000000,0.597700000000),
double3(0.929450000000,0.666750000000,0.031900000000),
double3(0.532900000000,0.718450000000,0.064000000000),
double3(0.944900000000,0.665250000000,0.982900000000),
double3(0.975300000000,0.681850000000,0.062900000000),
double3(0.557700000000,0.698950000000,0.097700000000),
double3(0.762700000000,0.929450000000,0.531900000000),
double3(0.814450000000,0.532900000000,0.564000000000),
double3(0.779650000000,0.944900000000,0.482900000000),
double3(0.793450000000,0.975300000000,0.562900000000),
double3(0.858750000000,0.557700000000,0.597700000000),
double3(0.833250000000,0.762700000000,0.031900000000),
double3(0.781550000000,0.814450000000,0.064000000000),
double3(0.834750000000,0.779650000000,0.982900000000),
double3(0.818150000000,0.793450000000,0.062900000000),
double3(0.801050000000,0.858750000000,0.097700000000),
double3(0.570550000000,0.833250000000,0.531900000000),
double3(0.967100000000,0.781550000000,0.564000000000),
double3(0.555100000000,0.834750000000,0.482900000000),
double3(0.524700000000,0.818150000000,0.562900000000),
double3(0.942300000000,0.801050000000,0.597700000000),
double3(0.737300000000,0.570550000000,0.031900000000),
double3(0.685550000000,0.967100000000,0.064000000000),
double3(0.720350000000,0.555100000000,0.982900000000),
double3(0.706550000000,0.524700000000,0.062900000000),
double3(0.641250000000,0.942300000000,0.097700000000),
