 # Derivative distribution function -dV(r)/dr (or -dV(d)/dd) vs d
  0.1250000      0.0000000E+00
  0.3750000      0.0000000E+00
  0.6250000      0.0000000E+00
  0.8750000      0.0000000E+00
   1.125000      0.0000000E+00
   1.375000      0.0000000E+00
   1.625000      0.0000000E+00
   1.875000      0.0000000E+00
   2.125000      0.0000000E+00
   2.375000      0.0000000E+00
   2.625000      0.0000000E+00
   2.875000      0.0000000E+00
   3.125000      6.9278479E-03
   3.375000      2.8666973E-02
   3.625000      4.2761564E-02
   3.875000      4.8017144E-02
   4.125000      5.0406098E-02
   4.375000      5.4228425E-02
   4.625000      6.1634064E-02
   4.875000      0.1280459    
   5.125000      0.1531295    
   5.375000      9.0778708E-02
   5.625000      0.1065456    
   5.875000      0.1528906    
   6.125000      0.2701864    
   6.375000      0.2193024    
   6.625000      6.0200572E-02
   6.875000      8.9345455E-02
   7.125000      0.1149069    
   7.375000      0.1027234    
   7.625000      8.3373070E-02
   7.875000      0.2615862    
   8.125000      0.6149068    
   8.375000      0.4061156    
   8.625000      3.2728165E-02
   8.875000      2.7472526E-02
   9.125000      2.5083601E-02
   9.375000      2.4366945E-02
   9.625000      2.0544678E-02
   9.875000      2.0305783E-02
   10.12500      1.9111305E-02
   10.37500      0.2587195    
   10.62500      0.3375537    
   10.87500      8.7434299E-02
   11.12500      0.0000000E+00
   11.37500      0.0000000E+00
   11.62500      0.0000000E+00
   11.87500      0.0000000E+00
   12.12500      0.0000000E+00
   12.37500      0.0000000E+00
   12.62500      0.0000000E+00
   12.87500      0.0000000E+00
   13.12500      0.0000000E+00
   13.37500      0.0000000E+00
   13.62500      0.0000000E+00
   13.87500      0.0000000E+00
   14.12500      0.0000000E+00
   14.37500      0.0000000E+00
   14.62500      0.0000000E+00
   14.87500      0.0000000E+00
   15.12500      0.0000000E+00
   15.37500      0.0000000E+00
   15.62500      0.0000000E+00
   15.87500      0.0000000E+00
   16.12500      0.0000000E+00
   16.37500      0.0000000E+00
   16.62500      0.0000000E+00
   16.87500      0.0000000E+00
   17.12500      0.0000000E+00
   17.37500      0.0000000E+00
   17.62500      0.0000000E+00
   17.87500      0.0000000E+00
   18.12500      0.0000000E+00
   18.37500      0.0000000E+00
   18.62500      0.0000000E+00
   18.87500      0.0000000E+00
   19.12500      0.0000000E+00
   19.37500      0.0000000E+00
