 # Derivative distribution function -dV(r)/dr (or -dV(d)/dd) vs d
  0.1250000      0.0000000E+00
  0.3750000      0.0000000E+00
  0.6250000      0.0000000E+00
  0.8750000      0.0000000E+00
   1.125000      0.0000000E+00
   1.375000      0.0000000E+00
   1.625000      0.0000000E+00
   1.875000      0.0000000E+00
   2.125000      0.0000000E+00
   2.375000      0.0000000E+00
   2.625000      0.0000000E+00
   2.875000      4.7779083E-04
   3.125000      7.1659088E-03
   3.375000      2.4841666E-02
   3.625000      3.9890170E-02
   3.875000      5.0400138E-02
   4.125000      5.7088256E-02
   4.375000      5.6610584E-02
   4.625000      5.7804823E-02
   4.875000      0.1368685    
   5.125000      0.1621879    
   5.375000      8.6707234E-02
   5.625000      0.1041443    
   5.875000      0.1392571    
   6.125000      0.2391018    
   6.375000      0.2085274    
   6.625000      6.7359447E-02
   6.875000      8.3363175E-02
   7.125000      0.1134598    
   7.375000      0.1062940    
   7.625000      8.7185025E-02
   7.875000      0.2773200    
   8.125000      0.6224770    
   8.375000      0.4072614    
   8.625000      4.1084439E-02
   8.875000      3.6307186E-02
   9.125000      2.8663546E-02
   9.375000      2.2453129E-02
   9.625000      2.0303369E-02
   9.875000      1.7914712E-02
   10.12500      1.5287220E-02
   10.37500      0.2694375    
   10.62500      0.3367968    
   10.87500      7.5958431E-02
   11.12500      0.0000000E+00
   11.37500      0.0000000E+00
   11.62500      0.0000000E+00
   11.87500      0.0000000E+00
   12.12500      0.0000000E+00
   12.37500      0.0000000E+00
   12.62500      0.0000000E+00
   12.87500      0.0000000E+00
   13.12500      0.0000000E+00
   13.37500      0.0000000E+00
   13.62500      0.0000000E+00
   13.87500      0.0000000E+00
   14.12500      0.0000000E+00
   14.37500      0.0000000E+00
   14.62500      0.0000000E+00
   14.87500      0.0000000E+00
   15.12500      0.0000000E+00
   15.37500      0.0000000E+00
   15.62500      0.0000000E+00
   15.87500      0.0000000E+00
   16.12500      0.0000000E+00
   16.37500      0.0000000E+00
   16.62500      0.0000000E+00
   16.87500      0.0000000E+00
   17.12500      0.0000000E+00
   17.37500      0.0000000E+00
   17.62500      0.0000000E+00
   17.87500      0.0000000E+00
   18.12500      0.0000000E+00
   18.37500      0.0000000E+00
   18.62500      0.0000000E+00
   18.87500      0.0000000E+00
   19.12500      0.0000000E+00
   19.37500      0.0000000E+00
