[double3(13.705000000000,0.000000000000,0.000000000000),double3(0.000000000000,13.705000000000,0.000000000000),double3(0.000000000000,0.000000000000,13.705000000000)]

double3(0.000000000000,0.171950000000,0.000000000000),
double3(0.048100000000,0.123100000000,0.067200000000),
double3(0.000000000000,0.202100000000,0.091100000000),
double3(0.125000000000,0.125000000000,0.125000000000),
double3(0.000000000000,0.154900000000,0.056200000000),
double3(0.091150000000,0.091150000000,0.091150000000),
double3(0.125000000000,0.000000000000,0.250000000000),
double3(0.078050000000,0.250000000000,0.250000000000),
double3(0.126900000000,0.298100000000,0.317200000000),
double3(0.047900000000,0.250000000000,0.341100000000),
double3(0.125000000000,0.375000000000,0.375000000000),
double3(0.095100000000,0.250000000000,0.306200000000),
double3(0.158850000000,0.341150000000,0.341150000000),
double3(0.250000000000,0.375000000000,0.000000000000),
double3(0.000000000000,0.328050000000,0.000000000000),
double3(0.451900000000,0.376900000000,0.067200000000),
double3(0.000000000000,0.297900000000,0.091100000000),
double3(0.375000000000,0.375000000000,0.125000000000),
double3(0.000000000000,0.345100000000,0.056200000000),
double3(0.408850000000,0.408850000000,0.091150000000),
double3(0.375000000000,0.000000000000,0.250000000000),
double3(0.421950000000,0.250000000000,0.250000000000),
double3(0.373100000000,0.201900000000,0.317200000000),
double3(0.452100000000,0.250000000000,0.341100000000),
double3(0.375000000000,0.125000000000,0.375000000000),
double3(0.404900000000,0.250000000000,0.306200000000),
double3(0.341150000000,0.158850000000,0.341150000000),
double3(0.250000000000,0.125000000000,0.000000000000),
double3(0.048100000000,0.376900000000,0.432800000000),
double3(0.000000000000,0.297900000000,0.408900000000),
double3(0.000000000000,0.345100000000,0.443800000000),
double3(0.091150000000,0.408850000000,0.408850000000),
double3(0.373100000000,0.298100000000,0.182800000000),
double3(0.452100000000,0.250000000000,0.158900000000),
double3(0.404900000000,0.250000000000,0.193800000000),
double3(0.341150000000,0.341150000000,0.158850000000),
double3(0.451900000000,0.123100000000,0.432800000000),
double3(0.000000000000,0.202100000000,0.408900000000),
double3(0.000000000000,0.154900000000,0.443800000000),
double3(0.408850000000,0.091150000000,0.408850000000),
double3(0.126900000000,0.201900000000,0.182800000000),
double3(0.047900000000,0.250000000000,0.158900000000),
double3(0.095100000000,0.250000000000,0.193800000000),
double3(0.158850000000,0.158850000000,0.158850000000),
double3(0.000000000000,0.000000000000,0.171950000000),
double3(0.067200000000,0.048100000000,0.123100000000),
double3(0.091100000000,0.000000000000,0.202100000000),
double3(0.056200000000,0.000000000000,0.154900000000),
double3(0.250000000000,0.250000000000,0.421950000000),
double3(0.201900000000,0.317200000000,0.373100000000),
double3(0.250000000000,0.341100000000,0.452100000000),
double3(0.250000000000,0.306200000000,0.404900000000),
double3(0.432800000000,0.451900000000,0.123100000000),
double3(0.408900000000,0.000000000000,0.202100000000),
double3(0.443800000000,0.000000000000,0.154900000000),
double3(0.298100000000,0.182800000000,0.373100000000),
double3(0.250000000000,0.158900000000,0.452100000000),
double3(0.250000000000,0.193800000000,0.404900000000),
double3(0.000000000000,0.000000000000,0.328050000000),
double3(0.067200000000,0.451900000000,0.376900000000),
double3(0.091100000000,0.000000000000,0.297900000000),
double3(0.056200000000,0.000000000000,0.345100000000),
double3(0.250000000000,0.250000000000,0.078050000000),
double3(0.298100000000,0.317200000000,0.126900000000),
double3(0.250000000000,0.341100000000,0.047900000000),
double3(0.250000000000,0.306200000000,0.095100000000),
double3(0.432800000000,0.048100000000,0.376900000000),
double3(0.408900000000,0.000000000000,0.297900000000),
double3(0.443800000000,0.000000000000,0.345100000000),
double3(0.201900000000,0.182800000000,0.126900000000),
double3(0.250000000000,0.158900000000,0.047900000000),
double3(0.250000000000,0.193800000000,0.095100000000),
double3(0.171950000000,0.000000000000,0.000000000000),
double3(0.123100000000,0.067200000000,0.048100000000),
double3(0.202100000000,0.091100000000,0.000000000000),
double3(0.154900000000,0.056200000000,0.000000000000),
double3(0.000000000000,0.250000000000,0.125000000000),
double3(0.123100000000,0.432800000000,0.451900000000),
double3(0.202100000000,0.408900000000,0.000000000000),
double3(0.154900000000,0.443800000000,0.000000000000),
double3(0.000000000000,0.250000000000,0.375000000000),
double3(0.250000000000,0.421950000000,0.250000000000),
double3(0.317200000000,0.373100000000,0.201900000000),
double3(0.341100000000,0.452100000000,0.250000000000),
double3(0.306200000000,0.404900000000,0.250000000000),
double3(0.328050000000,0.000000000000,0.000000000000),
double3(0.376900000000,0.067200000000,0.451900000000),
double3(0.297900000000,0.091100000000,0.000000000000),
double3(0.345100000000,0.056200000000,0.000000000000),
double3(0.250000000000,0.078050000000,0.250000000000),
double3(0.182800000000,0.126900000000,0.201900000000),
double3(0.158900000000,0.047900000000,0.250000000000),
double3(0.193800000000,0.095100000000,0.250000000000),
double3(0.376900000000,0.432800000000,0.048100000000),
double3(0.297900000000,0.408900000000,0.000000000000),
double3(0.345100000000,0.443800000000,0.000000000000),
double3(0.317200000000,0.126900000000,0.298100000000),
double3(0.341100000000,0.047900000000,0.250000000000),
double3(0.306200000000,0.095100000000,0.250000000000),
double3(0.182800000000,0.373100000000,0.298100000000),
double3(0.158900000000,0.452100000000,0.250000000000),
double3(0.193800000000,0.404900000000,0.250000000000),
double3(0.451900000000,0.376900000000,0.432800000000),
double3(0.375000000000,0.375000000000,0.375000000000),
double3(0.408850000000,0.408850000000,0.408850000000),
double3(0.373100000000,0.201900000000,0.182800000000),
double3(0.375000000000,0.125000000000,0.125000000000),
double3(0.341150000000,0.158850000000,0.158850000000),
double3(0.048100000000,0.123100000000,0.432800000000),
double3(0.125000000000,0.125000000000,0.375000000000),
double3(0.091150000000,0.091150000000,0.408850000000),
double3(0.126900000000,0.298100000000,0.182800000000),
double3(0.125000000000,0.375000000000,0.125000000000),
double3(0.158850000000,0.341150000000,0.158850000000),
double3(0.451900000000,0.123100000000,0.067200000000),
double3(0.408850000000,0.091150000000,0.091150000000),
double3(0.126900000000,0.201900000000,0.317200000000),
double3(0.158850000000,0.158850000000,0.341150000000),
double3(0.048100000000,0.376900000000,0.067200000000),
double3(0.091150000000,0.408850000000,0.091150000000),
double3(0.373100000000,0.298100000000,0.317200000000),
double3(0.341150000000,0.341150000000,0.341150000000),
double3(0.432800000000,0.451900000000,0.376900000000),
double3(0.298100000000,0.182800000000,0.126900000000),
double3(0.067200000000,0.048100000000,0.376900000000),
double3(0.201900000000,0.317200000000,0.126900000000),
double3(0.432800000000,0.048100000000,0.123100000000),
double3(0.201900000000,0.182800000000,0.373100000000),
double3(0.067200000000,0.451900000000,0.123100000000),
double3(0.298100000000,0.317200000000,0.373100000000),
double3(0.376900000000,0.432800000000,0.451900000000),
double3(0.376900000000,0.067200000000,0.048100000000),
double3(0.182800000000,0.126900000000,0.298100000000),
double3(0.123100000000,0.432800000000,0.048100000000),
double3(0.317200000000,0.373100000000,0.298100000000),
double3(0.123100000000,0.067200000000,0.451900000000),
double3(0.182800000000,0.373100000000,0.201900000000),
double3(0.317200000000,0.126900000000,0.201900000000),
double3(0.000000000000,0.171950000000,0.500000000000),
double3(0.048100000000,0.123100000000,0.567200000000),
double3(0.000000000000,0.202100000000,0.591100000000),
double3(0.125000000000,0.125000000000,0.625000000000),
double3(0.000000000000,0.154900000000,0.556200000000),
double3(0.091150000000,0.091150000000,0.591150000000),
double3(0.125000000000,0.000000000000,0.750000000000),
double3(0.078050000000,0.250000000000,0.750000000000),
double3(0.126900000000,0.298100000000,0.817200000000),
double3(0.047900000000,0.250000000000,0.841100000000),
double3(0.125000000000,0.375000000000,0.875000000000),
double3(0.095100000000,0.250000000000,0.806200000000),
double3(0.158850000000,0.341150000000,0.841150000000),
double3(0.250000000000,0.375000000000,0.500000000000),
double3(0.000000000000,0.328050000000,0.500000000000),
double3(0.451900000000,0.376900000000,0.567200000000),
double3(0.000000000000,0.297900000000,0.591100000000),
double3(0.375000000000,0.375000000000,0.625000000000),
double3(0.000000000000,0.345100000000,0.556200000000),
double3(0.408850000000,0.408850000000,0.591150000000),
double3(0.375000000000,0.000000000000,0.750000000000),
double3(0.421950000000,0.250000000000,0.750000000000),
double3(0.373100000000,0.201900000000,0.817200000000),
double3(0.452100000000,0.250000000000,0.841100000000),
double3(0.375000000000,0.125000000000,0.875000000000),
double3(0.404900000000,0.250000000000,0.806200000000),
double3(0.341150000000,0.158850000000,0.841150000000),
double3(0.250000000000,0.125000000000,0.500000000000),
double3(0.048100000000,0.376900000000,0.932800000000),
double3(0.000000000000,0.297900000000,0.908900000000),
double3(0.000000000000,0.345100000000,0.943800000000),
double3(0.091150000000,0.408850000000,0.908850000000),
double3(0.373100000000,0.298100000000,0.682800000000),
double3(0.452100000000,0.250000000000,0.658900000000),
double3(0.404900000000,0.250000000000,0.693800000000),
double3(0.341150000000,0.341150000000,0.658850000000),
double3(0.451900000000,0.123100000000,0.932800000000),
double3(0.000000000000,0.202100000000,0.908900000000),
double3(0.000000000000,0.154900000000,0.943800000000),
double3(0.408850000000,0.091150000000,0.908850000000),
double3(0.126900000000,0.201900000000,0.682800000000),
double3(0.047900000000,0.250000000000,0.658900000000),
double3(0.095100000000,0.250000000000,0.693800000000),
double3(0.158850000000,0.158850000000,0.658850000000),
double3(0.000000000000,0.000000000000,0.671950000000),
double3(0.067200000000,0.048100000000,0.623100000000),
double3(0.091100000000,0.000000000000,0.702100000000),
double3(0.056200000000,0.000000000000,0.654900000000),
double3(0.250000000000,0.250000000000,0.921950000000),
double3(0.201900000000,0.317200000000,0.873100000000),
double3(0.250000000000,0.341100000000,0.952100000000),
double3(0.250000000000,0.306200000000,0.904900000000),
double3(0.432800000000,0.451900000000,0.623100000000),
double3(0.408900000000,0.000000000000,0.702100000000),
double3(0.443800000000,0.000000000000,0.654900000000),
double3(0.298100000000,0.182800000000,0.873100000000),
double3(0.250000000000,0.158900000000,0.952100000000),
double3(0.250000000000,0.193800000000,0.904900000000),
double3(0.000000000000,0.000000000000,0.828050000000),
double3(0.067200000000,0.451900000000,0.876900000000),
double3(0.091100000000,0.000000000000,0.797900000000),
double3(0.056200000000,0.000000000000,0.845100000000),
double3(0.250000000000,0.250000000000,0.578050000000),
double3(0.298100000000,0.317200000000,0.626900000000),
double3(0.250000000000,0.341100000000,0.547900000000),
double3(0.250000000000,0.306200000000,0.595100000000),
double3(0.432800000000,0.048100000000,0.876900000000),
double3(0.408900000000,0.000000000000,0.797900000000),
double3(0.443800000000,0.000000000000,0.845100000000),
double3(0.201900000000,0.182800000000,0.626900000000),
double3(0.250000000000,0.158900000000,0.547900000000),
double3(0.250000000000,0.193800000000,0.595100000000),
double3(0.171950000000,0.000000000000,0.500000000000),
double3(0.123100000000,0.067200000000,0.548100000000),
double3(0.202100000000,0.091100000000,0.500000000000),
double3(0.154900000000,0.056200000000,0.500000000000),
double3(0.000000000000,0.250000000000,0.625000000000),
double3(0.123100000000,0.432800000000,0.951900000000),
double3(0.202100000000,0.408900000000,0.500000000000),
double3(0.154900000000,0.443800000000,0.500000000000),
double3(0.000000000000,0.250000000000,0.875000000000),
double3(0.250000000000,0.421950000000,0.750000000000),
double3(0.317200000000,0.373100000000,0.701900000000),
double3(0.341100000000,0.452100000000,0.750000000000),
double3(0.306200000000,0.404900000000,0.750000000000),
double3(0.328050000000,0.000000000000,0.500000000000),
double3(0.376900000000,0.067200000000,0.951900000000),
double3(0.297900000000,0.091100000000,0.500000000000),
double3(0.345100000000,0.056200000000,0.500000000000),
double3(0.250000000000,0.078050000000,0.750000000000),
double3(0.182800000000,0.126900000000,0.701900000000),
double3(0.158900000000,0.047900000000,0.750000000000),
double3(0.193800000000,0.095100000000,0.750000000000),
double3(0.376900000000,0.432800000000,0.548100000000),
double3(0.297900000000,0.408900000000,0.500000000000),
double3(0.345100000000,0.443800000000,0.500000000000),
double3(0.317200000000,0.126900000000,0.798100000000),
double3(0.341100000000,0.047900000000,0.750000000000),
double3(0.306200000000,0.095100000000,0.750000000000),
double3(0.182800000000,0.373100000000,0.798100000000),
double3(0.158900000000,0.452100000000,0.750000000000),
double3(0.193800000000,0.404900000000,0.750000000000),
double3(0.451900000000,0.376900000000,0.932800000000),
double3(0.375000000000,0.375000000000,0.875000000000),
double3(0.408850000000,0.408850000000,0.908850000000),
double3(0.373100000000,0.201900000000,0.682800000000),
double3(0.375000000000,0.125000000000,0.625000000000),
double3(0.341150000000,0.158850000000,0.658850000000),
double3(0.048100000000,0.123100000000,0.932800000000),
double3(0.125000000000,0.125000000000,0.875000000000),
double3(0.091150000000,0.091150000000,0.908850000000),
double3(0.126900000000,0.298100000000,0.682800000000),
double3(0.125000000000,0.375000000000,0.625000000000),
double3(0.158850000000,0.341150000000,0.658850000000),
double3(0.451900000000,0.123100000000,0.567200000000),
double3(0.408850000000,0.091150000000,0.591150000000),
double3(0.126900000000,0.201900000000,0.817200000000),
double3(0.158850000000,0.158850000000,0.841150000000),
double3(0.048100000000,0.376900000000,0.567200000000),
double3(0.091150000000,0.408850000000,0.591150000000),
double3(0.373100000000,0.298100000000,0.817200000000),
double3(0.341150000000,0.341150000000,0.841150000000),
double3(0.432800000000,0.451900000000,0.876900000000),
double3(0.298100000000,0.182800000000,0.626900000000),
double3(0.067200000000,0.048100000000,0.876900000000),
double3(0.201900000000,0.317200000000,0.626900000000),
double3(0.432800000000,0.048100000000,0.623100000000),
double3(0.201900000000,0.182800000000,0.873100000000),
double3(0.067200000000,0.451900000000,0.623100000000),
double3(0.298100000000,0.317200000000,0.873100000000),
double3(0.376900000000,0.432800000000,0.951900000000),
double3(0.376900000000,0.067200000000,0.548100000000),
double3(0.182800000000,0.126900000000,0.798100000000),
double3(0.123100000000,0.432800000000,0.548100000000),
double3(0.317200000000,0.373100000000,0.798100000000),
double3(0.123100000000,0.067200000000,0.951900000000),
double3(0.182800000000,0.373100000000,0.701900000000),
double3(0.317200000000,0.126900000000,0.701900000000),
double3(0.000000000000,0.671950000000,0.000000000000),
double3(0.048100000000,0.623100000000,0.067200000000),
double3(0.000000000000,0.702100000000,0.091100000000),
double3(0.125000000000,0.625000000000,0.125000000000),
double3(0.000000000000,0.654900000000,0.056200000000),
double3(0.091150000000,0.591150000000,0.091150000000),
double3(0.125000000000,0.500000000000,0.250000000000),
double3(0.078050000000,0.750000000000,0.250000000000),
double3(0.126900000000,0.798100000000,0.317200000000),
double3(0.047900000000,0.750000000000,0.341100000000),
double3(0.125000000000,0.875000000000,0.375000000000),
double3(0.095100000000,0.750000000000,0.306200000000),
double3(0.158850000000,0.841150000000,0.341150000000),
double3(0.250000000000,0.875000000000,0.000000000000),
double3(0.000000000000,0.828050000000,0.000000000000),
double3(0.451900000000,0.876900000000,0.067200000000),
double3(0.000000000000,0.797900000000,0.091100000000),
double3(0.375000000000,0.875000000000,0.125000000000),
double3(0.000000000000,0.845100000000,0.056200000000),
double3(0.408850000000,0.908850000000,0.091150000000),
double3(0.375000000000,0.500000000000,0.250000000000),
double3(0.421950000000,0.750000000000,0.250000000000),
double3(0.373100000000,0.701900000000,0.317200000000),
double3(0.452100000000,0.750000000000,0.341100000000),
double3(0.375000000000,0.625000000000,0.375000000000),
double3(0.404900000000,0.750000000000,0.306200000000),
double3(0.341150000000,0.658850000000,0.341150000000),
double3(0.250000000000,0.625000000000,0.000000000000),
double3(0.048100000000,0.876900000000,0.432800000000),
double3(0.000000000000,0.797900000000,0.408900000000),
double3(0.000000000000,0.845100000000,0.443800000000),
double3(0.091150000000,0.908850000000,0.408850000000),
double3(0.373100000000,0.798100000000,0.182800000000),
double3(0.452100000000,0.750000000000,0.158900000000),
double3(0.404900000000,0.750000000000,0.193800000000),
double3(0.341150000000,0.841150000000,0.158850000000),
double3(0.451900000000,0.623100000000,0.432800000000),
double3(0.000000000000,0.702100000000,0.408900000000),
double3(0.000000000000,0.654900000000,0.443800000000),
double3(0.408850000000,0.591150000000,0.408850000000),
double3(0.126900000000,0.701900000000,0.182800000000),
double3(0.047900000000,0.750000000000,0.158900000000),
double3(0.095100000000,0.750000000000,0.193800000000),
double3(0.158850000000,0.658850000000,0.158850000000),
double3(0.000000000000,0.500000000000,0.171950000000),
double3(0.067200000000,0.548100000000,0.123100000000),
double3(0.091100000000,0.500000000000,0.202100000000),
double3(0.056200000000,0.500000000000,0.154900000000),
double3(0.250000000000,0.750000000000,0.421950000000),
double3(0.201900000000,0.817200000000,0.373100000000),
double3(0.250000000000,0.841100000000,0.452100000000),
double3(0.250000000000,0.806200000000,0.404900000000),
double3(0.432800000000,0.951900000000,0.123100000000),
double3(0.408900000000,0.500000000000,0.202100000000),
double3(0.443800000000,0.500000000000,0.154900000000),
double3(0.298100000000,0.682800000000,0.373100000000),
double3(0.250000000000,0.658900000000,0.452100000000),
double3(0.250000000000,0.693800000000,0.404900000000),
double3(0.000000000000,0.500000000000,0.328050000000),
double3(0.067200000000,0.951900000000,0.376900000000),
double3(0.091100000000,0.500000000000,0.297900000000),
double3(0.056200000000,0.500000000000,0.345100000000),
double3(0.250000000000,0.750000000000,0.078050000000),
double3(0.298100000000,0.817200000000,0.126900000000),
double3(0.250000000000,0.841100000000,0.047900000000),
double3(0.250000000000,0.806200000000,0.095100000000),
double3(0.432800000000,0.548100000000,0.376900000000),
double3(0.408900000000,0.500000000000,0.297900000000),
double3(0.443800000000,0.500000000000,0.345100000000),
double3(0.201900000000,0.682800000000,0.126900000000),
double3(0.250000000000,0.658900000000,0.047900000000),
double3(0.250000000000,0.693800000000,0.095100000000),
double3(0.171950000000,0.500000000000,0.000000000000),
double3(0.123100000000,0.567200000000,0.048100000000),
double3(0.202100000000,0.591100000000,0.000000000000),
double3(0.154900000000,0.556200000000,0.000000000000),
double3(0.000000000000,0.750000000000,0.125000000000),
double3(0.123100000000,0.932800000000,0.451900000000),
double3(0.202100000000,0.908900000000,0.000000000000),
double3(0.154900000000,0.943800000000,0.000000000000),
double3(0.000000000000,0.750000000000,0.375000000000),
double3(0.250000000000,0.921950000000,0.250000000000),
double3(0.317200000000,0.873100000000,0.201900000000),
double3(0.341100000000,0.952100000000,0.250000000000),
double3(0.306200000000,0.904900000000,0.250000000000),
double3(0.328050000000,0.500000000000,0.000000000000),
double3(0.376900000000,0.567200000000,0.451900000000),
double3(0.297900000000,0.591100000000,0.000000000000),
double3(0.345100000000,0.556200000000,0.000000000000),
double3(0.250000000000,0.578050000000,0.250000000000),
double3(0.182800000000,0.626900000000,0.201900000000),
double3(0.158900000000,0.547900000000,0.250000000000),
double3(0.193800000000,0.595100000000,0.250000000000),
double3(0.376900000000,0.932800000000,0.048100000000),
double3(0.297900000000,0.908900000000,0.000000000000),
double3(0.345100000000,0.943800000000,0.000000000000),
double3(0.317200000000,0.626900000000,0.298100000000),
double3(0.341100000000,0.547900000000,0.250000000000),
double3(0.306200000000,0.595100000000,0.250000000000),
double3(0.182800000000,0.873100000000,0.298100000000),
double3(0.158900000000,0.952100000000,0.250000000000),
double3(0.193800000000,0.904900000000,0.250000000000),
double3(0.451900000000,0.876900000000,0.432800000000),
double3(0.375000000000,0.875000000000,0.375000000000),
double3(0.408850000000,0.908850000000,0.408850000000),
double3(0.373100000000,0.701900000000,0.182800000000),
double3(0.375000000000,0.625000000000,0.125000000000),
double3(0.341150000000,0.658850000000,0.158850000000),
double3(0.048100000000,0.623100000000,0.432800000000),
double3(0.125000000000,0.625000000000,0.375000000000),
double3(0.091150000000,0.591150000000,0.408850000000),
double3(0.126900000000,0.798100000000,0.182800000000),
double3(0.125000000000,0.875000000000,0.125000000000),
double3(0.158850000000,0.841150000000,0.158850000000),
double3(0.451900000000,0.623100000000,0.067200000000),
double3(0.408850000000,0.591150000000,0.091150000000),
double3(0.126900000000,0.701900000000,0.317200000000),
double3(0.158850000000,0.658850000000,0.341150000000),
double3(0.048100000000,0.876900000000,0.067200000000),
double3(0.091150000000,0.908850000000,0.091150000000),
double3(0.373100000000,0.798100000000,0.317200000000),
double3(0.341150000000,0.841150000000,0.341150000000),
double3(0.432800000000,0.951900000000,0.376900000000),
double3(0.298100000000,0.682800000000,0.126900000000),
double3(0.067200000000,0.548100000000,0.376900000000),
double3(0.201900000000,0.817200000000,0.126900000000),
double3(0.432800000000,0.548100000000,0.123100000000),
double3(0.201900000000,0.682800000000,0.373100000000),
double3(0.067200000000,0.951900000000,0.123100000000),
double3(0.298100000000,0.817200000000,0.373100000000),
double3(0.376900000000,0.932800000000,0.451900000000),
double3(0.376900000000,0.567200000000,0.048100000000),
double3(0.182800000000,0.626900000000,0.298100000000),
double3(0.123100000000,0.932800000000,0.048100000000),
double3(0.317200000000,0.873100000000,0.298100000000),
double3(0.123100000000,0.567200000000,0.451900000000),
double3(0.182800000000,0.873100000000,0.201900000000),
double3(0.317200000000,0.626900000000,0.201900000000),
double3(0.000000000000,0.671950000000,0.500000000000),
double3(0.048100000000,0.623100000000,0.567200000000),
double3(0.000000000000,0.702100000000,0.591100000000),
double3(0.125000000000,0.625000000000,0.625000000000),
double3(0.000000000000,0.654900000000,0.556200000000),
double3(0.091150000000,0.591150000000,0.591150000000),
double3(0.125000000000,0.500000000000,0.750000000000),
double3(0.078050000000,0.750000000000,0.750000000000),
double3(0.126900000000,0.798100000000,0.817200000000),
double3(0.047900000000,0.750000000000,0.841100000000),
double3(0.125000000000,0.875000000000,0.875000000000),
double3(0.095100000000,0.750000000000,0.806200000000),
double3(0.158850000000,0.841150000000,0.841150000000),
double3(0.250000000000,0.875000000000,0.500000000000),
double3(0.000000000000,0.828050000000,0.500000000000),
double3(0.451900000000,0.876900000000,0.567200000000),
double3(0.000000000000,0.797900000000,0.591100000000),
double3(0.375000000000,0.875000000000,0.625000000000),
double3(0.000000000000,0.845100000000,0.556200000000),
double3(0.408850000000,0.908850000000,0.591150000000),
double3(0.375000000000,0.500000000000,0.750000000000),
double3(0.421950000000,0.750000000000,0.750000000000),
double3(0.373100000000,0.701900000000,0.817200000000),
double3(0.452100000000,0.750000000000,0.841100000000),
double3(0.375000000000,0.625000000000,0.875000000000),
double3(0.404900000000,0.750000000000,0.806200000000),
double3(0.341150000000,0.658850000000,0.841150000000),
double3(0.250000000000,0.625000000000,0.500000000000),
double3(0.048100000000,0.876900000000,0.932800000000),
double3(0.000000000000,0.797900000000,0.908900000000),
double3(0.000000000000,0.845100000000,0.943800000000),
double3(0.091150000000,0.908850000000,0.908850000000),
double3(0.373100000000,0.798100000000,0.682800000000),
double3(0.452100000000,0.750000000000,0.658900000000),
double3(0.404900000000,0.750000000000,0.693800000000),
double3(0.341150000000,0.841150000000,0.658850000000),
double3(0.451900000000,0.623100000000,0.932800000000),
double3(0.000000000000,0.702100000000,0.908900000000),
double3(0.000000000000,0.654900000000,0.943800000000),
double3(0.408850000000,0.591150000000,0.908850000000),
double3(0.126900000000,0.701900000000,0.682800000000),
double3(0.047900000000,0.750000000000,0.658900000000),
double3(0.095100000000,0.750000000000,0.693800000000),
double3(0.158850000000,0.658850000000,0.658850000000),
double3(0.000000000000,0.500000000000,0.671950000000),
double3(0.067200000000,0.548100000000,0.623100000000),
double3(0.091100000000,0.500000000000,0.702100000000),
double3(0.056200000000,0.500000000000,0.654900000000),
double3(0.250000000000,0.750000000000,0.921950000000),
double3(0.201900000000,0.817200000000,0.873100000000),
double3(0.250000000000,0.841100000000,0.952100000000),
double3(0.250000000000,0.806200000000,0.904900000000),
double3(0.432800000000,0.951900000000,0.623100000000),
double3(0.408900000000,0.500000000000,0.702100000000),
double3(0.443800000000,0.500000000000,0.654900000000),
double3(0.298100000000,0.682800000000,0.873100000000),
double3(0.250000000000,0.658900000000,0.952100000000),
double3(0.250000000000,0.693800000000,0.904900000000),
double3(0.000000000000,0.500000000000,0.828050000000),
double3(0.067200000000,0.951900000000,0.876900000000),
double3(0.091100000000,0.500000000000,0.797900000000),
double3(0.056200000000,0.500000000000,0.845100000000),
double3(0.250000000000,0.750000000000,0.578050000000),
double3(0.298100000000,0.817200000000,0.626900000000),
double3(0.250000000000,0.841100000000,0.547900000000),
double3(0.250000000000,0.806200000000,0.595100000000),
double3(0.432800000000,0.548100000000,0.876900000000),
double3(0.408900000000,0.500000000000,0.797900000000),
double3(0.443800000000,0.500000000000,0.845100000000),
double3(0.201900000000,0.682800000000,0.626900000000),
double3(0.250000000000,0.658900000000,0.547900000000),
double3(0.250000000000,0.693800000000,0.595100000000),
double3(0.171950000000,0.500000000000,0.500000000000),
double3(0.123100000000,0.567200000000,0.548100000000),
double3(0.202100000000,0.591100000000,0.500000000000),
double3(0.154900000000,0.556200000000,0.500000000000),
double3(0.000000000000,0.750000000000,0.625000000000),
double3(0.123100000000,0.932800000000,0.951900000000),
double3(0.202100000000,0.908900000000,0.500000000000),
double3(0.154900000000,0.943800000000,0.500000000000),
double3(0.000000000000,0.750000000000,0.875000000000),
double3(0.250000000000,0.921950000000,0.750000000000),
double3(0.317200000000,0.873100000000,0.701900000000),
double3(0.341100000000,0.952100000000,0.750000000000),
double3(0.306200000000,0.904900000000,0.750000000000),
double3(0.328050000000,0.500000000000,0.500000000000),
double3(0.376900000000,0.567200000000,0.951900000000),
double3(0.297900000000,0.591100000000,0.500000000000),
double3(0.345100000000,0.556200000000,0.500000000000),
double3(0.250000000000,0.578050000000,0.750000000000),
double3(0.182800000000,0.626900000000,0.701900000000),
double3(0.158900000000,0.547900000000,0.750000000000),
double3(0.193800000000,0.595100000000,0.750000000000),
double3(0.376900000000,0.932800000000,0.548100000000),
double3(0.297900000000,0.908900000000,0.500000000000),
double3(0.345100000000,0.943800000000,0.500000000000),
double3(0.317200000000,0.626900000000,0.798100000000),
double3(0.341100000000,0.547900000000,0.750000000000),
double3(0.306200000000,0.595100000000,0.750000000000),
double3(0.182800000000,0.873100000000,0.798100000000),
double3(0.158900000000,0.952100000000,0.750000000000),
double3(0.193800000000,0.904900000000,0.750000000000),
double3(0.451900000000,0.876900000000,0.932800000000),
double3(0.375000000000,0.875000000000,0.875000000000),
double3(0.408850000000,0.908850000000,0.908850000000),
double3(0.373100000000,0.701900000000,0.682800000000),
double3(0.375000000000,0.625000000000,0.625000000000),
double3(0.341150000000,0.658850000000,0.658850000000),
double3(0.048100000000,0.623100000000,0.932800000000),
double3(0.125000000000,0.625000000000,0.875000000000),
double3(0.091150000000,0.591150000000,0.908850000000),
double3(0.126900000000,0.798100000000,0.682800000000),
double3(0.125000000000,0.875000000000,0.625000000000),
double3(0.158850000000,0.841150000000,0.658850000000),
double3(0.451900000000,0.623100000000,0.567200000000),
double3(0.408850000000,0.591150000000,0.591150000000),
double3(0.126900000000,0.701900000000,0.817200000000),
double3(0.158850000000,0.658850000000,0.841150000000),
double3(0.048100000000,0.876900000000,0.567200000000),
double3(0.091150000000,0.908850000000,0.591150000000),
double3(0.373100000000,0.798100000000,0.817200000000),
double3(0.341150000000,0.841150000000,0.841150000000),
double3(0.432800000000,0.951900000000,0.876900000000),
double3(0.298100000000,0.682800000000,0.626900000000),
double3(0.067200000000,0.548100000000,0.876900000000),
double3(0.201900000000,0.817200000000,0.626900000000),
double3(0.432800000000,0.548100000000,0.623100000000),
double3(0.201900000000,0.682800000000,0.873100000000),
double3(0.067200000000,0.951900000000,0.623100000000),
double3(0.298100000000,0.817200000000,0.873100000000),
double3(0.376900000000,0.932800000000,0.951900000000),
double3(0.376900000000,0.567200000000,0.548100000000),
double3(0.182800000000,0.626900000000,0.798100000000),
double3(0.123100000000,0.932800000000,0.548100000000),
double3(0.317200000000,0.873100000000,0.798100000000),
double3(0.123100000000,0.567200000000,0.951900000000),
double3(0.182800000000,0.873100000000,0.701900000000),
double3(0.317200000000,0.626900000000,0.701900000000),
double3(0.500000000000,0.171950000000,0.000000000000),
double3(0.548100000000,0.123100000000,0.067200000000),
double3(0.500000000000,0.202100000000,0.091100000000),
double3(0.625000000000,0.125000000000,0.125000000000),
double3(0.500000000000,0.154900000000,0.056200000000),
double3(0.591150000000,0.091150000000,0.091150000000),
double3(0.625000000000,0.000000000000,0.250000000000),
double3(0.578050000000,0.250000000000,0.250000000000),
double3(0.626900000000,0.298100000000,0.317200000000),
double3(0.547900000000,0.250000000000,0.341100000000),
double3(0.625000000000,0.375000000000,0.375000000000),
double3(0.595100000000,0.250000000000,0.306200000000),
double3(0.658850000000,0.341150000000,0.341150000000),
double3(0.750000000000,0.375000000000,0.000000000000),
double3(0.500000000000,0.328050000000,0.000000000000),
double3(0.951900000000,0.376900000000,0.067200000000),
double3(0.500000000000,0.297900000000,0.091100000000),
double3(0.875000000000,0.375000000000,0.125000000000),
double3(0.500000000000,0.345100000000,0.056200000000),
double3(0.908850000000,0.408850000000,0.091150000000),
double3(0.875000000000,0.000000000000,0.250000000000),
double3(0.921950000000,0.250000000000,0.250000000000),
double3(0.873100000000,0.201900000000,0.317200000000),
double3(0.952100000000,0.250000000000,0.341100000000),
double3(0.875000000000,0.125000000000,0.375000000000),
double3(0.904900000000,0.250000000000,0.306200000000),
double3(0.841150000000,0.158850000000,0.341150000000),
double3(0.750000000000,0.125000000000,0.000000000000),
double3(0.548100000000,0.376900000000,0.432800000000),
double3(0.500000000000,0.297900000000,0.408900000000),
double3(0.500000000000,0.345100000000,0.443800000000),
double3(0.591150000000,0.408850000000,0.408850000000),
double3(0.873100000000,0.298100000000,0.182800000000),
double3(0.952100000000,0.250000000000,0.158900000000),
double3(0.904900000000,0.250000000000,0.193800000000),
double3(0.841150000000,0.341150000000,0.158850000000),
double3(0.951900000000,0.123100000000,0.432800000000),
double3(0.500000000000,0.202100000000,0.408900000000),
double3(0.500000000000,0.154900000000,0.443800000000),
double3(0.908850000000,0.091150000000,0.408850000000),
double3(0.626900000000,0.201900000000,0.182800000000),
double3(0.547900000000,0.250000000000,0.158900000000),
double3(0.595100000000,0.250000000000,0.193800000000),
double3(0.658850000000,0.158850000000,0.158850000000),
double3(0.500000000000,0.000000000000,0.171950000000),
double3(0.567200000000,0.048100000000,0.123100000000),
double3(0.591100000000,0.000000000000,0.202100000000),
double3(0.556200000000,0.000000000000,0.154900000000),
double3(0.750000000000,0.250000000000,0.421950000000),
double3(0.701900000000,0.317200000000,0.373100000000),
double3(0.750000000000,0.341100000000,0.452100000000),
double3(0.750000000000,0.306200000000,0.404900000000),
double3(0.932800000000,0.451900000000,0.123100000000),
double3(0.908900000000,0.000000000000,0.202100000000),
double3(0.943800000000,0.000000000000,0.154900000000),
double3(0.798100000000,0.182800000000,0.373100000000),
double3(0.750000000000,0.158900000000,0.452100000000),
double3(0.750000000000,0.193800000000,0.404900000000),
double3(0.500000000000,0.000000000000,0.328050000000),
double3(0.567200000000,0.451900000000,0.376900000000),
double3(0.591100000000,0.000000000000,0.297900000000),
double3(0.556200000000,0.000000000000,0.345100000000),
double3(0.750000000000,0.250000000000,0.078050000000),
double3(0.798100000000,0.317200000000,0.126900000000),
double3(0.750000000000,0.341100000000,0.047900000000),
double3(0.750000000000,0.306200000000,0.095100000000),
double3(0.932800000000,0.048100000000,0.376900000000),
double3(0.908900000000,0.000000000000,0.297900000000),
double3(0.943800000000,0.000000000000,0.345100000000),
double3(0.701900000000,0.182800000000,0.126900000000),
double3(0.750000000000,0.158900000000,0.047900000000),
double3(0.750000000000,0.193800000000,0.095100000000),
double3(0.671950000000,0.000000000000,0.000000000000),
double3(0.623100000000,0.067200000000,0.048100000000),
double3(0.702100000000,0.091100000000,0.000000000000),
double3(0.654900000000,0.056200000000,0.000000000000),
double3(0.500000000000,0.250000000000,0.125000000000),
double3(0.623100000000,0.432800000000,0.451900000000),
double3(0.702100000000,0.408900000000,0.000000000000),
double3(0.654900000000,0.443800000000,0.000000000000),
double3(0.500000000000,0.250000000000,0.375000000000),
double3(0.750000000000,0.421950000000,0.250000000000),
double3(0.817200000000,0.373100000000,0.201900000000),
double3(0.841100000000,0.452100000000,0.250000000000),
double3(0.806200000000,0.404900000000,0.250000000000),
double3(0.828050000000,0.000000000000,0.000000000000),
double3(0.876900000000,0.067200000000,0.451900000000),
double3(0.797900000000,0.091100000000,0.000000000000),
double3(0.845100000000,0.056200000000,0.000000000000),
double3(0.750000000000,0.078050000000,0.250000000000),
double3(0.682800000000,0.126900000000,0.201900000000),
double3(0.658900000000,0.047900000000,0.250000000000),
double3(0.693800000000,0.095100000000,0.250000000000),
double3(0.876900000000,0.432800000000,0.048100000000),
double3(0.797900000000,0.408900000000,0.000000000000),
double3(0.845100000000,0.443800000000,0.000000000000),
double3(0.817200000000,0.126900000000,0.298100000000),
double3(0.841100000000,0.047900000000,0.250000000000),
double3(0.806200000000,0.095100000000,0.250000000000),
double3(0.682800000000,0.373100000000,0.298100000000),
double3(0.658900000000,0.452100000000,0.250000000000),
double3(0.693800000000,0.404900000000,0.250000000000),
double3(0.951900000000,0.376900000000,0.432800000000),
double3(0.875000000000,0.375000000000,0.375000000000),
double3(0.908850000000,0.408850000000,0.408850000000),
double3(0.873100000000,0.201900000000,0.182800000000),
double3(0.875000000000,0.125000000000,0.125000000000),
double3(0.841150000000,0.158850000000,0.158850000000),
double3(0.548100000000,0.123100000000,0.432800000000),
double3(0.625000000000,0.125000000000,0.375000000000),
double3(0.591150000000,0.091150000000,0.408850000000),
double3(0.626900000000,0.298100000000,0.182800000000),
double3(0.625000000000,0.375000000000,0.125000000000),
double3(0.658850000000,0.341150000000,0.158850000000),
double3(0.951900000000,0.123100000000,0.067200000000),
double3(0.908850000000,0.091150000000,0.091150000000),
double3(0.626900000000,0.201900000000,0.317200000000),
double3(0.658850000000,0.158850000000,0.341150000000),
double3(0.548100000000,0.376900000000,0.067200000000),
double3(0.591150000000,0.408850000000,0.091150000000),
double3(0.873100000000,0.298100000000,0.317200000000),
double3(0.841150000000,0.341150000000,0.341150000000),
double3(0.932800000000,0.451900000000,0.376900000000),
double3(0.798100000000,0.182800000000,0.126900000000),
double3(0.567200000000,0.048100000000,0.376900000000),
double3(0.701900000000,0.317200000000,0.126900000000),
double3(0.932800000000,0.048100000000,0.123100000000),
double3(0.701900000000,0.182800000000,0.373100000000),
double3(0.567200000000,0.451900000000,0.123100000000),
double3(0.798100000000,0.317200000000,0.373100000000),
double3(0.876900000000,0.432800000000,0.451900000000),
double3(0.876900000000,0.067200000000,0.048100000000),
double3(0.682800000000,0.126900000000,0.298100000000),
double3(0.623100000000,0.432800000000,0.048100000000),
double3(0.817200000000,0.373100000000,0.298100000000),
double3(0.623100000000,0.067200000000,0.451900000000),
double3(0.682800000000,0.373100000000,0.201900000000),
double3(0.817200000000,0.126900000000,0.201900000000),
double3(0.500000000000,0.171950000000,0.500000000000),
double3(0.548100000000,0.123100000000,0.567200000000),
double3(0.500000000000,0.202100000000,0.591100000000),
double3(0.625000000000,0.125000000000,0.625000000000),
double3(0.500000000000,0.154900000000,0.556200000000),
double3(0.591150000000,0.091150000000,0.591150000000),
double3(0.625000000000,0.000000000000,0.750000000000),
double3(0.578050000000,0.250000000000,0.750000000000),
double3(0.626900000000,0.298100000000,0.817200000000),
double3(0.547900000000,0.250000000000,0.841100000000),
double3(0.625000000000,0.375000000000,0.875000000000),
double3(0.595100000000,0.250000000000,0.806200000000),
double3(0.658850000000,0.341150000000,0.841150000000),
double3(0.750000000000,0.375000000000,0.500000000000),
double3(0.500000000000,0.328050000000,0.500000000000),
double3(0.951900000000,0.376900000000,0.567200000000),
double3(0.500000000000,0.297900000000,0.591100000000),
double3(0.875000000000,0.375000000000,0.625000000000),
double3(0.500000000000,0.345100000000,0.556200000000),
double3(0.908850000000,0.408850000000,0.591150000000),
double3(0.875000000000,0.000000000000,0.750000000000),
double3(0.921950000000,0.250000000000,0.750000000000),
double3(0.873100000000,0.201900000000,0.817200000000),
double3(0.952100000000,0.250000000000,0.841100000000),
double3(0.875000000000,0.125000000000,0.875000000000),
double3(0.904900000000,0.250000000000,0.806200000000),
double3(0.841150000000,0.158850000000,0.841150000000),
double3(0.750000000000,0.125000000000,0.500000000000),
double3(0.548100000000,0.376900000000,0.932800000000),
double3(0.500000000000,0.297900000000,0.908900000000),
double3(0.500000000000,0.345100000000,0.943800000000),
double3(0.591150000000,0.408850000000,0.908850000000),
double3(0.873100000000,0.298100000000,0.682800000000),
double3(0.952100000000,0.250000000000,0.658900000000),
double3(0.904900000000,0.250000000000,0.693800000000),
double3(0.841150000000,0.341150000000,0.658850000000),
double3(0.951900000000,0.123100000000,0.932800000000),
double3(0.500000000000,0.202100000000,0.908900000000),
double3(0.500000000000,0.154900000000,0.943800000000),
double3(0.908850000000,0.091150000000,0.908850000000),
double3(0.626900000000,0.201900000000,0.682800000000),
double3(0.547900000000,0.250000000000,0.658900000000),
double3(0.595100000000,0.250000000000,0.693800000000),
double3(0.658850000000,0.158850000000,0.658850000000),
double3(0.500000000000,0.000000000000,0.671950000000),
double3(0.567200000000,0.048100000000,0.623100000000),
double3(0.591100000000,0.000000000000,0.702100000000),
double3(0.556200000000,0.000000000000,0.654900000000),
double3(0.750000000000,0.250000000000,0.921950000000),
double3(0.701900000000,0.317200000000,0.873100000000),
double3(0.750000000000,0.341100000000,0.952100000000),
double3(0.750000000000,0.306200000000,0.904900000000),
double3(0.932800000000,0.451900000000,0.623100000000),
double3(0.908900000000,0.000000000000,0.702100000000),
double3(0.943800000000,0.000000000000,0.654900000000),
double3(0.798100000000,0.182800000000,0.873100000000),
double3(0.750000000000,0.158900000000,0.952100000000),
double3(0.750000000000,0.193800000000,0.904900000000),
double3(0.500000000000,0.000000000000,0.828050000000),
double3(0.567200000000,0.451900000000,0.876900000000),
double3(0.591100000000,0.000000000000,0.797900000000),
double3(0.556200000000,0.000000000000,0.845100000000),
double3(0.750000000000,0.250000000000,0.578050000000),
double3(0.798100000000,0.317200000000,0.626900000000),
double3(0.750000000000,0.341100000000,0.547900000000),
double3(0.750000000000,0.306200000000,0.595100000000),
double3(0.932800000000,0.048100000000,0.876900000000),
double3(0.908900000000,0.000000000000,0.797900000000),
double3(0.943800000000,0.000000000000,0.845100000000),
double3(0.701900000000,0.182800000000,0.626900000000),
double3(0.750000000000,0.158900000000,0.547900000000),
double3(0.750000000000,0.193800000000,0.595100000000),
double3(0.671950000000,0.000000000000,0.500000000000),
double3(0.623100000000,0.067200000000,0.548100000000),
double3(0.702100000000,0.091100000000,0.500000000000),
double3(0.654900000000,0.056200000000,0.500000000000),
double3(0.500000000000,0.250000000000,0.625000000000),
double3(0.623100000000,0.432800000000,0.951900000000),
double3(0.702100000000,0.408900000000,0.500000000000),
double3(0.654900000000,0.443800000000,0.500000000000),
double3(0.500000000000,0.250000000000,0.875000000000),
double3(0.750000000000,0.421950000000,0.750000000000),
double3(0.817200000000,0.373100000000,0.701900000000),
double3(0.841100000000,0.452100000000,0.750000000000),
double3(0.806200000000,0.404900000000,0.750000000000),
double3(0.828050000000,0.000000000000,0.500000000000),
double3(0.876900000000,0.067200000000,0.951900000000),
double3(0.797900000000,0.091100000000,0.500000000000),
double3(0.845100000000,0.056200000000,0.500000000000),
double3(0.750000000000,0.078050000000,0.750000000000),
double3(0.682800000000,0.126900000000,0.701900000000),
double3(0.658900000000,0.047900000000,0.750000000000),
double3(0.693800000000,0.095100000000,0.750000000000),
double3(0.876900000000,0.432800000000,0.548100000000),
double3(0.797900000000,0.408900000000,0.500000000000),
double3(0.845100000000,0.443800000000,0.500000000000),
double3(0.817200000000,0.126900000000,0.798100000000),
double3(0.841100000000,0.047900000000,0.750000000000),
double3(0.806200000000,0.095100000000,0.750000000000),
double3(0.682800000000,0.373100000000,0.798100000000),
double3(0.658900000000,0.452100000000,0.750000000000),
double3(0.693800000000,0.404900000000,0.750000000000),
double3(0.951900000000,0.376900000000,0.932800000000),
double3(0.875000000000,0.375000000000,0.875000000000),
double3(0.908850000000,0.408850000000,0.908850000000),
double3(0.873100000000,0.201900000000,0.682800000000),
double3(0.875000000000,0.125000000000,0.625000000000),
double3(0.841150000000,0.158850000000,0.658850000000),
double3(0.548100000000,0.123100000000,0.932800000000),
double3(0.625000000000,0.125000000000,0.875000000000),
double3(0.591150000000,0.091150000000,0.908850000000),
double3(0.626900000000,0.298100000000,0.682800000000),
double3(0.625000000000,0.375000000000,0.625000000000),
double3(0.658850000000,0.341150000000,0.658850000000),
double3(0.951900000000,0.123100000000,0.567200000000),
double3(0.908850000000,0.091150000000,0.591150000000),
double3(0.626900000000,0.201900000000,0.817200000000),
double3(0.658850000000,0.158850000000,0.841150000000),
double3(0.548100000000,0.376900000000,0.567200000000),
double3(0.591150000000,0.408850000000,0.591150000000),
double3(0.873100000000,0.298100000000,0.817200000000),
double3(0.841150000000,0.341150000000,0.841150000000),
double3(0.932800000000,0.451900000000,0.876900000000),
double3(0.798100000000,0.182800000000,0.626900000000),
double3(0.567200000000,0.048100000000,0.876900000000),
double3(0.701900000000,0.317200000000,0.626900000000),
double3(0.932800000000,0.048100000000,0.623100000000),
double3(0.701900000000,0.182800000000,0.873100000000),
double3(0.567200000000,0.451900000000,0.623100000000),
double3(0.798100000000,0.317200000000,0.873100000000),
double3(0.876900000000,0.432800000000,0.951900000000),
double3(0.876900000000,0.067200000000,0.548100000000),
double3(0.682800000000,0.126900000000,0.798100000000),
double3(0.623100000000,0.432800000000,0.548100000000),
double3(0.817200000000,0.373100000000,0.798100000000),
double3(0.623100000000,0.067200000000,0.951900000000),
double3(0.682800000000,0.373100000000,0.701900000000),
double3(0.817200000000,0.126900000000,0.701900000000),
double3(0.500000000000,0.671950000000,0.000000000000),
double3(0.548100000000,0.623100000000,0.067200000000),
double3(0.500000000000,0.702100000000,0.091100000000),
double3(0.625000000000,0.625000000000,0.125000000000),
double3(0.500000000000,0.654900000000,0.056200000000),
double3(0.591150000000,0.591150000000,0.091150000000),
double3(0.625000000000,0.500000000000,0.250000000000),
double3(0.578050000000,0.750000000000,0.250000000000),
double3(0.626900000000,0.798100000000,0.317200000000),
double3(0.547900000000,0.750000000000,0.341100000000),
double3(0.625000000000,0.875000000000,0.375000000000),
double3(0.595100000000,0.750000000000,0.306200000000),
double3(0.658850000000,0.841150000000,0.341150000000),
double3(0.750000000000,0.875000000000,0.000000000000),
double3(0.500000000000,0.828050000000,0.000000000000),
double3(0.951900000000,0.876900000000,0.067200000000),
double3(0.500000000000,0.797900000000,0.091100000000),
double3(0.875000000000,0.875000000000,0.125000000000),
double3(0.500000000000,0.845100000000,0.056200000000),
double3(0.908850000000,0.908850000000,0.091150000000),
double3(0.875000000000,0.500000000000,0.250000000000),
double3(0.921950000000,0.750000000000,0.250000000000),
double3(0.873100000000,0.701900000000,0.317200000000),
double3(0.952100000000,0.750000000000,0.341100000000),
double3(0.875000000000,0.625000000000,0.375000000000),
double3(0.904900000000,0.750000000000,0.306200000000),
double3(0.841150000000,0.658850000000,0.341150000000),
double3(0.750000000000,0.625000000000,0.000000000000),
double3(0.548100000000,0.876900000000,0.432800000000),
double3(0.500000000000,0.797900000000,0.408900000000),
double3(0.500000000000,0.845100000000,0.443800000000),
double3(0.591150000000,0.908850000000,0.408850000000),
double3(0.873100000000,0.798100000000,0.182800000000),
double3(0.952100000000,0.750000000000,0.158900000000),
double3(0.904900000000,0.750000000000,0.193800000000),
double3(0.841150000000,0.841150000000,0.158850000000),
double3(0.951900000000,0.623100000000,0.432800000000),
double3(0.500000000000,0.702100000000,0.408900000000),
double3(0.500000000000,0.654900000000,0.443800000000),
double3(0.908850000000,0.591150000000,0.408850000000),
double3(0.626900000000,0.701900000000,0.182800000000),
double3(0.547900000000,0.750000000000,0.158900000000),
double3(0.595100000000,0.750000000000,0.193800000000),
double3(0.658850000000,0.658850000000,0.158850000000),
double3(0.500000000000,0.500000000000,0.171950000000),
double3(0.567200000000,0.548100000000,0.123100000000),
double3(0.591100000000,0.500000000000,0.202100000000),
double3(0.556200000000,0.500000000000,0.154900000000),
double3(0.750000000000,0.750000000000,0.421950000000),
double3(0.701900000000,0.817200000000,0.373100000000),
double3(0.750000000000,0.841100000000,0.452100000000),
double3(0.750000000000,0.806200000000,0.404900000000),
double3(0.932800000000,0.951900000000,0.123100000000),
double3(0.908900000000,0.500000000000,0.202100000000),
double3(0.943800000000,0.500000000000,0.154900000000),
double3(0.798100000000,0.682800000000,0.373100000000),
double3(0.750000000000,0.658900000000,0.452100000000),
double3(0.750000000000,0.693800000000,0.404900000000),
double3(0.500000000000,0.500000000000,0.328050000000),
double3(0.567200000000,0.951900000000,0.376900000000),
double3(0.591100000000,0.500000000000,0.297900000000),
double3(0.556200000000,0.500000000000,0.345100000000),
double3(0.750000000000,0.750000000000,0.078050000000),
double3(0.798100000000,0.817200000000,0.126900000000),
double3(0.750000000000,0.841100000000,0.047900000000),
double3(0.750000000000,0.806200000000,0.095100000000),
double3(0.932800000000,0.548100000000,0.376900000000),
double3(0.908900000000,0.500000000000,0.297900000000),
double3(0.943800000000,0.500000000000,0.345100000000),
double3(0.701900000000,0.682800000000,0.126900000000),
double3(0.750000000000,0.658900000000,0.047900000000),
double3(0.750000000000,0.693800000000,0.095100000000),
double3(0.671950000000,0.500000000000,0.000000000000),
double3(0.623100000000,0.567200000000,0.048100000000),
double3(0.702100000000,0.591100000000,0.000000000000),
double3(0.654900000000,0.556200000000,0.000000000000),
double3(0.500000000000,0.750000000000,0.125000000000),
double3(0.623100000000,0.932800000000,0.451900000000),
double3(0.702100000000,0.908900000000,0.000000000000),
double3(0.654900000000,0.943800000000,0.000000000000),
double3(0.500000000000,0.750000000000,0.375000000000),
double3(0.750000000000,0.921950000000,0.250000000000),
double3(0.817200000000,0.873100000000,0.201900000000),
double3(0.841100000000,0.952100000000,0.250000000000),
double3(0.806200000000,0.904900000000,0.250000000000),
double3(0.828050000000,0.500000000000,0.000000000000),
double3(0.876900000000,0.567200000000,0.451900000000),
double3(0.797900000000,0.591100000000,0.000000000000),
double3(0.845100000000,0.556200000000,0.000000000000),
double3(0.750000000000,0.578050000000,0.250000000000),
double3(0.682800000000,0.626900000000,0.201900000000),
double3(0.658900000000,0.547900000000,0.250000000000),
double3(0.693800000000,0.595100000000,0.250000000000),
double3(0.876900000000,0.932800000000,0.048100000000),
double3(0.797900000000,0.908900000000,0.000000000000),
double3(0.845100000000,0.943800000000,0.000000000000),
double3(0.817200000000,0.626900000000,0.298100000000),
double3(0.841100000000,0.547900000000,0.250000000000),
double3(0.806200000000,0.595100000000,0.250000000000),
double3(0.682800000000,0.873100000000,0.298100000000),
double3(0.658900000000,0.952100000000,0.250000000000),
double3(0.693800000000,0.904900000000,0.250000000000),
double3(0.951900000000,0.876900000000,0.432800000000),
double3(0.875000000000,0.875000000000,0.375000000000),
double3(0.908850000000,0.908850000000,0.408850000000),
double3(0.873100000000,0.701900000000,0.182800000000),
double3(0.875000000000,0.625000000000,0.125000000000),
double3(0.841150000000,0.658850000000,0.158850000000),
double3(0.548100000000,0.623100000000,0.432800000000),
double3(0.625000000000,0.625000000000,0.375000000000),
double3(0.591150000000,0.591150000000,0.408850000000),
double3(0.626900000000,0.798100000000,0.182800000000),
double3(0.625000000000,0.875000000000,0.125000000000),
double3(0.658850000000,0.841150000000,0.158850000000),
double3(0.951900000000,0.623100000000,0.067200000000),
double3(0.908850000000,0.591150000000,0.091150000000),
double3(0.626900000000,0.701900000000,0.317200000000),
double3(0.658850000000,0.658850000000,0.341150000000),
double3(0.548100000000,0.876900000000,0.067200000000),
double3(0.591150000000,0.908850000000,0.091150000000),
double3(0.873100000000,0.798100000000,0.317200000000),
double3(0.841150000000,0.841150000000,0.341150000000),
double3(0.932800000000,0.951900000000,0.376900000000),
double3(0.798100000000,0.682800000000,0.126900000000),
double3(0.567200000000,0.548100000000,0.376900000000),
double3(0.701900000000,0.817200000000,0.126900000000),
double3(0.932800000000,0.548100000000,0.123100000000),
double3(0.701900000000,0.682800000000,0.373100000000),
double3(0.567200000000,0.951900000000,0.123100000000),
double3(0.798100000000,0.817200000000,0.373100000000),
double3(0.876900000000,0.932800000000,0.451900000000),
double3(0.876900000000,0.567200000000,0.048100000000),
double3(0.682800000000,0.626900000000,0.298100000000),
double3(0.623100000000,0.932800000000,0.048100000000),
double3(0.817200000000,0.873100000000,0.298100000000),
double3(0.623100000000,0.567200000000,0.451900000000),
double3(0.682800000000,0.873100000000,0.201900000000),
double3(0.817200000000,0.626900000000,0.201900000000),
double3(0.500000000000,0.671950000000,0.500000000000),
double3(0.548100000000,0.623100000000,0.567200000000),
double3(0.500000000000,0.702100000000,0.591100000000),
double3(0.625000000000,0.625000000000,0.625000000000),
double3(0.500000000000,0.654900000000,0.556200000000),
double3(0.591150000000,0.591150000000,0.591150000000),
double3(0.625000000000,0.500000000000,0.750000000000),
double3(0.578050000000,0.750000000000,0.750000000000),
double3(0.626900000000,0.798100000000,0.817200000000),
double3(0.547900000000,0.750000000000,0.841100000000),
double3(0.625000000000,0.875000000000,0.875000000000),
double3(0.595100000000,0.750000000000,0.806200000000),
double3(0.658850000000,0.841150000000,0.841150000000),
double3(0.750000000000,0.875000000000,0.500000000000),
double3(0.500000000000,0.828050000000,0.500000000000),
double3(0.951900000000,0.876900000000,0.567200000000),
double3(0.500000000000,0.797900000000,0.591100000000),
double3(0.875000000000,0.875000000000,0.625000000000),
double3(0.500000000000,0.845100000000,0.556200000000),
double3(0.908850000000,0.908850000000,0.591150000000),
double3(0.875000000000,0.500000000000,0.750000000000),
double3(0.921950000000,0.750000000000,0.750000000000),
double3(0.873100000000,0.701900000000,0.817200000000),
double3(0.952100000000,0.750000000000,0.841100000000),
double3(0.875000000000,0.625000000000,0.875000000000),
double3(0.904900000000,0.750000000000,0.806200000000),
double3(0.841150000000,0.658850000000,0.841150000000),
double3(0.750000000000,0.625000000000,0.500000000000),
double3(0.548100000000,0.876900000000,0.932800000000),
double3(0.500000000000,0.797900000000,0.908900000000),
double3(0.500000000000,0.845100000000,0.943800000000),
double3(0.591150000000,0.908850000000,0.908850000000),
double3(0.873100000000,0.798100000000,0.682800000000),
double3(0.952100000000,0.750000000000,0.658900000000),
double3(0.904900000000,0.750000000000,0.693800000000),
double3(0.841150000000,0.841150000000,0.658850000000),
double3(0.951900000000,0.623100000000,0.932800000000),
double3(0.500000000000,0.702100000000,0.908900000000),
double3(0.500000000000,0.654900000000,0.943800000000),
double3(0.908850000000,0.591150000000,0.908850000000),
double3(0.626900000000,0.701900000000,0.682800000000),
double3(0.547900000000,0.750000000000,0.658900000000),
double3(0.595100000000,0.750000000000,0.693800000000),
double3(0.658850000000,0.658850000000,0.658850000000),
double3(0.500000000000,0.500000000000,0.671950000000),
double3(0.567200000000,0.548100000000,0.623100000000),
double3(0.591100000000,0.500000000000,0.702100000000),
double3(0.556200000000,0.500000000000,0.654900000000),
double3(0.750000000000,0.750000000000,0.921950000000),
double3(0.701900000000,0.817200000000,0.873100000000),
double3(0.750000000000,0.841100000000,0.952100000000),
double3(0.750000000000,0.806200000000,0.904900000000),
double3(0.932800000000,0.951900000000,0.623100000000),
double3(0.908900000000,0.500000000000,0.702100000000),
double3(0.943800000000,0.500000000000,0.654900000000),
double3(0.798100000000,0.682800000000,0.873100000000),
double3(0.750000000000,0.658900000000,0.952100000000),
double3(0.750000000000,0.693800000000,0.904900000000),
double3(0.500000000000,0.500000000000,0.828050000000),
double3(0.567200000000,0.951900000000,0.876900000000),
double3(0.591100000000,0.500000000000,0.797900000000),
double3(0.556200000000,0.500000000000,0.845100000000),
double3(0.750000000000,0.750000000000,0.578050000000),
double3(0.798100000000,0.817200000000,0.626900000000),
double3(0.750000000000,0.841100000000,0.547900000000),
double3(0.750000000000,0.806200000000,0.595100000000),
double3(0.932800000000,0.548100000000,0.876900000000),
double3(0.908900000000,0.500000000000,0.797900000000),
double3(0.943800000000,0.500000000000,0.845100000000),
double3(0.701900000000,0.682800000000,0.626900000000),
double3(0.750000000000,0.658900000000,0.547900000000),
double3(0.750000000000,0.693800000000,0.595100000000),
double3(0.671950000000,0.500000000000,0.500000000000),
double3(0.623100000000,0.567200000000,0.548100000000),
double3(0.702100000000,0.591100000000,0.500000000000),
double3(0.654900000000,0.556200000000,0.500000000000),
double3(0.500000000000,0.750000000000,0.625000000000),
double3(0.623100000000,0.932800000000,0.951900000000),
double3(0.702100000000,0.908900000000,0.500000000000),
double3(0.654900000000,0.943800000000,0.500000000000),
double3(0.500000000000,0.750000000000,0.875000000000),
double3(0.750000000000,0.921950000000,0.750000000000),
double3(0.817200000000,0.873100000000,0.701900000000),
double3(0.841100000000,0.952100000000,0.750000000000),
double3(0.806200000000,0.904900000000,0.750000000000),
double3(0.828050000000,0.500000000000,0.500000000000),
double3(0.876900000000,0.567200000000,0.951900000000),
double3(0.797900000000,0.591100000000,0.500000000000),
double3(0.845100000000,0.556200000000,0.500000000000),
double3(0.750000000000,0.578050000000,0.750000000000),
double3(0.682800000000,0.626900000000,0.701900000000),
double3(0.658900000000,0.547900000000,0.750000000000),
double3(0.693800000000,0.595100000000,0.750000000000),
double3(0.876900000000,0.932800000000,0.548100000000),
double3(0.797900000000,0.908900000000,0.500000000000),
double3(0.845100000000,0.943800000000,0.500000000000),
double3(0.817200000000,0.626900000000,0.798100000000),
double3(0.841100000000,0.547900000000,0.750000000000),
double3(0.806200000000,0.595100000000,0.750000000000),
double3(0.682800000000,0.873100000000,0.798100000000),
double3(0.658900000000,0.952100000000,0.750000000000),
double3(0.693800000000,0.904900000000,0.750000000000),
double3(0.951900000000,0.876900000000,0.932800000000),
double3(0.875000000000,0.875000000000,0.875000000000),
double3(0.908850000000,0.908850000000,0.908850000000),
double3(0.873100000000,0.701900000000,0.682800000000),
double3(0.875000000000,0.625000000000,0.625000000000),
double3(0.841150000000,0.658850000000,0.658850000000),
double3(0.548100000000,0.623100000000,0.932800000000),
double3(0.625000000000,0.625000000000,0.875000000000),
double3(0.591150000000,0.591150000000,0.908850000000),
double3(0.626900000000,0.798100000000,0.682800000000),
double3(0.625000000000,0.875000000000,0.625000000000),
double3(0.658850000000,0.841150000000,0.658850000000),
double3(0.951900000000,0.623100000000,0.567200000000),
double3(0.908850000000,0.591150000000,0.591150000000),
double3(0.626900000000,0.701900000000,0.817200000000),
double3(0.658850000000,0.658850000000,0.841150000000),
double3(0.548100000000,0.876900000000,0.567200000000),
double3(0.591150000000,0.908850000000,0.591150000000),
double3(0.873100000000,0.798100000000,0.817200000000),
double3(0.841150000000,0.841150000000,0.841150000000),
double3(0.932800000000,0.951900000000,0.876900000000),
double3(0.798100000000,0.682800000000,0.626900000000),
double3(0.567200000000,0.548100000000,0.876900000000),
double3(0.701900000000,0.817200000000,0.626900000000),
double3(0.932800000000,0.548100000000,0.623100000000),
double3(0.701900000000,0.682800000000,0.873100000000),
double3(0.567200000000,0.951900000000,0.623100000000),
double3(0.798100000000,0.817200000000,0.873100000000),
double3(0.876900000000,0.932800000000,0.951900000000),
double3(0.876900000000,0.567200000000,0.548100000000),
double3(0.682800000000,0.626900000000,0.798100000000),
double3(0.623100000000,0.932800000000,0.548100000000),
double3(0.817200000000,0.873100000000,0.798100000000),
double3(0.623100000000,0.567200000000,0.951900000000),
double3(0.682800000000,0.873100000000,0.701900000000),
double3(0.817200000000,0.626900000000,0.701900000000),
