[double3(14.709000000000,0.000000000000,0.000000000000),double3(0.000000000000,27.536000000000,0.000000000000),double3(0.000000000000,0.000000000000,8.317000000000)]

double3(0.000000000000,0.797200000000,0.187500000000),
double3(0.413550000000,0.816700000000,0.175175000000),
double3(0.439350000000,0.729000000000,0.197875000000),
double3(0.457850000000,0.760000000000,0.125000000000),
double3(0.412700000000,0.641500000000,0.071975000000),
double3(0.000000000000,0.659300000000,0.062500000000),
double3(0.445550000000,0.657400000000,0.000000000000),
double3(0.347650000000,0.655300000000,0.125000000000),
double3(0.337300000000,0.590100000000,0.182000000000),
double3(0.250000000000,0.570700000000,0.187500000000),
double3(0.196400000000,0.558200000000,0.125000000000),
double3(0.189750000000,0.500000000000,0.187500000000),
double3(0.452400000000,0.775900000000,0.171300000000),
double3(0.449700000000,0.672000000000,0.046700000000),
double3(0.358450000000,0.642400000000,0.171200000000),
double3(0.200000000000,0.554700000000,0.173100000000),
double3(0.000000000000,0.202800000000,0.187500000000),
double3(0.086450000000,0.183300000000,0.175175000000),
double3(0.060650000000,0.271000000000,0.197875000000),
double3(0.042150000000,0.240000000000,0.125000000000),
double3(0.087300000000,0.358500000000,0.071975000000),
double3(0.000000000000,0.340700000000,0.062500000000),
double3(0.054450000000,0.342600000000,0.000000000000),
double3(0.152350000000,0.344700000000,0.125000000000),
double3(0.162700000000,0.409900000000,0.182000000000),
double3(0.250000000000,0.429300000000,0.187500000000),
double3(0.303600000000,0.441800000000,0.125000000000),
double3(0.310250000000,0.500000000000,0.187500000000),
double3(0.047600000000,0.224100000000,0.171300000000),
double3(0.050300000000,0.328000000000,0.046700000000),
double3(0.141550000000,0.357600000000,0.171200000000),
double3(0.300000000000,0.445300000000,0.173100000000),
double3(0.413550000000,0.183300000000,0.199825000000),
double3(0.439350000000,0.271000000000,0.177125000000),
double3(0.457850000000,0.240000000000,0.000000000000),
double3(0.412700000000,0.358500000000,0.053025000000),
double3(0.445550000000,0.342600000000,0.125000000000),
double3(0.347650000000,0.344700000000,0.000000000000),
double3(0.337300000000,0.409900000000,0.193000000000),
double3(0.196400000000,0.441800000000,0.000000000000),
double3(0.452400000000,0.224100000000,0.203700000000),
double3(0.449700000000,0.328000000000,0.078300000000),
double3(0.358450000000,0.357600000000,0.203800000000),
double3(0.200000000000,0.445300000000,0.201900000000),
double3(0.086450000000,0.816700000000,0.199825000000),
double3(0.060650000000,0.729000000000,0.177125000000),
double3(0.042150000000,0.760000000000,0.000000000000),
double3(0.087300000000,0.641500000000,0.053025000000),
double3(0.054450000000,0.657400000000,0.125000000000),
double3(0.152350000000,0.655300000000,0.000000000000),
double3(0.162700000000,0.590100000000,0.193000000000),
double3(0.303600000000,0.558200000000,0.000000000000),
double3(0.047600000000,0.775900000000,0.203700000000),
double3(0.050300000000,0.672000000000,0.078300000000),
double3(0.141550000000,0.642400000000,0.203800000000),
double3(0.300000000000,0.554700000000,0.201900000000),
double3(0.000000000000,0.202800000000,0.062500000000),
double3(0.086450000000,0.183300000000,0.074825000000),
double3(0.060650000000,0.271000000000,0.052125000000),
double3(0.087300000000,0.358500000000,0.178025000000),
double3(0.000000000000,0.340700000000,0.187500000000),
double3(0.162700000000,0.409900000000,0.068000000000),
double3(0.250000000000,0.429300000000,0.062500000000),
double3(0.310250000000,0.500000000000,0.062500000000),
double3(0.047600000000,0.224100000000,0.078700000000),
double3(0.050300000000,0.328000000000,0.203300000000),
double3(0.141550000000,0.357600000000,0.078800000000),
double3(0.300000000000,0.445300000000,0.076900000000),
double3(0.000000000000,0.797200000000,0.062500000000),
double3(0.413550000000,0.816700000000,0.074825000000),
double3(0.439350000000,0.729000000000,0.052125000000),
double3(0.412700000000,0.641500000000,0.178025000000),
double3(0.000000000000,0.659300000000,0.187500000000),
double3(0.337300000000,0.590100000000,0.068000000000),
double3(0.250000000000,0.570700000000,0.062500000000),
double3(0.189750000000,0.500000000000,0.062500000000),
double3(0.452400000000,0.775900000000,0.078700000000),
double3(0.449700000000,0.672000000000,0.203300000000),
double3(0.358450000000,0.642400000000,0.078800000000),
double3(0.200000000000,0.554700000000,0.076900000000),
double3(0.086450000000,0.816700000000,0.050175000000),
double3(0.060650000000,0.729000000000,0.072875000000),
double3(0.087300000000,0.641500000000,0.196975000000),
double3(0.162700000000,0.590100000000,0.057000000000),
double3(0.047600000000,0.775900000000,0.046300000000),
double3(0.050300000000,0.672000000000,0.171700000000),
double3(0.141550000000,0.642400000000,0.046200000000),
double3(0.300000000000,0.554700000000,0.048100000000),
double3(0.413550000000,0.183300000000,0.050175000000),
double3(0.439350000000,0.271000000000,0.072875000000),
double3(0.412700000000,0.358500000000,0.196975000000),
double3(0.337300000000,0.409900000000,0.057000000000),
double3(0.452400000000,0.224100000000,0.046300000000),
double3(0.449700000000,0.328000000000,0.171700000000),
double3(0.358450000000,0.357600000000,0.046200000000),
double3(0.200000000000,0.445300000000,0.048100000000),
double3(0.250000000000,0.297200000000,0.062500000000),
double3(0.163550000000,0.316700000000,0.050175000000),
double3(0.189350000000,0.229000000000,0.072875000000),
double3(0.207850000000,0.260000000000,0.000000000000),
double3(0.162700000000,0.141500000000,0.196975000000),
double3(0.250000000000,0.159300000000,0.187500000000),
double3(0.195550000000,0.157400000000,0.125000000000),
double3(0.097650000000,0.155300000000,0.000000000000),
double3(0.087300000000,0.090100000000,0.057000000000),
double3(0.000000000000,0.070700000000,0.062500000000),
double3(0.446400000000,0.058200000000,0.000000000000),
double3(0.439750000000,0.000000000000,0.062500000000),
double3(0.202400000000,0.275900000000,0.046300000000),
double3(0.199700000000,0.172000000000,0.171700000000),
double3(0.108450000000,0.142400000000,0.046200000000),
double3(0.450000000000,0.054700000000,0.048100000000),
double3(0.250000000000,0.702800000000,0.062500000000),
double3(0.336450000000,0.683300000000,0.050175000000),
double3(0.310650000000,0.771000000000,0.072875000000),
double3(0.292150000000,0.740000000000,0.000000000000),
double3(0.337300000000,0.858500000000,0.196975000000),
double3(0.250000000000,0.840700000000,0.187500000000),
double3(0.304450000000,0.842600000000,0.125000000000),
double3(0.402350000000,0.844700000000,0.000000000000),
double3(0.412700000000,0.909900000000,0.057000000000),
double3(0.000000000000,0.929300000000,0.062500000000),
double3(0.053600000000,0.941800000000,0.000000000000),
double3(0.060250000000,0.000000000000,0.062500000000),
double3(0.297600000000,0.724100000000,0.046300000000),
double3(0.300300000000,0.828000000000,0.171700000000),
double3(0.391550000000,0.857600000000,0.046200000000),
double3(0.050000000000,0.945300000000,0.048100000000),
double3(0.163550000000,0.683300000000,0.074825000000),
double3(0.189350000000,0.771000000000,0.052125000000),
double3(0.207850000000,0.740000000000,0.125000000000),
double3(0.162700000000,0.858500000000,0.178025000000),
double3(0.195550000000,0.842600000000,0.000000000000),
double3(0.097650000000,0.844700000000,0.125000000000),
double3(0.087300000000,0.909900000000,0.068000000000),
double3(0.446400000000,0.941800000000,0.125000000000),
double3(0.202400000000,0.724100000000,0.078700000000),
double3(0.199700000000,0.828000000000,0.203300000000),
double3(0.108450000000,0.857600000000,0.078800000000),
double3(0.450000000000,0.945300000000,0.076900000000),
double3(0.336450000000,0.316700000000,0.074825000000),
double3(0.310650000000,0.229000000000,0.052125000000),
double3(0.292150000000,0.260000000000,0.125000000000),
double3(0.337300000000,0.141500000000,0.178025000000),
double3(0.304450000000,0.157400000000,0.000000000000),
double3(0.402350000000,0.155300000000,0.125000000000),
double3(0.412700000000,0.090100000000,0.068000000000),
double3(0.053600000000,0.058200000000,0.125000000000),
double3(0.297600000000,0.275900000000,0.078700000000),
double3(0.300300000000,0.172000000000,0.203300000000),
double3(0.391550000000,0.142400000000,0.078800000000),
double3(0.050000000000,0.054700000000,0.076900000000),
double3(0.250000000000,0.702800000000,0.187500000000),
double3(0.336450000000,0.683300000000,0.199825000000),
double3(0.310650000000,0.771000000000,0.177125000000),
double3(0.337300000000,0.858500000000,0.053025000000),
double3(0.250000000000,0.840700000000,0.062500000000),
double3(0.412700000000,0.909900000000,0.193000000000),
double3(0.000000000000,0.929300000000,0.187500000000),
double3(0.060250000000,0.000000000000,0.187500000000),
double3(0.297600000000,0.724100000000,0.203700000000),
double3(0.300300000000,0.828000000000,0.078300000000),
double3(0.391550000000,0.857600000000,0.203800000000),
double3(0.050000000000,0.945300000000,0.201900000000),
double3(0.250000000000,0.297200000000,0.187500000000),
double3(0.163550000000,0.316700000000,0.199825000000),
double3(0.189350000000,0.229000000000,0.177125000000),
double3(0.162700000000,0.141500000000,0.053025000000),
double3(0.250000000000,0.159300000000,0.062500000000),
double3(0.087300000000,0.090100000000,0.193000000000),
double3(0.000000000000,0.070700000000,0.187500000000),
double3(0.439750000000,0.000000000000,0.187500000000),
double3(0.202400000000,0.275900000000,0.203700000000),
double3(0.199700000000,0.172000000000,0.078300000000),
double3(0.108450000000,0.142400000000,0.203800000000),
double3(0.450000000000,0.054700000000,0.201900000000),
double3(0.336450000000,0.316700000000,0.175175000000),
double3(0.310650000000,0.229000000000,0.197875000000),
double3(0.337300000000,0.141500000000,0.071975000000),
double3(0.412700000000,0.090100000000,0.182000000000),
double3(0.297600000000,0.275900000000,0.171300000000),
double3(0.300300000000,0.172000000000,0.046700000000),
double3(0.391550000000,0.142400000000,0.171200000000),
double3(0.050000000000,0.054700000000,0.173100000000),
double3(0.163550000000,0.683300000000,0.175175000000),
double3(0.189350000000,0.771000000000,0.197875000000),
double3(0.162700000000,0.858500000000,0.071975000000),
double3(0.087300000000,0.909900000000,0.182000000000),
double3(0.202400000000,0.724100000000,0.171300000000),
double3(0.199700000000,0.828000000000,0.046700000000),
double3(0.108450000000,0.857600000000,0.171200000000),
double3(0.450000000000,0.945300000000,0.173100000000),
double3(0.000000000000,0.797200000000,0.437500000000),
double3(0.413550000000,0.816700000000,0.425175000000),
double3(0.439350000000,0.729000000000,0.447875000000),
double3(0.457850000000,0.760000000000,0.375000000000),
double3(0.412700000000,0.641500000000,0.321975000000),
double3(0.000000000000,0.659300000000,0.312500000000),
double3(0.445550000000,0.657400000000,0.250000000000),
double3(0.347650000000,0.655300000000,0.375000000000),
double3(0.337300000000,0.590100000000,0.432000000000),
double3(0.250000000000,0.570700000000,0.437500000000),
double3(0.196400000000,0.558200000000,0.375000000000),
double3(0.189750000000,0.500000000000,0.437500000000),
double3(0.452400000000,0.775900000000,0.421300000000),
double3(0.449700000000,0.672000000000,0.296700000000),
double3(0.358450000000,0.642400000000,0.421200000000),
double3(0.200000000000,0.554700000000,0.423100000000),
double3(0.000000000000,0.202800000000,0.437500000000),
double3(0.086450000000,0.183300000000,0.425175000000),
double3(0.060650000000,0.271000000000,0.447875000000),
double3(0.042150000000,0.240000000000,0.375000000000),
double3(0.087300000000,0.358500000000,0.321975000000),
double3(0.000000000000,0.340700000000,0.312500000000),
double3(0.054450000000,0.342600000000,0.250000000000),
double3(0.152350000000,0.344700000000,0.375000000000),
double3(0.162700000000,0.409900000000,0.432000000000),
double3(0.250000000000,0.429300000000,0.437500000000),
double3(0.303600000000,0.441800000000,0.375000000000),
double3(0.310250000000,0.500000000000,0.437500000000),
double3(0.047600000000,0.224100000000,0.421300000000),
double3(0.050300000000,0.328000000000,0.296700000000),
double3(0.141550000000,0.357600000000,0.421200000000),
double3(0.300000000000,0.445300000000,0.423100000000),
double3(0.413550000000,0.183300000000,0.449825000000),
double3(0.439350000000,0.271000000000,0.427125000000),
double3(0.457850000000,0.240000000000,0.250000000000),
double3(0.412700000000,0.358500000000,0.303025000000),
double3(0.445550000000,0.342600000000,0.375000000000),
double3(0.347650000000,0.344700000000,0.250000000000),
double3(0.337300000000,0.409900000000,0.443000000000),
double3(0.196400000000,0.441800000000,0.250000000000),
double3(0.452400000000,0.224100000000,0.453700000000),
double3(0.449700000000,0.328000000000,0.328300000000),
double3(0.358450000000,0.357600000000,0.453800000000),
double3(0.200000000000,0.445300000000,0.451900000000),
double3(0.086450000000,0.816700000000,0.449825000000),
double3(0.060650000000,0.729000000000,0.427125000000),
double3(0.042150000000,0.760000000000,0.250000000000),
double3(0.087300000000,0.641500000000,0.303025000000),
double3(0.054450000000,0.657400000000,0.375000000000),
double3(0.152350000000,0.655300000000,0.250000000000),
double3(0.162700000000,0.590100000000,0.443000000000),
double3(0.303600000000,0.558200000000,0.250000000000),
double3(0.047600000000,0.775900000000,0.453700000000),
double3(0.050300000000,0.672000000000,0.328300000000),
double3(0.141550000000,0.642400000000,0.453800000000),
double3(0.300000000000,0.554700000000,0.451900000000),
double3(0.000000000000,0.202800000000,0.312500000000),
double3(0.086450000000,0.183300000000,0.324825000000),
double3(0.060650000000,0.271000000000,0.302125000000),
double3(0.087300000000,0.358500000000,0.428025000000),
double3(0.000000000000,0.340700000000,0.437500000000),
double3(0.162700000000,0.409900000000,0.318000000000),
double3(0.250000000000,0.429300000000,0.312500000000),
double3(0.310250000000,0.500000000000,0.312500000000),
double3(0.047600000000,0.224100000000,0.328700000000),
double3(0.050300000000,0.328000000000,0.453300000000),
double3(0.141550000000,0.357600000000,0.328800000000),
double3(0.300000000000,0.445300000000,0.326900000000),
double3(0.000000000000,0.797200000000,0.312500000000),
double3(0.413550000000,0.816700000000,0.324825000000),
double3(0.439350000000,0.729000000000,0.302125000000),
double3(0.412700000000,0.641500000000,0.428025000000),
double3(0.000000000000,0.659300000000,0.437500000000),
double3(0.337300000000,0.590100000000,0.318000000000),
double3(0.250000000000,0.570700000000,0.312500000000),
double3(0.189750000000,0.500000000000,0.312500000000),
double3(0.452400000000,0.775900000000,0.328700000000),
double3(0.449700000000,0.672000000000,0.453300000000),
double3(0.358450000000,0.642400000000,0.328800000000),
double3(0.200000000000,0.554700000000,0.326900000000),
double3(0.086450000000,0.816700000000,0.300175000000),
double3(0.060650000000,0.729000000000,0.322875000000),
double3(0.087300000000,0.641500000000,0.446975000000),
double3(0.162700000000,0.590100000000,0.307000000000),
double3(0.047600000000,0.775900000000,0.296300000000),
double3(0.050300000000,0.672000000000,0.421700000000),
double3(0.141550000000,0.642400000000,0.296200000000),
double3(0.300000000000,0.554700000000,0.298100000000),
double3(0.413550000000,0.183300000000,0.300175000000),
double3(0.439350000000,0.271000000000,0.322875000000),
double3(0.412700000000,0.358500000000,0.446975000000),
double3(0.337300000000,0.409900000000,0.307000000000),
double3(0.452400000000,0.224100000000,0.296300000000),
double3(0.449700000000,0.328000000000,0.421700000000),
double3(0.358450000000,0.357600000000,0.296200000000),
double3(0.200000000000,0.445300000000,0.298100000000),
double3(0.250000000000,0.297200000000,0.312500000000),
double3(0.163550000000,0.316700000000,0.300175000000),
double3(0.189350000000,0.229000000000,0.322875000000),
double3(0.207850000000,0.260000000000,0.250000000000),
double3(0.162700000000,0.141500000000,0.446975000000),
double3(0.250000000000,0.159300000000,0.437500000000),
double3(0.195550000000,0.157400000000,0.375000000000),
double3(0.097650000000,0.155300000000,0.250000000000),
double3(0.087300000000,0.090100000000,0.307000000000),
double3(0.000000000000,0.070700000000,0.312500000000),
double3(0.446400000000,0.058200000000,0.250000000000),
double3(0.439750000000,0.000000000000,0.312500000000),
double3(0.202400000000,0.275900000000,0.296300000000),
double3(0.199700000000,0.172000000000,0.421700000000),
double3(0.108450000000,0.142400000000,0.296200000000),
double3(0.450000000000,0.054700000000,0.298100000000),
double3(0.250000000000,0.702800000000,0.312500000000),
double3(0.336450000000,0.683300000000,0.300175000000),
double3(0.310650000000,0.771000000000,0.322875000000),
double3(0.292150000000,0.740000000000,0.250000000000),
double3(0.337300000000,0.858500000000,0.446975000000),
double3(0.250000000000,0.840700000000,0.437500000000),
double3(0.304450000000,0.842600000000,0.375000000000),
double3(0.402350000000,0.844700000000,0.250000000000),
double3(0.412700000000,0.909900000000,0.307000000000),
double3(0.000000000000,0.929300000000,0.312500000000),
double3(0.053600000000,0.941800000000,0.250000000000),
double3(0.060250000000,0.000000000000,0.312500000000),
double3(0.297600000000,0.724100000000,0.296300000000),
double3(0.300300000000,0.828000000000,0.421700000000),
double3(0.391550000000,0.857600000000,0.296200000000),
double3(0.050000000000,0.945300000000,0.298100000000),
double3(0.163550000000,0.683300000000,0.324825000000),
double3(0.189350000000,0.771000000000,0.302125000000),
double3(0.207850000000,0.740000000000,0.375000000000),
double3(0.162700000000,0.858500000000,0.428025000000),
double3(0.195550000000,0.842600000000,0.250000000000),
double3(0.097650000000,0.844700000000,0.375000000000),
double3(0.087300000000,0.909900000000,0.318000000000),
double3(0.446400000000,0.941800000000,0.375000000000),
double3(0.202400000000,0.724100000000,0.328700000000),
double3(0.199700000000,0.828000000000,0.453300000000),
double3(0.108450000000,0.857600000000,0.328800000000),
double3(0.450000000000,0.945300000000,0.326900000000),
double3(0.336450000000,0.316700000000,0.324825000000),
double3(0.310650000000,0.229000000000,0.302125000000),
double3(0.292150000000,0.260000000000,0.375000000000),
double3(0.337300000000,0.141500000000,0.428025000000),
double3(0.304450000000,0.157400000000,0.250000000000),
double3(0.402350000000,0.155300000000,0.375000000000),
double3(0.412700000000,0.090100000000,0.318000000000),
double3(0.053600000000,0.058200000000,0.375000000000),
double3(0.297600000000,0.275900000000,0.328700000000),
double3(0.300300000000,0.172000000000,0.453300000000),
double3(0.391550000000,0.142400000000,0.328800000000),
double3(0.050000000000,0.054700000000,0.326900000000),
double3(0.250000000000,0.702800000000,0.437500000000),
double3(0.336450000000,0.683300000000,0.449825000000),
double3(0.310650000000,0.771000000000,0.427125000000),
double3(0.337300000000,0.858500000000,0.303025000000),
double3(0.250000000000,0.840700000000,0.312500000000),
double3(0.412700000000,0.909900000000,0.443000000000),
double3(0.000000000000,0.929300000000,0.437500000000),
double3(0.060250000000,0.000000000000,0.437500000000),
double3(0.297600000000,0.724100000000,0.453700000000),
double3(0.300300000000,0.828000000000,0.328300000000),
double3(0.391550000000,0.857600000000,0.453800000000),
double3(0.050000000000,0.945300000000,0.451900000000),
double3(0.250000000000,0.297200000000,0.437500000000),
double3(0.163550000000,0.316700000000,0.449825000000),
double3(0.189350000000,0.229000000000,0.427125000000),
double3(0.162700000000,0.141500000000,0.303025000000),
double3(0.250000000000,0.159300000000,0.312500000000),
double3(0.087300000000,0.090100000000,0.443000000000),
double3(0.000000000000,0.070700000000,0.437500000000),
double3(0.439750000000,0.000000000000,0.437500000000),
double3(0.202400000000,0.275900000000,0.453700000000),
double3(0.199700000000,0.172000000000,0.328300000000),
double3(0.108450000000,0.142400000000,0.453800000000),
double3(0.450000000000,0.054700000000,0.451900000000),
double3(0.336450000000,0.316700000000,0.425175000000),
double3(0.310650000000,0.229000000000,0.447875000000),
double3(0.337300000000,0.141500000000,0.321975000000),
double3(0.412700000000,0.090100000000,0.432000000000),
double3(0.297600000000,0.275900000000,0.421300000000),
double3(0.300300000000,0.172000000000,0.296700000000),
double3(0.391550000000,0.142400000000,0.421200000000),
double3(0.050000000000,0.054700000000,0.423100000000),
double3(0.163550000000,0.683300000000,0.425175000000),
double3(0.189350000000,0.771000000000,0.447875000000),
double3(0.162700000000,0.858500000000,0.321975000000),
double3(0.087300000000,0.909900000000,0.432000000000),
double3(0.202400000000,0.724100000000,0.421300000000),
double3(0.199700000000,0.828000000000,0.296700000000),
double3(0.108450000000,0.857600000000,0.421200000000),
double3(0.450000000000,0.945300000000,0.423100000000),
double3(0.000000000000,0.797200000000,0.687500000000),
double3(0.413550000000,0.816700000000,0.675175000000),
double3(0.439350000000,0.729000000000,0.697875000000),
double3(0.457850000000,0.760000000000,0.625000000000),
double3(0.412700000000,0.641500000000,0.571975000000),
double3(0.000000000000,0.659300000000,0.562500000000),
double3(0.445550000000,0.657400000000,0.500000000000),
double3(0.347650000000,0.655300000000,0.625000000000),
double3(0.337300000000,0.590100000000,0.682000000000),
double3(0.250000000000,0.570700000000,0.687500000000),
double3(0.196400000000,0.558200000000,0.625000000000),
double3(0.189750000000,0.500000000000,0.687500000000),
double3(0.452400000000,0.775900000000,0.671300000000),
double3(0.449700000000,0.672000000000,0.546700000000),
double3(0.358450000000,0.642400000000,0.671200000000),
double3(0.200000000000,0.554700000000,0.673100000000),
double3(0.000000000000,0.202800000000,0.687500000000),
double3(0.086450000000,0.183300000000,0.675175000000),
double3(0.060650000000,0.271000000000,0.697875000000),
double3(0.042150000000,0.240000000000,0.625000000000),
double3(0.087300000000,0.358500000000,0.571975000000),
double3(0.000000000000,0.340700000000,0.562500000000),
double3(0.054450000000,0.342600000000,0.500000000000),
double3(0.152350000000,0.344700000000,0.625000000000),
double3(0.162700000000,0.409900000000,0.682000000000),
double3(0.250000000000,0.429300000000,0.687500000000),
double3(0.303600000000,0.441800000000,0.625000000000),
double3(0.310250000000,0.500000000000,0.687500000000),
double3(0.047600000000,0.224100000000,0.671300000000),
double3(0.050300000000,0.328000000000,0.546700000000),
double3(0.141550000000,0.357600000000,0.671200000000),
double3(0.300000000000,0.445300000000,0.673100000000),
double3(0.413550000000,0.183300000000,0.699825000000),
double3(0.439350000000,0.271000000000,0.677125000000),
double3(0.457850000000,0.240000000000,0.500000000000),
double3(0.412700000000,0.358500000000,0.553025000000),
double3(0.445550000000,0.342600000000,0.625000000000),
double3(0.347650000000,0.344700000000,0.500000000000),
double3(0.337300000000,0.409900000000,0.693000000000),
double3(0.196400000000,0.441800000000,0.500000000000),
double3(0.452400000000,0.224100000000,0.703700000000),
double3(0.449700000000,0.328000000000,0.578300000000),
double3(0.358450000000,0.357600000000,0.703800000000),
double3(0.200000000000,0.445300000000,0.701900000000),
double3(0.086450000000,0.816700000000,0.699825000000),
double3(0.060650000000,0.729000000000,0.677125000000),
double3(0.042150000000,0.760000000000,0.500000000000),
double3(0.087300000000,0.641500000000,0.553025000000),
double3(0.054450000000,0.657400000000,0.625000000000),
double3(0.152350000000,0.655300000000,0.500000000000),
double3(0.162700000000,0.590100000000,0.693000000000),
double3(0.303600000000,0.558200000000,0.500000000000),
double3(0.047600000000,0.775900000000,0.703700000000),
double3(0.050300000000,0.672000000000,0.578300000000),
double3(0.141550000000,0.642400000000,0.703800000000),
double3(0.300000000000,0.554700000000,0.701900000000),
double3(0.000000000000,0.202800000000,0.562500000000),
double3(0.086450000000,0.183300000000,0.574825000000),
double3(0.060650000000,0.271000000000,0.552125000000),
double3(0.087300000000,0.358500000000,0.678025000000),
double3(0.000000000000,0.340700000000,0.687500000000),
double3(0.162700000000,0.409900000000,0.568000000000),
double3(0.250000000000,0.429300000000,0.562500000000),
double3(0.310250000000,0.500000000000,0.562500000000),
double3(0.047600000000,0.224100000000,0.578700000000),
double3(0.050300000000,0.328000000000,0.703300000000),
double3(0.141550000000,0.357600000000,0.578800000000),
double3(0.300000000000,0.445300000000,0.576900000000),
double3(0.000000000000,0.797200000000,0.562500000000),
double3(0.413550000000,0.816700000000,0.574825000000),
double3(0.439350000000,0.729000000000,0.552125000000),
double3(0.412700000000,0.641500000000,0.678025000000),
double3(0.000000000000,0.659300000000,0.687500000000),
double3(0.337300000000,0.590100000000,0.568000000000),
double3(0.250000000000,0.570700000000,0.562500000000),
double3(0.189750000000,0.500000000000,0.562500000000),
double3(0.452400000000,0.775900000000,0.578700000000),
double3(0.449700000000,0.672000000000,0.703300000000),
double3(0.358450000000,0.642400000000,0.578800000000),
double3(0.200000000000,0.554700000000,0.576900000000),
double3(0.086450000000,0.816700000000,0.550175000000),
double3(0.060650000000,0.729000000000,0.572875000000),
double3(0.087300000000,0.641500000000,0.696975000000),
double3(0.162700000000,0.590100000000,0.557000000000),
double3(0.047600000000,0.775900000000,0.546300000000),
double3(0.050300000000,0.672000000000,0.671700000000),
double3(0.141550000000,0.642400000000,0.546200000000),
double3(0.300000000000,0.554700000000,0.548100000000),
double3(0.413550000000,0.183300000000,0.550175000000),
double3(0.439350000000,0.271000000000,0.572875000000),
double3(0.412700000000,0.358500000000,0.696975000000),
double3(0.337300000000,0.409900000000,0.557000000000),
double3(0.452400000000,0.224100000000,0.546300000000),
double3(0.449700000000,0.328000000000,0.671700000000),
double3(0.358450000000,0.357600000000,0.546200000000),
double3(0.200000000000,0.445300000000,0.548100000000),
double3(0.250000000000,0.297200000000,0.562500000000),
double3(0.163550000000,0.316700000000,0.550175000000),
double3(0.189350000000,0.229000000000,0.572875000000),
double3(0.207850000000,0.260000000000,0.500000000000),
double3(0.162700000000,0.141500000000,0.696975000000),
double3(0.250000000000,0.159300000000,0.687500000000),
double3(0.195550000000,0.157400000000,0.625000000000),
double3(0.097650000000,0.155300000000,0.500000000000),
double3(0.087300000000,0.090100000000,0.557000000000),
double3(0.000000000000,0.070700000000,0.562500000000),
double3(0.446400000000,0.058200000000,0.500000000000),
double3(0.439750000000,0.000000000000,0.562500000000),
double3(0.202400000000,0.275900000000,0.546300000000),
double3(0.199700000000,0.172000000000,0.671700000000),
double3(0.108450000000,0.142400000000,0.546200000000),
double3(0.450000000000,0.054700000000,0.548100000000),
double3(0.250000000000,0.702800000000,0.562500000000),
double3(0.336450000000,0.683300000000,0.550175000000),
double3(0.310650000000,0.771000000000,0.572875000000),
double3(0.292150000000,0.740000000000,0.500000000000),
double3(0.337300000000,0.858500000000,0.696975000000),
double3(0.250000000000,0.840700000000,0.687500000000),
double3(0.304450000000,0.842600000000,0.625000000000),
double3(0.402350000000,0.844700000000,0.500000000000),
double3(0.412700000000,0.909900000000,0.557000000000),
double3(0.000000000000,0.929300000000,0.562500000000),
double3(0.053600000000,0.941800000000,0.500000000000),
double3(0.060250000000,0.000000000000,0.562500000000),
double3(0.297600000000,0.724100000000,0.546300000000),
double3(0.300300000000,0.828000000000,0.671700000000),
double3(0.391550000000,0.857600000000,0.546200000000),
double3(0.050000000000,0.945300000000,0.548100000000),
double3(0.163550000000,0.683300000000,0.574825000000),
double3(0.189350000000,0.771000000000,0.552125000000),
double3(0.207850000000,0.740000000000,0.625000000000),
double3(0.162700000000,0.858500000000,0.678025000000),
double3(0.195550000000,0.842600000000,0.500000000000),
double3(0.097650000000,0.844700000000,0.625000000000),
double3(0.087300000000,0.909900000000,0.568000000000),
double3(0.446400000000,0.941800000000,0.625000000000),
double3(0.202400000000,0.724100000000,0.578700000000),
double3(0.199700000000,0.828000000000,0.703300000000),
double3(0.108450000000,0.857600000000,0.578800000000),
double3(0.450000000000,0.945300000000,0.576900000000),
double3(0.336450000000,0.316700000000,0.574825000000),
double3(0.310650000000,0.229000000000,0.552125000000),
double3(0.292150000000,0.260000000000,0.625000000000),
double3(0.337300000000,0.141500000000,0.678025000000),
double3(0.304450000000,0.157400000000,0.500000000000),
double3(0.402350000000,0.155300000000,0.625000000000),
double3(0.412700000000,0.090100000000,0.568000000000),
double3(0.053600000000,0.058200000000,0.625000000000),
double3(0.297600000000,0.275900000000,0.578700000000),
double3(0.300300000000,0.172000000000,0.703300000000),
double3(0.391550000000,0.142400000000,0.578800000000),
double3(0.050000000000,0.054700000000,0.576900000000),
double3(0.250000000000,0.702800000000,0.687500000000),
double3(0.336450000000,0.683300000000,0.699825000000),
double3(0.310650000000,0.771000000000,0.677125000000),
double3(0.337300000000,0.858500000000,0.553025000000),
double3(0.250000000000,0.840700000000,0.562500000000),
double3(0.412700000000,0.909900000000,0.693000000000),
double3(0.000000000000,0.929300000000,0.687500000000),
double3(0.060250000000,0.000000000000,0.687500000000),
double3(0.297600000000,0.724100000000,0.703700000000),
double3(0.300300000000,0.828000000000,0.578300000000),
double3(0.391550000000,0.857600000000,0.703800000000),
double3(0.050000000000,0.945300000000,0.701900000000),
double3(0.250000000000,0.297200000000,0.687500000000),
double3(0.163550000000,0.316700000000,0.699825000000),
double3(0.189350000000,0.229000000000,0.677125000000),
double3(0.162700000000,0.141500000000,0.553025000000),
double3(0.250000000000,0.159300000000,0.562500000000),
double3(0.087300000000,0.090100000000,0.693000000000),
double3(0.000000000000,0.070700000000,0.687500000000),
double3(0.439750000000,0.000000000000,0.687500000000),
double3(0.202400000000,0.275900000000,0.703700000000),
double3(0.199700000000,0.172000000000,0.578300000000),
double3(0.108450000000,0.142400000000,0.703800000000),
double3(0.450000000000,0.054700000000,0.701900000000),
double3(0.336450000000,0.316700000000,0.675175000000),
double3(0.310650000000,0.229000000000,0.697875000000),
double3(0.337300000000,0.141500000000,0.571975000000),
double3(0.412700000000,0.090100000000,0.682000000000),
double3(0.297600000000,0.275900000000,0.671300000000),
double3(0.300300000000,0.172000000000,0.546700000000),
double3(0.391550000000,0.142400000000,0.671200000000),
double3(0.050000000000,0.054700000000,0.673100000000),
double3(0.163550000000,0.683300000000,0.675175000000),
double3(0.189350000000,0.771000000000,0.697875000000),
double3(0.162700000000,0.858500000000,0.571975000000),
double3(0.087300000000,0.909900000000,0.682000000000),
double3(0.202400000000,0.724100000000,0.671300000000),
double3(0.199700000000,0.828000000000,0.546700000000),
double3(0.108450000000,0.857600000000,0.671200000000),
double3(0.450000000000,0.945300000000,0.673100000000),
double3(0.000000000000,0.797200000000,0.937500000000),
double3(0.413550000000,0.816700000000,0.925175000000),
double3(0.439350000000,0.729000000000,0.947875000000),
double3(0.457850000000,0.760000000000,0.875000000000),
double3(0.412700000000,0.641500000000,0.821975000000),
double3(0.000000000000,0.659300000000,0.812500000000),
double3(0.445550000000,0.657400000000,0.750000000000),
double3(0.347650000000,0.655300000000,0.875000000000),
double3(0.337300000000,0.590100000000,0.932000000000),
double3(0.250000000000,0.570700000000,0.937500000000),
double3(0.196400000000,0.558200000000,0.875000000000),
double3(0.189750000000,0.500000000000,0.937500000000),
double3(0.452400000000,0.775900000000,0.921300000000),
double3(0.449700000000,0.672000000000,0.796700000000),
double3(0.358450000000,0.642400000000,0.921200000000),
double3(0.200000000000,0.554700000000,0.923100000000),
double3(0.000000000000,0.202800000000,0.937500000000),
double3(0.086450000000,0.183300000000,0.925175000000),
double3(0.060650000000,0.271000000000,0.947875000000),
double3(0.042150000000,0.240000000000,0.875000000000),
double3(0.087300000000,0.358500000000,0.821975000000),
double3(0.000000000000,0.340700000000,0.812500000000),
double3(0.054450000000,0.342600000000,0.750000000000),
double3(0.152350000000,0.344700000000,0.875000000000),
double3(0.162700000000,0.409900000000,0.932000000000),
double3(0.250000000000,0.429300000000,0.937500000000),
double3(0.303600000000,0.441800000000,0.875000000000),
double3(0.310250000000,0.500000000000,0.937500000000),
double3(0.047600000000,0.224100000000,0.921300000000),
double3(0.050300000000,0.328000000000,0.796700000000),
double3(0.141550000000,0.357600000000,0.921200000000),
double3(0.300000000000,0.445300000000,0.923100000000),
double3(0.413550000000,0.183300000000,0.949825000000),
double3(0.439350000000,0.271000000000,0.927125000000),
double3(0.457850000000,0.240000000000,0.750000000000),
double3(0.412700000000,0.358500000000,0.803025000000),
double3(0.445550000000,0.342600000000,0.875000000000),
double3(0.347650000000,0.344700000000,0.750000000000),
double3(0.337300000000,0.409900000000,0.943000000000),
double3(0.196400000000,0.441800000000,0.750000000000),
double3(0.452400000000,0.224100000000,0.953700000000),
double3(0.449700000000,0.328000000000,0.828300000000),
double3(0.358450000000,0.357600000000,0.953800000000),
double3(0.200000000000,0.445300000000,0.951900000000),
double3(0.086450000000,0.816700000000,0.949825000000),
double3(0.060650000000,0.729000000000,0.927125000000),
double3(0.042150000000,0.760000000000,0.750000000000),
double3(0.087300000000,0.641500000000,0.803025000000),
double3(0.054450000000,0.657400000000,0.875000000000),
double3(0.152350000000,0.655300000000,0.750000000000),
double3(0.162700000000,0.590100000000,0.943000000000),
double3(0.303600000000,0.558200000000,0.750000000000),
double3(0.047600000000,0.775900000000,0.953700000000),
double3(0.050300000000,0.672000000000,0.828300000000),
double3(0.141550000000,0.642400000000,0.953800000000),
double3(0.300000000000,0.554700000000,0.951900000000),
double3(0.000000000000,0.202800000000,0.812500000000),
double3(0.086450000000,0.183300000000,0.824825000000),
double3(0.060650000000,0.271000000000,0.802125000000),
double3(0.087300000000,0.358500000000,0.928025000000),
double3(0.000000000000,0.340700000000,0.937500000000),
double3(0.162700000000,0.409900000000,0.818000000000),
double3(0.250000000000,0.429300000000,0.812500000000),
double3(0.310250000000,0.500000000000,0.812500000000),
double3(0.047600000000,0.224100000000,0.828700000000),
double3(0.050300000000,0.328000000000,0.953300000000),
double3(0.141550000000,0.357600000000,0.828800000000),
double3(0.300000000000,0.445300000000,0.826900000000),
double3(0.000000000000,0.797200000000,0.812500000000),
double3(0.413550000000,0.816700000000,0.824825000000),
double3(0.439350000000,0.729000000000,0.802125000000),
double3(0.412700000000,0.641500000000,0.928025000000),
double3(0.000000000000,0.659300000000,0.937500000000),
double3(0.337300000000,0.590100000000,0.818000000000),
double3(0.250000000000,0.570700000000,0.812500000000),
double3(0.189750000000,0.500000000000,0.812500000000),
double3(0.452400000000,0.775900000000,0.828700000000),
double3(0.449700000000,0.672000000000,0.953300000000),
double3(0.358450000000,0.642400000000,0.828800000000),
double3(0.200000000000,0.554700000000,0.826900000000),
double3(0.086450000000,0.816700000000,0.800175000000),
double3(0.060650000000,0.729000000000,0.822875000000),
double3(0.087300000000,0.641500000000,0.946975000000),
double3(0.162700000000,0.590100000000,0.807000000000),
double3(0.047600000000,0.775900000000,0.796300000000),
double3(0.050300000000,0.672000000000,0.921700000000),
double3(0.141550000000,0.642400000000,0.796200000000),
double3(0.300000000000,0.554700000000,0.798100000000),
double3(0.413550000000,0.183300000000,0.800175000000),
double3(0.439350000000,0.271000000000,0.822875000000),
double3(0.412700000000,0.358500000000,0.946975000000),
double3(0.337300000000,0.409900000000,0.807000000000),
double3(0.452400000000,0.224100000000,0.796300000000),
double3(0.449700000000,0.328000000000,0.921700000000),
double3(0.358450000000,0.357600000000,0.796200000000),
double3(0.200000000000,0.445300000000,0.798100000000),
double3(0.250000000000,0.297200000000,0.812500000000),
double3(0.163550000000,0.316700000000,0.800175000000),
double3(0.189350000000,0.229000000000,0.822875000000),
double3(0.207850000000,0.260000000000,0.750000000000),
double3(0.162700000000,0.141500000000,0.946975000000),
double3(0.250000000000,0.159300000000,0.937500000000),
double3(0.195550000000,0.157400000000,0.875000000000),
double3(0.097650000000,0.155300000000,0.750000000000),
double3(0.087300000000,0.090100000000,0.807000000000),
double3(0.000000000000,0.070700000000,0.812500000000),
double3(0.446400000000,0.058200000000,0.750000000000),
double3(0.439750000000,0.000000000000,0.812500000000),
double3(0.202400000000,0.275900000000,0.796300000000),
double3(0.199700000000,0.172000000000,0.921700000000),
double3(0.108450000000,0.142400000000,0.796200000000),
double3(0.450000000000,0.054700000000,0.798100000000),
double3(0.250000000000,0.702800000000,0.812500000000),
double3(0.336450000000,0.683300000000,0.800175000000),
double3(0.310650000000,0.771000000000,0.822875000000),
double3(0.292150000000,0.740000000000,0.750000000000),
double3(0.337300000000,0.858500000000,0.946975000000),
double3(0.250000000000,0.840700000000,0.937500000000),
double3(0.304450000000,0.842600000000,0.875000000000),
double3(0.402350000000,0.844700000000,0.750000000000),
double3(0.412700000000,0.909900000000,0.807000000000),
double3(0.000000000000,0.929300000000,0.812500000000),
double3(0.053600000000,0.941800000000,0.750000000000),
double3(0.060250000000,0.000000000000,0.812500000000),
double3(0.297600000000,0.724100000000,0.796300000000),
double3(0.300300000000,0.828000000000,0.921700000000),
double3(0.391550000000,0.857600000000,0.796200000000),
double3(0.050000000000,0.945300000000,0.798100000000),
double3(0.163550000000,0.683300000000,0.824825000000),
double3(0.189350000000,0.771000000000,0.802125000000),
double3(0.207850000000,0.740000000000,0.875000000000),
double3(0.162700000000,0.858500000000,0.928025000000),
double3(0.195550000000,0.842600000000,0.750000000000),
double3(0.097650000000,0.844700000000,0.875000000000),
double3(0.087300000000,0.909900000000,0.818000000000),
double3(0.446400000000,0.941800000000,0.875000000000),
double3(0.202400000000,0.724100000000,0.828700000000),
double3(0.199700000000,0.828000000000,0.953300000000),
double3(0.108450000000,0.857600000000,0.828800000000),
double3(0.450000000000,0.945300000000,0.826900000000),
double3(0.336450000000,0.316700000000,0.824825000000),
double3(0.310650000000,0.229000000000,0.802125000000),
double3(0.292150000000,0.260000000000,0.875000000000),
double3(0.337300000000,0.141500000000,0.928025000000),
double3(0.304450000000,0.157400000000,0.750000000000),
double3(0.402350000000,0.155300000000,0.875000000000),
double3(0.412700000000,0.090100000000,0.818000000000),
double3(0.053600000000,0.058200000000,0.875000000000),
double3(0.297600000000,0.275900000000,0.828700000000),
double3(0.300300000000,0.172000000000,0.953300000000),
double3(0.391550000000,0.142400000000,0.828800000000),
double3(0.050000000000,0.054700000000,0.826900000000),
double3(0.250000000000,0.702800000000,0.937500000000),
double3(0.336450000000,0.683300000000,0.949825000000),
double3(0.310650000000,0.771000000000,0.927125000000),
double3(0.337300000000,0.858500000000,0.803025000000),
double3(0.250000000000,0.840700000000,0.812500000000),
double3(0.412700000000,0.909900000000,0.943000000000),
double3(0.000000000000,0.929300000000,0.937500000000),
double3(0.060250000000,0.000000000000,0.937500000000),
double3(0.297600000000,0.724100000000,0.953700000000),
double3(0.300300000000,0.828000000000,0.828300000000),
double3(0.391550000000,0.857600000000,0.953800000000),
double3(0.050000000000,0.945300000000,0.951900000000),
double3(0.250000000000,0.297200000000,0.937500000000),
double3(0.163550000000,0.316700000000,0.949825000000),
double3(0.189350000000,0.229000000000,0.927125000000),
double3(0.162700000000,0.141500000000,0.803025000000),
double3(0.250000000000,0.159300000000,0.812500000000),
double3(0.087300000000,0.090100000000,0.943000000000),
double3(0.000000000000,0.070700000000,0.937500000000),
double3(0.439750000000,0.000000000000,0.937500000000),
double3(0.202400000000,0.275900000000,0.953700000000),
double3(0.199700000000,0.172000000000,0.828300000000),
double3(0.108450000000,0.142400000000,0.953800000000),
double3(0.450000000000,0.054700000000,0.951900000000),
double3(0.336450000000,0.316700000000,0.925175000000),
double3(0.310650000000,0.229000000000,0.947875000000),
double3(0.337300000000,0.141500000000,0.821975000000),
double3(0.412700000000,0.090100000000,0.932000000000),
double3(0.297600000000,0.275900000000,0.921300000000),
double3(0.300300000000,0.172000000000,0.796700000000),
double3(0.391550000000,0.142400000000,0.921200000000),
double3(0.050000000000,0.054700000000,0.923100000000),
double3(0.163550000000,0.683300000000,0.925175000000),
double3(0.189350000000,0.771000000000,0.947875000000),
double3(0.162700000000,0.858500000000,0.821975000000),
double3(0.087300000000,0.909900000000,0.932000000000),
double3(0.202400000000,0.724100000000,0.921300000000),
double3(0.199700000000,0.828000000000,0.796700000000),
double3(0.108450000000,0.857600000000,0.921200000000),
double3(0.450000000000,0.945300000000,0.923100000000),
double3(0.500000000000,0.797200000000,0.187500000000),
double3(0.913550000000,0.816700000000,0.175175000000),
double3(0.939350000000,0.729000000000,0.197875000000),
double3(0.957850000000,0.760000000000,0.125000000000),
double3(0.912700000000,0.641500000000,0.071975000000),
double3(0.500000000000,0.659300000000,0.062500000000),
double3(0.945550000000,0.657400000000,0.000000000000),
double3(0.847650000000,0.655300000000,0.125000000000),
double3(0.837300000000,0.590100000000,0.182000000000),
double3(0.750000000000,0.570700000000,0.187500000000),
double3(0.696400000000,0.558200000000,0.125000000000),
double3(0.689750000000,0.500000000000,0.187500000000),
double3(0.952400000000,0.775900000000,0.171300000000),
double3(0.949700000000,0.672000000000,0.046700000000),
double3(0.858450000000,0.642400000000,0.171200000000),
double3(0.700000000000,0.554700000000,0.173100000000),
double3(0.500000000000,0.202800000000,0.187500000000),
double3(0.586450000000,0.183300000000,0.175175000000),
double3(0.560650000000,0.271000000000,0.197875000000),
double3(0.542150000000,0.240000000000,0.125000000000),
double3(0.587300000000,0.358500000000,0.071975000000),
double3(0.500000000000,0.340700000000,0.062500000000),
double3(0.554450000000,0.342600000000,0.000000000000),
double3(0.652350000000,0.344700000000,0.125000000000),
double3(0.662700000000,0.409900000000,0.182000000000),
double3(0.750000000000,0.429300000000,0.187500000000),
double3(0.803600000000,0.441800000000,0.125000000000),
double3(0.810250000000,0.500000000000,0.187500000000),
double3(0.547600000000,0.224100000000,0.171300000000),
double3(0.550300000000,0.328000000000,0.046700000000),
double3(0.641550000000,0.357600000000,0.171200000000),
double3(0.800000000000,0.445300000000,0.173100000000),
double3(0.913550000000,0.183300000000,0.199825000000),
double3(0.939350000000,0.271000000000,0.177125000000),
double3(0.957850000000,0.240000000000,0.000000000000),
double3(0.912700000000,0.358500000000,0.053025000000),
double3(0.945550000000,0.342600000000,0.125000000000),
double3(0.847650000000,0.344700000000,0.000000000000),
double3(0.837300000000,0.409900000000,0.193000000000),
double3(0.696400000000,0.441800000000,0.000000000000),
double3(0.952400000000,0.224100000000,0.203700000000),
double3(0.949700000000,0.328000000000,0.078300000000),
double3(0.858450000000,0.357600000000,0.203800000000),
double3(0.700000000000,0.445300000000,0.201900000000),
double3(0.586450000000,0.816700000000,0.199825000000),
double3(0.560650000000,0.729000000000,0.177125000000),
double3(0.542150000000,0.760000000000,0.000000000000),
double3(0.587300000000,0.641500000000,0.053025000000),
double3(0.554450000000,0.657400000000,0.125000000000),
double3(0.652350000000,0.655300000000,0.000000000000),
double3(0.662700000000,0.590100000000,0.193000000000),
double3(0.803600000000,0.558200000000,0.000000000000),
double3(0.547600000000,0.775900000000,0.203700000000),
double3(0.550300000000,0.672000000000,0.078300000000),
double3(0.641550000000,0.642400000000,0.203800000000),
double3(0.800000000000,0.554700000000,0.201900000000),
double3(0.500000000000,0.202800000000,0.062500000000),
double3(0.586450000000,0.183300000000,0.074825000000),
double3(0.560650000000,0.271000000000,0.052125000000),
double3(0.587300000000,0.358500000000,0.178025000000),
double3(0.500000000000,0.340700000000,0.187500000000),
double3(0.662700000000,0.409900000000,0.068000000000),
double3(0.750000000000,0.429300000000,0.062500000000),
double3(0.810250000000,0.500000000000,0.062500000000),
double3(0.547600000000,0.224100000000,0.078700000000),
double3(0.550300000000,0.328000000000,0.203300000000),
double3(0.641550000000,0.357600000000,0.078800000000),
double3(0.800000000000,0.445300000000,0.076900000000),
double3(0.500000000000,0.797200000000,0.062500000000),
double3(0.913550000000,0.816700000000,0.074825000000),
double3(0.939350000000,0.729000000000,0.052125000000),
double3(0.912700000000,0.641500000000,0.178025000000),
double3(0.500000000000,0.659300000000,0.187500000000),
double3(0.837300000000,0.590100000000,0.068000000000),
double3(0.750000000000,0.570700000000,0.062500000000),
double3(0.689750000000,0.500000000000,0.062500000000),
double3(0.952400000000,0.775900000000,0.078700000000),
double3(0.949700000000,0.672000000000,0.203300000000),
double3(0.858450000000,0.642400000000,0.078800000000),
double3(0.700000000000,0.554700000000,0.076900000000),
double3(0.586450000000,0.816700000000,0.050175000000),
double3(0.560650000000,0.729000000000,0.072875000000),
double3(0.587300000000,0.641500000000,0.196975000000),
double3(0.662700000000,0.590100000000,0.057000000000),
double3(0.547600000000,0.775900000000,0.046300000000),
double3(0.550300000000,0.672000000000,0.171700000000),
double3(0.641550000000,0.642400000000,0.046200000000),
double3(0.800000000000,0.554700000000,0.048100000000),
double3(0.913550000000,0.183300000000,0.050175000000),
double3(0.939350000000,0.271000000000,0.072875000000),
double3(0.912700000000,0.358500000000,0.196975000000),
double3(0.837300000000,0.409900000000,0.057000000000),
double3(0.952400000000,0.224100000000,0.046300000000),
double3(0.949700000000,0.328000000000,0.171700000000),
double3(0.858450000000,0.357600000000,0.046200000000),
double3(0.700000000000,0.445300000000,0.048100000000),
double3(0.750000000000,0.297200000000,0.062500000000),
double3(0.663550000000,0.316700000000,0.050175000000),
double3(0.689350000000,0.229000000000,0.072875000000),
double3(0.707850000000,0.260000000000,0.000000000000),
double3(0.662700000000,0.141500000000,0.196975000000),
double3(0.750000000000,0.159300000000,0.187500000000),
double3(0.695550000000,0.157400000000,0.125000000000),
double3(0.597650000000,0.155300000000,0.000000000000),
double3(0.587300000000,0.090100000000,0.057000000000),
double3(0.500000000000,0.070700000000,0.062500000000),
double3(0.946400000000,0.058200000000,0.000000000000),
double3(0.939750000000,0.000000000000,0.062500000000),
double3(0.702400000000,0.275900000000,0.046300000000),
double3(0.699700000000,0.172000000000,0.171700000000),
double3(0.608450000000,0.142400000000,0.046200000000),
double3(0.950000000000,0.054700000000,0.048100000000),
double3(0.750000000000,0.702800000000,0.062500000000),
double3(0.836450000000,0.683300000000,0.050175000000),
double3(0.810650000000,0.771000000000,0.072875000000),
double3(0.792150000000,0.740000000000,0.000000000000),
double3(0.837300000000,0.858500000000,0.196975000000),
double3(0.750000000000,0.840700000000,0.187500000000),
double3(0.804450000000,0.842600000000,0.125000000000),
double3(0.902350000000,0.844700000000,0.000000000000),
double3(0.912700000000,0.909900000000,0.057000000000),
double3(0.500000000000,0.929300000000,0.062500000000),
double3(0.553600000000,0.941800000000,0.000000000000),
double3(0.560250000000,0.000000000000,0.062500000000),
double3(0.797600000000,0.724100000000,0.046300000000),
double3(0.800300000000,0.828000000000,0.171700000000),
double3(0.891550000000,0.857600000000,0.046200000000),
double3(0.550000000000,0.945300000000,0.048100000000),
double3(0.663550000000,0.683300000000,0.074825000000),
double3(0.689350000000,0.771000000000,0.052125000000),
double3(0.707850000000,0.740000000000,0.125000000000),
double3(0.662700000000,0.858500000000,0.178025000000),
double3(0.695550000000,0.842600000000,0.000000000000),
double3(0.597650000000,0.844700000000,0.125000000000),
double3(0.587300000000,0.909900000000,0.068000000000),
double3(0.946400000000,0.941800000000,0.125000000000),
double3(0.702400000000,0.724100000000,0.078700000000),
double3(0.699700000000,0.828000000000,0.203300000000),
double3(0.608450000000,0.857600000000,0.078800000000),
double3(0.950000000000,0.945300000000,0.076900000000),
double3(0.836450000000,0.316700000000,0.074825000000),
double3(0.810650000000,0.229000000000,0.052125000000),
double3(0.792150000000,0.260000000000,0.125000000000),
double3(0.837300000000,0.141500000000,0.178025000000),
double3(0.804450000000,0.157400000000,0.000000000000),
double3(0.902350000000,0.155300000000,0.125000000000),
double3(0.912700000000,0.090100000000,0.068000000000),
double3(0.553600000000,0.058200000000,0.125000000000),
double3(0.797600000000,0.275900000000,0.078700000000),
double3(0.800300000000,0.172000000000,0.203300000000),
double3(0.891550000000,0.142400000000,0.078800000000),
double3(0.550000000000,0.054700000000,0.076900000000),
double3(0.750000000000,0.702800000000,0.187500000000),
double3(0.836450000000,0.683300000000,0.199825000000),
double3(0.810650000000,0.771000000000,0.177125000000),
double3(0.837300000000,0.858500000000,0.053025000000),
double3(0.750000000000,0.840700000000,0.062500000000),
double3(0.912700000000,0.909900000000,0.193000000000),
double3(0.500000000000,0.929300000000,0.187500000000),
double3(0.560250000000,0.000000000000,0.187500000000),
double3(0.797600000000,0.724100000000,0.203700000000),
double3(0.800300000000,0.828000000000,0.078300000000),
double3(0.891550000000,0.857600000000,0.203800000000),
double3(0.550000000000,0.945300000000,0.201900000000),
double3(0.750000000000,0.297200000000,0.187500000000),
double3(0.663550000000,0.316700000000,0.199825000000),
double3(0.689350000000,0.229000000000,0.177125000000),
double3(0.662700000000,0.141500000000,0.053025000000),
double3(0.750000000000,0.159300000000,0.062500000000),
double3(0.587300000000,0.090100000000,0.193000000000),
double3(0.500000000000,0.070700000000,0.187500000000),
double3(0.939750000000,0.000000000000,0.187500000000),
double3(0.702400000000,0.275900000000,0.203700000000),
double3(0.699700000000,0.172000000000,0.078300000000),
double3(0.608450000000,0.142400000000,0.203800000000),
double3(0.950000000000,0.054700000000,0.201900000000),
double3(0.836450000000,0.316700000000,0.175175000000),
double3(0.810650000000,0.229000000000,0.197875000000),
double3(0.837300000000,0.141500000000,0.071975000000),
double3(0.912700000000,0.090100000000,0.182000000000),
double3(0.797600000000,0.275900000000,0.171300000000),
double3(0.800300000000,0.172000000000,0.046700000000),
double3(0.891550000000,0.142400000000,0.171200000000),
double3(0.550000000000,0.054700000000,0.173100000000),
double3(0.663550000000,0.683300000000,0.175175000000),
double3(0.689350000000,0.771000000000,0.197875000000),
double3(0.662700000000,0.858500000000,0.071975000000),
double3(0.587300000000,0.909900000000,0.182000000000),
double3(0.702400000000,0.724100000000,0.171300000000),
double3(0.699700000000,0.828000000000,0.046700000000),
double3(0.608450000000,0.857600000000,0.171200000000),
double3(0.950000000000,0.945300000000,0.173100000000),
double3(0.500000000000,0.797200000000,0.437500000000),
double3(0.913550000000,0.816700000000,0.425175000000),
double3(0.939350000000,0.729000000000,0.447875000000),
double3(0.957850000000,0.760000000000,0.375000000000),
double3(0.912700000000,0.641500000000,0.321975000000),
double3(0.500000000000,0.659300000000,0.312500000000),
double3(0.945550000000,0.657400000000,0.250000000000),
double3(0.847650000000,0.655300000000,0.375000000000),
double3(0.837300000000,0.590100000000,0.432000000000),
double3(0.750000000000,0.570700000000,0.437500000000),
double3(0.696400000000,0.558200000000,0.375000000000),
double3(0.689750000000,0.500000000000,0.437500000000),
double3(0.952400000000,0.775900000000,0.421300000000),
double3(0.949700000000,0.672000000000,0.296700000000),
double3(0.858450000000,0.642400000000,0.421200000000),
double3(0.700000000000,0.554700000000,0.423100000000),
double3(0.500000000000,0.202800000000,0.437500000000),
double3(0.586450000000,0.183300000000,0.425175000000),
double3(0.560650000000,0.271000000000,0.447875000000),
double3(0.542150000000,0.240000000000,0.375000000000),
double3(0.587300000000,0.358500000000,0.321975000000),
double3(0.500000000000,0.340700000000,0.312500000000),
double3(0.554450000000,0.342600000000,0.250000000000),
double3(0.652350000000,0.344700000000,0.375000000000),
double3(0.662700000000,0.409900000000,0.432000000000),
double3(0.750000000000,0.429300000000,0.437500000000),
double3(0.803600000000,0.441800000000,0.375000000000),
double3(0.810250000000,0.500000000000,0.437500000000),
double3(0.547600000000,0.224100000000,0.421300000000),
double3(0.550300000000,0.328000000000,0.296700000000),
double3(0.641550000000,0.357600000000,0.421200000000),
double3(0.800000000000,0.445300000000,0.423100000000),
double3(0.913550000000,0.183300000000,0.449825000000),
double3(0.939350000000,0.271000000000,0.427125000000),
double3(0.957850000000,0.240000000000,0.250000000000),
double3(0.912700000000,0.358500000000,0.303025000000),
double3(0.945550000000,0.342600000000,0.375000000000),
double3(0.847650000000,0.344700000000,0.250000000000),
double3(0.837300000000,0.409900000000,0.443000000000),
double3(0.696400000000,0.441800000000,0.250000000000),
double3(0.952400000000,0.224100000000,0.453700000000),
double3(0.949700000000,0.328000000000,0.328300000000),
double3(0.858450000000,0.357600000000,0.453800000000),
double3(0.700000000000,0.445300000000,0.451900000000),
double3(0.586450000000,0.816700000000,0.449825000000),
double3(0.560650000000,0.729000000000,0.427125000000),
double3(0.542150000000,0.760000000000,0.250000000000),
double3(0.587300000000,0.641500000000,0.303025000000),
double3(0.554450000000,0.657400000000,0.375000000000),
double3(0.652350000000,0.655300000000,0.250000000000),
double3(0.662700000000,0.590100000000,0.443000000000),
double3(0.803600000000,0.558200000000,0.250000000000),
double3(0.547600000000,0.775900000000,0.453700000000),
double3(0.550300000000,0.672000000000,0.328300000000),
double3(0.641550000000,0.642400000000,0.453800000000),
double3(0.800000000000,0.554700000000,0.451900000000),
double3(0.500000000000,0.202800000000,0.312500000000),
double3(0.586450000000,0.183300000000,0.324825000000),
double3(0.560650000000,0.271000000000,0.302125000000),
double3(0.587300000000,0.358500000000,0.428025000000),
double3(0.500000000000,0.340700000000,0.437500000000),
double3(0.662700000000,0.409900000000,0.318000000000),
double3(0.750000000000,0.429300000000,0.312500000000),
double3(0.810250000000,0.500000000000,0.312500000000),
double3(0.547600000000,0.224100000000,0.328700000000),
double3(0.550300000000,0.328000000000,0.453300000000),
double3(0.641550000000,0.357600000000,0.328800000000),
double3(0.800000000000,0.445300000000,0.326900000000),
double3(0.500000000000,0.797200000000,0.312500000000),
double3(0.913550000000,0.816700000000,0.324825000000),
double3(0.939350000000,0.729000000000,0.302125000000),
double3(0.912700000000,0.641500000000,0.428025000000),
double3(0.500000000000,0.659300000000,0.437500000000),
double3(0.837300000000,0.590100000000,0.318000000000),
double3(0.750000000000,0.570700000000,0.312500000000),
double3(0.689750000000,0.500000000000,0.312500000000),
double3(0.952400000000,0.775900000000,0.328700000000),
double3(0.949700000000,0.672000000000,0.453300000000),
double3(0.858450000000,0.642400000000,0.328800000000),
double3(0.700000000000,0.554700000000,0.326900000000),
double3(0.586450000000,0.816700000000,0.300175000000),
double3(0.560650000000,0.729000000000,0.322875000000),
double3(0.587300000000,0.641500000000,0.446975000000),
double3(0.662700000000,0.590100000000,0.307000000000),
double3(0.547600000000,0.775900000000,0.296300000000),
double3(0.550300000000,0.672000000000,0.421700000000),
double3(0.641550000000,0.642400000000,0.296200000000),
double3(0.800000000000,0.554700000000,0.298100000000),
double3(0.913550000000,0.183300000000,0.300175000000),
double3(0.939350000000,0.271000000000,0.322875000000),
double3(0.912700000000,0.358500000000,0.446975000000),
double3(0.837300000000,0.409900000000,0.307000000000),
double3(0.952400000000,0.224100000000,0.296300000000),
double3(0.949700000000,0.328000000000,0.421700000000),
double3(0.858450000000,0.357600000000,0.296200000000),
double3(0.700000000000,0.445300000000,0.298100000000),
double3(0.750000000000,0.297200000000,0.312500000000),
double3(0.663550000000,0.316700000000,0.300175000000),
double3(0.689350000000,0.229000000000,0.322875000000),
double3(0.707850000000,0.260000000000,0.250000000000),
double3(0.662700000000,0.141500000000,0.446975000000),
double3(0.750000000000,0.159300000000,0.437500000000),
double3(0.695550000000,0.157400000000,0.375000000000),
double3(0.597650000000,0.155300000000,0.250000000000),
double3(0.587300000000,0.090100000000,0.307000000000),
double3(0.500000000000,0.070700000000,0.312500000000),
double3(0.946400000000,0.058200000000,0.250000000000),
double3(0.939750000000,0.000000000000,0.312500000000),
double3(0.702400000000,0.275900000000,0.296300000000),
double3(0.699700000000,0.172000000000,0.421700000000),
double3(0.608450000000,0.142400000000,0.296200000000),
double3(0.950000000000,0.054700000000,0.298100000000),
double3(0.750000000000,0.702800000000,0.312500000000),
double3(0.836450000000,0.683300000000,0.300175000000),
double3(0.810650000000,0.771000000000,0.322875000000),
double3(0.792150000000,0.740000000000,0.250000000000),
double3(0.837300000000,0.858500000000,0.446975000000),
double3(0.750000000000,0.840700000000,0.437500000000),
double3(0.804450000000,0.842600000000,0.375000000000),
double3(0.902350000000,0.844700000000,0.250000000000),
double3(0.912700000000,0.909900000000,0.307000000000),
double3(0.500000000000,0.929300000000,0.312500000000),
double3(0.553600000000,0.941800000000,0.250000000000),
double3(0.560250000000,0.000000000000,0.312500000000),
double3(0.797600000000,0.724100000000,0.296300000000),
double3(0.800300000000,0.828000000000,0.421700000000),
double3(0.891550000000,0.857600000000,0.296200000000),
double3(0.550000000000,0.945300000000,0.298100000000),
double3(0.663550000000,0.683300000000,0.324825000000),
double3(0.689350000000,0.771000000000,0.302125000000),
double3(0.707850000000,0.740000000000,0.375000000000),
double3(0.662700000000,0.858500000000,0.428025000000),
double3(0.695550000000,0.842600000000,0.250000000000),
double3(0.597650000000,0.844700000000,0.375000000000),
double3(0.587300000000,0.909900000000,0.318000000000),
double3(0.946400000000,0.941800000000,0.375000000000),
double3(0.702400000000,0.724100000000,0.328700000000),
double3(0.699700000000,0.828000000000,0.453300000000),
double3(0.608450000000,0.857600000000,0.328800000000),
double3(0.950000000000,0.945300000000,0.326900000000),
double3(0.836450000000,0.316700000000,0.324825000000),
double3(0.810650000000,0.229000000000,0.302125000000),
double3(0.792150000000,0.260000000000,0.375000000000),
double3(0.837300000000,0.141500000000,0.428025000000),
double3(0.804450000000,0.157400000000,0.250000000000),
double3(0.902350000000,0.155300000000,0.375000000000),
double3(0.912700000000,0.090100000000,0.318000000000),
double3(0.553600000000,0.058200000000,0.375000000000),
double3(0.797600000000,0.275900000000,0.328700000000),
double3(0.800300000000,0.172000000000,0.453300000000),
double3(0.891550000000,0.142400000000,0.328800000000),
double3(0.550000000000,0.054700000000,0.326900000000),
double3(0.750000000000,0.702800000000,0.437500000000),
double3(0.836450000000,0.683300000000,0.449825000000),
double3(0.810650000000,0.771000000000,0.427125000000),
double3(0.837300000000,0.858500000000,0.303025000000),
double3(0.750000000000,0.840700000000,0.312500000000),
double3(0.912700000000,0.909900000000,0.443000000000),
double3(0.500000000000,0.929300000000,0.437500000000),
double3(0.560250000000,0.000000000000,0.437500000000),
double3(0.797600000000,0.724100000000,0.453700000000),
double3(0.800300000000,0.828000000000,0.328300000000),
double3(0.891550000000,0.857600000000,0.453800000000),
double3(0.550000000000,0.945300000000,0.451900000000),
double3(0.750000000000,0.297200000000,0.437500000000),
double3(0.663550000000,0.316700000000,0.449825000000),
double3(0.689350000000,0.229000000000,0.427125000000),
double3(0.662700000000,0.141500000000,0.303025000000),
double3(0.750000000000,0.159300000000,0.312500000000),
double3(0.587300000000,0.090100000000,0.443000000000),
double3(0.500000000000,0.070700000000,0.437500000000),
double3(0.939750000000,0.000000000000,0.437500000000),
double3(0.702400000000,0.275900000000,0.453700000000),
double3(0.699700000000,0.172000000000,0.328300000000),
double3(0.608450000000,0.142400000000,0.453800000000),
double3(0.950000000000,0.054700000000,0.451900000000),
double3(0.836450000000,0.316700000000,0.425175000000),
double3(0.810650000000,0.229000000000,0.447875000000),
double3(0.837300000000,0.141500000000,0.321975000000),
double3(0.912700000000,0.090100000000,0.432000000000),
double3(0.797600000000,0.275900000000,0.421300000000),
double3(0.800300000000,0.172000000000,0.296700000000),
double3(0.891550000000,0.142400000000,0.421200000000),
double3(0.550000000000,0.054700000000,0.423100000000),
double3(0.663550000000,0.683300000000,0.425175000000),
double3(0.689350000000,0.771000000000,0.447875000000),
double3(0.662700000000,0.858500000000,0.321975000000),
double3(0.587300000000,0.909900000000,0.432000000000),
double3(0.702400000000,0.724100000000,0.421300000000),
double3(0.699700000000,0.828000000000,0.296700000000),
double3(0.608450000000,0.857600000000,0.421200000000),
double3(0.950000000000,0.945300000000,0.423100000000),
double3(0.500000000000,0.797200000000,0.687500000000),
double3(0.913550000000,0.816700000000,0.675175000000),
double3(0.939350000000,0.729000000000,0.697875000000),
double3(0.957850000000,0.760000000000,0.625000000000),
double3(0.912700000000,0.641500000000,0.571975000000),
double3(0.500000000000,0.659300000000,0.562500000000),
double3(0.945550000000,0.657400000000,0.500000000000),
double3(0.847650000000,0.655300000000,0.625000000000),
double3(0.837300000000,0.590100000000,0.682000000000),
double3(0.750000000000,0.570700000000,0.687500000000),
double3(0.696400000000,0.558200000000,0.625000000000),
double3(0.689750000000,0.500000000000,0.687500000000),
double3(0.952400000000,0.775900000000,0.671300000000),
double3(0.949700000000,0.672000000000,0.546700000000),
double3(0.858450000000,0.642400000000,0.671200000000),
double3(0.700000000000,0.554700000000,0.673100000000),
double3(0.500000000000,0.202800000000,0.687500000000),
double3(0.586450000000,0.183300000000,0.675175000000),
double3(0.560650000000,0.271000000000,0.697875000000),
double3(0.542150000000,0.240000000000,0.625000000000),
double3(0.587300000000,0.358500000000,0.571975000000),
double3(0.500000000000,0.340700000000,0.562500000000),
double3(0.554450000000,0.342600000000,0.500000000000),
double3(0.652350000000,0.344700000000,0.625000000000),
double3(0.662700000000,0.409900000000,0.682000000000),
double3(0.750000000000,0.429300000000,0.687500000000),
double3(0.803600000000,0.441800000000,0.625000000000),
double3(0.810250000000,0.500000000000,0.687500000000),
double3(0.547600000000,0.224100000000,0.671300000000),
double3(0.550300000000,0.328000000000,0.546700000000),
double3(0.641550000000,0.357600000000,0.671200000000),
double3(0.800000000000,0.445300000000,0.673100000000),
double3(0.913550000000,0.183300000000,0.699825000000),
double3(0.939350000000,0.271000000000,0.677125000000),
double3(0.957850000000,0.240000000000,0.500000000000),
double3(0.912700000000,0.358500000000,0.553025000000),
double3(0.945550000000,0.342600000000,0.625000000000),
double3(0.847650000000,0.344700000000,0.500000000000),
double3(0.837300000000,0.409900000000,0.693000000000),
double3(0.696400000000,0.441800000000,0.500000000000),
double3(0.952400000000,0.224100000000,0.703700000000),
double3(0.949700000000,0.328000000000,0.578300000000),
double3(0.858450000000,0.357600000000,0.703800000000),
double3(0.700000000000,0.445300000000,0.701900000000),
double3(0.586450000000,0.816700000000,0.699825000000),
double3(0.560650000000,0.729000000000,0.677125000000),
double3(0.542150000000,0.760000000000,0.500000000000),
double3(0.587300000000,0.641500000000,0.553025000000),
double3(0.554450000000,0.657400000000,0.625000000000),
double3(0.652350000000,0.655300000000,0.500000000000),
double3(0.662700000000,0.590100000000,0.693000000000),
double3(0.803600000000,0.558200000000,0.500000000000),
double3(0.547600000000,0.775900000000,0.703700000000),
double3(0.550300000000,0.672000000000,0.578300000000),
double3(0.641550000000,0.642400000000,0.703800000000),
double3(0.800000000000,0.554700000000,0.701900000000),
double3(0.500000000000,0.202800000000,0.562500000000),
double3(0.586450000000,0.183300000000,0.574825000000),
double3(0.560650000000,0.271000000000,0.552125000000),
double3(0.587300000000,0.358500000000,0.678025000000),
double3(0.500000000000,0.340700000000,0.687500000000),
double3(0.662700000000,0.409900000000,0.568000000000),
double3(0.750000000000,0.429300000000,0.562500000000),
double3(0.810250000000,0.500000000000,0.562500000000),
double3(0.547600000000,0.224100000000,0.578700000000),
double3(0.550300000000,0.328000000000,0.703300000000),
double3(0.641550000000,0.357600000000,0.578800000000),
double3(0.800000000000,0.445300000000,0.576900000000),
double3(0.500000000000,0.797200000000,0.562500000000),
double3(0.913550000000,0.816700000000,0.574825000000),
double3(0.939350000000,0.729000000000,0.552125000000),
double3(0.912700000000,0.641500000000,0.678025000000),
double3(0.500000000000,0.659300000000,0.687500000000),
double3(0.837300000000,0.590100000000,0.568000000000),
double3(0.750000000000,0.570700000000,0.562500000000),
double3(0.689750000000,0.500000000000,0.562500000000),
double3(0.952400000000,0.775900000000,0.578700000000),
double3(0.949700000000,0.672000000000,0.703300000000),
double3(0.858450000000,0.642400000000,0.578800000000),
double3(0.700000000000,0.554700000000,0.576900000000),
double3(0.586450000000,0.816700000000,0.550175000000),
double3(0.560650000000,0.729000000000,0.572875000000),
double3(0.587300000000,0.641500000000,0.696975000000),
double3(0.662700000000,0.590100000000,0.557000000000),
double3(0.547600000000,0.775900000000,0.546300000000),
double3(0.550300000000,0.672000000000,0.671700000000),
double3(0.641550000000,0.642400000000,0.546200000000),
double3(0.800000000000,0.554700000000,0.548100000000),
double3(0.913550000000,0.183300000000,0.550175000000),
double3(0.939350000000,0.271000000000,0.572875000000),
double3(0.912700000000,0.358500000000,0.696975000000),
double3(0.837300000000,0.409900000000,0.557000000000),
double3(0.952400000000,0.224100000000,0.546300000000),
double3(0.949700000000,0.328000000000,0.671700000000),
double3(0.858450000000,0.357600000000,0.546200000000),
double3(0.700000000000,0.445300000000,0.548100000000),
double3(0.750000000000,0.297200000000,0.562500000000),
double3(0.663550000000,0.316700000000,0.550175000000),
double3(0.689350000000,0.229000000000,0.572875000000),
double3(0.707850000000,0.260000000000,0.500000000000),
double3(0.662700000000,0.141500000000,0.696975000000),
double3(0.750000000000,0.159300000000,0.687500000000),
double3(0.695550000000,0.157400000000,0.625000000000),
double3(0.597650000000,0.155300000000,0.500000000000),
double3(0.587300000000,0.090100000000,0.557000000000),
double3(0.500000000000,0.070700000000,0.562500000000),
double3(0.946400000000,0.058200000000,0.500000000000),
double3(0.939750000000,0.000000000000,0.562500000000),
double3(0.702400000000,0.275900000000,0.546300000000),
double3(0.699700000000,0.172000000000,0.671700000000),
double3(0.608450000000,0.142400000000,0.546200000000),
double3(0.950000000000,0.054700000000,0.548100000000),
double3(0.750000000000,0.702800000000,0.562500000000),
double3(0.836450000000,0.683300000000,0.550175000000),
double3(0.810650000000,0.771000000000,0.572875000000),
double3(0.792150000000,0.740000000000,0.500000000000),
double3(0.837300000000,0.858500000000,0.696975000000),
double3(0.750000000000,0.840700000000,0.687500000000),
double3(0.804450000000,0.842600000000,0.625000000000),
double3(0.902350000000,0.844700000000,0.500000000000),
double3(0.912700000000,0.909900000000,0.557000000000),
double3(0.500000000000,0.929300000000,0.562500000000),
double3(0.553600000000,0.941800000000,0.500000000000),
double3(0.560250000000,0.000000000000,0.562500000000),
double3(0.797600000000,0.724100000000,0.546300000000),
double3(0.800300000000,0.828000000000,0.671700000000),
double3(0.891550000000,0.857600000000,0.546200000000),
double3(0.550000000000,0.945300000000,0.548100000000),
double3(0.663550000000,0.683300000000,0.574825000000),
double3(0.689350000000,0.771000000000,0.552125000000),
double3(0.707850000000,0.740000000000,0.625000000000),
double3(0.662700000000,0.858500000000,0.678025000000),
double3(0.695550000000,0.842600000000,0.500000000000),
double3(0.597650000000,0.844700000000,0.625000000000),
double3(0.587300000000,0.909900000000,0.568000000000),
double3(0.946400000000,0.941800000000,0.625000000000),
double3(0.702400000000,0.724100000000,0.578700000000),
double3(0.699700000000,0.828000000000,0.703300000000),
double3(0.608450000000,0.857600000000,0.578800000000),
double3(0.950000000000,0.945300000000,0.576900000000),
double3(0.836450000000,0.316700000000,0.574825000000),
double3(0.810650000000,0.229000000000,0.552125000000),
double3(0.792150000000,0.260000000000,0.625000000000),
double3(0.837300000000,0.141500000000,0.678025000000),
double3(0.804450000000,0.157400000000,0.500000000000),
double3(0.902350000000,0.155300000000,0.625000000000),
double3(0.912700000000,0.090100000000,0.568000000000),
double3(0.553600000000,0.058200000000,0.625000000000),
double3(0.797600000000,0.275900000000,0.578700000000),
double3(0.800300000000,0.172000000000,0.703300000000),
double3(0.891550000000,0.142400000000,0.578800000000),
double3(0.550000000000,0.054700000000,0.576900000000),
double3(0.750000000000,0.702800000000,0.687500000000),
double3(0.836450000000,0.683300000000,0.699825000000),
double3(0.810650000000,0.771000000000,0.677125000000),
double3(0.837300000000,0.858500000000,0.553025000000),
double3(0.750000000000,0.840700000000,0.562500000000),
double3(0.912700000000,0.909900000000,0.693000000000),
double3(0.500000000000,0.929300000000,0.687500000000),
double3(0.560250000000,0.000000000000,0.687500000000),
double3(0.797600000000,0.724100000000,0.703700000000),
double3(0.800300000000,0.828000000000,0.578300000000),
double3(0.891550000000,0.857600000000,0.703800000000),
double3(0.550000000000,0.945300000000,0.701900000000),
double3(0.750000000000,0.297200000000,0.687500000000),
double3(0.663550000000,0.316700000000,0.699825000000),
double3(0.689350000000,0.229000000000,0.677125000000),
double3(0.662700000000,0.141500000000,0.553025000000),
double3(0.750000000000,0.159300000000,0.562500000000),
double3(0.587300000000,0.090100000000,0.693000000000),
double3(0.500000000000,0.070700000000,0.687500000000),
double3(0.939750000000,0.000000000000,0.687500000000),
double3(0.702400000000,0.275900000000,0.703700000000),
double3(0.699700000000,0.172000000000,0.578300000000),
double3(0.608450000000,0.142400000000,0.703800000000),
double3(0.950000000000,0.054700000000,0.701900000000),
double3(0.836450000000,0.316700000000,0.675175000000),
double3(0.810650000000,0.229000000000,0.697875000000),
double3(0.837300000000,0.141500000000,0.571975000000),
double3(0.912700000000,0.090100000000,0.682000000000),
double3(0.797600000000,0.275900000000,0.671300000000),
double3(0.800300000000,0.172000000000,0.546700000000),
double3(0.891550000000,0.142400000000,0.671200000000),
double3(0.550000000000,0.054700000000,0.673100000000),
double3(0.663550000000,0.683300000000,0.675175000000),
double3(0.689350000000,0.771000000000,0.697875000000),
double3(0.662700000000,0.858500000000,0.571975000000),
double3(0.587300000000,0.909900000000,0.682000000000),
double3(0.702400000000,0.724100000000,0.671300000000),
double3(0.699700000000,0.828000000000,0.546700000000),
double3(0.608450000000,0.857600000000,0.671200000000),
double3(0.950000000000,0.945300000000,0.673100000000),
double3(0.500000000000,0.797200000000,0.937500000000),
double3(0.913550000000,0.816700000000,0.925175000000),
double3(0.939350000000,0.729000000000,0.947875000000),
double3(0.957850000000,0.760000000000,0.875000000000),
double3(0.912700000000,0.641500000000,0.821975000000),
double3(0.500000000000,0.659300000000,0.812500000000),
double3(0.945550000000,0.657400000000,0.750000000000),
double3(0.847650000000,0.655300000000,0.875000000000),
double3(0.837300000000,0.590100000000,0.932000000000),
double3(0.750000000000,0.570700000000,0.937500000000),
double3(0.696400000000,0.558200000000,0.875000000000),
double3(0.689750000000,0.500000000000,0.937500000000),
double3(0.952400000000,0.775900000000,0.921300000000),
double3(0.949700000000,0.672000000000,0.796700000000),
double3(0.858450000000,0.642400000000,0.921200000000),
double3(0.700000000000,0.554700000000,0.923100000000),
double3(0.500000000000,0.202800000000,0.937500000000),
double3(0.586450000000,0.183300000000,0.925175000000),
double3(0.560650000000,0.271000000000,0.947875000000),
double3(0.542150000000,0.240000000000,0.875000000000),
double3(0.587300000000,0.358500000000,0.821975000000),
double3(0.500000000000,0.340700000000,0.812500000000),
double3(0.554450000000,0.342600000000,0.750000000000),
double3(0.652350000000,0.344700000000,0.875000000000),
double3(0.662700000000,0.409900000000,0.932000000000),
double3(0.750000000000,0.429300000000,0.937500000000),
double3(0.803600000000,0.441800000000,0.875000000000),
double3(0.810250000000,0.500000000000,0.937500000000),
double3(0.547600000000,0.224100000000,0.921300000000),
double3(0.550300000000,0.328000000000,0.796700000000),
double3(0.641550000000,0.357600000000,0.921200000000),
double3(0.800000000000,0.445300000000,0.923100000000),
double3(0.913550000000,0.183300000000,0.949825000000),
double3(0.939350000000,0.271000000000,0.927125000000),
double3(0.957850000000,0.240000000000,0.750000000000),
double3(0.912700000000,0.358500000000,0.803025000000),
double3(0.945550000000,0.342600000000,0.875000000000),
double3(0.847650000000,0.344700000000,0.750000000000),
double3(0.837300000000,0.409900000000,0.943000000000),
double3(0.696400000000,0.441800000000,0.750000000000),
double3(0.952400000000,0.224100000000,0.953700000000),
double3(0.949700000000,0.328000000000,0.828300000000),
double3(0.858450000000,0.357600000000,0.953800000000),
double3(0.700000000000,0.445300000000,0.951900000000),
double3(0.586450000000,0.816700000000,0.949825000000),
double3(0.560650000000,0.729000000000,0.927125000000),
double3(0.542150000000,0.760000000000,0.750000000000),
double3(0.587300000000,0.641500000000,0.803025000000),
double3(0.554450000000,0.657400000000,0.875000000000),
double3(0.652350000000,0.655300000000,0.750000000000),
double3(0.662700000000,0.590100000000,0.943000000000),
double3(0.803600000000,0.558200000000,0.750000000000),
double3(0.547600000000,0.775900000000,0.953700000000),
double3(0.550300000000,0.672000000000,0.828300000000),
double3(0.641550000000,0.642400000000,0.953800000000),
double3(0.800000000000,0.554700000000,0.951900000000),
double3(0.500000000000,0.202800000000,0.812500000000),
double3(0.586450000000,0.183300000000,0.824825000000),
double3(0.560650000000,0.271000000000,0.802125000000),
double3(0.587300000000,0.358500000000,0.928025000000),
double3(0.500000000000,0.340700000000,0.937500000000),
double3(0.662700000000,0.409900000000,0.818000000000),
double3(0.750000000000,0.429300000000,0.812500000000),
double3(0.810250000000,0.500000000000,0.812500000000),
double3(0.547600000000,0.224100000000,0.828700000000),
double3(0.550300000000,0.328000000000,0.953300000000),
double3(0.641550000000,0.357600000000,0.828800000000),
double3(0.800000000000,0.445300000000,0.826900000000),
double3(0.500000000000,0.797200000000,0.812500000000),
double3(0.913550000000,0.816700000000,0.824825000000),
double3(0.939350000000,0.729000000000,0.802125000000),
double3(0.912700000000,0.641500000000,0.928025000000),
double3(0.500000000000,0.659300000000,0.937500000000),
double3(0.837300000000,0.590100000000,0.818000000000),
double3(0.750000000000,0.570700000000,0.812500000000),
double3(0.689750000000,0.500000000000,0.812500000000),
double3(0.952400000000,0.775900000000,0.828700000000),
double3(0.949700000000,0.672000000000,0.953300000000),
double3(0.858450000000,0.642400000000,0.828800000000),
double3(0.700000000000,0.554700000000,0.826900000000),
double3(0.586450000000,0.816700000000,0.800175000000),
double3(0.560650000000,0.729000000000,0.822875000000),
double3(0.587300000000,0.641500000000,0.946975000000),
double3(0.662700000000,0.590100000000,0.807000000000),
double3(0.547600000000,0.775900000000,0.796300000000),
double3(0.550300000000,0.672000000000,0.921700000000),
double3(0.641550000000,0.642400000000,0.796200000000),
double3(0.800000000000,0.554700000000,0.798100000000),
double3(0.913550000000,0.183300000000,0.800175000000),
double3(0.939350000000,0.271000000000,0.822875000000),
double3(0.912700000000,0.358500000000,0.946975000000),
double3(0.837300000000,0.409900000000,0.807000000000),
double3(0.952400000000,0.224100000000,0.796300000000),
double3(0.949700000000,0.328000000000,0.921700000000),
double3(0.858450000000,0.357600000000,0.796200000000),
double3(0.700000000000,0.445300000000,0.798100000000),
double3(0.750000000000,0.297200000000,0.812500000000),
double3(0.663550000000,0.316700000000,0.800175000000),
double3(0.689350000000,0.229000000000,0.822875000000),
double3(0.707850000000,0.260000000000,0.750000000000),
double3(0.662700000000,0.141500000000,0.946975000000),
double3(0.750000000000,0.159300000000,0.937500000000),
double3(0.695550000000,0.157400000000,0.875000000000),
double3(0.597650000000,0.155300000000,0.750000000000),
double3(0.587300000000,0.090100000000,0.807000000000),
double3(0.500000000000,0.070700000000,0.812500000000),
double3(0.946400000000,0.058200000000,0.750000000000),
double3(0.939750000000,0.000000000000,0.812500000000),
double3(0.702400000000,0.275900000000,0.796300000000),
double3(0.699700000000,0.172000000000,0.921700000000),
double3(0.608450000000,0.142400000000,0.796200000000),
double3(0.950000000000,0.054700000000,0.798100000000),
double3(0.750000000000,0.702800000000,0.812500000000),
double3(0.836450000000,0.683300000000,0.800175000000),
double3(0.810650000000,0.771000000000,0.822875000000),
double3(0.792150000000,0.740000000000,0.750000000000),
double3(0.837300000000,0.858500000000,0.946975000000),
double3(0.750000000000,0.840700000000,0.937500000000),
double3(0.804450000000,0.842600000000,0.875000000000),
double3(0.902350000000,0.844700000000,0.750000000000),
double3(0.912700000000,0.909900000000,0.807000000000),
double3(0.500000000000,0.929300000000,0.812500000000),
double3(0.553600000000,0.941800000000,0.750000000000),
double3(0.560250000000,0.000000000000,0.812500000000),
double3(0.797600000000,0.724100000000,0.796300000000),
double3(0.800300000000,0.828000000000,0.921700000000),
double3(0.891550000000,0.857600000000,0.796200000000),
double3(0.550000000000,0.945300000000,0.798100000000),
double3(0.663550000000,0.683300000000,0.824825000000),
double3(0.689350000000,0.771000000000,0.802125000000),
double3(0.707850000000,0.740000000000,0.875000000000),
double3(0.662700000000,0.858500000000,0.928025000000),
double3(0.695550000000,0.842600000000,0.750000000000),
double3(0.597650000000,0.844700000000,0.875000000000),
double3(0.587300000000,0.909900000000,0.818000000000),
double3(0.946400000000,0.941800000000,0.875000000000),
double3(0.702400000000,0.724100000000,0.828700000000),
double3(0.699700000000,0.828000000000,0.953300000000),
double3(0.608450000000,0.857600000000,0.828800000000),
double3(0.950000000000,0.945300000000,0.826900000000),
double3(0.836450000000,0.316700000000,0.824825000000),
double3(0.810650000000,0.229000000000,0.802125000000),
double3(0.792150000000,0.260000000000,0.875000000000),
double3(0.837300000000,0.141500000000,0.928025000000),
double3(0.804450000000,0.157400000000,0.750000000000),
double3(0.902350000000,0.155300000000,0.875000000000),
double3(0.912700000000,0.090100000000,0.818000000000),
double3(0.553600000000,0.058200000000,0.875000000000),
double3(0.797600000000,0.275900000000,0.828700000000),
double3(0.800300000000,0.172000000000,0.953300000000),
double3(0.891550000000,0.142400000000,0.828800000000),
double3(0.550000000000,0.054700000000,0.826900000000),
double3(0.750000000000,0.702800000000,0.937500000000),
double3(0.836450000000,0.683300000000,0.949825000000),
double3(0.810650000000,0.771000000000,0.927125000000),
double3(0.837300000000,0.858500000000,0.803025000000),
double3(0.750000000000,0.840700000000,0.812500000000),
double3(0.912700000000,0.909900000000,0.943000000000),
double3(0.500000000000,0.929300000000,0.937500000000),
double3(0.560250000000,0.000000000000,0.937500000000),
double3(0.797600000000,0.724100000000,0.953700000000),
double3(0.800300000000,0.828000000000,0.828300000000),
double3(0.891550000000,0.857600000000,0.953800000000),
double3(0.550000000000,0.945300000000,0.951900000000),
double3(0.750000000000,0.297200000000,0.937500000000),
double3(0.663550000000,0.316700000000,0.949825000000),
double3(0.689350000000,0.229000000000,0.927125000000),
double3(0.662700000000,0.141500000000,0.803025000000),
double3(0.750000000000,0.159300000000,0.812500000000),
double3(0.587300000000,0.090100000000,0.943000000000),
double3(0.500000000000,0.070700000000,0.937500000000),
double3(0.939750000000,0.000000000000,0.937500000000),
double3(0.702400000000,0.275900000000,0.953700000000),
double3(0.699700000000,0.172000000000,0.828300000000),
double3(0.608450000000,0.142400000000,0.953800000000),
double3(0.950000000000,0.054700000000,0.951900000000),
double3(0.836450000000,0.316700000000,0.925175000000),
double3(0.810650000000,0.229000000000,0.947875000000),
double3(0.837300000000,0.141500000000,0.821975000000),
double3(0.912700000000,0.090100000000,0.932000000000),
double3(0.797600000000,0.275900000000,0.921300000000),
double3(0.800300000000,0.172000000000,0.796700000000),
double3(0.891550000000,0.142400000000,0.921200000000),
double3(0.550000000000,0.054700000000,0.923100000000),
double3(0.663550000000,0.683300000000,0.925175000000),
double3(0.689350000000,0.771000000000,0.947875000000),
double3(0.662700000000,0.858500000000,0.821975000000),
double3(0.587300000000,0.909900000000,0.932000000000),
double3(0.702400000000,0.724100000000,0.921300000000),
double3(0.699700000000,0.828000000000,0.796700000000),
double3(0.608450000000,0.857600000000,0.921200000000),
double3(0.950000000000,0.945300000000,0.923100000000),
