 # Derivative distribution function -dV(r)/dr (or -dV(d)/dd) vs d
  0.1250000      0.0000000E+00
  0.3750000      0.0000000E+00
  0.6250000      0.0000000E+00
  0.8750000      0.0000000E+00
   1.125000      0.0000000E+00
   1.375000      0.0000000E+00
   1.625000      0.0000000E+00
   1.875000      0.0000000E+00
   2.125000      0.0000000E+00
   2.375000      0.0000000E+00
   2.625000      0.0000000E+00
   2.875000      2.3496151E-04
   3.125000      3.8303375E-02
   3.375000      0.1337093    
   3.625000      0.1734226    
   3.875000      0.1553284    
   4.125000      0.1743627    
   4.375000      0.1722476    
   4.625000      0.1358242    
   4.875000      0.1113853    
   5.125000      0.4481260    
   5.375000      0.5564563    
   5.625000      0.1748326    
   5.875000      2.8903782E-02
   6.125000      2.7258813E-02
   6.375000      2.4203956E-02
   6.625000      1.5979350E-02
   6.875000      1.8564224E-02
   7.125000      2.0914078E-02
   7.375000      1.7859221E-02
   7.625000      1.8329203E-02
   7.875000      1.5979350E-02
   8.125000      1.5979350E-02
   8.375000      1.4569342E-02
   8.625000      1.4569402E-02
   8.875000      1.5979350E-02
   9.125000      1.2689412E-02
   9.375000      0.6422277    
   9.625000      0.7294090    
   9.875000      9.2351079E-02
   10.12500      0.0000000E+00
   10.37500      0.0000000E+00
   10.62500      0.0000000E+00
   10.87500      0.0000000E+00
   11.12500      0.0000000E+00
   11.37500      0.0000000E+00
   11.62500      0.0000000E+00
   11.87500      0.0000000E+00
   12.12500      0.0000000E+00
   12.37500      0.0000000E+00
   12.62500      0.0000000E+00
   12.87500      0.0000000E+00
   13.12500      0.0000000E+00
   13.37500      0.0000000E+00
   13.62500      0.0000000E+00
   13.87500      0.0000000E+00
   14.12500      0.0000000E+00
   14.37500      0.0000000E+00
   14.62500      0.0000000E+00
   14.87500      0.0000000E+00
   15.12500      0.0000000E+00
   15.37500      0.0000000E+00
   15.62500      0.0000000E+00
   15.87500      0.0000000E+00
   16.12500      0.0000000E+00
   16.37500      0.0000000E+00
   16.62500      0.0000000E+00
   16.87500      0.0000000E+00
   17.12500      0.0000000E+00
   17.37500      0.0000000E+00
   17.62500      0.0000000E+00
   17.87500      0.0000000E+00
   18.12500      0.0000000E+00
   18.37500      0.0000000E+00
   18.62500      0.0000000E+00
   18.87500      0.0000000E+00
   19.12500      0.0000000E+00
   19.37500      0.0000000E+00
