[double3(19.018000000000,0.000000000000,0.000000000000),double3(0.000000000000,14.303000000000,0.000000000000),double3(0.000000000000,0.000000000000,7.541000000000)]

double3(0.160050000000,0.045900000000,0.062525000000),
double3(0.192400000000,0.124650000000,0.081425000000),
double3(0.171450000000,0.108100000000,0.000000000000),
double3(0.125000000000,0.125000000000,0.062500000000),
double3(0.053150000000,0.045900000000,0.000000000000),
double3(0.000000000000,0.104700000000,0.000000000000),
double3(0.102050000000,0.000000000000,0.043575000000),
double3(0.126450000000,0.000000000000,0.125000000000),
double3(0.162200000000,0.100900000000,0.051600000000),
double3(0.042150000000,0.100200000000,0.000000000000),
double3(0.137150000000,0.000000000000,0.073375000000),
double3(0.077650000000,0.000000000000,0.000000000000),
double3(0.339950000000,0.454100000000,0.062525000000),
double3(0.307600000000,0.375350000000,0.081425000000),
double3(0.328550000000,0.391900000000,0.000000000000),
double3(0.375000000000,0.375000000000,0.062500000000),
double3(0.446850000000,0.454100000000,0.000000000000),
double3(0.000000000000,0.395300000000,0.000000000000),
double3(0.397950000000,0.000000000000,0.043575000000),
double3(0.373550000000,0.000000000000,0.125000000000),
double3(0.337800000000,0.399100000000,0.051600000000),
double3(0.457850000000,0.399800000000,0.000000000000),
double3(0.362850000000,0.000000000000,0.073375000000),
double3(0.422350000000,0.000000000000,0.000000000000),
double3(0.160050000000,0.454100000000,0.187475000000),
double3(0.192400000000,0.375350000000,0.168575000000),
double3(0.171450000000,0.391900000000,0.000000000000),
double3(0.125000000000,0.375000000000,0.187500000000),
double3(0.053150000000,0.454100000000,0.000000000000),
double3(0.102050000000,0.000000000000,0.206425000000),
double3(0.162200000000,0.399100000000,0.198400000000),
double3(0.042150000000,0.399800000000,0.000000000000),
double3(0.137150000000,0.000000000000,0.176625000000),
double3(0.339950000000,0.045900000000,0.187475000000),
double3(0.307600000000,0.124650000000,0.168575000000),
double3(0.328550000000,0.108100000000,0.000000000000),
double3(0.375000000000,0.125000000000,0.187500000000),
double3(0.446850000000,0.045900000000,0.000000000000),
double3(0.397950000000,0.000000000000,0.206425000000),
double3(0.337800000000,0.100900000000,0.198400000000),
double3(0.457850000000,0.100200000000,0.000000000000),
double3(0.362850000000,0.000000000000,0.176625000000),
double3(0.339950000000,0.454100000000,0.187475000000),
double3(0.307600000000,0.375350000000,0.168575000000),
double3(0.375000000000,0.375000000000,0.187500000000),
double3(0.337800000000,0.399100000000,0.198400000000),
double3(0.160050000000,0.045900000000,0.187475000000),
double3(0.192400000000,0.124650000000,0.168575000000),
double3(0.125000000000,0.125000000000,0.187500000000),
double3(0.162200000000,0.100900000000,0.198400000000),
double3(0.339950000000,0.045900000000,0.062525000000),
double3(0.307600000000,0.124650000000,0.081425000000),
double3(0.375000000000,0.125000000000,0.062500000000),
double3(0.337800000000,0.100900000000,0.051600000000),
double3(0.160050000000,0.454100000000,0.062525000000),
double3(0.192400000000,0.375350000000,0.081425000000),
double3(0.125000000000,0.375000000000,0.062500000000),
double3(0.162200000000,0.399100000000,0.051600000000),
double3(0.410050000000,0.295900000000,0.187525000000),
double3(0.442400000000,0.374650000000,0.206425000000),
double3(0.421450000000,0.358100000000,0.125000000000),
double3(0.303150000000,0.295900000000,0.125000000000),
double3(0.250000000000,0.354700000000,0.125000000000),
double3(0.352050000000,0.250000000000,0.168575000000),
double3(0.376450000000,0.250000000000,0.000000000000),
double3(0.412200000000,0.350900000000,0.176600000000),
double3(0.292150000000,0.350200000000,0.125000000000),
double3(0.387150000000,0.250000000000,0.198375000000),
double3(0.327650000000,0.250000000000,0.125000000000),
double3(0.089950000000,0.204100000000,0.187525000000),
double3(0.057600000000,0.125350000000,0.206425000000),
double3(0.078550000000,0.141900000000,0.125000000000),
double3(0.196850000000,0.204100000000,0.125000000000),
double3(0.250000000000,0.145300000000,0.125000000000),
double3(0.147950000000,0.250000000000,0.168575000000),
double3(0.123550000000,0.250000000000,0.000000000000),
double3(0.087800000000,0.149100000000,0.176600000000),
double3(0.207850000000,0.149800000000,0.125000000000),
double3(0.112850000000,0.250000000000,0.198375000000),
double3(0.172350000000,0.250000000000,0.125000000000),
double3(0.410050000000,0.204100000000,0.062475000000),
double3(0.442400000000,0.125350000000,0.043575000000),
double3(0.421450000000,0.141900000000,0.125000000000),
double3(0.303150000000,0.204100000000,0.125000000000),
double3(0.352050000000,0.250000000000,0.081425000000),
double3(0.412200000000,0.149100000000,0.073400000000),
double3(0.292150000000,0.149800000000,0.125000000000),
double3(0.387150000000,0.250000000000,0.051625000000),
double3(0.089950000000,0.295900000000,0.062475000000),
double3(0.057600000000,0.374650000000,0.043575000000),
double3(0.078550000000,0.358100000000,0.125000000000),
double3(0.196850000000,0.295900000000,0.125000000000),
double3(0.147950000000,0.250000000000,0.081425000000),
double3(0.087800000000,0.350900000000,0.073400000000),
double3(0.207850000000,0.350200000000,0.125000000000),
double3(0.112850000000,0.250000000000,0.051625000000),
double3(0.089950000000,0.204100000000,0.062475000000),
double3(0.057600000000,0.125350000000,0.043575000000),
double3(0.087800000000,0.149100000000,0.073400000000),
double3(0.410050000000,0.295900000000,0.062475000000),
double3(0.442400000000,0.374650000000,0.043575000000),
double3(0.412200000000,0.350900000000,0.073400000000),
double3(0.089950000000,0.295900000000,0.187525000000),
double3(0.057600000000,0.374650000000,0.206425000000),
double3(0.087800000000,0.350900000000,0.176600000000),
double3(0.410050000000,0.204100000000,0.187525000000),
double3(0.442400000000,0.125350000000,0.206425000000),
double3(0.412200000000,0.149100000000,0.176600000000),
double3(0.160050000000,0.045900000000,0.312525000000),
double3(0.192400000000,0.124650000000,0.331425000000),
double3(0.171450000000,0.108100000000,0.250000000000),
double3(0.125000000000,0.125000000000,0.312500000000),
double3(0.053150000000,0.045900000000,0.250000000000),
double3(0.000000000000,0.104700000000,0.250000000000),
double3(0.102050000000,0.000000000000,0.293575000000),
double3(0.126450000000,0.000000000000,0.375000000000),
double3(0.162200000000,0.100900000000,0.301600000000),
double3(0.042150000000,0.100200000000,0.250000000000),
double3(0.137150000000,0.000000000000,0.323375000000),
double3(0.077650000000,0.000000000000,0.250000000000),
double3(0.339950000000,0.454100000000,0.312525000000),
double3(0.307600000000,0.375350000000,0.331425000000),
double3(0.328550000000,0.391900000000,0.250000000000),
double3(0.375000000000,0.375000000000,0.312500000000),
double3(0.446850000000,0.454100000000,0.250000000000),
double3(0.000000000000,0.395300000000,0.250000000000),
double3(0.397950000000,0.000000000000,0.293575000000),
double3(0.373550000000,0.000000000000,0.375000000000),
double3(0.337800000000,0.399100000000,0.301600000000),
double3(0.457850000000,0.399800000000,0.250000000000),
double3(0.362850000000,0.000000000000,0.323375000000),
double3(0.422350000000,0.000000000000,0.250000000000),
double3(0.160050000000,0.454100000000,0.437475000000),
double3(0.192400000000,0.375350000000,0.418575000000),
double3(0.171450000000,0.391900000000,0.250000000000),
double3(0.125000000000,0.375000000000,0.437500000000),
double3(0.053150000000,0.454100000000,0.250000000000),
double3(0.102050000000,0.000000000000,0.456425000000),
double3(0.162200000000,0.399100000000,0.448400000000),
double3(0.042150000000,0.399800000000,0.250000000000),
double3(0.137150000000,0.000000000000,0.426625000000),
double3(0.339950000000,0.045900000000,0.437475000000),
double3(0.307600000000,0.124650000000,0.418575000000),
double3(0.328550000000,0.108100000000,0.250000000000),
double3(0.375000000000,0.125000000000,0.437500000000),
double3(0.446850000000,0.045900000000,0.250000000000),
double3(0.397950000000,0.000000000000,0.456425000000),
double3(0.337800000000,0.100900000000,0.448400000000),
double3(0.457850000000,0.100200000000,0.250000000000),
double3(0.362850000000,0.000000000000,0.426625000000),
double3(0.339950000000,0.454100000000,0.437475000000),
double3(0.307600000000,0.375350000000,0.418575000000),
double3(0.375000000000,0.375000000000,0.437500000000),
double3(0.337800000000,0.399100000000,0.448400000000),
double3(0.160050000000,0.045900000000,0.437475000000),
double3(0.192400000000,0.124650000000,0.418575000000),
double3(0.125000000000,0.125000000000,0.437500000000),
double3(0.162200000000,0.100900000000,0.448400000000),
double3(0.339950000000,0.045900000000,0.312525000000),
double3(0.307600000000,0.124650000000,0.331425000000),
double3(0.375000000000,0.125000000000,0.312500000000),
double3(0.337800000000,0.100900000000,0.301600000000),
double3(0.160050000000,0.454100000000,0.312525000000),
double3(0.192400000000,0.375350000000,0.331425000000),
double3(0.125000000000,0.375000000000,0.312500000000),
double3(0.162200000000,0.399100000000,0.301600000000),
double3(0.410050000000,0.295900000000,0.437525000000),
double3(0.442400000000,0.374650000000,0.456425000000),
double3(0.421450000000,0.358100000000,0.375000000000),
double3(0.303150000000,0.295900000000,0.375000000000),
double3(0.250000000000,0.354700000000,0.375000000000),
double3(0.352050000000,0.250000000000,0.418575000000),
double3(0.376450000000,0.250000000000,0.250000000000),
double3(0.412200000000,0.350900000000,0.426600000000),
double3(0.292150000000,0.350200000000,0.375000000000),
double3(0.387150000000,0.250000000000,0.448375000000),
double3(0.327650000000,0.250000000000,0.375000000000),
double3(0.089950000000,0.204100000000,0.437525000000),
double3(0.057600000000,0.125350000000,0.456425000000),
double3(0.078550000000,0.141900000000,0.375000000000),
double3(0.196850000000,0.204100000000,0.375000000000),
double3(0.250000000000,0.145300000000,0.375000000000),
double3(0.147950000000,0.250000000000,0.418575000000),
double3(0.123550000000,0.250000000000,0.250000000000),
double3(0.087800000000,0.149100000000,0.426600000000),
double3(0.207850000000,0.149800000000,0.375000000000),
double3(0.112850000000,0.250000000000,0.448375000000),
double3(0.172350000000,0.250000000000,0.375000000000),
double3(0.410050000000,0.204100000000,0.312475000000),
double3(0.442400000000,0.125350000000,0.293575000000),
double3(0.421450000000,0.141900000000,0.375000000000),
double3(0.303150000000,0.204100000000,0.375000000000),
double3(0.352050000000,0.250000000000,0.331425000000),
double3(0.412200000000,0.149100000000,0.323400000000),
double3(0.292150000000,0.149800000000,0.375000000000),
double3(0.387150000000,0.250000000000,0.301625000000),
double3(0.089950000000,0.295900000000,0.312475000000),
double3(0.057600000000,0.374650000000,0.293575000000),
double3(0.078550000000,0.358100000000,0.375000000000),
double3(0.196850000000,0.295900000000,0.375000000000),
double3(0.147950000000,0.250000000000,0.331425000000),
double3(0.087800000000,0.350900000000,0.323400000000),
double3(0.207850000000,0.350200000000,0.375000000000),
double3(0.112850000000,0.250000000000,0.301625000000),
double3(0.089950000000,0.204100000000,0.312475000000),
double3(0.057600000000,0.125350000000,0.293575000000),
double3(0.087800000000,0.149100000000,0.323400000000),
double3(0.410050000000,0.295900000000,0.312475000000),
double3(0.442400000000,0.374650000000,0.293575000000),
double3(0.412200000000,0.350900000000,0.323400000000),
double3(0.089950000000,0.295900000000,0.437525000000),
double3(0.057600000000,0.374650000000,0.456425000000),
double3(0.087800000000,0.350900000000,0.426600000000),
double3(0.410050000000,0.204100000000,0.437525000000),
double3(0.442400000000,0.125350000000,0.456425000000),
double3(0.412200000000,0.149100000000,0.426600000000),
double3(0.160050000000,0.045900000000,0.562525000000),
double3(0.192400000000,0.124650000000,0.581425000000),
double3(0.171450000000,0.108100000000,0.500000000000),
double3(0.125000000000,0.125000000000,0.562500000000),
double3(0.053150000000,0.045900000000,0.500000000000),
double3(0.000000000000,0.104700000000,0.500000000000),
double3(0.102050000000,0.000000000000,0.543575000000),
double3(0.126450000000,0.000000000000,0.625000000000),
double3(0.162200000000,0.100900000000,0.551600000000),
double3(0.042150000000,0.100200000000,0.500000000000),
double3(0.137150000000,0.000000000000,0.573375000000),
double3(0.077650000000,0.000000000000,0.500000000000),
double3(0.339950000000,0.454100000000,0.562525000000),
double3(0.307600000000,0.375350000000,0.581425000000),
double3(0.328550000000,0.391900000000,0.500000000000),
double3(0.375000000000,0.375000000000,0.562500000000),
double3(0.446850000000,0.454100000000,0.500000000000),
double3(0.000000000000,0.395300000000,0.500000000000),
double3(0.397950000000,0.000000000000,0.543575000000),
double3(0.373550000000,0.000000000000,0.625000000000),
double3(0.337800000000,0.399100000000,0.551600000000),
double3(0.457850000000,0.399800000000,0.500000000000),
double3(0.362850000000,0.000000000000,0.573375000000),
double3(0.422350000000,0.000000000000,0.500000000000),
double3(0.160050000000,0.454100000000,0.687475000000),
double3(0.192400000000,0.375350000000,0.668575000000),
double3(0.171450000000,0.391900000000,0.500000000000),
double3(0.125000000000,0.375000000000,0.687500000000),
double3(0.053150000000,0.454100000000,0.500000000000),
double3(0.102050000000,0.000000000000,0.706425000000),
double3(0.162200000000,0.399100000000,0.698400000000),
double3(0.042150000000,0.399800000000,0.500000000000),
double3(0.137150000000,0.000000000000,0.676625000000),
double3(0.339950000000,0.045900000000,0.687475000000),
double3(0.307600000000,0.124650000000,0.668575000000),
double3(0.328550000000,0.108100000000,0.500000000000),
double3(0.375000000000,0.125000000000,0.687500000000),
double3(0.446850000000,0.045900000000,0.500000000000),
double3(0.397950000000,0.000000000000,0.706425000000),
double3(0.337800000000,0.100900000000,0.698400000000),
double3(0.457850000000,0.100200000000,0.500000000000),
double3(0.362850000000,0.000000000000,0.676625000000),
double3(0.339950000000,0.454100000000,0.687475000000),
double3(0.307600000000,0.375350000000,0.668575000000),
double3(0.375000000000,0.375000000000,0.687500000000),
double3(0.337800000000,0.399100000000,0.698400000000),
double3(0.160050000000,0.045900000000,0.687475000000),
double3(0.192400000000,0.124650000000,0.668575000000),
double3(0.125000000000,0.125000000000,0.687500000000),
double3(0.162200000000,0.100900000000,0.698400000000),
double3(0.339950000000,0.045900000000,0.562525000000),
double3(0.307600000000,0.124650000000,0.581425000000),
double3(0.375000000000,0.125000000000,0.562500000000),
double3(0.337800000000,0.100900000000,0.551600000000),
double3(0.160050000000,0.454100000000,0.562525000000),
double3(0.192400000000,0.375350000000,0.581425000000),
double3(0.125000000000,0.375000000000,0.562500000000),
double3(0.162200000000,0.399100000000,0.551600000000),
double3(0.410050000000,0.295900000000,0.687525000000),
double3(0.442400000000,0.374650000000,0.706425000000),
double3(0.421450000000,0.358100000000,0.625000000000),
double3(0.303150000000,0.295900000000,0.625000000000),
double3(0.250000000000,0.354700000000,0.625000000000),
double3(0.352050000000,0.250000000000,0.668575000000),
double3(0.376450000000,0.250000000000,0.500000000000),
double3(0.412200000000,0.350900000000,0.676600000000),
double3(0.292150000000,0.350200000000,0.625000000000),
double3(0.387150000000,0.250000000000,0.698375000000),
double3(0.327650000000,0.250000000000,0.625000000000),
double3(0.089950000000,0.204100000000,0.687525000000),
double3(0.057600000000,0.125350000000,0.706425000000),
double3(0.078550000000,0.141900000000,0.625000000000),
double3(0.196850000000,0.204100000000,0.625000000000),
double3(0.250000000000,0.145300000000,0.625000000000),
double3(0.147950000000,0.250000000000,0.668575000000),
double3(0.123550000000,0.250000000000,0.500000000000),
double3(0.087800000000,0.149100000000,0.676600000000),
double3(0.207850000000,0.149800000000,0.625000000000),
double3(0.112850000000,0.250000000000,0.698375000000),
double3(0.172350000000,0.250000000000,0.625000000000),
double3(0.410050000000,0.204100000000,0.562475000000),
double3(0.442400000000,0.125350000000,0.543575000000),
double3(0.421450000000,0.141900000000,0.625000000000),
double3(0.303150000000,0.204100000000,0.625000000000),
double3(0.352050000000,0.250000000000,0.581425000000),
double3(0.412200000000,0.149100000000,0.573400000000),
double3(0.292150000000,0.149800000000,0.625000000000),
double3(0.387150000000,0.250000000000,0.551625000000),
double3(0.089950000000,0.295900000000,0.562475000000),
double3(0.057600000000,0.374650000000,0.543575000000),
double3(0.078550000000,0.358100000000,0.625000000000),
double3(0.196850000000,0.295900000000,0.625000000000),
double3(0.147950000000,0.250000000000,0.581425000000),
double3(0.087800000000,0.350900000000,0.573400000000),
double3(0.207850000000,0.350200000000,0.625000000000),
double3(0.112850000000,0.250000000000,0.551625000000),
double3(0.089950000000,0.204100000000,0.562475000000),
double3(0.057600000000,0.125350000000,0.543575000000),
double3(0.087800000000,0.149100000000,0.573400000000),
double3(0.410050000000,0.295900000000,0.562475000000),
double3(0.442400000000,0.374650000000,0.543575000000),
double3(0.412200000000,0.350900000000,0.573400000000),
double3(0.089950000000,0.295900000000,0.687525000000),
double3(0.057600000000,0.374650000000,0.706425000000),
double3(0.087800000000,0.350900000000,0.676600000000),
double3(0.410050000000,0.204100000000,0.687525000000),
double3(0.442400000000,0.125350000000,0.706425000000),
double3(0.412200000000,0.149100000000,0.676600000000),
double3(0.160050000000,0.045900000000,0.812525000000),
double3(0.192400000000,0.124650000000,0.831425000000),
double3(0.171450000000,0.108100000000,0.750000000000),
double3(0.125000000000,0.125000000000,0.812500000000),
double3(0.053150000000,0.045900000000,0.750000000000),
double3(0.000000000000,0.104700000000,0.750000000000),
double3(0.102050000000,0.000000000000,0.793575000000),
double3(0.126450000000,0.000000000000,0.875000000000),
double3(0.162200000000,0.100900000000,0.801600000000),
double3(0.042150000000,0.100200000000,0.750000000000),
double3(0.137150000000,0.000000000000,0.823375000000),
double3(0.077650000000,0.000000000000,0.750000000000),
double3(0.339950000000,0.454100000000,0.812525000000),
double3(0.307600000000,0.375350000000,0.831425000000),
double3(0.328550000000,0.391900000000,0.750000000000),
double3(0.375000000000,0.375000000000,0.812500000000),
double3(0.446850000000,0.454100000000,0.750000000000),
double3(0.000000000000,0.395300000000,0.750000000000),
double3(0.397950000000,0.000000000000,0.793575000000),
double3(0.373550000000,0.000000000000,0.875000000000),
double3(0.337800000000,0.399100000000,0.801600000000),
double3(0.457850000000,0.399800000000,0.750000000000),
double3(0.362850000000,0.000000000000,0.823375000000),
double3(0.422350000000,0.000000000000,0.750000000000),
double3(0.160050000000,0.454100000000,0.937475000000),
double3(0.192400000000,0.375350000000,0.918575000000),
double3(0.171450000000,0.391900000000,0.750000000000),
double3(0.125000000000,0.375000000000,0.937500000000),
double3(0.053150000000,0.454100000000,0.750000000000),
double3(0.102050000000,0.000000000000,0.956425000000),
double3(0.162200000000,0.399100000000,0.948400000000),
double3(0.042150000000,0.399800000000,0.750000000000),
double3(0.137150000000,0.000000000000,0.926625000000),
double3(0.339950000000,0.045900000000,0.937475000000),
double3(0.307600000000,0.124650000000,0.918575000000),
double3(0.328550000000,0.108100000000,0.750000000000),
double3(0.375000000000,0.125000000000,0.937500000000),
double3(0.446850000000,0.045900000000,0.750000000000),
double3(0.397950000000,0.000000000000,0.956425000000),
double3(0.337800000000,0.100900000000,0.948400000000),
double3(0.457850000000,0.100200000000,0.750000000000),
double3(0.362850000000,0.000000000000,0.926625000000),
double3(0.339950000000,0.454100000000,0.937475000000),
double3(0.307600000000,0.375350000000,0.918575000000),
double3(0.375000000000,0.375000000000,0.937500000000),
double3(0.337800000000,0.399100000000,0.948400000000),
double3(0.160050000000,0.045900000000,0.937475000000),
double3(0.192400000000,0.124650000000,0.918575000000),
double3(0.125000000000,0.125000000000,0.937500000000),
double3(0.162200000000,0.100900000000,0.948400000000),
double3(0.339950000000,0.045900000000,0.812525000000),
double3(0.307600000000,0.124650000000,0.831425000000),
double3(0.375000000000,0.125000000000,0.812500000000),
double3(0.337800000000,0.100900000000,0.801600000000),
double3(0.160050000000,0.454100000000,0.812525000000),
double3(0.192400000000,0.375350000000,0.831425000000),
double3(0.125000000000,0.375000000000,0.812500000000),
double3(0.162200000000,0.399100000000,0.801600000000),
double3(0.410050000000,0.295900000000,0.937525000000),
double3(0.442400000000,0.374650000000,0.956425000000),
double3(0.421450000000,0.358100000000,0.875000000000),
double3(0.303150000000,0.295900000000,0.875000000000),
double3(0.250000000000,0.354700000000,0.875000000000),
double3(0.352050000000,0.250000000000,0.918575000000),
double3(0.376450000000,0.250000000000,0.750000000000),
double3(0.412200000000,0.350900000000,0.926600000000),
double3(0.292150000000,0.350200000000,0.875000000000),
double3(0.387150000000,0.250000000000,0.948375000000),
double3(0.327650000000,0.250000000000,0.875000000000),
double3(0.089950000000,0.204100000000,0.937525000000),
double3(0.057600000000,0.125350000000,0.956425000000),
double3(0.078550000000,0.141900000000,0.875000000000),
double3(0.196850000000,0.204100000000,0.875000000000),
double3(0.250000000000,0.145300000000,0.875000000000),
double3(0.147950000000,0.250000000000,0.918575000000),
double3(0.123550000000,0.250000000000,0.750000000000),
double3(0.087800000000,0.149100000000,0.926600000000),
double3(0.207850000000,0.149800000000,0.875000000000),
double3(0.112850000000,0.250000000000,0.948375000000),
double3(0.172350000000,0.250000000000,0.875000000000),
double3(0.410050000000,0.204100000000,0.812475000000),
double3(0.442400000000,0.125350000000,0.793575000000),
double3(0.421450000000,0.141900000000,0.875000000000),
double3(0.303150000000,0.204100000000,0.875000000000),
double3(0.352050000000,0.250000000000,0.831425000000),
double3(0.412200000000,0.149100000000,0.823400000000),
double3(0.292150000000,0.149800000000,0.875000000000),
double3(0.387150000000,0.250000000000,0.801625000000),
double3(0.089950000000,0.295900000000,0.812475000000),
double3(0.057600000000,0.374650000000,0.793575000000),
double3(0.078550000000,0.358100000000,0.875000000000),
double3(0.196850000000,0.295900000000,0.875000000000),
double3(0.147950000000,0.250000000000,0.831425000000),
double3(0.087800000000,0.350900000000,0.823400000000),
double3(0.207850000000,0.350200000000,0.875000000000),
double3(0.112850000000,0.250000000000,0.801625000000),
double3(0.089950000000,0.204100000000,0.812475000000),
double3(0.057600000000,0.125350000000,0.793575000000),
double3(0.087800000000,0.149100000000,0.823400000000),
double3(0.410050000000,0.295900000000,0.812475000000),
double3(0.442400000000,0.374650000000,0.793575000000),
double3(0.412200000000,0.350900000000,0.823400000000),
double3(0.089950000000,0.295900000000,0.937525000000),
double3(0.057600000000,0.374650000000,0.956425000000),
double3(0.087800000000,0.350900000000,0.926600000000),
double3(0.410050000000,0.204100000000,0.937525000000),
double3(0.442400000000,0.125350000000,0.956425000000),
double3(0.412200000000,0.149100000000,0.926600000000),
double3(0.160050000000,0.545900000000,0.062525000000),
double3(0.192400000000,0.624650000000,0.081425000000),
double3(0.171450000000,0.608100000000,0.000000000000),
double3(0.125000000000,0.625000000000,0.062500000000),
double3(0.053150000000,0.545900000000,0.000000000000),
double3(0.000000000000,0.604700000000,0.000000000000),
double3(0.102050000000,0.500000000000,0.043575000000),
double3(0.126450000000,0.500000000000,0.125000000000),
double3(0.162200000000,0.600900000000,0.051600000000),
double3(0.042150000000,0.600200000000,0.000000000000),
double3(0.137150000000,0.500000000000,0.073375000000),
double3(0.077650000000,0.500000000000,0.000000000000),
double3(0.339950000000,0.954100000000,0.062525000000),
double3(0.307600000000,0.875350000000,0.081425000000),
double3(0.328550000000,0.891900000000,0.000000000000),
double3(0.375000000000,0.875000000000,0.062500000000),
double3(0.446850000000,0.954100000000,0.000000000000),
double3(0.000000000000,0.895300000000,0.000000000000),
double3(0.397950000000,0.500000000000,0.043575000000),
double3(0.373550000000,0.500000000000,0.125000000000),
double3(0.337800000000,0.899100000000,0.051600000000),
double3(0.457850000000,0.899800000000,0.000000000000),
double3(0.362850000000,0.500000000000,0.073375000000),
double3(0.422350000000,0.500000000000,0.000000000000),
double3(0.160050000000,0.954100000000,0.187475000000),
double3(0.192400000000,0.875350000000,0.168575000000),
double3(0.171450000000,0.891900000000,0.000000000000),
double3(0.125000000000,0.875000000000,0.187500000000),
double3(0.053150000000,0.954100000000,0.000000000000),
double3(0.102050000000,0.500000000000,0.206425000000),
double3(0.162200000000,0.899100000000,0.198400000000),
double3(0.042150000000,0.899800000000,0.000000000000),
double3(0.137150000000,0.500000000000,0.176625000000),
double3(0.339950000000,0.545900000000,0.187475000000),
double3(0.307600000000,0.624650000000,0.168575000000),
double3(0.328550000000,0.608100000000,0.000000000000),
double3(0.375000000000,0.625000000000,0.187500000000),
double3(0.446850000000,0.545900000000,0.000000000000),
double3(0.397950000000,0.500000000000,0.206425000000),
double3(0.337800000000,0.600900000000,0.198400000000),
double3(0.457850000000,0.600200000000,0.000000000000),
double3(0.362850000000,0.500000000000,0.176625000000),
double3(0.339950000000,0.954100000000,0.187475000000),
double3(0.307600000000,0.875350000000,0.168575000000),
double3(0.375000000000,0.875000000000,0.187500000000),
double3(0.337800000000,0.899100000000,0.198400000000),
double3(0.160050000000,0.545900000000,0.187475000000),
double3(0.192400000000,0.624650000000,0.168575000000),
double3(0.125000000000,0.625000000000,0.187500000000),
double3(0.162200000000,0.600900000000,0.198400000000),
double3(0.339950000000,0.545900000000,0.062525000000),
double3(0.307600000000,0.624650000000,0.081425000000),
double3(0.375000000000,0.625000000000,0.062500000000),
double3(0.337800000000,0.600900000000,0.051600000000),
double3(0.160050000000,0.954100000000,0.062525000000),
double3(0.192400000000,0.875350000000,0.081425000000),
double3(0.125000000000,0.875000000000,0.062500000000),
double3(0.162200000000,0.899100000000,0.051600000000),
double3(0.410050000000,0.795900000000,0.187525000000),
double3(0.442400000000,0.874650000000,0.206425000000),
double3(0.421450000000,0.858100000000,0.125000000000),
double3(0.303150000000,0.795900000000,0.125000000000),
double3(0.250000000000,0.854700000000,0.125000000000),
double3(0.352050000000,0.750000000000,0.168575000000),
double3(0.376450000000,0.750000000000,0.000000000000),
double3(0.412200000000,0.850900000000,0.176600000000),
double3(0.292150000000,0.850200000000,0.125000000000),
double3(0.387150000000,0.750000000000,0.198375000000),
double3(0.327650000000,0.750000000000,0.125000000000),
double3(0.089950000000,0.704100000000,0.187525000000),
double3(0.057600000000,0.625350000000,0.206425000000),
double3(0.078550000000,0.641900000000,0.125000000000),
double3(0.196850000000,0.704100000000,0.125000000000),
double3(0.250000000000,0.645300000000,0.125000000000),
double3(0.147950000000,0.750000000000,0.168575000000),
double3(0.123550000000,0.750000000000,0.000000000000),
double3(0.087800000000,0.649100000000,0.176600000000),
double3(0.207850000000,0.649800000000,0.125000000000),
double3(0.112850000000,0.750000000000,0.198375000000),
double3(0.172350000000,0.750000000000,0.125000000000),
double3(0.410050000000,0.704100000000,0.062475000000),
double3(0.442400000000,0.625350000000,0.043575000000),
double3(0.421450000000,0.641900000000,0.125000000000),
double3(0.303150000000,0.704100000000,0.125000000000),
double3(0.352050000000,0.750000000000,0.081425000000),
double3(0.412200000000,0.649100000000,0.073400000000),
double3(0.292150000000,0.649800000000,0.125000000000),
double3(0.387150000000,0.750000000000,0.051625000000),
double3(0.089950000000,0.795900000000,0.062475000000),
double3(0.057600000000,0.874650000000,0.043575000000),
double3(0.078550000000,0.858100000000,0.125000000000),
double3(0.196850000000,0.795900000000,0.125000000000),
double3(0.147950000000,0.750000000000,0.081425000000),
double3(0.087800000000,0.850900000000,0.073400000000),
double3(0.207850000000,0.850200000000,0.125000000000),
double3(0.112850000000,0.750000000000,0.051625000000),
double3(0.089950000000,0.704100000000,0.062475000000),
double3(0.057600000000,0.625350000000,0.043575000000),
double3(0.087800000000,0.649100000000,0.073400000000),
double3(0.410050000000,0.795900000000,0.062475000000),
double3(0.442400000000,0.874650000000,0.043575000000),
double3(0.412200000000,0.850900000000,0.073400000000),
double3(0.089950000000,0.795900000000,0.187525000000),
double3(0.057600000000,0.874650000000,0.206425000000),
double3(0.087800000000,0.850900000000,0.176600000000),
double3(0.410050000000,0.704100000000,0.187525000000),
double3(0.442400000000,0.625350000000,0.206425000000),
double3(0.412200000000,0.649100000000,0.176600000000),
double3(0.160050000000,0.545900000000,0.312525000000),
double3(0.192400000000,0.624650000000,0.331425000000),
double3(0.171450000000,0.608100000000,0.250000000000),
double3(0.125000000000,0.625000000000,0.312500000000),
double3(0.053150000000,0.545900000000,0.250000000000),
double3(0.000000000000,0.604700000000,0.250000000000),
double3(0.102050000000,0.500000000000,0.293575000000),
double3(0.126450000000,0.500000000000,0.375000000000),
double3(0.162200000000,0.600900000000,0.301600000000),
double3(0.042150000000,0.600200000000,0.250000000000),
double3(0.137150000000,0.500000000000,0.323375000000),
double3(0.077650000000,0.500000000000,0.250000000000),
double3(0.339950000000,0.954100000000,0.312525000000),
double3(0.307600000000,0.875350000000,0.331425000000),
double3(0.328550000000,0.891900000000,0.250000000000),
double3(0.375000000000,0.875000000000,0.312500000000),
double3(0.446850000000,0.954100000000,0.250000000000),
double3(0.000000000000,0.895300000000,0.250000000000),
double3(0.397950000000,0.500000000000,0.293575000000),
double3(0.373550000000,0.500000000000,0.375000000000),
double3(0.337800000000,0.899100000000,0.301600000000),
double3(0.457850000000,0.899800000000,0.250000000000),
double3(0.362850000000,0.500000000000,0.323375000000),
double3(0.422350000000,0.500000000000,0.250000000000),
double3(0.160050000000,0.954100000000,0.437475000000),
double3(0.192400000000,0.875350000000,0.418575000000),
double3(0.171450000000,0.891900000000,0.250000000000),
double3(0.125000000000,0.875000000000,0.437500000000),
double3(0.053150000000,0.954100000000,0.250000000000),
double3(0.102050000000,0.500000000000,0.456425000000),
double3(0.162200000000,0.899100000000,0.448400000000),
double3(0.042150000000,0.899800000000,0.250000000000),
double3(0.137150000000,0.500000000000,0.426625000000),
double3(0.339950000000,0.545900000000,0.437475000000),
double3(0.307600000000,0.624650000000,0.418575000000),
double3(0.328550000000,0.608100000000,0.250000000000),
double3(0.375000000000,0.625000000000,0.437500000000),
double3(0.446850000000,0.545900000000,0.250000000000),
double3(0.397950000000,0.500000000000,0.456425000000),
double3(0.337800000000,0.600900000000,0.448400000000),
double3(0.457850000000,0.600200000000,0.250000000000),
double3(0.362850000000,0.500000000000,0.426625000000),
double3(0.339950000000,0.954100000000,0.437475000000),
double3(0.307600000000,0.875350000000,0.418575000000),
double3(0.375000000000,0.875000000000,0.437500000000),
double3(0.337800000000,0.899100000000,0.448400000000),
double3(0.160050000000,0.545900000000,0.437475000000),
double3(0.192400000000,0.624650000000,0.418575000000),
double3(0.125000000000,0.625000000000,0.437500000000),
double3(0.162200000000,0.600900000000,0.448400000000),
double3(0.339950000000,0.545900000000,0.312525000000),
double3(0.307600000000,0.624650000000,0.331425000000),
double3(0.375000000000,0.625000000000,0.312500000000),
double3(0.337800000000,0.600900000000,0.301600000000),
double3(0.160050000000,0.954100000000,0.312525000000),
double3(0.192400000000,0.875350000000,0.331425000000),
double3(0.125000000000,0.875000000000,0.312500000000),
double3(0.162200000000,0.899100000000,0.301600000000),
double3(0.410050000000,0.795900000000,0.437525000000),
double3(0.442400000000,0.874650000000,0.456425000000),
double3(0.421450000000,0.858100000000,0.375000000000),
double3(0.303150000000,0.795900000000,0.375000000000),
double3(0.250000000000,0.854700000000,0.375000000000),
double3(0.352050000000,0.750000000000,0.418575000000),
double3(0.376450000000,0.750000000000,0.250000000000),
double3(0.412200000000,0.850900000000,0.426600000000),
double3(0.292150000000,0.850200000000,0.375000000000),
double3(0.387150000000,0.750000000000,0.448375000000),
double3(0.327650000000,0.750000000000,0.375000000000),
double3(0.089950000000,0.704100000000,0.437525000000),
double3(0.057600000000,0.625350000000,0.456425000000),
double3(0.078550000000,0.641900000000,0.375000000000),
double3(0.196850000000,0.704100000000,0.375000000000),
double3(0.250000000000,0.645300000000,0.375000000000),
double3(0.147950000000,0.750000000000,0.418575000000),
double3(0.123550000000,0.750000000000,0.250000000000),
double3(0.087800000000,0.649100000000,0.426600000000),
double3(0.207850000000,0.649800000000,0.375000000000),
double3(0.112850000000,0.750000000000,0.448375000000),
double3(0.172350000000,0.750000000000,0.375000000000),
double3(0.410050000000,0.704100000000,0.312475000000),
double3(0.442400000000,0.625350000000,0.293575000000),
double3(0.421450000000,0.641900000000,0.375000000000),
double3(0.303150000000,0.704100000000,0.375000000000),
double3(0.352050000000,0.750000000000,0.331425000000),
double3(0.412200000000,0.649100000000,0.323400000000),
double3(0.292150000000,0.649800000000,0.375000000000),
double3(0.387150000000,0.750000000000,0.301625000000),
double3(0.089950000000,0.795900000000,0.312475000000),
double3(0.057600000000,0.874650000000,0.293575000000),
double3(0.078550000000,0.858100000000,0.375000000000),
double3(0.196850000000,0.795900000000,0.375000000000),
double3(0.147950000000,0.750000000000,0.331425000000),
double3(0.087800000000,0.850900000000,0.323400000000),
double3(0.207850000000,0.850200000000,0.375000000000),
double3(0.112850000000,0.750000000000,0.301625000000),
double3(0.089950000000,0.704100000000,0.312475000000),
double3(0.057600000000,0.625350000000,0.293575000000),
double3(0.087800000000,0.649100000000,0.323400000000),
double3(0.410050000000,0.795900000000,0.312475000000),
double3(0.442400000000,0.874650000000,0.293575000000),
double3(0.412200000000,0.850900000000,0.323400000000),
double3(0.089950000000,0.795900000000,0.437525000000),
double3(0.057600000000,0.874650000000,0.456425000000),
double3(0.087800000000,0.850900000000,0.426600000000),
double3(0.410050000000,0.704100000000,0.437525000000),
double3(0.442400000000,0.625350000000,0.456425000000),
double3(0.412200000000,0.649100000000,0.426600000000),
double3(0.160050000000,0.545900000000,0.562525000000),
double3(0.192400000000,0.624650000000,0.581425000000),
double3(0.171450000000,0.608100000000,0.500000000000),
double3(0.125000000000,0.625000000000,0.562500000000),
double3(0.053150000000,0.545900000000,0.500000000000),
double3(0.000000000000,0.604700000000,0.500000000000),
double3(0.102050000000,0.500000000000,0.543575000000),
double3(0.126450000000,0.500000000000,0.625000000000),
double3(0.162200000000,0.600900000000,0.551600000000),
double3(0.042150000000,0.600200000000,0.500000000000),
double3(0.137150000000,0.500000000000,0.573375000000),
double3(0.077650000000,0.500000000000,0.500000000000),
double3(0.339950000000,0.954100000000,0.562525000000),
double3(0.307600000000,0.875350000000,0.581425000000),
double3(0.328550000000,0.891900000000,0.500000000000),
double3(0.375000000000,0.875000000000,0.562500000000),
double3(0.446850000000,0.954100000000,0.500000000000),
double3(0.000000000000,0.895300000000,0.500000000000),
double3(0.397950000000,0.500000000000,0.543575000000),
double3(0.373550000000,0.500000000000,0.625000000000),
double3(0.337800000000,0.899100000000,0.551600000000),
double3(0.457850000000,0.899800000000,0.500000000000),
double3(0.362850000000,0.500000000000,0.573375000000),
double3(0.422350000000,0.500000000000,0.500000000000),
double3(0.160050000000,0.954100000000,0.687475000000),
double3(0.192400000000,0.875350000000,0.668575000000),
double3(0.171450000000,0.891900000000,0.500000000000),
double3(0.125000000000,0.875000000000,0.687500000000),
double3(0.053150000000,0.954100000000,0.500000000000),
double3(0.102050000000,0.500000000000,0.706425000000),
double3(0.162200000000,0.899100000000,0.698400000000),
double3(0.042150000000,0.899800000000,0.500000000000),
double3(0.137150000000,0.500000000000,0.676625000000),
double3(0.339950000000,0.545900000000,0.687475000000),
double3(0.307600000000,0.624650000000,0.668575000000),
double3(0.328550000000,0.608100000000,0.500000000000),
double3(0.375000000000,0.625000000000,0.687500000000),
double3(0.446850000000,0.545900000000,0.500000000000),
double3(0.397950000000,0.500000000000,0.706425000000),
double3(0.337800000000,0.600900000000,0.698400000000),
double3(0.457850000000,0.600200000000,0.500000000000),
double3(0.362850000000,0.500000000000,0.676625000000),
double3(0.339950000000,0.954100000000,0.687475000000),
double3(0.307600000000,0.875350000000,0.668575000000),
double3(0.375000000000,0.875000000000,0.687500000000),
double3(0.337800000000,0.899100000000,0.698400000000),
double3(0.160050000000,0.545900000000,0.687475000000),
double3(0.192400000000,0.624650000000,0.668575000000),
double3(0.125000000000,0.625000000000,0.687500000000),
double3(0.162200000000,0.600900000000,0.698400000000),
double3(0.339950000000,0.545900000000,0.562525000000),
double3(0.307600000000,0.624650000000,0.581425000000),
double3(0.375000000000,0.625000000000,0.562500000000),
double3(0.337800000000,0.600900000000,0.551600000000),
double3(0.160050000000,0.954100000000,0.562525000000),
double3(0.192400000000,0.875350000000,0.581425000000),
double3(0.125000000000,0.875000000000,0.562500000000),
double3(0.162200000000,0.899100000000,0.551600000000),
double3(0.410050000000,0.795900000000,0.687525000000),
double3(0.442400000000,0.874650000000,0.706425000000),
double3(0.421450000000,0.858100000000,0.625000000000),
double3(0.303150000000,0.795900000000,0.625000000000),
double3(0.250000000000,0.854700000000,0.625000000000),
double3(0.352050000000,0.750000000000,0.668575000000),
double3(0.376450000000,0.750000000000,0.500000000000),
double3(0.412200000000,0.850900000000,0.676600000000),
double3(0.292150000000,0.850200000000,0.625000000000),
double3(0.387150000000,0.750000000000,0.698375000000),
double3(0.327650000000,0.750000000000,0.625000000000),
double3(0.089950000000,0.704100000000,0.687525000000),
double3(0.057600000000,0.625350000000,0.706425000000),
double3(0.078550000000,0.641900000000,0.625000000000),
double3(0.196850000000,0.704100000000,0.625000000000),
double3(0.250000000000,0.645300000000,0.625000000000),
double3(0.147950000000,0.750000000000,0.668575000000),
double3(0.123550000000,0.750000000000,0.500000000000),
double3(0.087800000000,0.649100000000,0.676600000000),
double3(0.207850000000,0.649800000000,0.625000000000),
double3(0.112850000000,0.750000000000,0.698375000000),
double3(0.172350000000,0.750000000000,0.625000000000),
double3(0.410050000000,0.704100000000,0.562475000000),
double3(0.442400000000,0.625350000000,0.543575000000),
double3(0.421450000000,0.641900000000,0.625000000000),
double3(0.303150000000,0.704100000000,0.625000000000),
double3(0.352050000000,0.750000000000,0.581425000000),
double3(0.412200000000,0.649100000000,0.573400000000),
double3(0.292150000000,0.649800000000,0.625000000000),
double3(0.387150000000,0.750000000000,0.551625000000),
double3(0.089950000000,0.795900000000,0.562475000000),
double3(0.057600000000,0.874650000000,0.543575000000),
double3(0.078550000000,0.858100000000,0.625000000000),
double3(0.196850000000,0.795900000000,0.625000000000),
double3(0.147950000000,0.750000000000,0.581425000000),
double3(0.087800000000,0.850900000000,0.573400000000),
double3(0.207850000000,0.850200000000,0.625000000000),
double3(0.112850000000,0.750000000000,0.551625000000),
double3(0.089950000000,0.704100000000,0.562475000000),
double3(0.057600000000,0.625350000000,0.543575000000),
double3(0.087800000000,0.649100000000,0.573400000000),
double3(0.410050000000,0.795900000000,0.562475000000),
double3(0.442400000000,0.874650000000,0.543575000000),
double3(0.412200000000,0.850900000000,0.573400000000),
double3(0.089950000000,0.795900000000,0.687525000000),
double3(0.057600000000,0.874650000000,0.706425000000),
double3(0.087800000000,0.850900000000,0.676600000000),
double3(0.410050000000,0.704100000000,0.687525000000),
double3(0.442400000000,0.625350000000,0.706425000000),
double3(0.412200000000,0.649100000000,0.676600000000),
double3(0.160050000000,0.545900000000,0.812525000000),
double3(0.192400000000,0.624650000000,0.831425000000),
double3(0.171450000000,0.608100000000,0.750000000000),
double3(0.125000000000,0.625000000000,0.812500000000),
double3(0.053150000000,0.545900000000,0.750000000000),
double3(0.000000000000,0.604700000000,0.750000000000),
double3(0.102050000000,0.500000000000,0.793575000000),
double3(0.126450000000,0.500000000000,0.875000000000),
double3(0.162200000000,0.600900000000,0.801600000000),
double3(0.042150000000,0.600200000000,0.750000000000),
double3(0.137150000000,0.500000000000,0.823375000000),
double3(0.077650000000,0.500000000000,0.750000000000),
double3(0.339950000000,0.954100000000,0.812525000000),
double3(0.307600000000,0.875350000000,0.831425000000),
double3(0.328550000000,0.891900000000,0.750000000000),
double3(0.375000000000,0.875000000000,0.812500000000),
double3(0.446850000000,0.954100000000,0.750000000000),
double3(0.000000000000,0.895300000000,0.750000000000),
double3(0.397950000000,0.500000000000,0.793575000000),
double3(0.373550000000,0.500000000000,0.875000000000),
double3(0.337800000000,0.899100000000,0.801600000000),
double3(0.457850000000,0.899800000000,0.750000000000),
double3(0.362850000000,0.500000000000,0.823375000000),
double3(0.422350000000,0.500000000000,0.750000000000),
double3(0.160050000000,0.954100000000,0.937475000000),
double3(0.192400000000,0.875350000000,0.918575000000),
double3(0.171450000000,0.891900000000,0.750000000000),
double3(0.125000000000,0.875000000000,0.937500000000),
double3(0.053150000000,0.954100000000,0.750000000000),
double3(0.102050000000,0.500000000000,0.956425000000),
double3(0.162200000000,0.899100000000,0.948400000000),
double3(0.042150000000,0.899800000000,0.750000000000),
double3(0.137150000000,0.500000000000,0.926625000000),
double3(0.339950000000,0.545900000000,0.937475000000),
double3(0.307600000000,0.624650000000,0.918575000000),
double3(0.328550000000,0.608100000000,0.750000000000),
double3(0.375000000000,0.625000000000,0.937500000000),
double3(0.446850000000,0.545900000000,0.750000000000),
double3(0.397950000000,0.500000000000,0.956425000000),
double3(0.337800000000,0.600900000000,0.948400000000),
double3(0.457850000000,0.600200000000,0.750000000000),
double3(0.362850000000,0.500000000000,0.926625000000),
double3(0.339950000000,0.954100000000,0.937475000000),
double3(0.307600000000,0.875350000000,0.918575000000),
double3(0.375000000000,0.875000000000,0.937500000000),
double3(0.337800000000,0.899100000000,0.948400000000),
double3(0.160050000000,0.545900000000,0.937475000000),
double3(0.192400000000,0.624650000000,0.918575000000),
double3(0.125000000000,0.625000000000,0.937500000000),
double3(0.162200000000,0.600900000000,0.948400000000),
double3(0.339950000000,0.545900000000,0.812525000000),
double3(0.307600000000,0.624650000000,0.831425000000),
double3(0.375000000000,0.625000000000,0.812500000000),
double3(0.337800000000,0.600900000000,0.801600000000),
double3(0.160050000000,0.954100000000,0.812525000000),
double3(0.192400000000,0.875350000000,0.831425000000),
double3(0.125000000000,0.875000000000,0.812500000000),
double3(0.162200000000,0.899100000000,0.801600000000),
double3(0.410050000000,0.795900000000,0.937525000000),
double3(0.442400000000,0.874650000000,0.956425000000),
double3(0.421450000000,0.858100000000,0.875000000000),
double3(0.303150000000,0.795900000000,0.875000000000),
double3(0.250000000000,0.854700000000,0.875000000000),
double3(0.352050000000,0.750000000000,0.918575000000),
double3(0.376450000000,0.750000000000,0.750000000000),
double3(0.412200000000,0.850900000000,0.926600000000),
double3(0.292150000000,0.850200000000,0.875000000000),
double3(0.387150000000,0.750000000000,0.948375000000),
double3(0.327650000000,0.750000000000,0.875000000000),
double3(0.089950000000,0.704100000000,0.937525000000),
double3(0.057600000000,0.625350000000,0.956425000000),
double3(0.078550000000,0.641900000000,0.875000000000),
double3(0.196850000000,0.704100000000,0.875000000000),
double3(0.250000000000,0.645300000000,0.875000000000),
double3(0.147950000000,0.750000000000,0.918575000000),
double3(0.123550000000,0.750000000000,0.750000000000),
double3(0.087800000000,0.649100000000,0.926600000000),
double3(0.207850000000,0.649800000000,0.875000000000),
double3(0.112850000000,0.750000000000,0.948375000000),
double3(0.172350000000,0.750000000000,0.875000000000),
double3(0.410050000000,0.704100000000,0.812475000000),
double3(0.442400000000,0.625350000000,0.793575000000),
double3(0.421450000000,0.641900000000,0.875000000000),
double3(0.303150000000,0.704100000000,0.875000000000),
double3(0.352050000000,0.750000000000,0.831425000000),
double3(0.412200000000,0.649100000000,0.823400000000),
double3(0.292150000000,0.649800000000,0.875000000000),
double3(0.387150000000,0.750000000000,0.801625000000),
double3(0.089950000000,0.795900000000,0.812475000000),
double3(0.057600000000,0.874650000000,0.793575000000),
double3(0.078550000000,0.858100000000,0.875000000000),
double3(0.196850000000,0.795900000000,0.875000000000),
double3(0.147950000000,0.750000000000,0.831425000000),
double3(0.087800000000,0.850900000000,0.823400000000),
double3(0.207850000000,0.850200000000,0.875000000000),
double3(0.112850000000,0.750000000000,0.801625000000),
double3(0.089950000000,0.704100000000,0.812475000000),
double3(0.057600000000,0.625350000000,0.793575000000),
double3(0.087800000000,0.649100000000,0.823400000000),
double3(0.410050000000,0.795900000000,0.812475000000),
double3(0.442400000000,0.874650000000,0.793575000000),
double3(0.412200000000,0.850900000000,0.823400000000),
double3(0.089950000000,0.795900000000,0.937525000000),
double3(0.057600000000,0.874650000000,0.956425000000),
double3(0.087800000000,0.850900000000,0.926600000000),
double3(0.410050000000,0.704100000000,0.937525000000),
double3(0.442400000000,0.625350000000,0.956425000000),
double3(0.412200000000,0.649100000000,0.926600000000),
double3(0.660050000000,0.045900000000,0.062525000000),
double3(0.692400000000,0.124650000000,0.081425000000),
double3(0.671450000000,0.108100000000,0.000000000000),
double3(0.625000000000,0.125000000000,0.062500000000),
double3(0.553150000000,0.045900000000,0.000000000000),
double3(0.500000000000,0.104700000000,0.000000000000),
double3(0.602050000000,0.000000000000,0.043575000000),
double3(0.626450000000,0.000000000000,0.125000000000),
double3(0.662200000000,0.100900000000,0.051600000000),
double3(0.542150000000,0.100200000000,0.000000000000),
double3(0.637150000000,0.000000000000,0.073375000000),
double3(0.577650000000,0.000000000000,0.000000000000),
double3(0.839950000000,0.454100000000,0.062525000000),
double3(0.807600000000,0.375350000000,0.081425000000),
double3(0.828550000000,0.391900000000,0.000000000000),
double3(0.875000000000,0.375000000000,0.062500000000),
double3(0.946850000000,0.454100000000,0.000000000000),
double3(0.500000000000,0.395300000000,0.000000000000),
double3(0.897950000000,0.000000000000,0.043575000000),
double3(0.873550000000,0.000000000000,0.125000000000),
double3(0.837800000000,0.399100000000,0.051600000000),
double3(0.957850000000,0.399800000000,0.000000000000),
double3(0.862850000000,0.000000000000,0.073375000000),
double3(0.922350000000,0.000000000000,0.000000000000),
double3(0.660050000000,0.454100000000,0.187475000000),
double3(0.692400000000,0.375350000000,0.168575000000),
double3(0.671450000000,0.391900000000,0.000000000000),
double3(0.625000000000,0.375000000000,0.187500000000),
double3(0.553150000000,0.454100000000,0.000000000000),
double3(0.602050000000,0.000000000000,0.206425000000),
double3(0.662200000000,0.399100000000,0.198400000000),
double3(0.542150000000,0.399800000000,0.000000000000),
double3(0.637150000000,0.000000000000,0.176625000000),
double3(0.839950000000,0.045900000000,0.187475000000),
double3(0.807600000000,0.124650000000,0.168575000000),
double3(0.828550000000,0.108100000000,0.000000000000),
double3(0.875000000000,0.125000000000,0.187500000000),
double3(0.946850000000,0.045900000000,0.000000000000),
double3(0.897950000000,0.000000000000,0.206425000000),
double3(0.837800000000,0.100900000000,0.198400000000),
double3(0.957850000000,0.100200000000,0.000000000000),
double3(0.862850000000,0.000000000000,0.176625000000),
double3(0.839950000000,0.454100000000,0.187475000000),
double3(0.807600000000,0.375350000000,0.168575000000),
double3(0.875000000000,0.375000000000,0.187500000000),
double3(0.837800000000,0.399100000000,0.198400000000),
double3(0.660050000000,0.045900000000,0.187475000000),
double3(0.692400000000,0.124650000000,0.168575000000),
double3(0.625000000000,0.125000000000,0.187500000000),
double3(0.662200000000,0.100900000000,0.198400000000),
double3(0.839950000000,0.045900000000,0.062525000000),
double3(0.807600000000,0.124650000000,0.081425000000),
double3(0.875000000000,0.125000000000,0.062500000000),
double3(0.837800000000,0.100900000000,0.051600000000),
double3(0.660050000000,0.454100000000,0.062525000000),
double3(0.692400000000,0.375350000000,0.081425000000),
double3(0.625000000000,0.375000000000,0.062500000000),
double3(0.662200000000,0.399100000000,0.051600000000),
double3(0.910050000000,0.295900000000,0.187525000000),
double3(0.942400000000,0.374650000000,0.206425000000),
double3(0.921450000000,0.358100000000,0.125000000000),
double3(0.803150000000,0.295900000000,0.125000000000),
double3(0.750000000000,0.354700000000,0.125000000000),
double3(0.852050000000,0.250000000000,0.168575000000),
double3(0.876450000000,0.250000000000,0.000000000000),
double3(0.912200000000,0.350900000000,0.176600000000),
double3(0.792150000000,0.350200000000,0.125000000000),
double3(0.887150000000,0.250000000000,0.198375000000),
double3(0.827650000000,0.250000000000,0.125000000000),
double3(0.589950000000,0.204100000000,0.187525000000),
double3(0.557600000000,0.125350000000,0.206425000000),
double3(0.578550000000,0.141900000000,0.125000000000),
double3(0.696850000000,0.204100000000,0.125000000000),
double3(0.750000000000,0.145300000000,0.125000000000),
double3(0.647950000000,0.250000000000,0.168575000000),
double3(0.623550000000,0.250000000000,0.000000000000),
double3(0.587800000000,0.149100000000,0.176600000000),
double3(0.707850000000,0.149800000000,0.125000000000),
double3(0.612850000000,0.250000000000,0.198375000000),
double3(0.672350000000,0.250000000000,0.125000000000),
double3(0.910050000000,0.204100000000,0.062475000000),
double3(0.942400000000,0.125350000000,0.043575000000),
double3(0.921450000000,0.141900000000,0.125000000000),
double3(0.803150000000,0.204100000000,0.125000000000),
double3(0.852050000000,0.250000000000,0.081425000000),
double3(0.912200000000,0.149100000000,0.073400000000),
double3(0.792150000000,0.149800000000,0.125000000000),
double3(0.887150000000,0.250000000000,0.051625000000),
double3(0.589950000000,0.295900000000,0.062475000000),
double3(0.557600000000,0.374650000000,0.043575000000),
double3(0.578550000000,0.358100000000,0.125000000000),
double3(0.696850000000,0.295900000000,0.125000000000),
double3(0.647950000000,0.250000000000,0.081425000000),
double3(0.587800000000,0.350900000000,0.073400000000),
double3(0.707850000000,0.350200000000,0.125000000000),
double3(0.612850000000,0.250000000000,0.051625000000),
double3(0.589950000000,0.204100000000,0.062475000000),
double3(0.557600000000,0.125350000000,0.043575000000),
double3(0.587800000000,0.149100000000,0.073400000000),
double3(0.910050000000,0.295900000000,0.062475000000),
double3(0.942400000000,0.374650000000,0.043575000000),
double3(0.912200000000,0.350900000000,0.073400000000),
double3(0.589950000000,0.295900000000,0.187525000000),
double3(0.557600000000,0.374650000000,0.206425000000),
double3(0.587800000000,0.350900000000,0.176600000000),
double3(0.910050000000,0.204100000000,0.187525000000),
double3(0.942400000000,0.125350000000,0.206425000000),
double3(0.912200000000,0.149100000000,0.176600000000),
double3(0.660050000000,0.045900000000,0.312525000000),
double3(0.692400000000,0.124650000000,0.331425000000),
double3(0.671450000000,0.108100000000,0.250000000000),
double3(0.625000000000,0.125000000000,0.312500000000),
double3(0.553150000000,0.045900000000,0.250000000000),
double3(0.500000000000,0.104700000000,0.250000000000),
double3(0.602050000000,0.000000000000,0.293575000000),
double3(0.626450000000,0.000000000000,0.375000000000),
double3(0.662200000000,0.100900000000,0.301600000000),
double3(0.542150000000,0.100200000000,0.250000000000),
double3(0.637150000000,0.000000000000,0.323375000000),
double3(0.577650000000,0.000000000000,0.250000000000),
double3(0.839950000000,0.454100000000,0.312525000000),
double3(0.807600000000,0.375350000000,0.331425000000),
double3(0.828550000000,0.391900000000,0.250000000000),
double3(0.875000000000,0.375000000000,0.312500000000),
double3(0.946850000000,0.454100000000,0.250000000000),
double3(0.500000000000,0.395300000000,0.250000000000),
double3(0.897950000000,0.000000000000,0.293575000000),
double3(0.873550000000,0.000000000000,0.375000000000),
double3(0.837800000000,0.399100000000,0.301600000000),
double3(0.957850000000,0.399800000000,0.250000000000),
double3(0.862850000000,0.000000000000,0.323375000000),
double3(0.922350000000,0.000000000000,0.250000000000),
double3(0.660050000000,0.454100000000,0.437475000000),
double3(0.692400000000,0.375350000000,0.418575000000),
double3(0.671450000000,0.391900000000,0.250000000000),
double3(0.625000000000,0.375000000000,0.437500000000),
double3(0.553150000000,0.454100000000,0.250000000000),
double3(0.602050000000,0.000000000000,0.456425000000),
double3(0.662200000000,0.399100000000,0.448400000000),
double3(0.542150000000,0.399800000000,0.250000000000),
double3(0.637150000000,0.000000000000,0.426625000000),
double3(0.839950000000,0.045900000000,0.437475000000),
double3(0.807600000000,0.124650000000,0.418575000000),
double3(0.828550000000,0.108100000000,0.250000000000),
double3(0.875000000000,0.125000000000,0.437500000000),
double3(0.946850000000,0.045900000000,0.250000000000),
double3(0.897950000000,0.000000000000,0.456425000000),
double3(0.837800000000,0.100900000000,0.448400000000),
double3(0.957850000000,0.100200000000,0.250000000000),
double3(0.862850000000,0.000000000000,0.426625000000),
double3(0.839950000000,0.454100000000,0.437475000000),
double3(0.807600000000,0.375350000000,0.418575000000),
double3(0.875000000000,0.375000000000,0.437500000000),
double3(0.837800000000,0.399100000000,0.448400000000),
double3(0.660050000000,0.045900000000,0.437475000000),
double3(0.692400000000,0.124650000000,0.418575000000),
double3(0.625000000000,0.125000000000,0.437500000000),
double3(0.662200000000,0.100900000000,0.448400000000),
double3(0.839950000000,0.045900000000,0.312525000000),
double3(0.807600000000,0.124650000000,0.331425000000),
double3(0.875000000000,0.125000000000,0.312500000000),
double3(0.837800000000,0.100900000000,0.301600000000),
double3(0.660050000000,0.454100000000,0.312525000000),
double3(0.692400000000,0.375350000000,0.331425000000),
double3(0.625000000000,0.375000000000,0.312500000000),
double3(0.662200000000,0.399100000000,0.301600000000),
double3(0.910050000000,0.295900000000,0.437525000000),
double3(0.942400000000,0.374650000000,0.456425000000),
double3(0.921450000000,0.358100000000,0.375000000000),
double3(0.803150000000,0.295900000000,0.375000000000),
double3(0.750000000000,0.354700000000,0.375000000000),
double3(0.852050000000,0.250000000000,0.418575000000),
double3(0.876450000000,0.250000000000,0.250000000000),
double3(0.912200000000,0.350900000000,0.426600000000),
double3(0.792150000000,0.350200000000,0.375000000000),
double3(0.887150000000,0.250000000000,0.448375000000),
double3(0.827650000000,0.250000000000,0.375000000000),
double3(0.589950000000,0.204100000000,0.437525000000),
double3(0.557600000000,0.125350000000,0.456425000000),
double3(0.578550000000,0.141900000000,0.375000000000),
double3(0.696850000000,0.204100000000,0.375000000000),
double3(0.750000000000,0.145300000000,0.375000000000),
double3(0.647950000000,0.250000000000,0.418575000000),
double3(0.623550000000,0.250000000000,0.250000000000),
double3(0.587800000000,0.149100000000,0.426600000000),
double3(0.707850000000,0.149800000000,0.375000000000),
double3(0.612850000000,0.250000000000,0.448375000000),
double3(0.672350000000,0.250000000000,0.375000000000),
double3(0.910050000000,0.204100000000,0.312475000000),
double3(0.942400000000,0.125350000000,0.293575000000),
double3(0.921450000000,0.141900000000,0.375000000000),
double3(0.803150000000,0.204100000000,0.375000000000),
double3(0.852050000000,0.250000000000,0.331425000000),
double3(0.912200000000,0.149100000000,0.323400000000),
double3(0.792150000000,0.149800000000,0.375000000000),
double3(0.887150000000,0.250000000000,0.301625000000),
double3(0.589950000000,0.295900000000,0.312475000000),
double3(0.557600000000,0.374650000000,0.293575000000),
double3(0.578550000000,0.358100000000,0.375000000000),
double3(0.696850000000,0.295900000000,0.375000000000),
double3(0.647950000000,0.250000000000,0.331425000000),
double3(0.587800000000,0.350900000000,0.323400000000),
double3(0.707850000000,0.350200000000,0.375000000000),
double3(0.612850000000,0.250000000000,0.301625000000),
double3(0.589950000000,0.204100000000,0.312475000000),
double3(0.557600000000,0.125350000000,0.293575000000),
double3(0.587800000000,0.149100000000,0.323400000000),
double3(0.910050000000,0.295900000000,0.312475000000),
double3(0.942400000000,0.374650000000,0.293575000000),
double3(0.912200000000,0.350900000000,0.323400000000),
double3(0.589950000000,0.295900000000,0.437525000000),
double3(0.557600000000,0.374650000000,0.456425000000),
double3(0.587800000000,0.350900000000,0.426600000000),
double3(0.910050000000,0.204100000000,0.437525000000),
double3(0.942400000000,0.125350000000,0.456425000000),
double3(0.912200000000,0.149100000000,0.426600000000),
double3(0.660050000000,0.045900000000,0.562525000000),
double3(0.692400000000,0.124650000000,0.581425000000),
double3(0.671450000000,0.108100000000,0.500000000000),
double3(0.625000000000,0.125000000000,0.562500000000),
double3(0.553150000000,0.045900000000,0.500000000000),
double3(0.500000000000,0.104700000000,0.500000000000),
double3(0.602050000000,0.000000000000,0.543575000000),
double3(0.626450000000,0.000000000000,0.625000000000),
double3(0.662200000000,0.100900000000,0.551600000000),
double3(0.542150000000,0.100200000000,0.500000000000),
double3(0.637150000000,0.000000000000,0.573375000000),
double3(0.577650000000,0.000000000000,0.500000000000),
double3(0.839950000000,0.454100000000,0.562525000000),
double3(0.807600000000,0.375350000000,0.581425000000),
double3(0.828550000000,0.391900000000,0.500000000000),
double3(0.875000000000,0.375000000000,0.562500000000),
double3(0.946850000000,0.454100000000,0.500000000000),
double3(0.500000000000,0.395300000000,0.500000000000),
double3(0.897950000000,0.000000000000,0.543575000000),
double3(0.873550000000,0.000000000000,0.625000000000),
double3(0.837800000000,0.399100000000,0.551600000000),
double3(0.957850000000,0.399800000000,0.500000000000),
double3(0.862850000000,0.000000000000,0.573375000000),
double3(0.922350000000,0.000000000000,0.500000000000),
double3(0.660050000000,0.454100000000,0.687475000000),
double3(0.692400000000,0.375350000000,0.668575000000),
double3(0.671450000000,0.391900000000,0.500000000000),
double3(0.625000000000,0.375000000000,0.687500000000),
double3(0.553150000000,0.454100000000,0.500000000000),
double3(0.602050000000,0.000000000000,0.706425000000),
double3(0.662200000000,0.399100000000,0.698400000000),
double3(0.542150000000,0.399800000000,0.500000000000),
double3(0.637150000000,0.000000000000,0.676625000000),
double3(0.839950000000,0.045900000000,0.687475000000),
double3(0.807600000000,0.124650000000,0.668575000000),
double3(0.828550000000,0.108100000000,0.500000000000),
double3(0.875000000000,0.125000000000,0.687500000000),
double3(0.946850000000,0.045900000000,0.500000000000),
double3(0.897950000000,0.000000000000,0.706425000000),
double3(0.837800000000,0.100900000000,0.698400000000),
double3(0.957850000000,0.100200000000,0.500000000000),
double3(0.862850000000,0.000000000000,0.676625000000),
double3(0.839950000000,0.454100000000,0.687475000000),
double3(0.807600000000,0.375350000000,0.668575000000),
double3(0.875000000000,0.375000000000,0.687500000000),
double3(0.837800000000,0.399100000000,0.698400000000),
double3(0.660050000000,0.045900000000,0.687475000000),
double3(0.692400000000,0.124650000000,0.668575000000),
double3(0.625000000000,0.125000000000,0.687500000000),
double3(0.662200000000,0.100900000000,0.698400000000),
double3(0.839950000000,0.045900000000,0.562525000000),
double3(0.807600000000,0.124650000000,0.581425000000),
double3(0.875000000000,0.125000000000,0.562500000000),
double3(0.837800000000,0.100900000000,0.551600000000),
double3(0.660050000000,0.454100000000,0.562525000000),
double3(0.692400000000,0.375350000000,0.581425000000),
double3(0.625000000000,0.375000000000,0.562500000000),
double3(0.662200000000,0.399100000000,0.551600000000),
double3(0.910050000000,0.295900000000,0.687525000000),
double3(0.942400000000,0.374650000000,0.706425000000),
double3(0.921450000000,0.358100000000,0.625000000000),
double3(0.803150000000,0.295900000000,0.625000000000),
double3(0.750000000000,0.354700000000,0.625000000000),
double3(0.852050000000,0.250000000000,0.668575000000),
double3(0.876450000000,0.250000000000,0.500000000000),
double3(0.912200000000,0.350900000000,0.676600000000),
double3(0.792150000000,0.350200000000,0.625000000000),
double3(0.887150000000,0.250000000000,0.698375000000),
double3(0.827650000000,0.250000000000,0.625000000000),
double3(0.589950000000,0.204100000000,0.687525000000),
double3(0.557600000000,0.125350000000,0.706425000000),
double3(0.578550000000,0.141900000000,0.625000000000),
double3(0.696850000000,0.204100000000,0.625000000000),
double3(0.750000000000,0.145300000000,0.625000000000),
double3(0.647950000000,0.250000000000,0.668575000000),
double3(0.623550000000,0.250000000000,0.500000000000),
double3(0.587800000000,0.149100000000,0.676600000000),
double3(0.707850000000,0.149800000000,0.625000000000),
double3(0.612850000000,0.250000000000,0.698375000000),
double3(0.672350000000,0.250000000000,0.625000000000),
double3(0.910050000000,0.204100000000,0.562475000000),
double3(0.942400000000,0.125350000000,0.543575000000),
double3(0.921450000000,0.141900000000,0.625000000000),
double3(0.803150000000,0.204100000000,0.625000000000),
double3(0.852050000000,0.250000000000,0.581425000000),
double3(0.912200000000,0.149100000000,0.573400000000),
double3(0.792150000000,0.149800000000,0.625000000000),
double3(0.887150000000,0.250000000000,0.551625000000),
double3(0.589950000000,0.295900000000,0.562475000000),
double3(0.557600000000,0.374650000000,0.543575000000),
double3(0.578550000000,0.358100000000,0.625000000000),
double3(0.696850000000,0.295900000000,0.625000000000),
double3(0.647950000000,0.250000000000,0.581425000000),
double3(0.587800000000,0.350900000000,0.573400000000),
double3(0.707850000000,0.350200000000,0.625000000000),
double3(0.612850000000,0.250000000000,0.551625000000),
double3(0.589950000000,0.204100000000,0.562475000000),
double3(0.557600000000,0.125350000000,0.543575000000),
double3(0.587800000000,0.149100000000,0.573400000000),
double3(0.910050000000,0.295900000000,0.562475000000),
double3(0.942400000000,0.374650000000,0.543575000000),
double3(0.912200000000,0.350900000000,0.573400000000),
double3(0.589950000000,0.295900000000,0.687525000000),
double3(0.557600000000,0.374650000000,0.706425000000),
double3(0.587800000000,0.350900000000,0.676600000000),
double3(0.910050000000,0.204100000000,0.687525000000),
double3(0.942400000000,0.125350000000,0.706425000000),
double3(0.912200000000,0.149100000000,0.676600000000),
double3(0.660050000000,0.045900000000,0.812525000000),
double3(0.692400000000,0.124650000000,0.831425000000),
double3(0.671450000000,0.108100000000,0.750000000000),
double3(0.625000000000,0.125000000000,0.812500000000),
double3(0.553150000000,0.045900000000,0.750000000000),
double3(0.500000000000,0.104700000000,0.750000000000),
double3(0.602050000000,0.000000000000,0.793575000000),
double3(0.626450000000,0.000000000000,0.875000000000),
double3(0.662200000000,0.100900000000,0.801600000000),
double3(0.542150000000,0.100200000000,0.750000000000),
double3(0.637150000000,0.000000000000,0.823375000000),
double3(0.577650000000,0.000000000000,0.750000000000),
double3(0.839950000000,0.454100000000,0.812525000000),
double3(0.807600000000,0.375350000000,0.831425000000),
double3(0.828550000000,0.391900000000,0.750000000000),
double3(0.875000000000,0.375000000000,0.812500000000),
double3(0.946850000000,0.454100000000,0.750000000000),
double3(0.500000000000,0.395300000000,0.750000000000),
double3(0.897950000000,0.000000000000,0.793575000000),
double3(0.873550000000,0.000000000000,0.875000000000),
double3(0.837800000000,0.399100000000,0.801600000000),
double3(0.957850000000,0.399800000000,0.750000000000),
double3(0.862850000000,0.000000000000,0.823375000000),
double3(0.922350000000,0.000000000000,0.750000000000),
double3(0.660050000000,0.454100000000,0.937475000000),
double3(0.692400000000,0.375350000000,0.918575000000),
double3(0.671450000000,0.391900000000,0.750000000000),
double3(0.625000000000,0.375000000000,0.937500000000),
double3(0.553150000000,0.454100000000,0.750000000000),
double3(0.602050000000,0.000000000000,0.956425000000),
double3(0.662200000000,0.399100000000,0.948400000000),
double3(0.542150000000,0.399800000000,0.750000000000),
double3(0.637150000000,0.000000000000,0.926625000000),
double3(0.839950000000,0.045900000000,0.937475000000),
double3(0.807600000000,0.124650000000,0.918575000000),
double3(0.828550000000,0.108100000000,0.750000000000),
double3(0.875000000000,0.125000000000,0.937500000000),
double3(0.946850000000,0.045900000000,0.750000000000),
double3(0.897950000000,0.000000000000,0.956425000000),
double3(0.837800000000,0.100900000000,0.948400000000),
double3(0.957850000000,0.100200000000,0.750000000000),
double3(0.862850000000,0.000000000000,0.926625000000),
double3(0.839950000000,0.454100000000,0.937475000000),
double3(0.807600000000,0.375350000000,0.918575000000),
double3(0.875000000000,0.375000000000,0.937500000000),
double3(0.837800000000,0.399100000000,0.948400000000),
double3(0.660050000000,0.045900000000,0.937475000000),
double3(0.692400000000,0.124650000000,0.918575000000),
double3(0.625000000000,0.125000000000,0.937500000000),
double3(0.662200000000,0.100900000000,0.948400000000),
double3(0.839950000000,0.045900000000,0.812525000000),
double3(0.807600000000,0.124650000000,0.831425000000),
double3(0.875000000000,0.125000000000,0.812500000000),
double3(0.837800000000,0.100900000000,0.801600000000),
double3(0.660050000000,0.454100000000,0.812525000000),
double3(0.692400000000,0.375350000000,0.831425000000),
double3(0.625000000000,0.375000000000,0.812500000000),
double3(0.662200000000,0.399100000000,0.801600000000),
double3(0.910050000000,0.295900000000,0.937525000000),
double3(0.942400000000,0.374650000000,0.956425000000),
double3(0.921450000000,0.358100000000,0.875000000000),
double3(0.803150000000,0.295900000000,0.875000000000),
double3(0.750000000000,0.354700000000,0.875000000000),
double3(0.852050000000,0.250000000000,0.918575000000),
double3(0.876450000000,0.250000000000,0.750000000000),
double3(0.912200000000,0.350900000000,0.926600000000),
double3(0.792150000000,0.350200000000,0.875000000000),
double3(0.887150000000,0.250000000000,0.948375000000),
double3(0.827650000000,0.250000000000,0.875000000000),
double3(0.589950000000,0.204100000000,0.937525000000),
double3(0.557600000000,0.125350000000,0.956425000000),
double3(0.578550000000,0.141900000000,0.875000000000),
double3(0.696850000000,0.204100000000,0.875000000000),
double3(0.750000000000,0.145300000000,0.875000000000),
double3(0.647950000000,0.250000000000,0.918575000000),
double3(0.623550000000,0.250000000000,0.750000000000),
double3(0.587800000000,0.149100000000,0.926600000000),
double3(0.707850000000,0.149800000000,0.875000000000),
double3(0.612850000000,0.250000000000,0.948375000000),
double3(0.672350000000,0.250000000000,0.875000000000),
double3(0.910050000000,0.204100000000,0.812475000000),
double3(0.942400000000,0.125350000000,0.793575000000),
double3(0.921450000000,0.141900000000,0.875000000000),
double3(0.803150000000,0.204100000000,0.875000000000),
double3(0.852050000000,0.250000000000,0.831425000000),
double3(0.912200000000,0.149100000000,0.823400000000),
double3(0.792150000000,0.149800000000,0.875000000000),
double3(0.887150000000,0.250000000000,0.801625000000),
double3(0.589950000000,0.295900000000,0.812475000000),
double3(0.557600000000,0.374650000000,0.793575000000),
double3(0.578550000000,0.358100000000,0.875000000000),
double3(0.696850000000,0.295900000000,0.875000000000),
double3(0.647950000000,0.250000000000,0.831425000000),
double3(0.587800000000,0.350900000000,0.823400000000),
double3(0.707850000000,0.350200000000,0.875000000000),
double3(0.612850000000,0.250000000000,0.801625000000),
double3(0.589950000000,0.204100000000,0.812475000000),
double3(0.557600000000,0.125350000000,0.793575000000),
double3(0.587800000000,0.149100000000,0.823400000000),
double3(0.910050000000,0.295900000000,0.812475000000),
double3(0.942400000000,0.374650000000,0.793575000000),
double3(0.912200000000,0.350900000000,0.823400000000),
double3(0.589950000000,0.295900000000,0.937525000000),
double3(0.557600000000,0.374650000000,0.956425000000),
double3(0.587800000000,0.350900000000,0.926600000000),
double3(0.910050000000,0.204100000000,0.937525000000),
double3(0.942400000000,0.125350000000,0.956425000000),
double3(0.912200000000,0.149100000000,0.926600000000),
double3(0.660050000000,0.545900000000,0.062525000000),
double3(0.692400000000,0.624650000000,0.081425000000),
double3(0.671450000000,0.608100000000,0.000000000000),
double3(0.625000000000,0.625000000000,0.062500000000),
double3(0.553150000000,0.545900000000,0.000000000000),
double3(0.500000000000,0.604700000000,0.000000000000),
double3(0.602050000000,0.500000000000,0.043575000000),
double3(0.626450000000,0.500000000000,0.125000000000),
double3(0.662200000000,0.600900000000,0.051600000000),
double3(0.542150000000,0.600200000000,0.000000000000),
double3(0.637150000000,0.500000000000,0.073375000000),
double3(0.577650000000,0.500000000000,0.000000000000),
double3(0.839950000000,0.954100000000,0.062525000000),
double3(0.807600000000,0.875350000000,0.081425000000),
double3(0.828550000000,0.891900000000,0.000000000000),
double3(0.875000000000,0.875000000000,0.062500000000),
double3(0.946850000000,0.954100000000,0.000000000000),
double3(0.500000000000,0.895300000000,0.000000000000),
double3(0.897950000000,0.500000000000,0.043575000000),
double3(0.873550000000,0.500000000000,0.125000000000),
double3(0.837800000000,0.899100000000,0.051600000000),
double3(0.957850000000,0.899800000000,0.000000000000),
double3(0.862850000000,0.500000000000,0.073375000000),
double3(0.922350000000,0.500000000000,0.000000000000),
double3(0.660050000000,0.954100000000,0.187475000000),
double3(0.692400000000,0.875350000000,0.168575000000),
double3(0.671450000000,0.891900000000,0.000000000000),
double3(0.625000000000,0.875000000000,0.187500000000),
double3(0.553150000000,0.954100000000,0.000000000000),
double3(0.602050000000,0.500000000000,0.206425000000),
double3(0.662200000000,0.899100000000,0.198400000000),
double3(0.542150000000,0.899800000000,0.000000000000),
double3(0.637150000000,0.500000000000,0.176625000000),
double3(0.839950000000,0.545900000000,0.187475000000),
double3(0.807600000000,0.624650000000,0.168575000000),
double3(0.828550000000,0.608100000000,0.000000000000),
double3(0.875000000000,0.625000000000,0.187500000000),
double3(0.946850000000,0.545900000000,0.000000000000),
double3(0.897950000000,0.500000000000,0.206425000000),
double3(0.837800000000,0.600900000000,0.198400000000),
double3(0.957850000000,0.600200000000,0.000000000000),
double3(0.862850000000,0.500000000000,0.176625000000),
double3(0.839950000000,0.954100000000,0.187475000000),
double3(0.807600000000,0.875350000000,0.168575000000),
double3(0.875000000000,0.875000000000,0.187500000000),
double3(0.837800000000,0.899100000000,0.198400000000),
double3(0.660050000000,0.545900000000,0.187475000000),
double3(0.692400000000,0.624650000000,0.168575000000),
double3(0.625000000000,0.625000000000,0.187500000000),
double3(0.662200000000,0.600900000000,0.198400000000),
double3(0.839950000000,0.545900000000,0.062525000000),
double3(0.807600000000,0.624650000000,0.081425000000),
double3(0.875000000000,0.625000000000,0.062500000000),
double3(0.837800000000,0.600900000000,0.051600000000),
double3(0.660050000000,0.954100000000,0.062525000000),
double3(0.692400000000,0.875350000000,0.081425000000),
double3(0.625000000000,0.875000000000,0.062500000000),
double3(0.662200000000,0.899100000000,0.051600000000),
double3(0.910050000000,0.795900000000,0.187525000000),
double3(0.942400000000,0.874650000000,0.206425000000),
double3(0.921450000000,0.858100000000,0.125000000000),
double3(0.803150000000,0.795900000000,0.125000000000),
double3(0.750000000000,0.854700000000,0.125000000000),
double3(0.852050000000,0.750000000000,0.168575000000),
double3(0.876450000000,0.750000000000,0.000000000000),
double3(0.912200000000,0.850900000000,0.176600000000),
double3(0.792150000000,0.850200000000,0.125000000000),
double3(0.887150000000,0.750000000000,0.198375000000),
double3(0.827650000000,0.750000000000,0.125000000000),
double3(0.589950000000,0.704100000000,0.187525000000),
double3(0.557600000000,0.625350000000,0.206425000000),
double3(0.578550000000,0.641900000000,0.125000000000),
double3(0.696850000000,0.704100000000,0.125000000000),
double3(0.750000000000,0.645300000000,0.125000000000),
double3(0.647950000000,0.750000000000,0.168575000000),
double3(0.623550000000,0.750000000000,0.000000000000),
double3(0.587800000000,0.649100000000,0.176600000000),
double3(0.707850000000,0.649800000000,0.125000000000),
double3(0.612850000000,0.750000000000,0.198375000000),
double3(0.672350000000,0.750000000000,0.125000000000),
double3(0.910050000000,0.704100000000,0.062475000000),
double3(0.942400000000,0.625350000000,0.043575000000),
double3(0.921450000000,0.641900000000,0.125000000000),
double3(0.803150000000,0.704100000000,0.125000000000),
double3(0.852050000000,0.750000000000,0.081425000000),
double3(0.912200000000,0.649100000000,0.073400000000),
double3(0.792150000000,0.649800000000,0.125000000000),
double3(0.887150000000,0.750000000000,0.051625000000),
double3(0.589950000000,0.795900000000,0.062475000000),
double3(0.557600000000,0.874650000000,0.043575000000),
double3(0.578550000000,0.858100000000,0.125000000000),
double3(0.696850000000,0.795900000000,0.125000000000),
double3(0.647950000000,0.750000000000,0.081425000000),
double3(0.587800000000,0.850900000000,0.073400000000),
double3(0.707850000000,0.850200000000,0.125000000000),
double3(0.612850000000,0.750000000000,0.051625000000),
double3(0.589950000000,0.704100000000,0.062475000000),
double3(0.557600000000,0.625350000000,0.043575000000),
double3(0.587800000000,0.649100000000,0.073400000000),
double3(0.910050000000,0.795900000000,0.062475000000),
double3(0.942400000000,0.874650000000,0.043575000000),
double3(0.912200000000,0.850900000000,0.073400000000),
double3(0.589950000000,0.795900000000,0.187525000000),
double3(0.557600000000,0.874650000000,0.206425000000),
double3(0.587800000000,0.850900000000,0.176600000000),
double3(0.910050000000,0.704100000000,0.187525000000),
double3(0.942400000000,0.625350000000,0.206425000000),
double3(0.912200000000,0.649100000000,0.176600000000),
double3(0.660050000000,0.545900000000,0.312525000000),
double3(0.692400000000,0.624650000000,0.331425000000),
double3(0.671450000000,0.608100000000,0.250000000000),
double3(0.625000000000,0.625000000000,0.312500000000),
double3(0.553150000000,0.545900000000,0.250000000000),
double3(0.500000000000,0.604700000000,0.250000000000),
double3(0.602050000000,0.500000000000,0.293575000000),
double3(0.626450000000,0.500000000000,0.375000000000),
double3(0.662200000000,0.600900000000,0.301600000000),
double3(0.542150000000,0.600200000000,0.250000000000),
double3(0.637150000000,0.500000000000,0.323375000000),
double3(0.577650000000,0.500000000000,0.250000000000),
double3(0.839950000000,0.954100000000,0.312525000000),
double3(0.807600000000,0.875350000000,0.331425000000),
double3(0.828550000000,0.891900000000,0.250000000000),
double3(0.875000000000,0.875000000000,0.312500000000),
double3(0.946850000000,0.954100000000,0.250000000000),
double3(0.500000000000,0.895300000000,0.250000000000),
double3(0.897950000000,0.500000000000,0.293575000000),
double3(0.873550000000,0.500000000000,0.375000000000),
double3(0.837800000000,0.899100000000,0.301600000000),
double3(0.957850000000,0.899800000000,0.250000000000),
double3(0.862850000000,0.500000000000,0.323375000000),
double3(0.922350000000,0.500000000000,0.250000000000),
double3(0.660050000000,0.954100000000,0.437475000000),
double3(0.692400000000,0.875350000000,0.418575000000),
double3(0.671450000000,0.891900000000,0.250000000000),
double3(0.625000000000,0.875000000000,0.437500000000),
double3(0.553150000000,0.954100000000,0.250000000000),
double3(0.602050000000,0.500000000000,0.456425000000),
double3(0.662200000000,0.899100000000,0.448400000000),
double3(0.542150000000,0.899800000000,0.250000000000),
double3(0.637150000000,0.500000000000,0.426625000000),
double3(0.839950000000,0.545900000000,0.437475000000),
double3(0.807600000000,0.624650000000,0.418575000000),
double3(0.828550000000,0.608100000000,0.250000000000),
double3(0.875000000000,0.625000000000,0.437500000000),
double3(0.946850000000,0.545900000000,0.250000000000),
double3(0.897950000000,0.500000000000,0.456425000000),
double3(0.837800000000,0.600900000000,0.448400000000),
double3(0.957850000000,0.600200000000,0.250000000000),
double3(0.862850000000,0.500000000000,0.426625000000),
double3(0.839950000000,0.954100000000,0.437475000000),
double3(0.807600000000,0.875350000000,0.418575000000),
double3(0.875000000000,0.875000000000,0.437500000000),
double3(0.837800000000,0.899100000000,0.448400000000),
double3(0.660050000000,0.545900000000,0.437475000000),
double3(0.692400000000,0.624650000000,0.418575000000),
double3(0.625000000000,0.625000000000,0.437500000000),
double3(0.662200000000,0.600900000000,0.448400000000),
double3(0.839950000000,0.545900000000,0.312525000000),
double3(0.807600000000,0.624650000000,0.331425000000),
double3(0.875000000000,0.625000000000,0.312500000000),
double3(0.837800000000,0.600900000000,0.301600000000),
double3(0.660050000000,0.954100000000,0.312525000000),
double3(0.692400000000,0.875350000000,0.331425000000),
double3(0.625000000000,0.875000000000,0.312500000000),
double3(0.662200000000,0.899100000000,0.301600000000),
double3(0.910050000000,0.795900000000,0.437525000000),
double3(0.942400000000,0.874650000000,0.456425000000),
double3(0.921450000000,0.858100000000,0.375000000000),
double3(0.803150000000,0.795900000000,0.375000000000),
double3(0.750000000000,0.854700000000,0.375000000000),
double3(0.852050000000,0.750000000000,0.418575000000),
double3(0.876450000000,0.750000000000,0.250000000000),
double3(0.912200000000,0.850900000000,0.426600000000),
double3(0.792150000000,0.850200000000,0.375000000000),
double3(0.887150000000,0.750000000000,0.448375000000),
double3(0.827650000000,0.750000000000,0.375000000000),
double3(0.589950000000,0.704100000000,0.437525000000),
double3(0.557600000000,0.625350000000,0.456425000000),
double3(0.578550000000,0.641900000000,0.375000000000),
double3(0.696850000000,0.704100000000,0.375000000000),
double3(0.750000000000,0.645300000000,0.375000000000),
double3(0.647950000000,0.750000000000,0.418575000000),
double3(0.623550000000,0.750000000000,0.250000000000),
double3(0.587800000000,0.649100000000,0.426600000000),
double3(0.707850000000,0.649800000000,0.375000000000),
double3(0.612850000000,0.750000000000,0.448375000000),
double3(0.672350000000,0.750000000000,0.375000000000),
double3(0.910050000000,0.704100000000,0.312475000000),
double3(0.942400000000,0.625350000000,0.293575000000),
double3(0.921450000000,0.641900000000,0.375000000000),
double3(0.803150000000,0.704100000000,0.375000000000),
double3(0.852050000000,0.750000000000,0.331425000000),
double3(0.912200000000,0.649100000000,0.323400000000),
double3(0.792150000000,0.649800000000,0.375000000000),
double3(0.887150000000,0.750000000000,0.301625000000),
double3(0.589950000000,0.795900000000,0.312475000000),
double3(0.557600000000,0.874650000000,0.293575000000),
double3(0.578550000000,0.858100000000,0.375000000000),
double3(0.696850000000,0.795900000000,0.375000000000),
double3(0.647950000000,0.750000000000,0.331425000000),
double3(0.587800000000,0.850900000000,0.323400000000),
double3(0.707850000000,0.850200000000,0.375000000000),
double3(0.612850000000,0.750000000000,0.301625000000),
double3(0.589950000000,0.704100000000,0.312475000000),
double3(0.557600000000,0.625350000000,0.293575000000),
double3(0.587800000000,0.649100000000,0.323400000000),
double3(0.910050000000,0.795900000000,0.312475000000),
double3(0.942400000000,0.874650000000,0.293575000000),
double3(0.912200000000,0.850900000000,0.323400000000),
double3(0.589950000000,0.795900000000,0.437525000000),
double3(0.557600000000,0.874650000000,0.456425000000),
double3(0.587800000000,0.850900000000,0.426600000000),
double3(0.910050000000,0.704100000000,0.437525000000),
double3(0.942400000000,0.625350000000,0.456425000000),
double3(0.912200000000,0.649100000000,0.426600000000),
double3(0.660050000000,0.545900000000,0.562525000000),
double3(0.692400000000,0.624650000000,0.581425000000),
double3(0.671450000000,0.608100000000,0.500000000000),
double3(0.625000000000,0.625000000000,0.562500000000),
double3(0.553150000000,0.545900000000,0.500000000000),
double3(0.500000000000,0.604700000000,0.500000000000),
double3(0.602050000000,0.500000000000,0.543575000000),
double3(0.626450000000,0.500000000000,0.625000000000),
double3(0.662200000000,0.600900000000,0.551600000000),
double3(0.542150000000,0.600200000000,0.500000000000),
double3(0.637150000000,0.500000000000,0.573375000000),
double3(0.577650000000,0.500000000000,0.500000000000),
double3(0.839950000000,0.954100000000,0.562525000000),
double3(0.807600000000,0.875350000000,0.581425000000),
double3(0.828550000000,0.891900000000,0.500000000000),
double3(0.875000000000,0.875000000000,0.562500000000),
double3(0.946850000000,0.954100000000,0.500000000000),
double3(0.500000000000,0.895300000000,0.500000000000),
double3(0.897950000000,0.500000000000,0.543575000000),
double3(0.873550000000,0.500000000000,0.625000000000),
double3(0.837800000000,0.899100000000,0.551600000000),
double3(0.957850000000,0.899800000000,0.500000000000),
double3(0.862850000000,0.500000000000,0.573375000000),
double3(0.922350000000,0.500000000000,0.500000000000),
double3(0.660050000000,0.954100000000,0.687475000000),
double3(0.692400000000,0.875350000000,0.668575000000),
double3(0.671450000000,0.891900000000,0.500000000000),
double3(0.625000000000,0.875000000000,0.687500000000),
double3(0.553150000000,0.954100000000,0.500000000000),
double3(0.602050000000,0.500000000000,0.706425000000),
double3(0.662200000000,0.899100000000,0.698400000000),
double3(0.542150000000,0.899800000000,0.500000000000),
double3(0.637150000000,0.500000000000,0.676625000000),
double3(0.839950000000,0.545900000000,0.687475000000),
double3(0.807600000000,0.624650000000,0.668575000000),
double3(0.828550000000,0.608100000000,0.500000000000),
double3(0.875000000000,0.625000000000,0.687500000000),
double3(0.946850000000,0.545900000000,0.500000000000),
double3(0.897950000000,0.500000000000,0.706425000000),
double3(0.837800000000,0.600900000000,0.698400000000),
double3(0.957850000000,0.600200000000,0.500000000000),
double3(0.862850000000,0.500000000000,0.676625000000),
double3(0.839950000000,0.954100000000,0.687475000000),
double3(0.807600000000,0.875350000000,0.668575000000),
double3(0.875000000000,0.875000000000,0.687500000000),
double3(0.837800000000,0.899100000000,0.698400000000),
double3(0.660050000000,0.545900000000,0.687475000000),
double3(0.692400000000,0.624650000000,0.668575000000),
double3(0.625000000000,0.625000000000,0.687500000000),
double3(0.662200000000,0.600900000000,0.698400000000),
double3(0.839950000000,0.545900000000,0.562525000000),
double3(0.807600000000,0.624650000000,0.581425000000),
double3(0.875000000000,0.625000000000,0.562500000000),
double3(0.837800000000,0.600900000000,0.551600000000),
double3(0.660050000000,0.954100000000,0.562525000000),
double3(0.692400000000,0.875350000000,0.581425000000),
double3(0.625000000000,0.875000000000,0.562500000000),
double3(0.662200000000,0.899100000000,0.551600000000),
double3(0.910050000000,0.795900000000,0.687525000000),
double3(0.942400000000,0.874650000000,0.706425000000),
double3(0.921450000000,0.858100000000,0.625000000000),
double3(0.803150000000,0.795900000000,0.625000000000),
double3(0.750000000000,0.854700000000,0.625000000000),
double3(0.852050000000,0.750000000000,0.668575000000),
double3(0.876450000000,0.750000000000,0.500000000000),
double3(0.912200000000,0.850900000000,0.676600000000),
double3(0.792150000000,0.850200000000,0.625000000000),
double3(0.887150000000,0.750000000000,0.698375000000),
double3(0.827650000000,0.750000000000,0.625000000000),
double3(0.589950000000,0.704100000000,0.687525000000),
double3(0.557600000000,0.625350000000,0.706425000000),
double3(0.578550000000,0.641900000000,0.625000000000),
double3(0.696850000000,0.704100000000,0.625000000000),
double3(0.750000000000,0.645300000000,0.625000000000),
double3(0.647950000000,0.750000000000,0.668575000000),
double3(0.623550000000,0.750000000000,0.500000000000),
double3(0.587800000000,0.649100000000,0.676600000000),
double3(0.707850000000,0.649800000000,0.625000000000),
double3(0.612850000000,0.750000000000,0.698375000000),
double3(0.672350000000,0.750000000000,0.625000000000),
double3(0.910050000000,0.704100000000,0.562475000000),
double3(0.942400000000,0.625350000000,0.543575000000),
double3(0.921450000000,0.641900000000,0.625000000000),
double3(0.803150000000,0.704100000000,0.625000000000),
double3(0.852050000000,0.750000000000,0.581425000000),
double3(0.912200000000,0.649100000000,0.573400000000),
double3(0.792150000000,0.649800000000,0.625000000000),
double3(0.887150000000,0.750000000000,0.551625000000),
double3(0.589950000000,0.795900000000,0.562475000000),
double3(0.557600000000,0.874650000000,0.543575000000),
double3(0.578550000000,0.858100000000,0.625000000000),
double3(0.696850000000,0.795900000000,0.625000000000),
double3(0.647950000000,0.750000000000,0.581425000000),
double3(0.587800000000,0.850900000000,0.573400000000),
double3(0.707850000000,0.850200000000,0.625000000000),
double3(0.612850000000,0.750000000000,0.551625000000),
double3(0.589950000000,0.704100000000,0.562475000000),
double3(0.557600000000,0.625350000000,0.543575000000),
double3(0.587800000000,0.649100000000,0.573400000000),
double3(0.910050000000,0.795900000000,0.562475000000),
double3(0.942400000000,0.874650000000,0.543575000000),
double3(0.912200000000,0.850900000000,0.573400000000),
double3(0.589950000000,0.795900000000,0.687525000000),
double3(0.557600000000,0.874650000000,0.706425000000),
double3(0.587800000000,0.850900000000,0.676600000000),
double3(0.910050000000,0.704100000000,0.687525000000),
double3(0.942400000000,0.625350000000,0.706425000000),
double3(0.912200000000,0.649100000000,0.676600000000),
double3(0.660050000000,0.545900000000,0.812525000000),
double3(0.692400000000,0.624650000000,0.831425000000),
double3(0.671450000000,0.608100000000,0.750000000000),
double3(0.625000000000,0.625000000000,0.812500000000),
double3(0.553150000000,0.545900000000,0.750000000000),
double3(0.500000000000,0.604700000000,0.750000000000),
double3(0.602050000000,0.500000000000,0.793575000000),
double3(0.626450000000,0.500000000000,0.875000000000),
double3(0.662200000000,0.600900000000,0.801600000000),
double3(0.542150000000,0.600200000000,0.750000000000),
double3(0.637150000000,0.500000000000,0.823375000000),
double3(0.577650000000,0.500000000000,0.750000000000),
double3(0.839950000000,0.954100000000,0.812525000000),
double3(0.807600000000,0.875350000000,0.831425000000),
double3(0.828550000000,0.891900000000,0.750000000000),
double3(0.875000000000,0.875000000000,0.812500000000),
double3(0.946850000000,0.954100000000,0.750000000000),
double3(0.500000000000,0.895300000000,0.750000000000),
double3(0.897950000000,0.500000000000,0.793575000000),
double3(0.873550000000,0.500000000000,0.875000000000),
double3(0.837800000000,0.899100000000,0.801600000000),
double3(0.957850000000,0.899800000000,0.750000000000),
double3(0.862850000000,0.500000000000,0.823375000000),
double3(0.922350000000,0.500000000000,0.750000000000),
double3(0.660050000000,0.954100000000,0.937475000000),
double3(0.692400000000,0.875350000000,0.918575000000),
double3(0.671450000000,0.891900000000,0.750000000000),
double3(0.625000000000,0.875000000000,0.937500000000),
double3(0.553150000000,0.954100000000,0.750000000000),
double3(0.602050000000,0.500000000000,0.956425000000),
double3(0.662200000000,0.899100000000,0.948400000000),
double3(0.542150000000,0.899800000000,0.750000000000),
double3(0.637150000000,0.500000000000,0.926625000000),
double3(0.839950000000,0.545900000000,0.937475000000),
double3(0.807600000000,0.624650000000,0.918575000000),
double3(0.828550000000,0.608100000000,0.750000000000),
double3(0.875000000000,0.625000000000,0.937500000000),
double3(0.946850000000,0.545900000000,0.750000000000),
double3(0.897950000000,0.500000000000,0.956425000000),
double3(0.837800000000,0.600900000000,0.948400000000),
double3(0.957850000000,0.600200000000,0.750000000000),
double3(0.862850000000,0.500000000000,0.926625000000),
double3(0.839950000000,0.954100000000,0.937475000000),
double3(0.807600000000,0.875350000000,0.918575000000),
double3(0.875000000000,0.875000000000,0.937500000000),
double3(0.837800000000,0.899100000000,0.948400000000),
double3(0.660050000000,0.545900000000,0.937475000000),
double3(0.692400000000,0.624650000000,0.918575000000),
double3(0.625000000000,0.625000000000,0.937500000000),
double3(0.662200000000,0.600900000000,0.948400000000),
double3(0.839950000000,0.545900000000,0.812525000000),
double3(0.807600000000,0.624650000000,0.831425000000),
double3(0.875000000000,0.625000000000,0.812500000000),
double3(0.837800000000,0.600900000000,0.801600000000),
double3(0.660050000000,0.954100000000,0.812525000000),
double3(0.692400000000,0.875350000000,0.831425000000),
double3(0.625000000000,0.875000000000,0.812500000000),
double3(0.662200000000,0.899100000000,0.801600000000),
double3(0.910050000000,0.795900000000,0.937525000000),
double3(0.942400000000,0.874650000000,0.956425000000),
double3(0.921450000000,0.858100000000,0.875000000000),
double3(0.803150000000,0.795900000000,0.875000000000),
double3(0.750000000000,0.854700000000,0.875000000000),
double3(0.852050000000,0.750000000000,0.918575000000),
double3(0.876450000000,0.750000000000,0.750000000000),
double3(0.912200000000,0.850900000000,0.926600000000),
double3(0.792150000000,0.850200000000,0.875000000000),
double3(0.887150000000,0.750000000000,0.948375000000),
double3(0.827650000000,0.750000000000,0.875000000000),
double3(0.589950000000,0.704100000000,0.937525000000),
double3(0.557600000000,0.625350000000,0.956425000000),
double3(0.578550000000,0.641900000000,0.875000000000),
double3(0.696850000000,0.704100000000,0.875000000000),
double3(0.750000000000,0.645300000000,0.875000000000),
double3(0.647950000000,0.750000000000,0.918575000000),
double3(0.623550000000,0.750000000000,0.750000000000),
double3(0.587800000000,0.649100000000,0.926600000000),
double3(0.707850000000,0.649800000000,0.875000000000),
double3(0.612850000000,0.750000000000,0.948375000000),
double3(0.672350000000,0.750000000000,0.875000000000),
double3(0.910050000000,0.704100000000,0.812475000000),
double3(0.942400000000,0.625350000000,0.793575000000),
double3(0.921450000000,0.641900000000,0.875000000000),
double3(0.803150000000,0.704100000000,0.875000000000),
double3(0.852050000000,0.750000000000,0.831425000000),
double3(0.912200000000,0.649100000000,0.823400000000),
double3(0.792150000000,0.649800000000,0.875000000000),
double3(0.887150000000,0.750000000000,0.801625000000),
double3(0.589950000000,0.795900000000,0.812475000000),
double3(0.557600000000,0.874650000000,0.793575000000),
double3(0.578550000000,0.858100000000,0.875000000000),
double3(0.696850000000,0.795900000000,0.875000000000),
double3(0.647950000000,0.750000000000,0.831425000000),
double3(0.587800000000,0.850900000000,0.823400000000),
double3(0.707850000000,0.850200000000,0.875000000000),
double3(0.612850000000,0.750000000000,0.801625000000),
double3(0.589950000000,0.704100000000,0.812475000000),
double3(0.557600000000,0.625350000000,0.793575000000),
double3(0.587800000000,0.649100000000,0.823400000000),
double3(0.910050000000,0.795900000000,0.812475000000),
double3(0.942400000000,0.874650000000,0.793575000000),
double3(0.912200000000,0.850900000000,0.823400000000),
double3(0.589950000000,0.795900000000,0.937525000000),
double3(0.557600000000,0.874650000000,0.956425000000),
double3(0.587800000000,0.850900000000,0.926600000000),
double3(0.910050000000,0.704100000000,0.937525000000),
double3(0.942400000000,0.625350000000,0.956425000000),
double3(0.912200000000,0.649100000000,0.926600000000),
