 # Derivative distribution function -dV(r)/dr (or -dV(d)/dd) vs d
  0.1250000      0.0000000E+00
  0.3750000      0.0000000E+00
  0.6250000      0.0000000E+00
  0.8750000      0.0000000E+00
   1.125000      0.0000000E+00
   1.375000      0.0000000E+00
   1.625000      0.0000000E+00
   1.875000      0.0000000E+00
   2.125000      0.0000000E+00
   2.375000      0.0000000E+00
   2.625000      0.0000000E+00
   2.875000      0.0000000E+00
   3.125000      5.4486990E-03
   3.375000      2.1153808E-02
   3.625000      2.6282072E-02
   3.875000      2.1474361E-02
   4.125000      2.4999976E-02
   4.375000      4.2307734E-02
   4.625000      7.8846216E-02
   4.875000      0.1054487    
   5.125000      0.1060897    
   5.375000      8.8461518E-02
   5.625000      8.3333254E-02
   5.875000      8.4294915E-02
   6.125000      8.3333373E-02
   6.375000      8.1089735E-02
   6.625000      7.4038506E-02
   6.875000      6.5064073E-02
   7.125000      4.8717856E-02
   7.375000      4.6794891E-02
   7.625000      4.3589830E-02
   7.875000      4.3269157E-02
   8.125000      4.3589711E-02
   8.375000      3.5897493E-02
   8.625000      3.5897374E-02
   8.875000      4.1346073E-02
   9.125000       1.345833    
   9.375000       1.323397    
   9.625000      0.0000000E+00
   9.875000      0.0000000E+00
   10.12500      0.0000000E+00
   10.37500      0.0000000E+00
   10.62500      0.0000000E+00
   10.87500      0.0000000E+00
   11.12500      0.0000000E+00
   11.37500      0.0000000E+00
   11.62500      0.0000000E+00
   11.87500      0.0000000E+00
   12.12500      0.0000000E+00
   12.37500      0.0000000E+00
   12.62500      0.0000000E+00
   12.87500      0.0000000E+00
   13.12500      0.0000000E+00
   13.37500      0.0000000E+00
   13.62500      0.0000000E+00
   13.87500      0.0000000E+00
   14.12500      0.0000000E+00
   14.37500      0.0000000E+00
   14.62500      0.0000000E+00
   14.87500      0.0000000E+00
   15.12500      0.0000000E+00
   15.37500      0.0000000E+00
   15.62500      0.0000000E+00
   15.87500      0.0000000E+00
   16.12500      0.0000000E+00
   16.37500      0.0000000E+00
   16.62500      0.0000000E+00
   16.87500      0.0000000E+00
   17.12500      0.0000000E+00
   17.37500      0.0000000E+00
   17.62500      0.0000000E+00
   17.87500      0.0000000E+00
   18.12500      0.0000000E+00
   18.37500      0.0000000E+00
   18.62500      0.0000000E+00
   18.87500      0.0000000E+00
   19.12500      0.0000000E+00
   19.37500      0.0000000E+00
