[double3(17.193000000000,0.000000000000,0.000000000000),double3(-8.596500000000,14.889574767266,0.000000000000),double3(0.000000000000,0.000000000000,27.333000000000)]

double3(0.001450000000,0.144000000000,0.592000000000),
double3(0.000000000000,0.121500000000,0.500000000000),
double3(0.070450000000,0.140950000000,0.554700000000),
double3(0.053850000000,0.204750000000,0.527900000000),
double3(0.346700000000,0.048500000000,0.658700000000),
double3(0.334050000000,0.058500000000,0.565700000000),
double3(0.415400000000,0.084600000000,0.598300000000),
double3(0.215700000000,0.284300000000,0.500600000000),
double3(0.131250000000,0.262450000000,0.488600000000),
double3(0.430600000000,0.215300000000,0.679100000000),
double3(0.437950000000,0.167700000000,0.750000000000),
double3(0.370100000000,0.129900000000,0.688700000000),
double3(0.031600000000,0.152850000000,0.543600000000),
double3(0.363050000000,0.047550000000,0.603700000000),
double3(0.422550000000,0.166550000000,0.694100000000),
double3(0.166050000000,0.244000000000,0.487900000000),
double3(0.357450000000,0.001450000000,0.092000000000),
double3(0.378500000000,0.000000000000,0.000000000000),
double3(0.429500000000,0.070450000000,0.054700000000),
double3(0.349100000000,0.053850000000,0.027900000000),
double3(0.298200000000,0.346700000000,0.158700000000),
double3(0.275550000000,0.334050000000,0.065700000000),
double3(0.330800000000,0.415400000000,0.098300000000),
double3(0.431400000000,0.215700000000,0.000600000000),
double3(0.368800000000,0.131250000000,0.988600000000),
double3(0.215300000000,0.430600000000,0.179100000000),
double3(0.270250000000,0.437950000000,0.250000000000),
double3(0.240200000000,0.370100000000,0.188700000000),
double3(0.378750000000,0.031600000000,0.043600000000),
double3(0.315500000000,0.363050000000,0.103700000000),
double3(0.256000000000,0.422550000000,0.194100000000),
double3(0.422050000000,0.166050000000,0.987900000000),
double3(0.356000000000,0.357450000000,0.592000000000),
double3(0.378500000000,0.378500000000,0.500000000000),
double3(0.359050000000,0.429500000000,0.554700000000),
double3(0.295250000000,0.349100000000,0.527900000000),
double3(0.451500000000,0.298200000000,0.658700000000),
double3(0.441500000000,0.275550000000,0.565700000000),
double3(0.415400000000,0.330800000000,0.598300000000),
double3(0.215700000000,0.431400000000,0.500600000000),
double3(0.237550000000,0.368800000000,0.488600000000),
double3(0.284700000000,0.215300000000,0.679100000000),
double3(0.332300000000,0.270250000000,0.750000000000),
double3(0.370100000000,0.240200000000,0.688700000000),
double3(0.347150000000,0.378750000000,0.543600000000),
double3(0.452450000000,0.315500000000,0.603700000000),
double3(0.333450000000,0.256000000000,0.694100000000),
double3(0.256000000000,0.422050000000,0.487900000000),
double3(0.498550000000,0.356000000000,0.092000000000),
double3(0.000000000000,0.378500000000,0.000000000000),
double3(0.429550000000,0.359050000000,0.054700000000),
double3(0.446150000000,0.295250000000,0.027900000000),
double3(0.153300000000,0.451500000000,0.158700000000),
double3(0.165950000000,0.441500000000,0.065700000000),
double3(0.084600000000,0.415400000000,0.098300000000),
double3(0.284300000000,0.215700000000,0.000600000000),
double3(0.368750000000,0.237550000000,0.988600000000),
double3(0.069400000000,0.284700000000,0.179100000000),
double3(0.062050000000,0.332300000000,0.250000000000),
double3(0.129900000000,0.370100000000,0.188700000000),
double3(0.468400000000,0.347150000000,0.043600000000),
double3(0.136950000000,0.452450000000,0.103700000000),
double3(0.077450000000,0.333450000000,0.194100000000),
double3(0.333950000000,0.256000000000,0.987900000000),
double3(0.142550000000,0.498550000000,0.592000000000),
double3(0.121500000000,0.000000000000,0.500000000000),
double3(0.070500000000,0.429550000000,0.554700000000),
double3(0.150900000000,0.446150000000,0.527900000000),
double3(0.201800000000,0.153300000000,0.658700000000),
double3(0.224450000000,0.165950000000,0.565700000000),
double3(0.169200000000,0.084600000000,0.598300000000),
double3(0.068600000000,0.284300000000,0.500600000000),
double3(0.131200000000,0.368750000000,0.488600000000),
double3(0.284700000000,0.069400000000,0.679100000000),
double3(0.229750000000,0.062050000000,0.750000000000),
double3(0.259800000000,0.129900000000,0.688700000000),
double3(0.121250000000,0.468400000000,0.543600000000),
double3(0.184500000000,0.136950000000,0.603700000000),
double3(0.244000000000,0.077450000000,0.694100000000),
double3(0.077950000000,0.333950000000,0.487900000000),
double3(0.144000000000,0.142550000000,0.092000000000),
double3(0.121500000000,0.121500000000,0.000000000000),
double3(0.140950000000,0.070500000000,0.054700000000),
double3(0.204750000000,0.150900000000,0.027900000000),
double3(0.048500000000,0.201800000000,0.158700000000),
double3(0.058500000000,0.224450000000,0.065700000000),
double3(0.084600000000,0.169200000000,0.098300000000),
double3(0.284300000000,0.068600000000,0.000600000000),
double3(0.262450000000,0.131200000000,0.988600000000),
double3(0.215300000000,0.284700000000,0.179100000000),
double3(0.167700000000,0.229750000000,0.250000000000),
double3(0.129900000000,0.259800000000,0.188700000000),
double3(0.152850000000,0.121250000000,0.043600000000),
double3(0.047550000000,0.184500000000,0.103700000000),
double3(0.166550000000,0.244000000000,0.194100000000),
double3(0.244000000000,0.077950000000,0.987900000000),
double3(0.356000000000,0.498550000000,0.908000000000),
double3(0.359050000000,0.429550000000,0.945300000000),
double3(0.295250000000,0.446150000000,0.972100000000),
double3(0.451500000000,0.153300000000,0.841300000000),
double3(0.441500000000,0.165950000000,0.934300000000),
double3(0.415400000000,0.084600000000,0.901700000000),
double3(0.215700000000,0.284300000000,0.999400000000),
double3(0.237550000000,0.368750000000,0.011400000000),
double3(0.284700000000,0.069400000000,0.820900000000),
double3(0.332300000000,0.062050000000,0.750000000000),
double3(0.370100000000,0.129900000000,0.811300000000),
double3(0.347150000000,0.468400000000,0.956400000000),
double3(0.452450000000,0.136950000000,0.896300000000),
double3(0.333450000000,0.077450000000,0.805900000000),
double3(0.256000000000,0.333950000000,0.012100000000),
double3(0.357450000000,0.356000000000,0.408000000000),
double3(0.429500000000,0.359050000000,0.445300000000),
double3(0.349100000000,0.295250000000,0.472100000000),
double3(0.298200000000,0.451500000000,0.341300000000),
double3(0.275550000000,0.441500000000,0.434300000000),
double3(0.330800000000,0.415400000000,0.401700000000),
double3(0.431400000000,0.215700000000,0.499400000000),
double3(0.368800000000,0.237550000000,0.511400000000),
double3(0.215300000000,0.284700000000,0.320900000000),
double3(0.270250000000,0.332300000000,0.250000000000),
double3(0.240200000000,0.370100000000,0.311300000000),
double3(0.378750000000,0.347150000000,0.456400000000),
double3(0.315500000000,0.452450000000,0.396300000000),
double3(0.256000000000,0.333450000000,0.305900000000),
double3(0.422050000000,0.256000000000,0.512100000000),
double3(0.001450000000,0.357450000000,0.908000000000),
double3(0.070450000000,0.429500000000,0.945300000000),
double3(0.053850000000,0.349100000000,0.972100000000),
double3(0.346700000000,0.298200000000,0.841300000000),
double3(0.334050000000,0.275550000000,0.934300000000),
double3(0.415400000000,0.330800000000,0.901700000000),
double3(0.215700000000,0.431400000000,0.999400000000),
double3(0.131250000000,0.368800000000,0.011400000000),
double3(0.430600000000,0.215300000000,0.820900000000),
double3(0.437950000000,0.270250000000,0.750000000000),
double3(0.370100000000,0.240200000000,0.811300000000),
double3(0.031600000000,0.378750000000,0.956400000000),
double3(0.363050000000,0.315500000000,0.896300000000),
double3(0.422550000000,0.256000000000,0.805900000000),
double3(0.166050000000,0.422050000000,0.012100000000),
double3(0.144000000000,0.001450000000,0.408000000000),
double3(0.140950000000,0.070450000000,0.445300000000),
double3(0.204750000000,0.053850000000,0.472100000000),
double3(0.048500000000,0.346700000000,0.341300000000),
double3(0.058500000000,0.334050000000,0.434300000000),
double3(0.084600000000,0.415400000000,0.401700000000),
double3(0.284300000000,0.215700000000,0.499400000000),
double3(0.262450000000,0.131250000000,0.511400000000),
double3(0.215300000000,0.430600000000,0.320900000000),
double3(0.167700000000,0.437950000000,0.250000000000),
double3(0.129900000000,0.370100000000,0.311300000000),
double3(0.152850000000,0.031600000000,0.456400000000),
double3(0.047550000000,0.363050000000,0.396300000000),
double3(0.166550000000,0.422550000000,0.305900000000),
double3(0.244000000000,0.166050000000,0.512100000000),
double3(0.142550000000,0.144000000000,0.908000000000),
double3(0.070500000000,0.140950000000,0.945300000000),
double3(0.150900000000,0.204750000000,0.972100000000),
double3(0.201800000000,0.048500000000,0.841300000000),
double3(0.224450000000,0.058500000000,0.934300000000),
double3(0.169200000000,0.084600000000,0.901700000000),
double3(0.068600000000,0.284300000000,0.999400000000),
double3(0.131200000000,0.262450000000,0.011400000000),
double3(0.284700000000,0.215300000000,0.820900000000),
double3(0.229750000000,0.167700000000,0.750000000000),
double3(0.259800000000,0.129900000000,0.811300000000),
double3(0.121250000000,0.152850000000,0.956400000000),
double3(0.184500000000,0.047550000000,0.896300000000),
double3(0.244000000000,0.166550000000,0.805900000000),
double3(0.077950000000,0.244000000000,0.012100000000),
double3(0.498550000000,0.142550000000,0.408000000000),
double3(0.429550000000,0.070500000000,0.445300000000),
double3(0.446150000000,0.150900000000,0.472100000000),
double3(0.153300000000,0.201800000000,0.341300000000),
double3(0.165950000000,0.224450000000,0.434300000000),
double3(0.084600000000,0.169200000000,0.401700000000),
double3(0.284300000000,0.068600000000,0.499400000000),
double3(0.368750000000,0.131200000000,0.511400000000),
double3(0.069400000000,0.284700000000,0.320900000000),
double3(0.062050000000,0.229750000000,0.250000000000),
double3(0.129900000000,0.259800000000,0.311300000000),
double3(0.468400000000,0.121250000000,0.456400000000),
double3(0.136950000000,0.184500000000,0.396300000000),
double3(0.077450000000,0.244000000000,0.305900000000),
double3(0.333950000000,0.077950000000,0.512100000000),
double3(0.498550000000,0.356000000000,0.408000000000),
double3(0.000000000000,0.378500000000,0.500000000000),
double3(0.446150000000,0.295250000000,0.472100000000),
double3(0.153300000000,0.451500000000,0.341300000000),
double3(0.165950000000,0.441500000000,0.434300000000),
double3(0.468400000000,0.347150000000,0.456400000000),
double3(0.136950000000,0.452450000000,0.396300000000),
double3(0.077450000000,0.333450000000,0.305900000000),
double3(0.333950000000,0.256000000000,0.512100000000),
double3(0.142550000000,0.498550000000,0.908000000000),
double3(0.121500000000,0.000000000000,0.000000000000),
double3(0.150900000000,0.446150000000,0.972100000000),
double3(0.201800000000,0.153300000000,0.841300000000),
double3(0.224450000000,0.165950000000,0.934300000000),
double3(0.121250000000,0.468400000000,0.956400000000),
double3(0.184500000000,0.136950000000,0.896300000000),
double3(0.244000000000,0.077450000000,0.805900000000),
double3(0.077950000000,0.333950000000,0.012100000000),
double3(0.144000000000,0.142550000000,0.408000000000),
double3(0.121500000000,0.121500000000,0.500000000000),
double3(0.204750000000,0.150900000000,0.472100000000),
double3(0.048500000000,0.201800000000,0.341300000000),
double3(0.058500000000,0.224450000000,0.434300000000),
double3(0.152850000000,0.121250000000,0.456400000000),
double3(0.047550000000,0.184500000000,0.396300000000),
double3(0.166550000000,0.244000000000,0.305900000000),
double3(0.244000000000,0.077950000000,0.512100000000),
double3(0.001450000000,0.144000000000,0.908000000000),
double3(0.000000000000,0.121500000000,0.000000000000),
double3(0.053850000000,0.204750000000,0.972100000000),
double3(0.346700000000,0.048500000000,0.841300000000),
double3(0.334050000000,0.058500000000,0.934300000000),
double3(0.031600000000,0.152850000000,0.956400000000),
double3(0.363050000000,0.047550000000,0.896300000000),
double3(0.422550000000,0.166550000000,0.805900000000),
double3(0.166050000000,0.244000000000,0.012100000000),
double3(0.357450000000,0.001450000000,0.408000000000),
double3(0.378500000000,0.000000000000,0.500000000000),
double3(0.349100000000,0.053850000000,0.472100000000),
double3(0.298200000000,0.346700000000,0.341300000000),
double3(0.275550000000,0.334050000000,0.434300000000),
double3(0.378750000000,0.031600000000,0.456400000000),
double3(0.315500000000,0.363050000000,0.396300000000),
double3(0.256000000000,0.422550000000,0.305900000000),
double3(0.422050000000,0.166050000000,0.512100000000),
double3(0.356000000000,0.357450000000,0.908000000000),
double3(0.378500000000,0.378500000000,0.000000000000),
double3(0.295250000000,0.349100000000,0.972100000000),
double3(0.451500000000,0.298200000000,0.841300000000),
double3(0.441500000000,0.275550000000,0.934300000000),
double3(0.347150000000,0.378750000000,0.956400000000),
double3(0.452450000000,0.315500000000,0.896300000000),
double3(0.333450000000,0.256000000000,0.805900000000),
double3(0.256000000000,0.422050000000,0.012100000000),
double3(0.144000000000,0.001450000000,0.092000000000),
double3(0.204750000000,0.053850000000,0.027900000000),
double3(0.048500000000,0.346700000000,0.158700000000),
double3(0.058500000000,0.334050000000,0.065700000000),
double3(0.152850000000,0.031600000000,0.043600000000),
double3(0.047550000000,0.363050000000,0.103700000000),
double3(0.166550000000,0.422550000000,0.194100000000),
double3(0.244000000000,0.166050000000,0.987900000000),
double3(0.142550000000,0.144000000000,0.592000000000),
double3(0.150900000000,0.204750000000,0.527900000000),
double3(0.201800000000,0.048500000000,0.658700000000),
double3(0.224450000000,0.058500000000,0.565700000000),
double3(0.121250000000,0.152850000000,0.543600000000),
double3(0.184500000000,0.047550000000,0.603700000000),
double3(0.244000000000,0.166550000000,0.694100000000),
double3(0.077950000000,0.244000000000,0.487900000000),
double3(0.498550000000,0.142550000000,0.092000000000),
double3(0.446150000000,0.150900000000,0.027900000000),
double3(0.153300000000,0.201800000000,0.158700000000),
double3(0.165950000000,0.224450000000,0.065700000000),
double3(0.468400000000,0.121250000000,0.043600000000),
double3(0.136950000000,0.184500000000,0.103700000000),
double3(0.077450000000,0.244000000000,0.194100000000),
double3(0.333950000000,0.077950000000,0.987900000000),
double3(0.356000000000,0.498550000000,0.592000000000),
double3(0.295250000000,0.446150000000,0.527900000000),
double3(0.451500000000,0.153300000000,0.658700000000),
double3(0.441500000000,0.165950000000,0.565700000000),
double3(0.347150000000,0.468400000000,0.543600000000),
double3(0.452450000000,0.136950000000,0.603700000000),
double3(0.333450000000,0.077450000000,0.694100000000),
double3(0.256000000000,0.333950000000,0.487900000000),
double3(0.357450000000,0.356000000000,0.092000000000),
double3(0.349100000000,0.295250000000,0.027900000000),
double3(0.298200000000,0.451500000000,0.158700000000),
double3(0.275550000000,0.441500000000,0.065700000000),
double3(0.378750000000,0.347150000000,0.043600000000),
double3(0.315500000000,0.452450000000,0.103700000000),
double3(0.256000000000,0.333450000000,0.194100000000),
double3(0.422050000000,0.256000000000,0.987900000000),
double3(0.001450000000,0.357450000000,0.592000000000),
double3(0.053850000000,0.349100000000,0.527900000000),
double3(0.346700000000,0.298200000000,0.658700000000),
double3(0.334050000000,0.275550000000,0.565700000000),
double3(0.031600000000,0.378750000000,0.543600000000),
double3(0.363050000000,0.315500000000,0.603700000000),
double3(0.422550000000,0.256000000000,0.694100000000),
double3(0.166050000000,0.422050000000,0.487900000000),
double3(0.001450000000,0.644000000000,0.592000000000),
double3(0.000000000000,0.621500000000,0.500000000000),
double3(0.070450000000,0.640950000000,0.554700000000),
double3(0.053850000000,0.704750000000,0.527900000000),
double3(0.346700000000,0.548500000000,0.658700000000),
double3(0.334050000000,0.558500000000,0.565700000000),
double3(0.415400000000,0.584600000000,0.598300000000),
double3(0.215700000000,0.784300000000,0.500600000000),
double3(0.131250000000,0.762450000000,0.488600000000),
double3(0.430600000000,0.715300000000,0.679100000000),
double3(0.437950000000,0.667700000000,0.750000000000),
double3(0.370100000000,0.629900000000,0.688700000000),
double3(0.031600000000,0.652850000000,0.543600000000),
double3(0.363050000000,0.547550000000,0.603700000000),
double3(0.422550000000,0.666550000000,0.694100000000),
double3(0.166050000000,0.744000000000,0.487900000000),
double3(0.357450000000,0.501450000000,0.092000000000),
double3(0.378500000000,0.500000000000,0.000000000000),
double3(0.429500000000,0.570450000000,0.054700000000),
double3(0.349100000000,0.553850000000,0.027900000000),
double3(0.298200000000,0.846700000000,0.158700000000),
double3(0.275550000000,0.834050000000,0.065700000000),
double3(0.330800000000,0.915400000000,0.098300000000),
double3(0.431400000000,0.715700000000,0.000600000000),
double3(0.368800000000,0.631250000000,0.988600000000),
double3(0.215300000000,0.930600000000,0.179100000000),
double3(0.270250000000,0.937950000000,0.250000000000),
double3(0.240200000000,0.870100000000,0.188700000000),
double3(0.378750000000,0.531600000000,0.043600000000),
double3(0.315500000000,0.863050000000,0.103700000000),
double3(0.256000000000,0.922550000000,0.194100000000),
double3(0.422050000000,0.666050000000,0.987900000000),
double3(0.356000000000,0.857450000000,0.592000000000),
double3(0.378500000000,0.878500000000,0.500000000000),
double3(0.359050000000,0.929500000000,0.554700000000),
double3(0.295250000000,0.849100000000,0.527900000000),
double3(0.451500000000,0.798200000000,0.658700000000),
double3(0.441500000000,0.775550000000,0.565700000000),
double3(0.415400000000,0.830800000000,0.598300000000),
double3(0.215700000000,0.931400000000,0.500600000000),
double3(0.237550000000,0.868800000000,0.488600000000),
double3(0.284700000000,0.715300000000,0.679100000000),
double3(0.332300000000,0.770250000000,0.750000000000),
double3(0.370100000000,0.740200000000,0.688700000000),
double3(0.347150000000,0.878750000000,0.543600000000),
double3(0.452450000000,0.815500000000,0.603700000000),
double3(0.333450000000,0.756000000000,0.694100000000),
double3(0.256000000000,0.922050000000,0.487900000000),
double3(0.498550000000,0.856000000000,0.092000000000),
double3(0.000000000000,0.878500000000,0.000000000000),
double3(0.429550000000,0.859050000000,0.054700000000),
double3(0.446150000000,0.795250000000,0.027900000000),
double3(0.153300000000,0.951500000000,0.158700000000),
double3(0.165950000000,0.941500000000,0.065700000000),
double3(0.084600000000,0.915400000000,0.098300000000),
double3(0.284300000000,0.715700000000,0.000600000000),
double3(0.368750000000,0.737550000000,0.988600000000),
double3(0.069400000000,0.784700000000,0.179100000000),
double3(0.062050000000,0.832300000000,0.250000000000),
double3(0.129900000000,0.870100000000,0.188700000000),
double3(0.468400000000,0.847150000000,0.043600000000),
double3(0.136950000000,0.952450000000,0.103700000000),
double3(0.077450000000,0.833450000000,0.194100000000),
double3(0.333950000000,0.756000000000,0.987900000000),
double3(0.142550000000,0.998550000000,0.592000000000),
double3(0.121500000000,0.500000000000,0.500000000000),
double3(0.070500000000,0.929550000000,0.554700000000),
double3(0.150900000000,0.946150000000,0.527900000000),
double3(0.201800000000,0.653300000000,0.658700000000),
double3(0.224450000000,0.665950000000,0.565700000000),
double3(0.169200000000,0.584600000000,0.598300000000),
double3(0.068600000000,0.784300000000,0.500600000000),
double3(0.131200000000,0.868750000000,0.488600000000),
double3(0.284700000000,0.569400000000,0.679100000000),
double3(0.229750000000,0.562050000000,0.750000000000),
double3(0.259800000000,0.629900000000,0.688700000000),
double3(0.121250000000,0.968400000000,0.543600000000),
double3(0.184500000000,0.636950000000,0.603700000000),
double3(0.244000000000,0.577450000000,0.694100000000),
double3(0.077950000000,0.833950000000,0.487900000000),
double3(0.144000000000,0.642550000000,0.092000000000),
double3(0.121500000000,0.621500000000,0.000000000000),
double3(0.140950000000,0.570500000000,0.054700000000),
double3(0.204750000000,0.650900000000,0.027900000000),
double3(0.048500000000,0.701800000000,0.158700000000),
double3(0.058500000000,0.724450000000,0.065700000000),
double3(0.084600000000,0.669200000000,0.098300000000),
double3(0.284300000000,0.568600000000,0.000600000000),
double3(0.262450000000,0.631200000000,0.988600000000),
double3(0.215300000000,0.784700000000,0.179100000000),
double3(0.167700000000,0.729750000000,0.250000000000),
double3(0.129900000000,0.759800000000,0.188700000000),
double3(0.152850000000,0.621250000000,0.043600000000),
double3(0.047550000000,0.684500000000,0.103700000000),
double3(0.166550000000,0.744000000000,0.194100000000),
double3(0.244000000000,0.577950000000,0.987900000000),
double3(0.356000000000,0.998550000000,0.908000000000),
double3(0.359050000000,0.929550000000,0.945300000000),
double3(0.295250000000,0.946150000000,0.972100000000),
double3(0.451500000000,0.653300000000,0.841300000000),
double3(0.441500000000,0.665950000000,0.934300000000),
double3(0.415400000000,0.584600000000,0.901700000000),
double3(0.215700000000,0.784300000000,0.999400000000),
double3(0.237550000000,0.868750000000,0.011400000000),
double3(0.284700000000,0.569400000000,0.820900000000),
double3(0.332300000000,0.562050000000,0.750000000000),
double3(0.370100000000,0.629900000000,0.811300000000),
double3(0.347150000000,0.968400000000,0.956400000000),
double3(0.452450000000,0.636950000000,0.896300000000),
double3(0.333450000000,0.577450000000,0.805900000000),
double3(0.256000000000,0.833950000000,0.012100000000),
double3(0.357450000000,0.856000000000,0.408000000000),
double3(0.429500000000,0.859050000000,0.445300000000),
double3(0.349100000000,0.795250000000,0.472100000000),
double3(0.298200000000,0.951500000000,0.341300000000),
double3(0.275550000000,0.941500000000,0.434300000000),
double3(0.330800000000,0.915400000000,0.401700000000),
double3(0.431400000000,0.715700000000,0.499400000000),
double3(0.368800000000,0.737550000000,0.511400000000),
double3(0.215300000000,0.784700000000,0.320900000000),
double3(0.270250000000,0.832300000000,0.250000000000),
double3(0.240200000000,0.870100000000,0.311300000000),
double3(0.378750000000,0.847150000000,0.456400000000),
double3(0.315500000000,0.952450000000,0.396300000000),
double3(0.256000000000,0.833450000000,0.305900000000),
double3(0.422050000000,0.756000000000,0.512100000000),
double3(0.001450000000,0.857450000000,0.908000000000),
double3(0.070450000000,0.929500000000,0.945300000000),
double3(0.053850000000,0.849100000000,0.972100000000),
double3(0.346700000000,0.798200000000,0.841300000000),
double3(0.334050000000,0.775550000000,0.934300000000),
double3(0.415400000000,0.830800000000,0.901700000000),
double3(0.215700000000,0.931400000000,0.999400000000),
double3(0.131250000000,0.868800000000,0.011400000000),
double3(0.430600000000,0.715300000000,0.820900000000),
double3(0.437950000000,0.770250000000,0.750000000000),
double3(0.370100000000,0.740200000000,0.811300000000),
double3(0.031600000000,0.878750000000,0.956400000000),
double3(0.363050000000,0.815500000000,0.896300000000),
double3(0.422550000000,0.756000000000,0.805900000000),
double3(0.166050000000,0.922050000000,0.012100000000),
double3(0.144000000000,0.501450000000,0.408000000000),
double3(0.140950000000,0.570450000000,0.445300000000),
double3(0.204750000000,0.553850000000,0.472100000000),
double3(0.048500000000,0.846700000000,0.341300000000),
double3(0.058500000000,0.834050000000,0.434300000000),
double3(0.084600000000,0.915400000000,0.401700000000),
double3(0.284300000000,0.715700000000,0.499400000000),
double3(0.262450000000,0.631250000000,0.511400000000),
double3(0.215300000000,0.930600000000,0.320900000000),
double3(0.167700000000,0.937950000000,0.250000000000),
double3(0.129900000000,0.870100000000,0.311300000000),
double3(0.152850000000,0.531600000000,0.456400000000),
double3(0.047550000000,0.863050000000,0.396300000000),
double3(0.166550000000,0.922550000000,0.305900000000),
double3(0.244000000000,0.666050000000,0.512100000000),
double3(0.142550000000,0.644000000000,0.908000000000),
double3(0.070500000000,0.640950000000,0.945300000000),
double3(0.150900000000,0.704750000000,0.972100000000),
double3(0.201800000000,0.548500000000,0.841300000000),
double3(0.224450000000,0.558500000000,0.934300000000),
double3(0.169200000000,0.584600000000,0.901700000000),
double3(0.068600000000,0.784300000000,0.999400000000),
double3(0.131200000000,0.762450000000,0.011400000000),
double3(0.284700000000,0.715300000000,0.820900000000),
double3(0.229750000000,0.667700000000,0.750000000000),
double3(0.259800000000,0.629900000000,0.811300000000),
double3(0.121250000000,0.652850000000,0.956400000000),
double3(0.184500000000,0.547550000000,0.896300000000),
double3(0.244000000000,0.666550000000,0.805900000000),
double3(0.077950000000,0.744000000000,0.012100000000),
double3(0.498550000000,0.642550000000,0.408000000000),
double3(0.429550000000,0.570500000000,0.445300000000),
double3(0.446150000000,0.650900000000,0.472100000000),
double3(0.153300000000,0.701800000000,0.341300000000),
double3(0.165950000000,0.724450000000,0.434300000000),
double3(0.084600000000,0.669200000000,0.401700000000),
double3(0.284300000000,0.568600000000,0.499400000000),
double3(0.368750000000,0.631200000000,0.511400000000),
double3(0.069400000000,0.784700000000,0.320900000000),
double3(0.062050000000,0.729750000000,0.250000000000),
double3(0.129900000000,0.759800000000,0.311300000000),
double3(0.468400000000,0.621250000000,0.456400000000),
double3(0.136950000000,0.684500000000,0.396300000000),
double3(0.077450000000,0.744000000000,0.305900000000),
double3(0.333950000000,0.577950000000,0.512100000000),
double3(0.498550000000,0.856000000000,0.408000000000),
double3(0.000000000000,0.878500000000,0.500000000000),
double3(0.446150000000,0.795250000000,0.472100000000),
double3(0.153300000000,0.951500000000,0.341300000000),
double3(0.165950000000,0.941500000000,0.434300000000),
double3(0.468400000000,0.847150000000,0.456400000000),
double3(0.136950000000,0.952450000000,0.396300000000),
double3(0.077450000000,0.833450000000,0.305900000000),
double3(0.333950000000,0.756000000000,0.512100000000),
double3(0.142550000000,0.998550000000,0.908000000000),
double3(0.121500000000,0.500000000000,0.000000000000),
double3(0.150900000000,0.946150000000,0.972100000000),
double3(0.201800000000,0.653300000000,0.841300000000),
double3(0.224450000000,0.665950000000,0.934300000000),
double3(0.121250000000,0.968400000000,0.956400000000),
double3(0.184500000000,0.636950000000,0.896300000000),
double3(0.244000000000,0.577450000000,0.805900000000),
double3(0.077950000000,0.833950000000,0.012100000000),
double3(0.144000000000,0.642550000000,0.408000000000),
double3(0.121500000000,0.621500000000,0.500000000000),
double3(0.204750000000,0.650900000000,0.472100000000),
double3(0.048500000000,0.701800000000,0.341300000000),
double3(0.058500000000,0.724450000000,0.434300000000),
double3(0.152850000000,0.621250000000,0.456400000000),
double3(0.047550000000,0.684500000000,0.396300000000),
double3(0.166550000000,0.744000000000,0.305900000000),
double3(0.244000000000,0.577950000000,0.512100000000),
double3(0.001450000000,0.644000000000,0.908000000000),
double3(0.000000000000,0.621500000000,0.000000000000),
double3(0.053850000000,0.704750000000,0.972100000000),
double3(0.346700000000,0.548500000000,0.841300000000),
double3(0.334050000000,0.558500000000,0.934300000000),
double3(0.031600000000,0.652850000000,0.956400000000),
double3(0.363050000000,0.547550000000,0.896300000000),
double3(0.422550000000,0.666550000000,0.805900000000),
double3(0.166050000000,0.744000000000,0.012100000000),
double3(0.357450000000,0.501450000000,0.408000000000),
double3(0.378500000000,0.500000000000,0.500000000000),
double3(0.349100000000,0.553850000000,0.472100000000),
double3(0.298200000000,0.846700000000,0.341300000000),
double3(0.275550000000,0.834050000000,0.434300000000),
double3(0.378750000000,0.531600000000,0.456400000000),
double3(0.315500000000,0.863050000000,0.396300000000),
double3(0.256000000000,0.922550000000,0.305900000000),
double3(0.422050000000,0.666050000000,0.512100000000),
double3(0.356000000000,0.857450000000,0.908000000000),
double3(0.378500000000,0.878500000000,0.000000000000),
double3(0.295250000000,0.849100000000,0.972100000000),
double3(0.451500000000,0.798200000000,0.841300000000),
double3(0.441500000000,0.775550000000,0.934300000000),
double3(0.347150000000,0.878750000000,0.956400000000),
double3(0.452450000000,0.815500000000,0.896300000000),
double3(0.333450000000,0.756000000000,0.805900000000),
double3(0.256000000000,0.922050000000,0.012100000000),
double3(0.144000000000,0.501450000000,0.092000000000),
double3(0.204750000000,0.553850000000,0.027900000000),
double3(0.048500000000,0.846700000000,0.158700000000),
double3(0.058500000000,0.834050000000,0.065700000000),
double3(0.152850000000,0.531600000000,0.043600000000),
double3(0.047550000000,0.863050000000,0.103700000000),
double3(0.166550000000,0.922550000000,0.194100000000),
double3(0.244000000000,0.666050000000,0.987900000000),
double3(0.142550000000,0.644000000000,0.592000000000),
double3(0.150900000000,0.704750000000,0.527900000000),
double3(0.201800000000,0.548500000000,0.658700000000),
double3(0.224450000000,0.558500000000,0.565700000000),
double3(0.121250000000,0.652850000000,0.543600000000),
double3(0.184500000000,0.547550000000,0.603700000000),
double3(0.244000000000,0.666550000000,0.694100000000),
double3(0.077950000000,0.744000000000,0.487900000000),
double3(0.498550000000,0.642550000000,0.092000000000),
double3(0.446150000000,0.650900000000,0.027900000000),
double3(0.153300000000,0.701800000000,0.158700000000),
double3(0.165950000000,0.724450000000,0.065700000000),
double3(0.468400000000,0.621250000000,0.043600000000),
double3(0.136950000000,0.684500000000,0.103700000000),
double3(0.077450000000,0.744000000000,0.194100000000),
double3(0.333950000000,0.577950000000,0.987900000000),
double3(0.356000000000,0.998550000000,0.592000000000),
double3(0.295250000000,0.946150000000,0.527900000000),
double3(0.451500000000,0.653300000000,0.658700000000),
double3(0.441500000000,0.665950000000,0.565700000000),
double3(0.347150000000,0.968400000000,0.543600000000),
double3(0.452450000000,0.636950000000,0.603700000000),
double3(0.333450000000,0.577450000000,0.694100000000),
double3(0.256000000000,0.833950000000,0.487900000000),
double3(0.357450000000,0.856000000000,0.092000000000),
double3(0.349100000000,0.795250000000,0.027900000000),
double3(0.298200000000,0.951500000000,0.158700000000),
double3(0.275550000000,0.941500000000,0.065700000000),
double3(0.378750000000,0.847150000000,0.043600000000),
double3(0.315500000000,0.952450000000,0.103700000000),
double3(0.256000000000,0.833450000000,0.194100000000),
double3(0.422050000000,0.756000000000,0.987900000000),
double3(0.001450000000,0.857450000000,0.592000000000),
double3(0.053850000000,0.849100000000,0.527900000000),
double3(0.346700000000,0.798200000000,0.658700000000),
double3(0.334050000000,0.775550000000,0.565700000000),
double3(0.031600000000,0.878750000000,0.543600000000),
double3(0.363050000000,0.815500000000,0.603700000000),
double3(0.422550000000,0.756000000000,0.694100000000),
double3(0.166050000000,0.922050000000,0.487900000000),
double3(0.501450000000,0.144000000000,0.592000000000),
double3(0.500000000000,0.121500000000,0.500000000000),
double3(0.570450000000,0.140950000000,0.554700000000),
double3(0.553850000000,0.204750000000,0.527900000000),
double3(0.846700000000,0.048500000000,0.658700000000),
double3(0.834050000000,0.058500000000,0.565700000000),
double3(0.915400000000,0.084600000000,0.598300000000),
double3(0.715700000000,0.284300000000,0.500600000000),
double3(0.631250000000,0.262450000000,0.488600000000),
double3(0.930600000000,0.215300000000,0.679100000000),
double3(0.937950000000,0.167700000000,0.750000000000),
double3(0.870100000000,0.129900000000,0.688700000000),
double3(0.531600000000,0.152850000000,0.543600000000),
double3(0.863050000000,0.047550000000,0.603700000000),
double3(0.922550000000,0.166550000000,0.694100000000),
double3(0.666050000000,0.244000000000,0.487900000000),
double3(0.857450000000,0.001450000000,0.092000000000),
double3(0.878500000000,0.000000000000,0.000000000000),
double3(0.929500000000,0.070450000000,0.054700000000),
double3(0.849100000000,0.053850000000,0.027900000000),
double3(0.798200000000,0.346700000000,0.158700000000),
double3(0.775550000000,0.334050000000,0.065700000000),
double3(0.830800000000,0.415400000000,0.098300000000),
double3(0.931400000000,0.215700000000,0.000600000000),
double3(0.868800000000,0.131250000000,0.988600000000),
double3(0.715300000000,0.430600000000,0.179100000000),
double3(0.770250000000,0.437950000000,0.250000000000),
double3(0.740200000000,0.370100000000,0.188700000000),
double3(0.878750000000,0.031600000000,0.043600000000),
double3(0.815500000000,0.363050000000,0.103700000000),
double3(0.756000000000,0.422550000000,0.194100000000),
double3(0.922050000000,0.166050000000,0.987900000000),
double3(0.856000000000,0.357450000000,0.592000000000),
double3(0.878500000000,0.378500000000,0.500000000000),
double3(0.859050000000,0.429500000000,0.554700000000),
double3(0.795250000000,0.349100000000,0.527900000000),
double3(0.951500000000,0.298200000000,0.658700000000),
double3(0.941500000000,0.275550000000,0.565700000000),
double3(0.915400000000,0.330800000000,0.598300000000),
double3(0.715700000000,0.431400000000,0.500600000000),
double3(0.737550000000,0.368800000000,0.488600000000),
double3(0.784700000000,0.215300000000,0.679100000000),
double3(0.832300000000,0.270250000000,0.750000000000),
double3(0.870100000000,0.240200000000,0.688700000000),
double3(0.847150000000,0.378750000000,0.543600000000),
double3(0.952450000000,0.315500000000,0.603700000000),
double3(0.833450000000,0.256000000000,0.694100000000),
double3(0.756000000000,0.422050000000,0.487900000000),
double3(0.998550000000,0.356000000000,0.092000000000),
double3(0.500000000000,0.378500000000,0.000000000000),
double3(0.929550000000,0.359050000000,0.054700000000),
double3(0.946150000000,0.295250000000,0.027900000000),
double3(0.653300000000,0.451500000000,0.158700000000),
double3(0.665950000000,0.441500000000,0.065700000000),
double3(0.584600000000,0.415400000000,0.098300000000),
double3(0.784300000000,0.215700000000,0.000600000000),
double3(0.868750000000,0.237550000000,0.988600000000),
double3(0.569400000000,0.284700000000,0.179100000000),
double3(0.562050000000,0.332300000000,0.250000000000),
double3(0.629900000000,0.370100000000,0.188700000000),
double3(0.968400000000,0.347150000000,0.043600000000),
double3(0.636950000000,0.452450000000,0.103700000000),
double3(0.577450000000,0.333450000000,0.194100000000),
double3(0.833950000000,0.256000000000,0.987900000000),
double3(0.642550000000,0.498550000000,0.592000000000),
double3(0.621500000000,0.000000000000,0.500000000000),
double3(0.570500000000,0.429550000000,0.554700000000),
double3(0.650900000000,0.446150000000,0.527900000000),
double3(0.701800000000,0.153300000000,0.658700000000),
double3(0.724450000000,0.165950000000,0.565700000000),
double3(0.669200000000,0.084600000000,0.598300000000),
double3(0.568600000000,0.284300000000,0.500600000000),
double3(0.631200000000,0.368750000000,0.488600000000),
double3(0.784700000000,0.069400000000,0.679100000000),
double3(0.729750000000,0.062050000000,0.750000000000),
double3(0.759800000000,0.129900000000,0.688700000000),
double3(0.621250000000,0.468400000000,0.543600000000),
double3(0.684500000000,0.136950000000,0.603700000000),
double3(0.744000000000,0.077450000000,0.694100000000),
double3(0.577950000000,0.333950000000,0.487900000000),
double3(0.644000000000,0.142550000000,0.092000000000),
double3(0.621500000000,0.121500000000,0.000000000000),
double3(0.640950000000,0.070500000000,0.054700000000),
double3(0.704750000000,0.150900000000,0.027900000000),
double3(0.548500000000,0.201800000000,0.158700000000),
double3(0.558500000000,0.224450000000,0.065700000000),
double3(0.584600000000,0.169200000000,0.098300000000),
double3(0.784300000000,0.068600000000,0.000600000000),
double3(0.762450000000,0.131200000000,0.988600000000),
double3(0.715300000000,0.284700000000,0.179100000000),
double3(0.667700000000,0.229750000000,0.250000000000),
double3(0.629900000000,0.259800000000,0.188700000000),
double3(0.652850000000,0.121250000000,0.043600000000),
double3(0.547550000000,0.184500000000,0.103700000000),
double3(0.666550000000,0.244000000000,0.194100000000),
double3(0.744000000000,0.077950000000,0.987900000000),
double3(0.856000000000,0.498550000000,0.908000000000),
double3(0.859050000000,0.429550000000,0.945300000000),
double3(0.795250000000,0.446150000000,0.972100000000),
double3(0.951500000000,0.153300000000,0.841300000000),
double3(0.941500000000,0.165950000000,0.934300000000),
double3(0.915400000000,0.084600000000,0.901700000000),
double3(0.715700000000,0.284300000000,0.999400000000),
double3(0.737550000000,0.368750000000,0.011400000000),
double3(0.784700000000,0.069400000000,0.820900000000),
double3(0.832300000000,0.062050000000,0.750000000000),
double3(0.870100000000,0.129900000000,0.811300000000),
double3(0.847150000000,0.468400000000,0.956400000000),
double3(0.952450000000,0.136950000000,0.896300000000),
double3(0.833450000000,0.077450000000,0.805900000000),
double3(0.756000000000,0.333950000000,0.012100000000),
double3(0.857450000000,0.356000000000,0.408000000000),
double3(0.929500000000,0.359050000000,0.445300000000),
double3(0.849100000000,0.295250000000,0.472100000000),
double3(0.798200000000,0.451500000000,0.341300000000),
double3(0.775550000000,0.441500000000,0.434300000000),
double3(0.830800000000,0.415400000000,0.401700000000),
double3(0.931400000000,0.215700000000,0.499400000000),
double3(0.868800000000,0.237550000000,0.511400000000),
double3(0.715300000000,0.284700000000,0.320900000000),
double3(0.770250000000,0.332300000000,0.250000000000),
double3(0.740200000000,0.370100000000,0.311300000000),
double3(0.878750000000,0.347150000000,0.456400000000),
double3(0.815500000000,0.452450000000,0.396300000000),
double3(0.756000000000,0.333450000000,0.305900000000),
double3(0.922050000000,0.256000000000,0.512100000000),
double3(0.501450000000,0.357450000000,0.908000000000),
double3(0.570450000000,0.429500000000,0.945300000000),
double3(0.553850000000,0.349100000000,0.972100000000),
double3(0.846700000000,0.298200000000,0.841300000000),
double3(0.834050000000,0.275550000000,0.934300000000),
double3(0.915400000000,0.330800000000,0.901700000000),
double3(0.715700000000,0.431400000000,0.999400000000),
double3(0.631250000000,0.368800000000,0.011400000000),
double3(0.930600000000,0.215300000000,0.820900000000),
double3(0.937950000000,0.270250000000,0.750000000000),
double3(0.870100000000,0.240200000000,0.811300000000),
double3(0.531600000000,0.378750000000,0.956400000000),
double3(0.863050000000,0.315500000000,0.896300000000),
double3(0.922550000000,0.256000000000,0.805900000000),
double3(0.666050000000,0.422050000000,0.012100000000),
double3(0.644000000000,0.001450000000,0.408000000000),
double3(0.640950000000,0.070450000000,0.445300000000),
double3(0.704750000000,0.053850000000,0.472100000000),
double3(0.548500000000,0.346700000000,0.341300000000),
double3(0.558500000000,0.334050000000,0.434300000000),
double3(0.584600000000,0.415400000000,0.401700000000),
double3(0.784300000000,0.215700000000,0.499400000000),
double3(0.762450000000,0.131250000000,0.511400000000),
double3(0.715300000000,0.430600000000,0.320900000000),
double3(0.667700000000,0.437950000000,0.250000000000),
double3(0.629900000000,0.370100000000,0.311300000000),
double3(0.652850000000,0.031600000000,0.456400000000),
double3(0.547550000000,0.363050000000,0.396300000000),
double3(0.666550000000,0.422550000000,0.305900000000),
double3(0.744000000000,0.166050000000,0.512100000000),
double3(0.642550000000,0.144000000000,0.908000000000),
double3(0.570500000000,0.140950000000,0.945300000000),
double3(0.650900000000,0.204750000000,0.972100000000),
double3(0.701800000000,0.048500000000,0.841300000000),
double3(0.724450000000,0.058500000000,0.934300000000),
double3(0.669200000000,0.084600000000,0.901700000000),
double3(0.568600000000,0.284300000000,0.999400000000),
double3(0.631200000000,0.262450000000,0.011400000000),
double3(0.784700000000,0.215300000000,0.820900000000),
double3(0.729750000000,0.167700000000,0.750000000000),
double3(0.759800000000,0.129900000000,0.811300000000),
double3(0.621250000000,0.152850000000,0.956400000000),
double3(0.684500000000,0.047550000000,0.896300000000),
double3(0.744000000000,0.166550000000,0.805900000000),
double3(0.577950000000,0.244000000000,0.012100000000),
double3(0.998550000000,0.142550000000,0.408000000000),
double3(0.929550000000,0.070500000000,0.445300000000),
double3(0.946150000000,0.150900000000,0.472100000000),
double3(0.653300000000,0.201800000000,0.341300000000),
double3(0.665950000000,0.224450000000,0.434300000000),
double3(0.584600000000,0.169200000000,0.401700000000),
double3(0.784300000000,0.068600000000,0.499400000000),
double3(0.868750000000,0.131200000000,0.511400000000),
double3(0.569400000000,0.284700000000,0.320900000000),
double3(0.562050000000,0.229750000000,0.250000000000),
double3(0.629900000000,0.259800000000,0.311300000000),
double3(0.968400000000,0.121250000000,0.456400000000),
double3(0.636950000000,0.184500000000,0.396300000000),
double3(0.577450000000,0.244000000000,0.305900000000),
double3(0.833950000000,0.077950000000,0.512100000000),
double3(0.998550000000,0.356000000000,0.408000000000),
double3(0.500000000000,0.378500000000,0.500000000000),
double3(0.946150000000,0.295250000000,0.472100000000),
double3(0.653300000000,0.451500000000,0.341300000000),
double3(0.665950000000,0.441500000000,0.434300000000),
double3(0.968400000000,0.347150000000,0.456400000000),
double3(0.636950000000,0.452450000000,0.396300000000),
double3(0.577450000000,0.333450000000,0.305900000000),
double3(0.833950000000,0.256000000000,0.512100000000),
double3(0.642550000000,0.498550000000,0.908000000000),
double3(0.621500000000,0.000000000000,0.000000000000),
double3(0.650900000000,0.446150000000,0.972100000000),
double3(0.701800000000,0.153300000000,0.841300000000),
double3(0.724450000000,0.165950000000,0.934300000000),
double3(0.621250000000,0.468400000000,0.956400000000),
double3(0.684500000000,0.136950000000,0.896300000000),
double3(0.744000000000,0.077450000000,0.805900000000),
double3(0.577950000000,0.333950000000,0.012100000000),
double3(0.644000000000,0.142550000000,0.408000000000),
double3(0.621500000000,0.121500000000,0.500000000000),
double3(0.704750000000,0.150900000000,0.472100000000),
double3(0.548500000000,0.201800000000,0.341300000000),
double3(0.558500000000,0.224450000000,0.434300000000),
double3(0.652850000000,0.121250000000,0.456400000000),
double3(0.547550000000,0.184500000000,0.396300000000),
double3(0.666550000000,0.244000000000,0.305900000000),
double3(0.744000000000,0.077950000000,0.512100000000),
double3(0.501450000000,0.144000000000,0.908000000000),
double3(0.500000000000,0.121500000000,0.000000000000),
double3(0.553850000000,0.204750000000,0.972100000000),
double3(0.846700000000,0.048500000000,0.841300000000),
double3(0.834050000000,0.058500000000,0.934300000000),
double3(0.531600000000,0.152850000000,0.956400000000),
double3(0.863050000000,0.047550000000,0.896300000000),
double3(0.922550000000,0.166550000000,0.805900000000),
double3(0.666050000000,0.244000000000,0.012100000000),
double3(0.857450000000,0.001450000000,0.408000000000),
double3(0.878500000000,0.000000000000,0.500000000000),
double3(0.849100000000,0.053850000000,0.472100000000),
double3(0.798200000000,0.346700000000,0.341300000000),
double3(0.775550000000,0.334050000000,0.434300000000),
double3(0.878750000000,0.031600000000,0.456400000000),
double3(0.815500000000,0.363050000000,0.396300000000),
double3(0.756000000000,0.422550000000,0.305900000000),
double3(0.922050000000,0.166050000000,0.512100000000),
double3(0.856000000000,0.357450000000,0.908000000000),
double3(0.878500000000,0.378500000000,0.000000000000),
double3(0.795250000000,0.349100000000,0.972100000000),
double3(0.951500000000,0.298200000000,0.841300000000),
double3(0.941500000000,0.275550000000,0.934300000000),
double3(0.847150000000,0.378750000000,0.956400000000),
double3(0.952450000000,0.315500000000,0.896300000000),
double3(0.833450000000,0.256000000000,0.805900000000),
double3(0.756000000000,0.422050000000,0.012100000000),
double3(0.644000000000,0.001450000000,0.092000000000),
double3(0.704750000000,0.053850000000,0.027900000000),
double3(0.548500000000,0.346700000000,0.158700000000),
double3(0.558500000000,0.334050000000,0.065700000000),
double3(0.652850000000,0.031600000000,0.043600000000),
double3(0.547550000000,0.363050000000,0.103700000000),
double3(0.666550000000,0.422550000000,0.194100000000),
double3(0.744000000000,0.166050000000,0.987900000000),
double3(0.642550000000,0.144000000000,0.592000000000),
double3(0.650900000000,0.204750000000,0.527900000000),
double3(0.701800000000,0.048500000000,0.658700000000),
double3(0.724450000000,0.058500000000,0.565700000000),
double3(0.621250000000,0.152850000000,0.543600000000),
double3(0.684500000000,0.047550000000,0.603700000000),
double3(0.744000000000,0.166550000000,0.694100000000),
double3(0.577950000000,0.244000000000,0.487900000000),
double3(0.998550000000,0.142550000000,0.092000000000),
double3(0.946150000000,0.150900000000,0.027900000000),
double3(0.653300000000,0.201800000000,0.158700000000),
double3(0.665950000000,0.224450000000,0.065700000000),
double3(0.968400000000,0.121250000000,0.043600000000),
double3(0.636950000000,0.184500000000,0.103700000000),
double3(0.577450000000,0.244000000000,0.194100000000),
double3(0.833950000000,0.077950000000,0.987900000000),
double3(0.856000000000,0.498550000000,0.592000000000),
double3(0.795250000000,0.446150000000,0.527900000000),
double3(0.951500000000,0.153300000000,0.658700000000),
double3(0.941500000000,0.165950000000,0.565700000000),
double3(0.847150000000,0.468400000000,0.543600000000),
double3(0.952450000000,0.136950000000,0.603700000000),
double3(0.833450000000,0.077450000000,0.694100000000),
double3(0.756000000000,0.333950000000,0.487900000000),
double3(0.857450000000,0.356000000000,0.092000000000),
double3(0.849100000000,0.295250000000,0.027900000000),
double3(0.798200000000,0.451500000000,0.158700000000),
double3(0.775550000000,0.441500000000,0.065700000000),
double3(0.878750000000,0.347150000000,0.043600000000),
double3(0.815500000000,0.452450000000,0.103700000000),
double3(0.756000000000,0.333450000000,0.194100000000),
double3(0.922050000000,0.256000000000,0.987900000000),
double3(0.501450000000,0.357450000000,0.592000000000),
double3(0.553850000000,0.349100000000,0.527900000000),
double3(0.846700000000,0.298200000000,0.658700000000),
double3(0.834050000000,0.275550000000,0.565700000000),
double3(0.531600000000,0.378750000000,0.543600000000),
double3(0.863050000000,0.315500000000,0.603700000000),
double3(0.922550000000,0.256000000000,0.694100000000),
double3(0.666050000000,0.422050000000,0.487900000000),
double3(0.501450000000,0.644000000000,0.592000000000),
double3(0.500000000000,0.621500000000,0.500000000000),
double3(0.570450000000,0.640950000000,0.554700000000),
double3(0.553850000000,0.704750000000,0.527900000000),
double3(0.846700000000,0.548500000000,0.658700000000),
double3(0.834050000000,0.558500000000,0.565700000000),
double3(0.915400000000,0.584600000000,0.598300000000),
double3(0.715700000000,0.784300000000,0.500600000000),
double3(0.631250000000,0.762450000000,0.488600000000),
double3(0.930600000000,0.715300000000,0.679100000000),
double3(0.937950000000,0.667700000000,0.750000000000),
double3(0.870100000000,0.629900000000,0.688700000000),
double3(0.531600000000,0.652850000000,0.543600000000),
double3(0.863050000000,0.547550000000,0.603700000000),
double3(0.922550000000,0.666550000000,0.694100000000),
double3(0.666050000000,0.744000000000,0.487900000000),
double3(0.857450000000,0.501450000000,0.092000000000),
double3(0.878500000000,0.500000000000,0.000000000000),
double3(0.929500000000,0.570450000000,0.054700000000),
double3(0.849100000000,0.553850000000,0.027900000000),
double3(0.798200000000,0.846700000000,0.158700000000),
double3(0.775550000000,0.834050000000,0.065700000000),
double3(0.830800000000,0.915400000000,0.098300000000),
double3(0.931400000000,0.715700000000,0.000600000000),
double3(0.868800000000,0.631250000000,0.988600000000),
double3(0.715300000000,0.930600000000,0.179100000000),
double3(0.770250000000,0.937950000000,0.250000000000),
double3(0.740200000000,0.870100000000,0.188700000000),
double3(0.878750000000,0.531600000000,0.043600000000),
double3(0.815500000000,0.863050000000,0.103700000000),
double3(0.756000000000,0.922550000000,0.194100000000),
double3(0.922050000000,0.666050000000,0.987900000000),
double3(0.856000000000,0.857450000000,0.592000000000),
double3(0.878500000000,0.878500000000,0.500000000000),
double3(0.859050000000,0.929500000000,0.554700000000),
double3(0.795250000000,0.849100000000,0.527900000000),
double3(0.951500000000,0.798200000000,0.658700000000),
double3(0.941500000000,0.775550000000,0.565700000000),
double3(0.915400000000,0.830800000000,0.598300000000),
double3(0.715700000000,0.931400000000,0.500600000000),
double3(0.737550000000,0.868800000000,0.488600000000),
double3(0.784700000000,0.715300000000,0.679100000000),
double3(0.832300000000,0.770250000000,0.750000000000),
double3(0.870100000000,0.740200000000,0.688700000000),
double3(0.847150000000,0.878750000000,0.543600000000),
double3(0.952450000000,0.815500000000,0.603700000000),
double3(0.833450000000,0.756000000000,0.694100000000),
double3(0.756000000000,0.922050000000,0.487900000000),
double3(0.998550000000,0.856000000000,0.092000000000),
double3(0.500000000000,0.878500000000,0.000000000000),
double3(0.929550000000,0.859050000000,0.054700000000),
double3(0.946150000000,0.795250000000,0.027900000000),
double3(0.653300000000,0.951500000000,0.158700000000),
double3(0.665950000000,0.941500000000,0.065700000000),
double3(0.584600000000,0.915400000000,0.098300000000),
double3(0.784300000000,0.715700000000,0.000600000000),
double3(0.868750000000,0.737550000000,0.988600000000),
double3(0.569400000000,0.784700000000,0.179100000000),
double3(0.562050000000,0.832300000000,0.250000000000),
double3(0.629900000000,0.870100000000,0.188700000000),
double3(0.968400000000,0.847150000000,0.043600000000),
double3(0.636950000000,0.952450000000,0.103700000000),
double3(0.577450000000,0.833450000000,0.194100000000),
double3(0.833950000000,0.756000000000,0.987900000000),
double3(0.642550000000,0.998550000000,0.592000000000),
double3(0.621500000000,0.500000000000,0.500000000000),
double3(0.570500000000,0.929550000000,0.554700000000),
double3(0.650900000000,0.946150000000,0.527900000000),
double3(0.701800000000,0.653300000000,0.658700000000),
double3(0.724450000000,0.665950000000,0.565700000000),
double3(0.669200000000,0.584600000000,0.598300000000),
double3(0.568600000000,0.784300000000,0.500600000000),
double3(0.631200000000,0.868750000000,0.488600000000),
double3(0.784700000000,0.569400000000,0.679100000000),
double3(0.729750000000,0.562050000000,0.750000000000),
double3(0.759800000000,0.629900000000,0.688700000000),
double3(0.621250000000,0.968400000000,0.543600000000),
double3(0.684500000000,0.636950000000,0.603700000000),
double3(0.744000000000,0.577450000000,0.694100000000),
double3(0.577950000000,0.833950000000,0.487900000000),
double3(0.644000000000,0.642550000000,0.092000000000),
double3(0.621500000000,0.621500000000,0.000000000000),
double3(0.640950000000,0.570500000000,0.054700000000),
double3(0.704750000000,0.650900000000,0.027900000000),
double3(0.548500000000,0.701800000000,0.158700000000),
double3(0.558500000000,0.724450000000,0.065700000000),
double3(0.584600000000,0.669200000000,0.098300000000),
double3(0.784300000000,0.568600000000,0.000600000000),
double3(0.762450000000,0.631200000000,0.988600000000),
double3(0.715300000000,0.784700000000,0.179100000000),
double3(0.667700000000,0.729750000000,0.250000000000),
double3(0.629900000000,0.759800000000,0.188700000000),
double3(0.652850000000,0.621250000000,0.043600000000),
double3(0.547550000000,0.684500000000,0.103700000000),
double3(0.666550000000,0.744000000000,0.194100000000),
double3(0.744000000000,0.577950000000,0.987900000000),
double3(0.856000000000,0.998550000000,0.908000000000),
double3(0.859050000000,0.929550000000,0.945300000000),
double3(0.795250000000,0.946150000000,0.972100000000),
double3(0.951500000000,0.653300000000,0.841300000000),
double3(0.941500000000,0.665950000000,0.934300000000),
double3(0.915400000000,0.584600000000,0.901700000000),
double3(0.715700000000,0.784300000000,0.999400000000),
double3(0.737550000000,0.868750000000,0.011400000000),
double3(0.784700000000,0.569400000000,0.820900000000),
double3(0.832300000000,0.562050000000,0.750000000000),
double3(0.870100000000,0.629900000000,0.811300000000),
double3(0.847150000000,0.968400000000,0.956400000000),
double3(0.952450000000,0.636950000000,0.896300000000),
double3(0.833450000000,0.577450000000,0.805900000000),
double3(0.756000000000,0.833950000000,0.012100000000),
double3(0.857450000000,0.856000000000,0.408000000000),
double3(0.929500000000,0.859050000000,0.445300000000),
double3(0.849100000000,0.795250000000,0.472100000000),
double3(0.798200000000,0.951500000000,0.341300000000),
double3(0.775550000000,0.941500000000,0.434300000000),
double3(0.830800000000,0.915400000000,0.401700000000),
double3(0.931400000000,0.715700000000,0.499400000000),
double3(0.868800000000,0.737550000000,0.511400000000),
double3(0.715300000000,0.784700000000,0.320900000000),
double3(0.770250000000,0.832300000000,0.250000000000),
double3(0.740200000000,0.870100000000,0.311300000000),
double3(0.878750000000,0.847150000000,0.456400000000),
double3(0.815500000000,0.952450000000,0.396300000000),
double3(0.756000000000,0.833450000000,0.305900000000),
double3(0.922050000000,0.756000000000,0.512100000000),
double3(0.501450000000,0.857450000000,0.908000000000),
double3(0.570450000000,0.929500000000,0.945300000000),
double3(0.553850000000,0.849100000000,0.972100000000),
double3(0.846700000000,0.798200000000,0.841300000000),
double3(0.834050000000,0.775550000000,0.934300000000),
double3(0.915400000000,0.830800000000,0.901700000000),
double3(0.715700000000,0.931400000000,0.999400000000),
double3(0.631250000000,0.868800000000,0.011400000000),
double3(0.930600000000,0.715300000000,0.820900000000),
double3(0.937950000000,0.770250000000,0.750000000000),
double3(0.870100000000,0.740200000000,0.811300000000),
double3(0.531600000000,0.878750000000,0.956400000000),
double3(0.863050000000,0.815500000000,0.896300000000),
double3(0.922550000000,0.756000000000,0.805900000000),
double3(0.666050000000,0.922050000000,0.012100000000),
double3(0.644000000000,0.501450000000,0.408000000000),
double3(0.640950000000,0.570450000000,0.445300000000),
double3(0.704750000000,0.553850000000,0.472100000000),
double3(0.548500000000,0.846700000000,0.341300000000),
double3(0.558500000000,0.834050000000,0.434300000000),
double3(0.584600000000,0.915400000000,0.401700000000),
double3(0.784300000000,0.715700000000,0.499400000000),
double3(0.762450000000,0.631250000000,0.511400000000),
double3(0.715300000000,0.930600000000,0.320900000000),
double3(0.667700000000,0.937950000000,0.250000000000),
double3(0.629900000000,0.870100000000,0.311300000000),
double3(0.652850000000,0.531600000000,0.456400000000),
double3(0.547550000000,0.863050000000,0.396300000000),
double3(0.666550000000,0.922550000000,0.305900000000),
double3(0.744000000000,0.666050000000,0.512100000000),
double3(0.642550000000,0.644000000000,0.908000000000),
double3(0.570500000000,0.640950000000,0.945300000000),
double3(0.650900000000,0.704750000000,0.972100000000),
double3(0.701800000000,0.548500000000,0.841300000000),
double3(0.724450000000,0.558500000000,0.934300000000),
double3(0.669200000000,0.584600000000,0.901700000000),
double3(0.568600000000,0.784300000000,0.999400000000),
double3(0.631200000000,0.762450000000,0.011400000000),
double3(0.784700000000,0.715300000000,0.820900000000),
double3(0.729750000000,0.667700000000,0.750000000000),
double3(0.759800000000,0.629900000000,0.811300000000),
double3(0.621250000000,0.652850000000,0.956400000000),
double3(0.684500000000,0.547550000000,0.896300000000),
double3(0.744000000000,0.666550000000,0.805900000000),
double3(0.577950000000,0.744000000000,0.012100000000),
double3(0.998550000000,0.642550000000,0.408000000000),
double3(0.929550000000,0.570500000000,0.445300000000),
double3(0.946150000000,0.650900000000,0.472100000000),
double3(0.653300000000,0.701800000000,0.341300000000),
double3(0.665950000000,0.724450000000,0.434300000000),
double3(0.584600000000,0.669200000000,0.401700000000),
double3(0.784300000000,0.568600000000,0.499400000000),
double3(0.868750000000,0.631200000000,0.511400000000),
double3(0.569400000000,0.784700000000,0.320900000000),
double3(0.562050000000,0.729750000000,0.250000000000),
double3(0.629900000000,0.759800000000,0.311300000000),
double3(0.968400000000,0.621250000000,0.456400000000),
double3(0.636950000000,0.684500000000,0.396300000000),
double3(0.577450000000,0.744000000000,0.305900000000),
double3(0.833950000000,0.577950000000,0.512100000000),
double3(0.998550000000,0.856000000000,0.408000000000),
double3(0.500000000000,0.878500000000,0.500000000000),
double3(0.946150000000,0.795250000000,0.472100000000),
double3(0.653300000000,0.951500000000,0.341300000000),
double3(0.665950000000,0.941500000000,0.434300000000),
double3(0.968400000000,0.847150000000,0.456400000000),
double3(0.636950000000,0.952450000000,0.396300000000),
double3(0.577450000000,0.833450000000,0.305900000000),
double3(0.833950000000,0.756000000000,0.512100000000),
double3(0.642550000000,0.998550000000,0.908000000000),
double3(0.621500000000,0.500000000000,0.000000000000),
double3(0.650900000000,0.946150000000,0.972100000000),
double3(0.701800000000,0.653300000000,0.841300000000),
double3(0.724450000000,0.665950000000,0.934300000000),
double3(0.621250000000,0.968400000000,0.956400000000),
double3(0.684500000000,0.636950000000,0.896300000000),
double3(0.744000000000,0.577450000000,0.805900000000),
double3(0.577950000000,0.833950000000,0.012100000000),
double3(0.644000000000,0.642550000000,0.408000000000),
double3(0.621500000000,0.621500000000,0.500000000000),
double3(0.704750000000,0.650900000000,0.472100000000),
double3(0.548500000000,0.701800000000,0.341300000000),
double3(0.558500000000,0.724450000000,0.434300000000),
double3(0.652850000000,0.621250000000,0.456400000000),
double3(0.547550000000,0.684500000000,0.396300000000),
double3(0.666550000000,0.744000000000,0.305900000000),
double3(0.744000000000,0.577950000000,0.512100000000),
double3(0.501450000000,0.644000000000,0.908000000000),
double3(0.500000000000,0.621500000000,0.000000000000),
double3(0.553850000000,0.704750000000,0.972100000000),
double3(0.846700000000,0.548500000000,0.841300000000),
double3(0.834050000000,0.558500000000,0.934300000000),
double3(0.531600000000,0.652850000000,0.956400000000),
double3(0.863050000000,0.547550000000,0.896300000000),
double3(0.922550000000,0.666550000000,0.805900000000),
double3(0.666050000000,0.744000000000,0.012100000000),
double3(0.857450000000,0.501450000000,0.408000000000),
double3(0.878500000000,0.500000000000,0.500000000000),
double3(0.849100000000,0.553850000000,0.472100000000),
double3(0.798200000000,0.846700000000,0.341300000000),
double3(0.775550000000,0.834050000000,0.434300000000),
double3(0.878750000000,0.531600000000,0.456400000000),
double3(0.815500000000,0.863050000000,0.396300000000),
double3(0.756000000000,0.922550000000,0.305900000000),
double3(0.922050000000,0.666050000000,0.512100000000),
double3(0.856000000000,0.857450000000,0.908000000000),
double3(0.878500000000,0.878500000000,0.000000000000),
double3(0.795250000000,0.849100000000,0.972100000000),
double3(0.951500000000,0.798200000000,0.841300000000),
double3(0.941500000000,0.775550000000,0.934300000000),
double3(0.847150000000,0.878750000000,0.956400000000),
double3(0.952450000000,0.815500000000,0.896300000000),
double3(0.833450000000,0.756000000000,0.805900000000),
double3(0.756000000000,0.922050000000,0.012100000000),
double3(0.644000000000,0.501450000000,0.092000000000),
double3(0.704750000000,0.553850000000,0.027900000000),
double3(0.548500000000,0.846700000000,0.158700000000),
double3(0.558500000000,0.834050000000,0.065700000000),
double3(0.652850000000,0.531600000000,0.043600000000),
double3(0.547550000000,0.863050000000,0.103700000000),
double3(0.666550000000,0.922550000000,0.194100000000),
double3(0.744000000000,0.666050000000,0.987900000000),
double3(0.642550000000,0.644000000000,0.592000000000),
double3(0.650900000000,0.704750000000,0.527900000000),
double3(0.701800000000,0.548500000000,0.658700000000),
double3(0.724450000000,0.558500000000,0.565700000000),
double3(0.621250000000,0.652850000000,0.543600000000),
double3(0.684500000000,0.547550000000,0.603700000000),
double3(0.744000000000,0.666550000000,0.694100000000),
double3(0.577950000000,0.744000000000,0.487900000000),
double3(0.998550000000,0.642550000000,0.092000000000),
double3(0.946150000000,0.650900000000,0.027900000000),
double3(0.653300000000,0.701800000000,0.158700000000),
double3(0.665950000000,0.724450000000,0.065700000000),
double3(0.968400000000,0.621250000000,0.043600000000),
double3(0.636950000000,0.684500000000,0.103700000000),
double3(0.577450000000,0.744000000000,0.194100000000),
double3(0.833950000000,0.577950000000,0.987900000000),
double3(0.856000000000,0.998550000000,0.592000000000),
double3(0.795250000000,0.946150000000,0.527900000000),
double3(0.951500000000,0.653300000000,0.658700000000),
double3(0.941500000000,0.665950000000,0.565700000000),
double3(0.847150000000,0.968400000000,0.543600000000),
double3(0.952450000000,0.636950000000,0.603700000000),
double3(0.833450000000,0.577450000000,0.694100000000),
double3(0.756000000000,0.833950000000,0.487900000000),
double3(0.857450000000,0.856000000000,0.092000000000),
double3(0.849100000000,0.795250000000,0.027900000000),
double3(0.798200000000,0.951500000000,0.158700000000),
double3(0.775550000000,0.941500000000,0.065700000000),
double3(0.878750000000,0.847150000000,0.043600000000),
double3(0.815500000000,0.952450000000,0.103700000000),
double3(0.756000000000,0.833450000000,0.194100000000),
double3(0.922050000000,0.756000000000,0.987900000000),
double3(0.501450000000,0.857450000000,0.592000000000),
double3(0.553850000000,0.849100000000,0.527900000000),
double3(0.846700000000,0.798200000000,0.658700000000),
double3(0.834050000000,0.775550000000,0.565700000000),
double3(0.531600000000,0.878750000000,0.543600000000),
double3(0.863050000000,0.815500000000,0.603700000000),
double3(0.922550000000,0.756000000000,0.694100000000),
double3(0.666050000000,0.922050000000,0.487900000000),
