[double3(11.457000000000,0.000000000000,0.000000000000),double3(0.000000000000,5.255000000000,0.000000000000),double3(-2.660590272430,0.000000000000,13.738751595478)]

double3(0.094900000000,0.050000000000,0.152000000000),
double3(0.101866666667,0.100000000000,0.072750000000),
double3(0.036233333333,0.050000000000,0.076800000000),
double3(0.122466666667,0.050000000000,0.247000000000),
double3(0.159733333333,0.000000000000,0.187850000000),
double3(0.115833333333,0.050000000000,0.339700000000),
double3(0.218800000000,0.050000000000,0.004050000000),
double3(0.164666666667,0.050000000000,0.424250000000),
double3(0.097166666667,0.100020000000,0.413250000000),
double3(0.291900000000,0.050000000000,0.054500000000),
double3(0.000000000000,0.000000000000,0.000000000000),
double3(0.083733333333,0.050000000000,0.093450000000),
double3(0.134133333333,0.050000000000,0.193900000000),
double3(0.146233333333,0.050000000000,0.302450000000),
double3(0.211566666667,0.050000000000,0.445500000000),
double3(0.118800000000,0.050000000000,0.397850000000),
double3(0.245666666667,0.050000000000,0.057800000000),
double3(0.331933333333,0.050000000000,0.032650000000),
double3(0.238433333333,0.150000000000,0.348000000000),
double3(0.231466666667,0.000000000000,0.427250000000),
double3(0.297100000000,0.150000000000,0.423200000000),
double3(0.210866666667,0.150000000000,0.253000000000),
double3(0.173600000000,0.100000000000,0.312150000000),
double3(0.217500000000,0.150000000000,0.160300000000),
double3(0.114533333333,0.150000000000,0.495950000000),
double3(0.168666666667,0.150000000000,0.075750000000),
double3(0.236166666667,0.000020000000,0.086750000000),
double3(0.041433333333,0.150000000000,0.445500000000),
double3(0.000000000000,0.100000000000,0.000000000000),
double3(0.249600000000,0.150000000000,0.406550000000),
double3(0.199200000000,0.150000000000,0.306100000000),
double3(0.187100000000,0.150000000000,0.197550000000),
double3(0.121766666667,0.150000000000,0.054500000000),
double3(0.214533333333,0.150000000000,0.102150000000),
double3(0.087666666667,0.150000000000,0.442200000000),
double3(0.001400000000,0.150000000000,0.467350000000),
double3(0.231466666667,0.100000000000,0.427250000000),
double3(0.173600000000,0.000000000000,0.312150000000),
double3(0.236166666667,0.099980000000,0.086750000000),
double3(0.101866666667,0.000000000000,0.072750000000),
double3(0.159733333333,0.100000000000,0.187850000000),
double3(0.097166666667,0.199980000000,0.413250000000),
double3(0.094900000000,0.050000000000,0.652000000000),
double3(0.101866666667,0.100000000000,0.572750000000),
double3(0.036233333333,0.050000000000,0.576800000000),
double3(0.122466666667,0.050000000000,0.747000000000),
double3(0.159733333333,0.000000000000,0.687850000000),
double3(0.115833333333,0.050000000000,0.839700000000),
double3(0.218800000000,0.050000000000,0.504050000000),
double3(0.164666666667,0.050000000000,0.924250000000),
double3(0.097166666667,0.100020000000,0.913250000000),
double3(0.291900000000,0.050000000000,0.554500000000),
double3(0.000000000000,0.000000000000,0.500000000000),
double3(0.083733333333,0.050000000000,0.593450000000),
double3(0.134133333333,0.050000000000,0.693900000000),
double3(0.146233333333,0.050000000000,0.802450000000),
double3(0.211566666667,0.050000000000,0.945500000000),
double3(0.118800000000,0.050000000000,0.897850000000),
double3(0.245666666667,0.050000000000,0.557800000000),
double3(0.331933333333,0.050000000000,0.532650000000),
double3(0.238433333333,0.150000000000,0.848000000000),
double3(0.231466666667,0.000000000000,0.927250000000),
double3(0.297100000000,0.150000000000,0.923200000000),
double3(0.210866666667,0.150000000000,0.753000000000),
double3(0.173600000000,0.100000000000,0.812150000000),
double3(0.217500000000,0.150000000000,0.660300000000),
double3(0.114533333333,0.150000000000,0.995950000000),
double3(0.168666666667,0.150000000000,0.575750000000),
double3(0.236166666667,0.000020000000,0.586750000000),
double3(0.041433333333,0.150000000000,0.945500000000),
double3(0.000000000000,0.100000000000,0.500000000000),
double3(0.249600000000,0.150000000000,0.906550000000),
double3(0.199200000000,0.150000000000,0.806100000000),
double3(0.187100000000,0.150000000000,0.697550000000),
double3(0.121766666667,0.150000000000,0.554500000000),
double3(0.214533333333,0.150000000000,0.602150000000),
double3(0.087666666667,0.150000000000,0.942200000000),
double3(0.001400000000,0.150000000000,0.967350000000),
double3(0.231466666667,0.100000000000,0.927250000000),
double3(0.173600000000,0.000000000000,0.812150000000),
double3(0.236166666667,0.099980000000,0.586750000000),
double3(0.101866666667,0.000000000000,0.572750000000),
double3(0.159733333333,0.100000000000,0.687850000000),
double3(0.097166666667,0.199980000000,0.913250000000),
double3(0.094900000000,0.250000000000,0.152000000000),
double3(0.101866666667,0.300000000000,0.072750000000),
double3(0.036233333333,0.250000000000,0.076800000000),
double3(0.122466666667,0.250000000000,0.247000000000),
double3(0.159733333333,0.200000000000,0.187850000000),
double3(0.115833333333,0.250000000000,0.339700000000),
double3(0.218800000000,0.250000000000,0.004050000000),
double3(0.164666666667,0.250000000000,0.424250000000),
double3(0.097166666667,0.300020000000,0.413250000000),
double3(0.291900000000,0.250000000000,0.054500000000),
double3(0.000000000000,0.200000000000,0.000000000000),
double3(0.083733333333,0.250000000000,0.093450000000),
double3(0.134133333333,0.250000000000,0.193900000000),
double3(0.146233333333,0.250000000000,0.302450000000),
double3(0.211566666667,0.250000000000,0.445500000000),
double3(0.118800000000,0.250000000000,0.397850000000),
double3(0.245666666667,0.250000000000,0.057800000000),
double3(0.331933333333,0.250000000000,0.032650000000),
double3(0.238433333333,0.350000000000,0.348000000000),
double3(0.231466666667,0.200000000000,0.427250000000),
double3(0.297100000000,0.350000000000,0.423200000000),
double3(0.210866666667,0.350000000000,0.253000000000),
double3(0.173600000000,0.300000000000,0.312150000000),
double3(0.217500000000,0.350000000000,0.160300000000),
double3(0.114533333333,0.350000000000,0.495950000000),
double3(0.168666666667,0.350000000000,0.075750000000),
double3(0.236166666667,0.200020000000,0.086750000000),
double3(0.041433333333,0.350000000000,0.445500000000),
double3(0.000000000000,0.300000000000,0.000000000000),
double3(0.249600000000,0.350000000000,0.406550000000),
double3(0.199200000000,0.350000000000,0.306100000000),
double3(0.187100000000,0.350000000000,0.197550000000),
double3(0.121766666667,0.350000000000,0.054500000000),
double3(0.214533333333,0.350000000000,0.102150000000),
double3(0.087666666667,0.350000000000,0.442200000000),
double3(0.001400000000,0.350000000000,0.467350000000),
double3(0.231466666667,0.300000000000,0.427250000000),
double3(0.173600000000,0.200000000000,0.312150000000),
double3(0.236166666667,0.299980000000,0.086750000000),
double3(0.101866666667,0.200000000000,0.072750000000),
double3(0.159733333333,0.300000000000,0.187850000000),
double3(0.097166666667,0.399980000000,0.413250000000),
double3(0.094900000000,0.250000000000,0.652000000000),
double3(0.101866666667,0.300000000000,0.572750000000),
double3(0.036233333333,0.250000000000,0.576800000000),
double3(0.122466666667,0.250000000000,0.747000000000),
double3(0.159733333333,0.200000000000,0.687850000000),
double3(0.115833333333,0.250000000000,0.839700000000),
double3(0.218800000000,0.250000000000,0.504050000000),
double3(0.164666666667,0.250000000000,0.924250000000),
double3(0.097166666667,0.300020000000,0.913250000000),
double3(0.291900000000,0.250000000000,0.554500000000),
double3(0.000000000000,0.200000000000,0.500000000000),
double3(0.083733333333,0.250000000000,0.593450000000),
double3(0.134133333333,0.250000000000,0.693900000000),
double3(0.146233333333,0.250000000000,0.802450000000),
double3(0.211566666667,0.250000000000,0.945500000000),
double3(0.118800000000,0.250000000000,0.897850000000),
double3(0.245666666667,0.250000000000,0.557800000000),
double3(0.331933333333,0.250000000000,0.532650000000),
double3(0.238433333333,0.350000000000,0.848000000000),
double3(0.231466666667,0.200000000000,0.927250000000),
double3(0.297100000000,0.350000000000,0.923200000000),
double3(0.210866666667,0.350000000000,0.753000000000),
double3(0.173600000000,0.300000000000,0.812150000000),
double3(0.217500000000,0.350000000000,0.660300000000),
double3(0.114533333333,0.350000000000,0.995950000000),
double3(0.168666666667,0.350000000000,0.575750000000),
double3(0.236166666667,0.200020000000,0.586750000000),
double3(0.041433333333,0.350000000000,0.945500000000),
double3(0.000000000000,0.300000000000,0.500000000000),
double3(0.249600000000,0.350000000000,0.906550000000),
double3(0.199200000000,0.350000000000,0.806100000000),
double3(0.187100000000,0.350000000000,0.697550000000),
double3(0.121766666667,0.350000000000,0.554500000000),
double3(0.214533333333,0.350000000000,0.602150000000),
double3(0.087666666667,0.350000000000,0.942200000000),
double3(0.001400000000,0.350000000000,0.967350000000),
double3(0.231466666667,0.300000000000,0.927250000000),
double3(0.173600000000,0.200000000000,0.812150000000),
double3(0.236166666667,0.299980000000,0.586750000000),
double3(0.101866666667,0.200000000000,0.572750000000),
double3(0.159733333333,0.300000000000,0.687850000000),
double3(0.097166666667,0.399980000000,0.913250000000),
double3(0.094900000000,0.450000000000,0.152000000000),
double3(0.101866666667,0.500000000000,0.072750000000),
double3(0.036233333333,0.450000000000,0.076800000000),
double3(0.122466666667,0.450000000000,0.247000000000),
double3(0.159733333333,0.400000000000,0.187850000000),
double3(0.115833333333,0.450000000000,0.339700000000),
double3(0.218800000000,0.450000000000,0.004050000000),
double3(0.164666666667,0.450000000000,0.424250000000),
double3(0.097166666667,0.500020000000,0.413250000000),
double3(0.291900000000,0.450000000000,0.054500000000),
double3(0.000000000000,0.400000000000,0.000000000000),
double3(0.083733333333,0.450000000000,0.093450000000),
double3(0.134133333333,0.450000000000,0.193900000000),
double3(0.146233333333,0.450000000000,0.302450000000),
double3(0.211566666667,0.450000000000,0.445500000000),
double3(0.118800000000,0.450000000000,0.397850000000),
double3(0.245666666667,0.450000000000,0.057800000000),
double3(0.331933333333,0.450000000000,0.032650000000),
double3(0.238433333333,0.550000000000,0.348000000000),
double3(0.231466666667,0.400000000000,0.427250000000),
double3(0.297100000000,0.550000000000,0.423200000000),
double3(0.210866666667,0.550000000000,0.253000000000),
double3(0.173600000000,0.500000000000,0.312150000000),
double3(0.217500000000,0.550000000000,0.160300000000),
double3(0.114533333333,0.550000000000,0.495950000000),
double3(0.168666666667,0.550000000000,0.075750000000),
double3(0.236166666667,0.400020000000,0.086750000000),
double3(0.041433333333,0.550000000000,0.445500000000),
double3(0.000000000000,0.500000000000,0.000000000000),
double3(0.249600000000,0.550000000000,0.406550000000),
double3(0.199200000000,0.550000000000,0.306100000000),
double3(0.187100000000,0.550000000000,0.197550000000),
double3(0.121766666667,0.550000000000,0.054500000000),
double3(0.214533333333,0.550000000000,0.102150000000),
double3(0.087666666667,0.550000000000,0.442200000000),
double3(0.001400000000,0.550000000000,0.467350000000),
double3(0.231466666667,0.500000000000,0.427250000000),
double3(0.173600000000,0.400000000000,0.312150000000),
double3(0.236166666667,0.499980000000,0.086750000000),
double3(0.101866666667,0.400000000000,0.072750000000),
double3(0.159733333333,0.500000000000,0.187850000000),
double3(0.097166666667,0.599980000000,0.413250000000),
double3(0.094900000000,0.450000000000,0.652000000000),
double3(0.101866666667,0.500000000000,0.572750000000),
double3(0.036233333333,0.450000000000,0.576800000000),
double3(0.122466666667,0.450000000000,0.747000000000),
double3(0.159733333333,0.400000000000,0.687850000000),
double3(0.115833333333,0.450000000000,0.839700000000),
double3(0.218800000000,0.450000000000,0.504050000000),
double3(0.164666666667,0.450000000000,0.924250000000),
double3(0.097166666667,0.500020000000,0.913250000000),
double3(0.291900000000,0.450000000000,0.554500000000),
double3(0.000000000000,0.400000000000,0.500000000000),
double3(0.083733333333,0.450000000000,0.593450000000),
double3(0.134133333333,0.450000000000,0.693900000000),
double3(0.146233333333,0.450000000000,0.802450000000),
double3(0.211566666667,0.450000000000,0.945500000000),
double3(0.118800000000,0.450000000000,0.897850000000),
double3(0.245666666667,0.450000000000,0.557800000000),
double3(0.331933333333,0.450000000000,0.532650000000),
double3(0.238433333333,0.550000000000,0.848000000000),
double3(0.231466666667,0.400000000000,0.927250000000),
double3(0.297100000000,0.550000000000,0.923200000000),
double3(0.210866666667,0.550000000000,0.753000000000),
double3(0.173600000000,0.500000000000,0.812150000000),
double3(0.217500000000,0.550000000000,0.660300000000),
double3(0.114533333333,0.550000000000,0.995950000000),
double3(0.168666666667,0.550000000000,0.575750000000),
double3(0.236166666667,0.400020000000,0.586750000000),
double3(0.041433333333,0.550000000000,0.945500000000),
double3(0.000000000000,0.500000000000,0.500000000000),
double3(0.249600000000,0.550000000000,0.906550000000),
double3(0.199200000000,0.550000000000,0.806100000000),
double3(0.187100000000,0.550000000000,0.697550000000),
double3(0.121766666667,0.550000000000,0.554500000000),
double3(0.214533333333,0.550000000000,0.602150000000),
double3(0.087666666667,0.550000000000,0.942200000000),
double3(0.001400000000,0.550000000000,0.967350000000),
double3(0.231466666667,0.500000000000,0.927250000000),
double3(0.173600000000,0.400000000000,0.812150000000),
double3(0.236166666667,0.499980000000,0.586750000000),
double3(0.101866666667,0.400000000000,0.572750000000),
double3(0.159733333333,0.500000000000,0.687850000000),
double3(0.097166666667,0.599980000000,0.913250000000),
double3(0.094900000000,0.650000000000,0.152000000000),
double3(0.101866666667,0.700000000000,0.072750000000),
double3(0.036233333333,0.650000000000,0.076800000000),
double3(0.122466666667,0.650000000000,0.247000000000),
double3(0.159733333333,0.600000000000,0.187850000000),
double3(0.115833333333,0.650000000000,0.339700000000),
double3(0.218800000000,0.650000000000,0.004050000000),
double3(0.164666666667,0.650000000000,0.424250000000),
double3(0.097166666667,0.700020000000,0.413250000000),
double3(0.291900000000,0.650000000000,0.054500000000),
double3(0.000000000000,0.600000000000,0.000000000000),
double3(0.083733333333,0.650000000000,0.093450000000),
double3(0.134133333333,0.650000000000,0.193900000000),
double3(0.146233333333,0.650000000000,0.302450000000),
double3(0.211566666667,0.650000000000,0.445500000000),
double3(0.118800000000,0.650000000000,0.397850000000),
double3(0.245666666667,0.650000000000,0.057800000000),
double3(0.331933333333,0.650000000000,0.032650000000),
double3(0.238433333333,0.750000000000,0.348000000000),
double3(0.231466666667,0.600000000000,0.427250000000),
double3(0.297100000000,0.750000000000,0.423200000000),
double3(0.210866666667,0.750000000000,0.253000000000),
double3(0.173600000000,0.700000000000,0.312150000000),
double3(0.217500000000,0.750000000000,0.160300000000),
double3(0.114533333333,0.750000000000,0.495950000000),
double3(0.168666666667,0.750000000000,0.075750000000),
double3(0.236166666667,0.600020000000,0.086750000000),
double3(0.041433333333,0.750000000000,0.445500000000),
double3(0.000000000000,0.700000000000,0.000000000000),
double3(0.249600000000,0.750000000000,0.406550000000),
double3(0.199200000000,0.750000000000,0.306100000000),
double3(0.187100000000,0.750000000000,0.197550000000),
double3(0.121766666667,0.750000000000,0.054500000000),
double3(0.214533333333,0.750000000000,0.102150000000),
double3(0.087666666667,0.750000000000,0.442200000000),
double3(0.001400000000,0.750000000000,0.467350000000),
double3(0.231466666667,0.700000000000,0.427250000000),
double3(0.173600000000,0.600000000000,0.312150000000),
double3(0.236166666667,0.699980000000,0.086750000000),
double3(0.101866666667,0.600000000000,0.072750000000),
double3(0.159733333333,0.700000000000,0.187850000000),
double3(0.097166666667,0.799980000000,0.413250000000),
double3(0.094900000000,0.650000000000,0.652000000000),
double3(0.101866666667,0.700000000000,0.572750000000),
double3(0.036233333333,0.650000000000,0.576800000000),
double3(0.122466666667,0.650000000000,0.747000000000),
double3(0.159733333333,0.600000000000,0.687850000000),
double3(0.115833333333,0.650000000000,0.839700000000),
double3(0.218800000000,0.650000000000,0.504050000000),
double3(0.164666666667,0.650000000000,0.924250000000),
double3(0.097166666667,0.700020000000,0.913250000000),
double3(0.291900000000,0.650000000000,0.554500000000),
double3(0.000000000000,0.600000000000,0.500000000000),
double3(0.083733333333,0.650000000000,0.593450000000),
double3(0.134133333333,0.650000000000,0.693900000000),
double3(0.146233333333,0.650000000000,0.802450000000),
double3(0.211566666667,0.650000000000,0.945500000000),
double3(0.118800000000,0.650000000000,0.897850000000),
double3(0.245666666667,0.650000000000,0.557800000000),
double3(0.331933333333,0.650000000000,0.532650000000),
double3(0.238433333333,0.750000000000,0.848000000000),
double3(0.231466666667,0.600000000000,0.927250000000),
double3(0.297100000000,0.750000000000,0.923200000000),
double3(0.210866666667,0.750000000000,0.753000000000),
double3(0.173600000000,0.700000000000,0.812150000000),
double3(0.217500000000,0.750000000000,0.660300000000),
double3(0.114533333333,0.750000000000,0.995950000000),
double3(0.168666666667,0.750000000000,0.575750000000),
double3(0.236166666667,0.600020000000,0.586750000000),
double3(0.041433333333,0.750000000000,0.945500000000),
double3(0.000000000000,0.700000000000,0.500000000000),
double3(0.249600000000,0.750000000000,0.906550000000),
double3(0.199200000000,0.750000000000,0.806100000000),
double3(0.187100000000,0.750000000000,0.697550000000),
double3(0.121766666667,0.750000000000,0.554500000000),
double3(0.214533333333,0.750000000000,0.602150000000),
double3(0.087666666667,0.750000000000,0.942200000000),
double3(0.001400000000,0.750000000000,0.967350000000),
double3(0.231466666667,0.700000000000,0.927250000000),
double3(0.173600000000,0.600000000000,0.812150000000),
double3(0.236166666667,0.699980000000,0.586750000000),
double3(0.101866666667,0.600000000000,0.572750000000),
double3(0.159733333333,0.700000000000,0.687850000000),
double3(0.097166666667,0.799980000000,0.913250000000),
double3(0.094900000000,0.850000000000,0.152000000000),
double3(0.101866666667,0.900000000000,0.072750000000),
double3(0.036233333333,0.850000000000,0.076800000000),
double3(0.122466666667,0.850000000000,0.247000000000),
double3(0.159733333333,0.800000000000,0.187850000000),
double3(0.115833333333,0.850000000000,0.339700000000),
double3(0.218800000000,0.850000000000,0.004050000000),
double3(0.164666666667,0.850000000000,0.424250000000),
double3(0.097166666667,0.900020000000,0.413250000000),
double3(0.291900000000,0.850000000000,0.054500000000),
double3(0.000000000000,0.800000000000,0.000000000000),
double3(0.083733333333,0.850000000000,0.093450000000),
double3(0.134133333333,0.850000000000,0.193900000000),
double3(0.146233333333,0.850000000000,0.302450000000),
double3(0.211566666667,0.850000000000,0.445500000000),
double3(0.118800000000,0.850000000000,0.397850000000),
double3(0.245666666667,0.850000000000,0.057800000000),
double3(0.331933333333,0.850000000000,0.032650000000),
double3(0.238433333333,0.950000000000,0.348000000000),
double3(0.231466666667,0.800000000000,0.427250000000),
double3(0.297100000000,0.950000000000,0.423200000000),
double3(0.210866666667,0.950000000000,0.253000000000),
double3(0.173600000000,0.900000000000,0.312150000000),
double3(0.217500000000,0.950000000000,0.160300000000),
double3(0.114533333333,0.950000000000,0.495950000000),
double3(0.168666666667,0.950000000000,0.075750000000),
double3(0.236166666667,0.800020000000,0.086750000000),
double3(0.041433333333,0.950000000000,0.445500000000),
double3(0.000000000000,0.900000000000,0.000000000000),
double3(0.249600000000,0.950000000000,0.406550000000),
double3(0.199200000000,0.950000000000,0.306100000000),
double3(0.187100000000,0.950000000000,0.197550000000),
double3(0.121766666667,0.950000000000,0.054500000000),
double3(0.214533333333,0.950000000000,0.102150000000),
double3(0.087666666667,0.950000000000,0.442200000000),
double3(0.001400000000,0.950000000000,0.467350000000),
double3(0.231466666667,0.900000000000,0.427250000000),
double3(0.173600000000,0.800000000000,0.312150000000),
double3(0.236166666667,0.899980000000,0.086750000000),
double3(0.101866666667,0.800000000000,0.072750000000),
double3(0.159733333333,0.900000000000,0.187850000000),
double3(0.097166666667,0.999980000000,0.413250000000),
double3(0.094900000000,0.850000000000,0.652000000000),
double3(0.101866666667,0.900000000000,0.572750000000),
double3(0.036233333333,0.850000000000,0.576800000000),
double3(0.122466666667,0.850000000000,0.747000000000),
double3(0.159733333333,0.800000000000,0.687850000000),
double3(0.115833333333,0.850000000000,0.839700000000),
double3(0.218800000000,0.850000000000,0.504050000000),
double3(0.164666666667,0.850000000000,0.924250000000),
double3(0.097166666667,0.900020000000,0.913250000000),
double3(0.291900000000,0.850000000000,0.554500000000),
double3(0.000000000000,0.800000000000,0.500000000000),
double3(0.083733333333,0.850000000000,0.593450000000),
double3(0.134133333333,0.850000000000,0.693900000000),
double3(0.146233333333,0.850000000000,0.802450000000),
double3(0.211566666667,0.850000000000,0.945500000000),
double3(0.118800000000,0.850000000000,0.897850000000),
double3(0.245666666667,0.850000000000,0.557800000000),
double3(0.331933333333,0.850000000000,0.532650000000),
double3(0.238433333333,0.950000000000,0.848000000000),
double3(0.231466666667,0.800000000000,0.927250000000),
double3(0.297100000000,0.950000000000,0.923200000000),
double3(0.210866666667,0.950000000000,0.753000000000),
double3(0.173600000000,0.900000000000,0.812150000000),
double3(0.217500000000,0.950000000000,0.660300000000),
double3(0.114533333333,0.950000000000,0.995950000000),
double3(0.168666666667,0.950000000000,0.575750000000),
double3(0.236166666667,0.800020000000,0.586750000000),
double3(0.041433333333,0.950000000000,0.945500000000),
double3(0.000000000000,0.900000000000,0.500000000000),
double3(0.249600000000,0.950000000000,0.906550000000),
double3(0.199200000000,0.950000000000,0.806100000000),
double3(0.187100000000,0.950000000000,0.697550000000),
double3(0.121766666667,0.950000000000,0.554500000000),
double3(0.214533333333,0.950000000000,0.602150000000),
double3(0.087666666667,0.950000000000,0.942200000000),
double3(0.001400000000,0.950000000000,0.967350000000),
double3(0.231466666667,0.900000000000,0.927250000000),
double3(0.173600000000,0.800000000000,0.812150000000),
double3(0.236166666667,0.899980000000,0.586750000000),
double3(0.101866666667,0.800000000000,0.572750000000),
double3(0.159733333333,0.900000000000,0.687850000000),
double3(0.097166666667,0.999980000000,0.913250000000),
double3(0.428233333333,0.050000000000,0.152000000000),
double3(0.435200000000,0.100000000000,0.072750000000),
double3(0.369566666667,0.050000000000,0.076800000000),
double3(0.455800000000,0.050000000000,0.247000000000),
double3(0.493066666667,0.000000000000,0.187850000000),
double3(0.449166666667,0.050000000000,0.339700000000),
double3(0.552133333333,0.050000000000,0.004050000000),
double3(0.498000000000,0.050000000000,0.424250000000),
double3(0.430500000000,0.100020000000,0.413250000000),
double3(0.625233333333,0.050000000000,0.054500000000),
double3(0.333333333333,0.000000000000,0.000000000000),
double3(0.417066666667,0.050000000000,0.093450000000),
double3(0.467466666667,0.050000000000,0.193900000000),
double3(0.479566666667,0.050000000000,0.302450000000),
double3(0.544900000000,0.050000000000,0.445500000000),
double3(0.452133333333,0.050000000000,0.397850000000),
double3(0.579000000000,0.050000000000,0.057800000000),
double3(0.665266666667,0.050000000000,0.032650000000),
double3(0.571766666667,0.150000000000,0.348000000000),
double3(0.564800000000,0.000000000000,0.427250000000),
double3(0.630433333333,0.150000000000,0.423200000000),
double3(0.544200000000,0.150000000000,0.253000000000),
double3(0.506933333333,0.100000000000,0.312150000000),
double3(0.550833333333,0.150000000000,0.160300000000),
double3(0.447866666667,0.150000000000,0.495950000000),
double3(0.502000000000,0.150000000000,0.075750000000),
double3(0.569500000000,0.000020000000,0.086750000000),
double3(0.374766666667,0.150000000000,0.445500000000),
double3(0.333333333333,0.100000000000,0.000000000000),
double3(0.582933333333,0.150000000000,0.406550000000),
double3(0.532533333333,0.150000000000,0.306100000000),
double3(0.520433333333,0.150000000000,0.197550000000),
double3(0.455100000000,0.150000000000,0.054500000000),
double3(0.547866666667,0.150000000000,0.102150000000),
double3(0.421000000000,0.150000000000,0.442200000000),
double3(0.334733333333,0.150000000000,0.467350000000),
double3(0.564800000000,0.100000000000,0.427250000000),
double3(0.506933333333,0.000000000000,0.312150000000),
double3(0.569500000000,0.099980000000,0.086750000000),
double3(0.435200000000,0.000000000000,0.072750000000),
double3(0.493066666667,0.100000000000,0.187850000000),
double3(0.430500000000,0.199980000000,0.413250000000),
double3(0.428233333333,0.050000000000,0.652000000000),
double3(0.435200000000,0.100000000000,0.572750000000),
double3(0.369566666667,0.050000000000,0.576800000000),
double3(0.455800000000,0.050000000000,0.747000000000),
double3(0.493066666667,0.000000000000,0.687850000000),
double3(0.449166666667,0.050000000000,0.839700000000),
double3(0.552133333333,0.050000000000,0.504050000000),
double3(0.498000000000,0.050000000000,0.924250000000),
double3(0.430500000000,0.100020000000,0.913250000000),
double3(0.625233333333,0.050000000000,0.554500000000),
double3(0.333333333333,0.000000000000,0.500000000000),
double3(0.417066666667,0.050000000000,0.593450000000),
double3(0.467466666667,0.050000000000,0.693900000000),
double3(0.479566666667,0.050000000000,0.802450000000),
double3(0.544900000000,0.050000000000,0.945500000000),
double3(0.452133333333,0.050000000000,0.897850000000),
double3(0.579000000000,0.050000000000,0.557800000000),
double3(0.665266666667,0.050000000000,0.532650000000),
double3(0.571766666667,0.150000000000,0.848000000000),
double3(0.564800000000,0.000000000000,0.927250000000),
double3(0.630433333333,0.150000000000,0.923200000000),
double3(0.544200000000,0.150000000000,0.753000000000),
double3(0.506933333333,0.100000000000,0.812150000000),
double3(0.550833333333,0.150000000000,0.660300000000),
double3(0.447866666667,0.150000000000,0.995950000000),
double3(0.502000000000,0.150000000000,0.575750000000),
double3(0.569500000000,0.000020000000,0.586750000000),
double3(0.374766666667,0.150000000000,0.945500000000),
double3(0.333333333333,0.100000000000,0.500000000000),
double3(0.582933333333,0.150000000000,0.906550000000),
double3(0.532533333333,0.150000000000,0.806100000000),
double3(0.520433333333,0.150000000000,0.697550000000),
double3(0.455100000000,0.150000000000,0.554500000000),
double3(0.547866666667,0.150000000000,0.602150000000),
double3(0.421000000000,0.150000000000,0.942200000000),
double3(0.334733333333,0.150000000000,0.967350000000),
double3(0.564800000000,0.100000000000,0.927250000000),
double3(0.506933333333,0.000000000000,0.812150000000),
double3(0.569500000000,0.099980000000,0.586750000000),
double3(0.435200000000,0.000000000000,0.572750000000),
double3(0.493066666667,0.100000000000,0.687850000000),
double3(0.430500000000,0.199980000000,0.913250000000),
double3(0.428233333333,0.250000000000,0.152000000000),
double3(0.435200000000,0.300000000000,0.072750000000),
double3(0.369566666667,0.250000000000,0.076800000000),
double3(0.455800000000,0.250000000000,0.247000000000),
double3(0.493066666667,0.200000000000,0.187850000000),
double3(0.449166666667,0.250000000000,0.339700000000),
double3(0.552133333333,0.250000000000,0.004050000000),
double3(0.498000000000,0.250000000000,0.424250000000),
double3(0.430500000000,0.300020000000,0.413250000000),
double3(0.625233333333,0.250000000000,0.054500000000),
double3(0.333333333333,0.200000000000,0.000000000000),
double3(0.417066666667,0.250000000000,0.093450000000),
double3(0.467466666667,0.250000000000,0.193900000000),
double3(0.479566666667,0.250000000000,0.302450000000),
double3(0.544900000000,0.250000000000,0.445500000000),
double3(0.452133333333,0.250000000000,0.397850000000),
double3(0.579000000000,0.250000000000,0.057800000000),
double3(0.665266666667,0.250000000000,0.032650000000),
double3(0.571766666667,0.350000000000,0.348000000000),
double3(0.564800000000,0.200000000000,0.427250000000),
double3(0.630433333333,0.350000000000,0.423200000000),
double3(0.544200000000,0.350000000000,0.253000000000),
double3(0.506933333333,0.300000000000,0.312150000000),
double3(0.550833333333,0.350000000000,0.160300000000),
double3(0.447866666667,0.350000000000,0.495950000000),
double3(0.502000000000,0.350000000000,0.075750000000),
double3(0.569500000000,0.200020000000,0.086750000000),
double3(0.374766666667,0.350000000000,0.445500000000),
double3(0.333333333333,0.300000000000,0.000000000000),
double3(0.582933333333,0.350000000000,0.406550000000),
double3(0.532533333333,0.350000000000,0.306100000000),
double3(0.520433333333,0.350000000000,0.197550000000),
double3(0.455100000000,0.350000000000,0.054500000000),
double3(0.547866666667,0.350000000000,0.102150000000),
double3(0.421000000000,0.350000000000,0.442200000000),
double3(0.334733333333,0.350000000000,0.467350000000),
double3(0.564800000000,0.300000000000,0.427250000000),
double3(0.506933333333,0.200000000000,0.312150000000),
double3(0.569500000000,0.299980000000,0.086750000000),
double3(0.435200000000,0.200000000000,0.072750000000),
double3(0.493066666667,0.300000000000,0.187850000000),
double3(0.430500000000,0.399980000000,0.413250000000),
double3(0.428233333333,0.250000000000,0.652000000000),
double3(0.435200000000,0.300000000000,0.572750000000),
double3(0.369566666667,0.250000000000,0.576800000000),
double3(0.455800000000,0.250000000000,0.747000000000),
double3(0.493066666667,0.200000000000,0.687850000000),
double3(0.449166666667,0.250000000000,0.839700000000),
double3(0.552133333333,0.250000000000,0.504050000000),
double3(0.498000000000,0.250000000000,0.924250000000),
double3(0.430500000000,0.300020000000,0.913250000000),
double3(0.625233333333,0.250000000000,0.554500000000),
double3(0.333333333333,0.200000000000,0.500000000000),
double3(0.417066666667,0.250000000000,0.593450000000),
double3(0.467466666667,0.250000000000,0.693900000000),
double3(0.479566666667,0.250000000000,0.802450000000),
double3(0.544900000000,0.250000000000,0.945500000000),
double3(0.452133333333,0.250000000000,0.897850000000),
double3(0.579000000000,0.250000000000,0.557800000000),
double3(0.665266666667,0.250000000000,0.532650000000),
double3(0.571766666667,0.350000000000,0.848000000000),
double3(0.564800000000,0.200000000000,0.927250000000),
double3(0.630433333333,0.350000000000,0.923200000000),
double3(0.544200000000,0.350000000000,0.753000000000),
double3(0.506933333333,0.300000000000,0.812150000000),
double3(0.550833333333,0.350000000000,0.660300000000),
double3(0.447866666667,0.350000000000,0.995950000000),
double3(0.502000000000,0.350000000000,0.575750000000),
double3(0.569500000000,0.200020000000,0.586750000000),
double3(0.374766666667,0.350000000000,0.945500000000),
double3(0.333333333333,0.300000000000,0.500000000000),
double3(0.582933333333,0.350000000000,0.906550000000),
double3(0.532533333333,0.350000000000,0.806100000000),
double3(0.520433333333,0.350000000000,0.697550000000),
double3(0.455100000000,0.350000000000,0.554500000000),
double3(0.547866666667,0.350000000000,0.602150000000),
double3(0.421000000000,0.350000000000,0.942200000000),
double3(0.334733333333,0.350000000000,0.967350000000),
double3(0.564800000000,0.300000000000,0.927250000000),
double3(0.506933333333,0.200000000000,0.812150000000),
double3(0.569500000000,0.299980000000,0.586750000000),
double3(0.435200000000,0.200000000000,0.572750000000),
double3(0.493066666667,0.300000000000,0.687850000000),
double3(0.430500000000,0.399980000000,0.913250000000),
double3(0.428233333333,0.450000000000,0.152000000000),
double3(0.435200000000,0.500000000000,0.072750000000),
double3(0.369566666667,0.450000000000,0.076800000000),
double3(0.455800000000,0.450000000000,0.247000000000),
double3(0.493066666667,0.400000000000,0.187850000000),
double3(0.449166666667,0.450000000000,0.339700000000),
double3(0.552133333333,0.450000000000,0.004050000000),
double3(0.498000000000,0.450000000000,0.424250000000),
double3(0.430500000000,0.500020000000,0.413250000000),
double3(0.625233333333,0.450000000000,0.054500000000),
double3(0.333333333333,0.400000000000,0.000000000000),
double3(0.417066666667,0.450000000000,0.093450000000),
double3(0.467466666667,0.450000000000,0.193900000000),
double3(0.479566666667,0.450000000000,0.302450000000),
double3(0.544900000000,0.450000000000,0.445500000000),
double3(0.452133333333,0.450000000000,0.397850000000),
double3(0.579000000000,0.450000000000,0.057800000000),
double3(0.665266666667,0.450000000000,0.032650000000),
double3(0.571766666667,0.550000000000,0.348000000000),
double3(0.564800000000,0.400000000000,0.427250000000),
double3(0.630433333333,0.550000000000,0.423200000000),
double3(0.544200000000,0.550000000000,0.253000000000),
double3(0.506933333333,0.500000000000,0.312150000000),
double3(0.550833333333,0.550000000000,0.160300000000),
double3(0.447866666667,0.550000000000,0.495950000000),
double3(0.502000000000,0.550000000000,0.075750000000),
double3(0.569500000000,0.400020000000,0.086750000000),
double3(0.374766666667,0.550000000000,0.445500000000),
double3(0.333333333333,0.500000000000,0.000000000000),
double3(0.582933333333,0.550000000000,0.406550000000),
double3(0.532533333333,0.550000000000,0.306100000000),
double3(0.520433333333,0.550000000000,0.197550000000),
double3(0.455100000000,0.550000000000,0.054500000000),
double3(0.547866666667,0.550000000000,0.102150000000),
double3(0.421000000000,0.550000000000,0.442200000000),
double3(0.334733333333,0.550000000000,0.467350000000),
double3(0.564800000000,0.500000000000,0.427250000000),
double3(0.506933333333,0.400000000000,0.312150000000),
double3(0.569500000000,0.499980000000,0.086750000000),
double3(0.435200000000,0.400000000000,0.072750000000),
double3(0.493066666667,0.500000000000,0.187850000000),
double3(0.430500000000,0.599980000000,0.413250000000),
double3(0.428233333333,0.450000000000,0.652000000000),
double3(0.435200000000,0.500000000000,0.572750000000),
double3(0.369566666667,0.450000000000,0.576800000000),
double3(0.455800000000,0.450000000000,0.747000000000),
double3(0.493066666667,0.400000000000,0.687850000000),
double3(0.449166666667,0.450000000000,0.839700000000),
double3(0.552133333333,0.450000000000,0.504050000000),
double3(0.498000000000,0.450000000000,0.924250000000),
double3(0.430500000000,0.500020000000,0.913250000000),
double3(0.625233333333,0.450000000000,0.554500000000),
double3(0.333333333333,0.400000000000,0.500000000000),
double3(0.417066666667,0.450000000000,0.593450000000),
double3(0.467466666667,0.450000000000,0.693900000000),
double3(0.479566666667,0.450000000000,0.802450000000),
double3(0.544900000000,0.450000000000,0.945500000000),
double3(0.452133333333,0.450000000000,0.897850000000),
double3(0.579000000000,0.450000000000,0.557800000000),
double3(0.665266666667,0.450000000000,0.532650000000),
double3(0.571766666667,0.550000000000,0.848000000000),
double3(0.564800000000,0.400000000000,0.927250000000),
double3(0.630433333333,0.550000000000,0.923200000000),
double3(0.544200000000,0.550000000000,0.753000000000),
double3(0.506933333333,0.500000000000,0.812150000000),
double3(0.550833333333,0.550000000000,0.660300000000),
double3(0.447866666667,0.550000000000,0.995950000000),
double3(0.502000000000,0.550000000000,0.575750000000),
double3(0.569500000000,0.400020000000,0.586750000000),
double3(0.374766666667,0.550000000000,0.945500000000),
double3(0.333333333333,0.500000000000,0.500000000000),
double3(0.582933333333,0.550000000000,0.906550000000),
double3(0.532533333333,0.550000000000,0.806100000000),
double3(0.520433333333,0.550000000000,0.697550000000),
double3(0.455100000000,0.550000000000,0.554500000000),
double3(0.547866666667,0.550000000000,0.602150000000),
double3(0.421000000000,0.550000000000,0.942200000000),
double3(0.334733333333,0.550000000000,0.967350000000),
double3(0.564800000000,0.500000000000,0.927250000000),
double3(0.506933333333,0.400000000000,0.812150000000),
double3(0.569500000000,0.499980000000,0.586750000000),
double3(0.435200000000,0.400000000000,0.572750000000),
double3(0.493066666667,0.500000000000,0.687850000000),
double3(0.430500000000,0.599980000000,0.913250000000),
double3(0.428233333333,0.650000000000,0.152000000000),
double3(0.435200000000,0.700000000000,0.072750000000),
double3(0.369566666667,0.650000000000,0.076800000000),
double3(0.455800000000,0.650000000000,0.247000000000),
double3(0.493066666667,0.600000000000,0.187850000000),
double3(0.449166666667,0.650000000000,0.339700000000),
double3(0.552133333333,0.650000000000,0.004050000000),
double3(0.498000000000,0.650000000000,0.424250000000),
double3(0.430500000000,0.700020000000,0.413250000000),
double3(0.625233333333,0.650000000000,0.054500000000),
double3(0.333333333333,0.600000000000,0.000000000000),
double3(0.417066666667,0.650000000000,0.093450000000),
double3(0.467466666667,0.650000000000,0.193900000000),
double3(0.479566666667,0.650000000000,0.302450000000),
double3(0.544900000000,0.650000000000,0.445500000000),
double3(0.452133333333,0.650000000000,0.397850000000),
double3(0.579000000000,0.650000000000,0.057800000000),
double3(0.665266666667,0.650000000000,0.032650000000),
double3(0.571766666667,0.750000000000,0.348000000000),
double3(0.564800000000,0.600000000000,0.427250000000),
double3(0.630433333333,0.750000000000,0.423200000000),
double3(0.544200000000,0.750000000000,0.253000000000),
double3(0.506933333333,0.700000000000,0.312150000000),
double3(0.550833333333,0.750000000000,0.160300000000),
double3(0.447866666667,0.750000000000,0.495950000000),
double3(0.502000000000,0.750000000000,0.075750000000),
double3(0.569500000000,0.600020000000,0.086750000000),
double3(0.374766666667,0.750000000000,0.445500000000),
double3(0.333333333333,0.700000000000,0.000000000000),
double3(0.582933333333,0.750000000000,0.406550000000),
double3(0.532533333333,0.750000000000,0.306100000000),
double3(0.520433333333,0.750000000000,0.197550000000),
double3(0.455100000000,0.750000000000,0.054500000000),
double3(0.547866666667,0.750000000000,0.102150000000),
double3(0.421000000000,0.750000000000,0.442200000000),
double3(0.334733333333,0.750000000000,0.467350000000),
double3(0.564800000000,0.700000000000,0.427250000000),
double3(0.506933333333,0.600000000000,0.312150000000),
double3(0.569500000000,0.699980000000,0.086750000000),
double3(0.435200000000,0.600000000000,0.072750000000),
double3(0.493066666667,0.700000000000,0.187850000000),
double3(0.430500000000,0.799980000000,0.413250000000),
double3(0.428233333333,0.650000000000,0.652000000000),
double3(0.435200000000,0.700000000000,0.572750000000),
double3(0.369566666667,0.650000000000,0.576800000000),
double3(0.455800000000,0.650000000000,0.747000000000),
double3(0.493066666667,0.600000000000,0.687850000000),
double3(0.449166666667,0.650000000000,0.839700000000),
double3(0.552133333333,0.650000000000,0.504050000000),
double3(0.498000000000,0.650000000000,0.924250000000),
double3(0.430500000000,0.700020000000,0.913250000000),
double3(0.625233333333,0.650000000000,0.554500000000),
double3(0.333333333333,0.600000000000,0.500000000000),
double3(0.417066666667,0.650000000000,0.593450000000),
double3(0.467466666667,0.650000000000,0.693900000000),
double3(0.479566666667,0.650000000000,0.802450000000),
double3(0.544900000000,0.650000000000,0.945500000000),
double3(0.452133333333,0.650000000000,0.897850000000),
double3(0.579000000000,0.650000000000,0.557800000000),
double3(0.665266666667,0.650000000000,0.532650000000),
double3(0.571766666667,0.750000000000,0.848000000000),
double3(0.564800000000,0.600000000000,0.927250000000),
double3(0.630433333333,0.750000000000,0.923200000000),
double3(0.544200000000,0.750000000000,0.753000000000),
double3(0.506933333333,0.700000000000,0.812150000000),
double3(0.550833333333,0.750000000000,0.660300000000),
double3(0.447866666667,0.750000000000,0.995950000000),
double3(0.502000000000,0.750000000000,0.575750000000),
double3(0.569500000000,0.600020000000,0.586750000000),
double3(0.374766666667,0.750000000000,0.945500000000),
double3(0.333333333333,0.700000000000,0.500000000000),
double3(0.582933333333,0.750000000000,0.906550000000),
double3(0.532533333333,0.750000000000,0.806100000000),
double3(0.520433333333,0.750000000000,0.697550000000),
double3(0.455100000000,0.750000000000,0.554500000000),
double3(0.547866666667,0.750000000000,0.602150000000),
double3(0.421000000000,0.750000000000,0.942200000000),
double3(0.334733333333,0.750000000000,0.967350000000),
double3(0.564800000000,0.700000000000,0.927250000000),
double3(0.506933333333,0.600000000000,0.812150000000),
double3(0.569500000000,0.699980000000,0.586750000000),
double3(0.435200000000,0.600000000000,0.572750000000),
double3(0.493066666667,0.700000000000,0.687850000000),
double3(0.430500000000,0.799980000000,0.913250000000),
double3(0.428233333333,0.850000000000,0.152000000000),
double3(0.435200000000,0.900000000000,0.072750000000),
double3(0.369566666667,0.850000000000,0.076800000000),
double3(0.455800000000,0.850000000000,0.247000000000),
double3(0.493066666667,0.800000000000,0.187850000000),
double3(0.449166666667,0.850000000000,0.339700000000),
double3(0.552133333333,0.850000000000,0.004050000000),
double3(0.498000000000,0.850000000000,0.424250000000),
double3(0.430500000000,0.900020000000,0.413250000000),
double3(0.625233333333,0.850000000000,0.054500000000),
double3(0.333333333333,0.800000000000,0.000000000000),
double3(0.417066666667,0.850000000000,0.093450000000),
double3(0.467466666667,0.850000000000,0.193900000000),
double3(0.479566666667,0.850000000000,0.302450000000),
double3(0.544900000000,0.850000000000,0.445500000000),
double3(0.452133333333,0.850000000000,0.397850000000),
double3(0.579000000000,0.850000000000,0.057800000000),
double3(0.665266666667,0.850000000000,0.032650000000),
double3(0.571766666667,0.950000000000,0.348000000000),
double3(0.564800000000,0.800000000000,0.427250000000),
double3(0.630433333333,0.950000000000,0.423200000000),
double3(0.544200000000,0.950000000000,0.253000000000),
double3(0.506933333333,0.900000000000,0.312150000000),
double3(0.550833333333,0.950000000000,0.160300000000),
double3(0.447866666667,0.950000000000,0.495950000000),
double3(0.502000000000,0.950000000000,0.075750000000),
double3(0.569500000000,0.800020000000,0.086750000000),
double3(0.374766666667,0.950000000000,0.445500000000),
double3(0.333333333333,0.900000000000,0.000000000000),
double3(0.582933333333,0.950000000000,0.406550000000),
double3(0.532533333333,0.950000000000,0.306100000000),
double3(0.520433333333,0.950000000000,0.197550000000),
double3(0.455100000000,0.950000000000,0.054500000000),
double3(0.547866666667,0.950000000000,0.102150000000),
double3(0.421000000000,0.950000000000,0.442200000000),
double3(0.334733333333,0.950000000000,0.467350000000),
double3(0.564800000000,0.900000000000,0.427250000000),
double3(0.506933333333,0.800000000000,0.312150000000),
double3(0.569500000000,0.899980000000,0.086750000000),
double3(0.435200000000,0.800000000000,0.072750000000),
double3(0.493066666667,0.900000000000,0.187850000000),
double3(0.430500000000,0.999980000000,0.413250000000),
double3(0.428233333333,0.850000000000,0.652000000000),
double3(0.435200000000,0.900000000000,0.572750000000),
double3(0.369566666667,0.850000000000,0.576800000000),
double3(0.455800000000,0.850000000000,0.747000000000),
double3(0.493066666667,0.800000000000,0.687850000000),
double3(0.449166666667,0.850000000000,0.839700000000),
double3(0.552133333333,0.850000000000,0.504050000000),
double3(0.498000000000,0.850000000000,0.924250000000),
double3(0.430500000000,0.900020000000,0.913250000000),
double3(0.625233333333,0.850000000000,0.554500000000),
double3(0.333333333333,0.800000000000,0.500000000000),
double3(0.417066666667,0.850000000000,0.593450000000),
double3(0.467466666667,0.850000000000,0.693900000000),
double3(0.479566666667,0.850000000000,0.802450000000),
double3(0.544900000000,0.850000000000,0.945500000000),
double3(0.452133333333,0.850000000000,0.897850000000),
double3(0.579000000000,0.850000000000,0.557800000000),
double3(0.665266666667,0.850000000000,0.532650000000),
double3(0.571766666667,0.950000000000,0.848000000000),
double3(0.564800000000,0.800000000000,0.927250000000),
double3(0.630433333333,0.950000000000,0.923200000000),
double3(0.544200000000,0.950000000000,0.753000000000),
double3(0.506933333333,0.900000000000,0.812150000000),
double3(0.550833333333,0.950000000000,0.660300000000),
double3(0.447866666667,0.950000000000,0.995950000000),
double3(0.502000000000,0.950000000000,0.575750000000),
double3(0.569500000000,0.800020000000,0.586750000000),
double3(0.374766666667,0.950000000000,0.945500000000),
double3(0.333333333333,0.900000000000,0.500000000000),
double3(0.582933333333,0.950000000000,0.906550000000),
double3(0.532533333333,0.950000000000,0.806100000000),
double3(0.520433333333,0.950000000000,0.697550000000),
double3(0.455100000000,0.950000000000,0.554500000000),
double3(0.547866666667,0.950000000000,0.602150000000),
double3(0.421000000000,0.950000000000,0.942200000000),
double3(0.334733333333,0.950000000000,0.967350000000),
double3(0.564800000000,0.900000000000,0.927250000000),
double3(0.506933333333,0.800000000000,0.812150000000),
double3(0.569500000000,0.899980000000,0.586750000000),
double3(0.435200000000,0.800000000000,0.572750000000),
double3(0.493066666667,0.900000000000,0.687850000000),
double3(0.430500000000,0.999980000000,0.913250000000),
double3(0.761566666667,0.050000000000,0.152000000000),
double3(0.768533333333,0.100000000000,0.072750000000),
double3(0.702900000000,0.050000000000,0.076800000000),
double3(0.789133333333,0.050000000000,0.247000000000),
double3(0.826400000000,0.000000000000,0.187850000000),
double3(0.782500000000,0.050000000000,0.339700000000),
double3(0.885466666667,0.050000000000,0.004050000000),
double3(0.831333333333,0.050000000000,0.424250000000),
double3(0.763833333333,0.100020000000,0.413250000000),
double3(0.958566666667,0.050000000000,0.054500000000),
double3(0.666666666667,0.000000000000,0.000000000000),
double3(0.750400000000,0.050000000000,0.093450000000),
double3(0.800800000000,0.050000000000,0.193900000000),
double3(0.812900000000,0.050000000000,0.302450000000),
double3(0.878233333333,0.050000000000,0.445500000000),
double3(0.785466666667,0.050000000000,0.397850000000),
double3(0.912333333333,0.050000000000,0.057800000000),
double3(0.998600000000,0.050000000000,0.032650000000),
double3(0.905100000000,0.150000000000,0.348000000000),
double3(0.898133333333,0.000000000000,0.427250000000),
double3(0.963766666667,0.150000000000,0.423200000000),
double3(0.877533333333,0.150000000000,0.253000000000),
double3(0.840266666667,0.100000000000,0.312150000000),
double3(0.884166666667,0.150000000000,0.160300000000),
double3(0.781200000000,0.150000000000,0.495950000000),
double3(0.835333333333,0.150000000000,0.075750000000),
double3(0.902833333333,0.000020000000,0.086750000000),
double3(0.708100000000,0.150000000000,0.445500000000),
double3(0.666666666667,0.100000000000,0.000000000000),
double3(0.916266666667,0.150000000000,0.406550000000),
double3(0.865866666667,0.150000000000,0.306100000000),
double3(0.853766666667,0.150000000000,0.197550000000),
double3(0.788433333333,0.150000000000,0.054500000000),
double3(0.881200000000,0.150000000000,0.102150000000),
double3(0.754333333333,0.150000000000,0.442200000000),
double3(0.668066666667,0.150000000000,0.467350000000),
double3(0.898133333333,0.100000000000,0.427250000000),
double3(0.840266666667,0.000000000000,0.312150000000),
double3(0.902833333333,0.099980000000,0.086750000000),
double3(0.768533333333,0.000000000000,0.072750000000),
double3(0.826400000000,0.100000000000,0.187850000000),
double3(0.763833333333,0.199980000000,0.413250000000),
double3(0.761566666667,0.050000000000,0.652000000000),
double3(0.768533333333,0.100000000000,0.572750000000),
double3(0.702900000000,0.050000000000,0.576800000000),
double3(0.789133333333,0.050000000000,0.747000000000),
double3(0.826400000000,0.000000000000,0.687850000000),
double3(0.782500000000,0.050000000000,0.839700000000),
double3(0.885466666667,0.050000000000,0.504050000000),
double3(0.831333333333,0.050000000000,0.924250000000),
double3(0.763833333333,0.100020000000,0.913250000000),
double3(0.958566666667,0.050000000000,0.554500000000),
double3(0.666666666667,0.000000000000,0.500000000000),
double3(0.750400000000,0.050000000000,0.593450000000),
double3(0.800800000000,0.050000000000,0.693900000000),
double3(0.812900000000,0.050000000000,0.802450000000),
double3(0.878233333333,0.050000000000,0.945500000000),
double3(0.785466666667,0.050000000000,0.897850000000),
double3(0.912333333333,0.050000000000,0.557800000000),
double3(0.998600000000,0.050000000000,0.532650000000),
double3(0.905100000000,0.150000000000,0.848000000000),
double3(0.898133333333,0.000000000000,0.927250000000),
double3(0.963766666667,0.150000000000,0.923200000000),
double3(0.877533333333,0.150000000000,0.753000000000),
double3(0.840266666667,0.100000000000,0.812150000000),
double3(0.884166666667,0.150000000000,0.660300000000),
double3(0.781200000000,0.150000000000,0.995950000000),
double3(0.835333333333,0.150000000000,0.575750000000),
double3(0.902833333333,0.000020000000,0.586750000000),
double3(0.708100000000,0.150000000000,0.945500000000),
double3(0.666666666667,0.100000000000,0.500000000000),
double3(0.916266666667,0.150000000000,0.906550000000),
double3(0.865866666667,0.150000000000,0.806100000000),
double3(0.853766666667,0.150000000000,0.697550000000),
double3(0.788433333333,0.150000000000,0.554500000000),
double3(0.881200000000,0.150000000000,0.602150000000),
double3(0.754333333333,0.150000000000,0.942200000000),
double3(0.668066666667,0.150000000000,0.967350000000),
double3(0.898133333333,0.100000000000,0.927250000000),
double3(0.840266666667,0.000000000000,0.812150000000),
double3(0.902833333333,0.099980000000,0.586750000000),
double3(0.768533333333,0.000000000000,0.572750000000),
double3(0.826400000000,0.100000000000,0.687850000000),
double3(0.763833333333,0.199980000000,0.913250000000),
double3(0.761566666667,0.250000000000,0.152000000000),
double3(0.768533333333,0.300000000000,0.072750000000),
double3(0.702900000000,0.250000000000,0.076800000000),
double3(0.789133333333,0.250000000000,0.247000000000),
double3(0.826400000000,0.200000000000,0.187850000000),
double3(0.782500000000,0.250000000000,0.339700000000),
double3(0.885466666667,0.250000000000,0.004050000000),
double3(0.831333333333,0.250000000000,0.424250000000),
double3(0.763833333333,0.300020000000,0.413250000000),
double3(0.958566666667,0.250000000000,0.054500000000),
double3(0.666666666667,0.200000000000,0.000000000000),
double3(0.750400000000,0.250000000000,0.093450000000),
double3(0.800800000000,0.250000000000,0.193900000000),
double3(0.812900000000,0.250000000000,0.302450000000),
double3(0.878233333333,0.250000000000,0.445500000000),
double3(0.785466666667,0.250000000000,0.397850000000),
double3(0.912333333333,0.250000000000,0.057800000000),
double3(0.998600000000,0.250000000000,0.032650000000),
double3(0.905100000000,0.350000000000,0.348000000000),
double3(0.898133333333,0.200000000000,0.427250000000),
double3(0.963766666667,0.350000000000,0.423200000000),
double3(0.877533333333,0.350000000000,0.253000000000),
double3(0.840266666667,0.300000000000,0.312150000000),
double3(0.884166666667,0.350000000000,0.160300000000),
double3(0.781200000000,0.350000000000,0.495950000000),
double3(0.835333333333,0.350000000000,0.075750000000),
double3(0.902833333333,0.200020000000,0.086750000000),
double3(0.708100000000,0.350000000000,0.445500000000),
double3(0.666666666667,0.300000000000,0.000000000000),
double3(0.916266666667,0.350000000000,0.406550000000),
double3(0.865866666667,0.350000000000,0.306100000000),
double3(0.853766666667,0.350000000000,0.197550000000),
double3(0.788433333333,0.350000000000,0.054500000000),
double3(0.881200000000,0.350000000000,0.102150000000),
double3(0.754333333333,0.350000000000,0.442200000000),
double3(0.668066666667,0.350000000000,0.467350000000),
double3(0.898133333333,0.300000000000,0.427250000000),
double3(0.840266666667,0.200000000000,0.312150000000),
double3(0.902833333333,0.299980000000,0.086750000000),
double3(0.768533333333,0.200000000000,0.072750000000),
double3(0.826400000000,0.300000000000,0.187850000000),
double3(0.763833333333,0.399980000000,0.413250000000),
double3(0.761566666667,0.250000000000,0.652000000000),
double3(0.768533333333,0.300000000000,0.572750000000),
double3(0.702900000000,0.250000000000,0.576800000000),
double3(0.789133333333,0.250000000000,0.747000000000),
double3(0.826400000000,0.200000000000,0.687850000000),
double3(0.782500000000,0.250000000000,0.839700000000),
double3(0.885466666667,0.250000000000,0.504050000000),
double3(0.831333333333,0.250000000000,0.924250000000),
double3(0.763833333333,0.300020000000,0.913250000000),
double3(0.958566666667,0.250000000000,0.554500000000),
double3(0.666666666667,0.200000000000,0.500000000000),
double3(0.750400000000,0.250000000000,0.593450000000),
double3(0.800800000000,0.250000000000,0.693900000000),
double3(0.812900000000,0.250000000000,0.802450000000),
double3(0.878233333333,0.250000000000,0.945500000000),
double3(0.785466666667,0.250000000000,0.897850000000),
double3(0.912333333333,0.250000000000,0.557800000000),
double3(0.998600000000,0.250000000000,0.532650000000),
double3(0.905100000000,0.350000000000,0.848000000000),
double3(0.898133333333,0.200000000000,0.927250000000),
double3(0.963766666667,0.350000000000,0.923200000000),
double3(0.877533333333,0.350000000000,0.753000000000),
double3(0.840266666667,0.300000000000,0.812150000000),
double3(0.884166666667,0.350000000000,0.660300000000),
double3(0.781200000000,0.350000000000,0.995950000000),
double3(0.835333333333,0.350000000000,0.575750000000),
double3(0.902833333333,0.200020000000,0.586750000000),
double3(0.708100000000,0.350000000000,0.945500000000),
double3(0.666666666667,0.300000000000,0.500000000000),
double3(0.916266666667,0.350000000000,0.906550000000),
double3(0.865866666667,0.350000000000,0.806100000000),
double3(0.853766666667,0.350000000000,0.697550000000),
double3(0.788433333333,0.350000000000,0.554500000000),
double3(0.881200000000,0.350000000000,0.602150000000),
double3(0.754333333333,0.350000000000,0.942200000000),
double3(0.668066666667,0.350000000000,0.967350000000),
double3(0.898133333333,0.300000000000,0.927250000000),
double3(0.840266666667,0.200000000000,0.812150000000),
double3(0.902833333333,0.299980000000,0.586750000000),
double3(0.768533333333,0.200000000000,0.572750000000),
double3(0.826400000000,0.300000000000,0.687850000000),
double3(0.763833333333,0.399980000000,0.913250000000),
double3(0.761566666667,0.450000000000,0.152000000000),
double3(0.768533333333,0.500000000000,0.072750000000),
double3(0.702900000000,0.450000000000,0.076800000000),
double3(0.789133333333,0.450000000000,0.247000000000),
double3(0.826400000000,0.400000000000,0.187850000000),
double3(0.782500000000,0.450000000000,0.339700000000),
double3(0.885466666667,0.450000000000,0.004050000000),
double3(0.831333333333,0.450000000000,0.424250000000),
double3(0.763833333333,0.500020000000,0.413250000000),
double3(0.958566666667,0.450000000000,0.054500000000),
double3(0.666666666667,0.400000000000,0.000000000000),
double3(0.750400000000,0.450000000000,0.093450000000),
double3(0.800800000000,0.450000000000,0.193900000000),
double3(0.812900000000,0.450000000000,0.302450000000),
double3(0.878233333333,0.450000000000,0.445500000000),
double3(0.785466666667,0.450000000000,0.397850000000),
double3(0.912333333333,0.450000000000,0.057800000000),
double3(0.998600000000,0.450000000000,0.032650000000),
double3(0.905100000000,0.550000000000,0.348000000000),
double3(0.898133333333,0.400000000000,0.427250000000),
double3(0.963766666667,0.550000000000,0.423200000000),
double3(0.877533333333,0.550000000000,0.253000000000),
double3(0.840266666667,0.500000000000,0.312150000000),
double3(0.884166666667,0.550000000000,0.160300000000),
double3(0.781200000000,0.550000000000,0.495950000000),
double3(0.835333333333,0.550000000000,0.075750000000),
double3(0.902833333333,0.400020000000,0.086750000000),
double3(0.708100000000,0.550000000000,0.445500000000),
double3(0.666666666667,0.500000000000,0.000000000000),
double3(0.916266666667,0.550000000000,0.406550000000),
double3(0.865866666667,0.550000000000,0.306100000000),
double3(0.853766666667,0.550000000000,0.197550000000),
double3(0.788433333333,0.550000000000,0.054500000000),
double3(0.881200000000,0.550000000000,0.102150000000),
double3(0.754333333333,0.550000000000,0.442200000000),
double3(0.668066666667,0.550000000000,0.467350000000),
double3(0.898133333333,0.500000000000,0.427250000000),
double3(0.840266666667,0.400000000000,0.312150000000),
double3(0.902833333333,0.499980000000,0.086750000000),
double3(0.768533333333,0.400000000000,0.072750000000),
double3(0.826400000000,0.500000000000,0.187850000000),
double3(0.763833333333,0.599980000000,0.413250000000),
double3(0.761566666667,0.450000000000,0.652000000000),
double3(0.768533333333,0.500000000000,0.572750000000),
double3(0.702900000000,0.450000000000,0.576800000000),
double3(0.789133333333,0.450000000000,0.747000000000),
double3(0.826400000000,0.400000000000,0.687850000000),
double3(0.782500000000,0.450000000000,0.839700000000),
double3(0.885466666667,0.450000000000,0.504050000000),
double3(0.831333333333,0.450000000000,0.924250000000),
double3(0.763833333333,0.500020000000,0.913250000000),
double3(0.958566666667,0.450000000000,0.554500000000),
double3(0.666666666667,0.400000000000,0.500000000000),
double3(0.750400000000,0.450000000000,0.593450000000),
double3(0.800800000000,0.450000000000,0.693900000000),
double3(0.812900000000,0.450000000000,0.802450000000),
double3(0.878233333333,0.450000000000,0.945500000000),
double3(0.785466666667,0.450000000000,0.897850000000),
double3(0.912333333333,0.450000000000,0.557800000000),
double3(0.998600000000,0.450000000000,0.532650000000),
double3(0.905100000000,0.550000000000,0.848000000000),
double3(0.898133333333,0.400000000000,0.927250000000),
double3(0.963766666667,0.550000000000,0.923200000000),
double3(0.877533333333,0.550000000000,0.753000000000),
double3(0.840266666667,0.500000000000,0.812150000000),
double3(0.884166666667,0.550000000000,0.660300000000),
double3(0.781200000000,0.550000000000,0.995950000000),
double3(0.835333333333,0.550000000000,0.575750000000),
double3(0.902833333333,0.400020000000,0.586750000000),
double3(0.708100000000,0.550000000000,0.945500000000),
double3(0.666666666667,0.500000000000,0.500000000000),
double3(0.916266666667,0.550000000000,0.906550000000),
double3(0.865866666667,0.550000000000,0.806100000000),
double3(0.853766666667,0.550000000000,0.697550000000),
double3(0.788433333333,0.550000000000,0.554500000000),
double3(0.881200000000,0.550000000000,0.602150000000),
double3(0.754333333333,0.550000000000,0.942200000000),
double3(0.668066666667,0.550000000000,0.967350000000),
double3(0.898133333333,0.500000000000,0.927250000000),
double3(0.840266666667,0.400000000000,0.812150000000),
double3(0.902833333333,0.499980000000,0.586750000000),
double3(0.768533333333,0.400000000000,0.572750000000),
double3(0.826400000000,0.500000000000,0.687850000000),
double3(0.763833333333,0.599980000000,0.913250000000),
double3(0.761566666667,0.650000000000,0.152000000000),
double3(0.768533333333,0.700000000000,0.072750000000),
double3(0.702900000000,0.650000000000,0.076800000000),
double3(0.789133333333,0.650000000000,0.247000000000),
double3(0.826400000000,0.600000000000,0.187850000000),
double3(0.782500000000,0.650000000000,0.339700000000),
double3(0.885466666667,0.650000000000,0.004050000000),
double3(0.831333333333,0.650000000000,0.424250000000),
double3(0.763833333333,0.700020000000,0.413250000000),
double3(0.958566666667,0.650000000000,0.054500000000),
double3(0.666666666667,0.600000000000,0.000000000000),
double3(0.750400000000,0.650000000000,0.093450000000),
double3(0.800800000000,0.650000000000,0.193900000000),
double3(0.812900000000,0.650000000000,0.302450000000),
double3(0.878233333333,0.650000000000,0.445500000000),
double3(0.785466666667,0.650000000000,0.397850000000),
double3(0.912333333333,0.650000000000,0.057800000000),
double3(0.998600000000,0.650000000000,0.032650000000),
double3(0.905100000000,0.750000000000,0.348000000000),
double3(0.898133333333,0.600000000000,0.427250000000),
double3(0.963766666667,0.750000000000,0.423200000000),
double3(0.877533333333,0.750000000000,0.253000000000),
double3(0.840266666667,0.700000000000,0.312150000000),
double3(0.884166666667,0.750000000000,0.160300000000),
double3(0.781200000000,0.750000000000,0.495950000000),
double3(0.835333333333,0.750000000000,0.075750000000),
double3(0.902833333333,0.600020000000,0.086750000000),
double3(0.708100000000,0.750000000000,0.445500000000),
double3(0.666666666667,0.700000000000,0.000000000000),
double3(0.916266666667,0.750000000000,0.406550000000),
double3(0.865866666667,0.750000000000,0.306100000000),
double3(0.853766666667,0.750000000000,0.197550000000),
double3(0.788433333333,0.750000000000,0.054500000000),
double3(0.881200000000,0.750000000000,0.102150000000),
double3(0.754333333333,0.750000000000,0.442200000000),
double3(0.668066666667,0.750000000000,0.467350000000),
double3(0.898133333333,0.700000000000,0.427250000000),
double3(0.840266666667,0.600000000000,0.312150000000),
double3(0.902833333333,0.699980000000,0.086750000000),
double3(0.768533333333,0.600000000000,0.072750000000),
double3(0.826400000000,0.700000000000,0.187850000000),
double3(0.763833333333,0.799980000000,0.413250000000),
double3(0.761566666667,0.650000000000,0.652000000000),
double3(0.768533333333,0.700000000000,0.572750000000),
double3(0.702900000000,0.650000000000,0.576800000000),
double3(0.789133333333,0.650000000000,0.747000000000),
double3(0.826400000000,0.600000000000,0.687850000000),
double3(0.782500000000,0.650000000000,0.839700000000),
double3(0.885466666667,0.650000000000,0.504050000000),
double3(0.831333333333,0.650000000000,0.924250000000),
double3(0.763833333333,0.700020000000,0.913250000000),
double3(0.958566666667,0.650000000000,0.554500000000),
double3(0.666666666667,0.600000000000,0.500000000000),
double3(0.750400000000,0.650000000000,0.593450000000),
double3(0.800800000000,0.650000000000,0.693900000000),
double3(0.812900000000,0.650000000000,0.802450000000),
double3(0.878233333333,0.650000000000,0.945500000000),
double3(0.785466666667,0.650000000000,0.897850000000),
double3(0.912333333333,0.650000000000,0.557800000000),
double3(0.998600000000,0.650000000000,0.532650000000),
double3(0.905100000000,0.750000000000,0.848000000000),
double3(0.898133333333,0.600000000000,0.927250000000),
double3(0.963766666667,0.750000000000,0.923200000000),
double3(0.877533333333,0.750000000000,0.753000000000),
double3(0.840266666667,0.700000000000,0.812150000000),
double3(0.884166666667,0.750000000000,0.660300000000),
double3(0.781200000000,0.750000000000,0.995950000000),
double3(0.835333333333,0.750000000000,0.575750000000),
double3(0.902833333333,0.600020000000,0.586750000000),
double3(0.708100000000,0.750000000000,0.945500000000),
double3(0.666666666667,0.700000000000,0.500000000000),
double3(0.916266666667,0.750000000000,0.906550000000),
double3(0.865866666667,0.750000000000,0.806100000000),
double3(0.853766666667,0.750000000000,0.697550000000),
double3(0.788433333333,0.750000000000,0.554500000000),
double3(0.881200000000,0.750000000000,0.602150000000),
double3(0.754333333333,0.750000000000,0.942200000000),
double3(0.668066666667,0.750000000000,0.967350000000),
double3(0.898133333333,0.700000000000,0.927250000000),
double3(0.840266666667,0.600000000000,0.812150000000),
double3(0.902833333333,0.699980000000,0.586750000000),
double3(0.768533333333,0.600000000000,0.572750000000),
double3(0.826400000000,0.700000000000,0.687850000000),
double3(0.763833333333,0.799980000000,0.913250000000),
double3(0.761566666667,0.850000000000,0.152000000000),
double3(0.768533333333,0.900000000000,0.072750000000),
double3(0.702900000000,0.850000000000,0.076800000000),
double3(0.789133333333,0.850000000000,0.247000000000),
double3(0.826400000000,0.800000000000,0.187850000000),
double3(0.782500000000,0.850000000000,0.339700000000),
double3(0.885466666667,0.850000000000,0.004050000000),
double3(0.831333333333,0.850000000000,0.424250000000),
double3(0.763833333333,0.900020000000,0.413250000000),
double3(0.958566666667,0.850000000000,0.054500000000),
double3(0.666666666667,0.800000000000,0.000000000000),
double3(0.750400000000,0.850000000000,0.093450000000),
double3(0.800800000000,0.850000000000,0.193900000000),
double3(0.812900000000,0.850000000000,0.302450000000),
double3(0.878233333333,0.850000000000,0.445500000000),
double3(0.785466666667,0.850000000000,0.397850000000),
double3(0.912333333333,0.850000000000,0.057800000000),
double3(0.998600000000,0.850000000000,0.032650000000),
double3(0.905100000000,0.950000000000,0.348000000000),
double3(0.898133333333,0.800000000000,0.427250000000),
double3(0.963766666667,0.950000000000,0.423200000000),
double3(0.877533333333,0.950000000000,0.253000000000),
double3(0.840266666667,0.900000000000,0.312150000000),
double3(0.884166666667,0.950000000000,0.160300000000),
double3(0.781200000000,0.950000000000,0.495950000000),
double3(0.835333333333,0.950000000000,0.075750000000),
double3(0.902833333333,0.800020000000,0.086750000000),
double3(0.708100000000,0.950000000000,0.445500000000),
double3(0.666666666667,0.900000000000,0.000000000000),
double3(0.916266666667,0.950000000000,0.406550000000),
double3(0.865866666667,0.950000000000,0.306100000000),
double3(0.853766666667,0.950000000000,0.197550000000),
double3(0.788433333333,0.950000000000,0.054500000000),
double3(0.881200000000,0.950000000000,0.102150000000),
double3(0.754333333333,0.950000000000,0.442200000000),
double3(0.668066666667,0.950000000000,0.467350000000),
double3(0.898133333333,0.900000000000,0.427250000000),
double3(0.840266666667,0.800000000000,0.312150000000),
double3(0.902833333333,0.899980000000,0.086750000000),
double3(0.768533333333,0.800000000000,0.072750000000),
double3(0.826400000000,0.900000000000,0.187850000000),
double3(0.763833333333,0.999980000000,0.413250000000),
double3(0.761566666667,0.850000000000,0.652000000000),
double3(0.768533333333,0.900000000000,0.572750000000),
double3(0.702900000000,0.850000000000,0.576800000000),
double3(0.789133333333,0.850000000000,0.747000000000),
double3(0.826400000000,0.800000000000,0.687850000000),
double3(0.782500000000,0.850000000000,0.839700000000),
double3(0.885466666667,0.850000000000,0.504050000000),
double3(0.831333333333,0.850000000000,0.924250000000),
double3(0.763833333333,0.900020000000,0.913250000000),
double3(0.958566666667,0.850000000000,0.554500000000),
double3(0.666666666667,0.800000000000,0.500000000000),
double3(0.750400000000,0.850000000000,0.593450000000),
double3(0.800800000000,0.850000000000,0.693900000000),
double3(0.812900000000,0.850000000000,0.802450000000),
double3(0.878233333333,0.850000000000,0.945500000000),
double3(0.785466666667,0.850000000000,0.897850000000),
double3(0.912333333333,0.850000000000,0.557800000000),
double3(0.998600000000,0.850000000000,0.532650000000),
double3(0.905100000000,0.950000000000,0.848000000000),
double3(0.898133333333,0.800000000000,0.927250000000),
double3(0.963766666667,0.950000000000,0.923200000000),
double3(0.877533333333,0.950000000000,0.753000000000),
double3(0.840266666667,0.900000000000,0.812150000000),
double3(0.884166666667,0.950000000000,0.660300000000),
double3(0.781200000000,0.950000000000,0.995950000000),
double3(0.835333333333,0.950000000000,0.575750000000),
double3(0.902833333333,0.800020000000,0.586750000000),
double3(0.708100000000,0.950000000000,0.945500000000),
double3(0.666666666667,0.900000000000,0.500000000000),
double3(0.916266666667,0.950000000000,0.906550000000),
double3(0.865866666667,0.950000000000,0.806100000000),
double3(0.853766666667,0.950000000000,0.697550000000),
double3(0.788433333333,0.950000000000,0.554500000000),
double3(0.881200000000,0.950000000000,0.602150000000),
double3(0.754333333333,0.950000000000,0.942200000000),
double3(0.668066666667,0.950000000000,0.967350000000),
double3(0.898133333333,0.900000000000,0.927250000000),
double3(0.840266666667,0.800000000000,0.812150000000),
double3(0.902833333333,0.899980000000,0.586750000000),
double3(0.768533333333,0.800000000000,0.572750000000),
double3(0.826400000000,0.900000000000,0.687850000000),
double3(0.763833333333,0.999980000000,0.913250000000),
