 # Derivative distribution function -dV(r)/dr (or -dV(d)/dd) vs d
  0.1250000      0.0000000E+00
  0.3750000      0.0000000E+00
  0.6250000      0.0000000E+00
  0.8750000      0.0000000E+00
   1.125000      0.0000000E+00
   1.375000      0.0000000E+00
   1.625000      0.0000000E+00
   1.875000      0.0000000E+00
   2.125000      0.0000000E+00
   2.375000      0.0000000E+00
   2.625000      0.0000000E+00
   2.875000      0.0000000E+00
   3.125000      1.4336824E-02
   3.375000      5.5913925E-02
   3.625000      8.4587812E-02
   3.875000      7.7132583E-02
   4.125000      7.2831631E-02
   4.375000      7.3405027E-02
   4.625000      6.9390655E-02
   4.875000      7.5125456E-02
   5.125000      0.1023656    
   5.375000       1.064946    
   5.625000       1.008459    
   5.875000      1.0896027E-02
   6.125000      8.0286264E-03
   6.375000      7.7419877E-03
   6.625000      1.0896087E-02
   6.875000      8.8888407E-03
   7.125000      9.1755986E-03
   7.375000      1.1469543E-02
   7.625000      2.8387129E-02
   7.875000      3.8709700E-02
   8.125000      3.1541228E-02
   8.375000      2.7240157E-02
   8.625000      2.5519729E-02
   8.875000      3.0967712E-02
   9.125000      3.4982055E-02
   9.375000      0.5175627    
   9.625000      0.4994982    
   9.875000      0.0000000E+00
   10.12500      0.0000000E+00
   10.37500      0.0000000E+00
   10.62500      0.0000000E+00
   10.87500      0.0000000E+00
   11.12500      0.0000000E+00
   11.37500      0.0000000E+00
   11.62500      0.0000000E+00
   11.87500      0.0000000E+00
   12.12500      0.0000000E+00
   12.37500      0.0000000E+00
   12.62500      0.0000000E+00
   12.87500      0.0000000E+00
   13.12500      0.0000000E+00
   13.37500      0.0000000E+00
   13.62500      0.0000000E+00
   13.87500      0.0000000E+00
   14.12500      0.0000000E+00
   14.37500      0.0000000E+00
   14.62500      0.0000000E+00
   14.87500      0.0000000E+00
   15.12500      0.0000000E+00
   15.37500      0.0000000E+00
   15.62500      0.0000000E+00
   15.87500      0.0000000E+00
   16.12500      0.0000000E+00
   16.37500      0.0000000E+00
   16.62500      0.0000000E+00
   16.87500      0.0000000E+00
   17.12500      0.0000000E+00
   17.37500      0.0000000E+00
   17.62500      0.0000000E+00
   17.87500      0.0000000E+00
   18.12500      0.0000000E+00
   18.37500      0.0000000E+00
   18.62500      0.0000000E+00
   18.87500      0.0000000E+00
   19.12500      0.0000000E+00
   19.37500      0.0000000E+00
