 # Derivative distribution function -dV(r)/dr (or -dV(d)/dd) vs d
  0.1250000      0.0000000E+00
  0.3750000      0.0000000E+00
  0.6250000      0.0000000E+00
  0.8750000      0.0000000E+00
   1.125000      0.0000000E+00
   1.375000      0.0000000E+00
   1.625000      0.0000000E+00
   1.875000      0.0000000E+00
   2.125000      0.0000000E+00
   2.375000      0.0000000E+00
   2.625000      0.0000000E+00
   2.875000      4.8482418E-04
   3.125000      1.5030265E-02
   3.375000      4.9454570E-02
   3.625000      8.1939459E-02
   3.875000      9.1878772E-02
   4.125000      8.4848523E-02
   4.375000      7.9757571E-02
   4.625000      7.4666619E-02
   4.875000      7.7090979E-02
   5.125000      8.7515116E-02
   5.375000      8.9212060E-02
   5.625000      9.5757604E-02
   5.875000      0.1078788    
   6.125000       1.560242    
   6.375000       1.504242    
   6.625000      0.0000000E+00
   6.875000      0.0000000E+00
   7.125000      0.0000000E+00
   7.375000      0.0000000E+00
   7.625000      0.0000000E+00
   7.875000      0.0000000E+00
   8.125000      0.0000000E+00
   8.375000      0.0000000E+00
   8.625000      0.0000000E+00
   8.875000      0.0000000E+00
   9.125000      0.0000000E+00
   9.375000      0.0000000E+00
   9.625000      0.0000000E+00
   9.875000      0.0000000E+00
   10.12500      0.0000000E+00
   10.37500      0.0000000E+00
   10.62500      0.0000000E+00
   10.87500      0.0000000E+00
   11.12500      0.0000000E+00
   11.37500      0.0000000E+00
   11.62500      0.0000000E+00
   11.87500      0.0000000E+00
   12.12500      0.0000000E+00
   12.37500      0.0000000E+00
   12.62500      0.0000000E+00
   12.87500      0.0000000E+00
   13.12500      0.0000000E+00
   13.37500      0.0000000E+00
   13.62500      0.0000000E+00
   13.87500      0.0000000E+00
   14.12500      0.0000000E+00
   14.37500      0.0000000E+00
   14.62500      0.0000000E+00
   14.87500      0.0000000E+00
   15.12500      0.0000000E+00
   15.37500      0.0000000E+00
   15.62500      0.0000000E+00
   15.87500      0.0000000E+00
   16.12500      0.0000000E+00
   16.37500      0.0000000E+00
   16.62500      0.0000000E+00
   16.87500      0.0000000E+00
   17.12500      0.0000000E+00
   17.37500      0.0000000E+00
   17.62500      0.0000000E+00
   17.87500      0.0000000E+00
   18.12500      0.0000000E+00
   18.37500      0.0000000E+00
   18.62500      0.0000000E+00
   18.87500      0.0000000E+00
   19.12500      0.0000000E+00
   19.37500      0.0000000E+00
