[double3(26.035780000000,0.000000000000,0.000000000000),double3(0.000000000000,25.589510000000,0.000000000000),double3(0.000000000000,0.000000000000,15.824810000000)]

double3(0.441310000000,0.136700000000,0.048400000000),
double3(0.207740000000,0.077510000000,0.126850000000),
double3(0.248580000000,0.104200000000,0.047890000000),
double3(0.058880000000,0.052330000000,0.201665000000),
double3(0.195010000000,0.155945000000,0.074640000000),
double3(0.156360000000,0.029830000000,0.164500000000),
double3(0.345820000000,0.120760000000,0.096395000000),
double3(0.220120000000,0.029665000000,0.250000000000),
double3(0.173230000000,0.190990000000,0.000000000000),
double3(0.403560000000,0.119900000000,0.078185000000),
double3(0.247000000000,0.093565000000,0.000000000000),
double3(0.240730000000,0.000000000000,0.250000000000),
double3(0.434330000000,0.127680000000,0.000000000000),
double3(0.000000000000,0.047780000000,0.187970000000),
double3(0.163230000000,0.173630000000,0.041635000000),
double3(0.185750000000,0.034640000000,0.208540000000),
double3(0.096120000000,0.035635000000,0.171300000000),
double3(0.179600000000,0.049535000000,0.129740000000),
double3(0.230270000000,0.081615000000,0.079930000000),
double3(0.306270000000,0.113025000000,0.059350000000),
double3(0.210740000000,0.128940000000,0.052010000000),
double3(0.066640000000,0.043325000000,0.250000000000),
double3(0.500000000000,0.132195000000,0.062685000000),
double3(0.267770000000,0.049670000000,0.250000000000),
double3(0.426970000000,0.167175000000,0.052715000000),
double3(0.254010000000,0.078790000000,0.160540000000),
double3(0.164180000000,0.000000000000,0.149685000000),
double3(0.159750000000,0.149680000000,0.115195000000),
double3(0.135930000000,0.216070000000,0.000000000000),
double3(0.333250000000,0.149785000000,0.113010000000),
double3(0.558690000000,0.363300000000,0.048400000000),
double3(0.792260000000,0.422490000000,0.126850000000),
double3(0.751420000000,0.395800000000,0.047890000000),
double3(0.941120000000,0.447670000000,0.201665000000),
double3(0.804990000000,0.344055000000,0.074640000000),
double3(0.843640000000,0.470170000000,0.164500000000),
double3(0.654180000000,0.379240000000,0.096395000000),
double3(0.779880000000,0.470335000000,0.250000000000),
double3(0.826770000000,0.309010000000,0.000000000000),
double3(0.596440000000,0.380100000000,0.078185000000),
double3(0.753000000000,0.406435000000,0.000000000000),
double3(0.759270000000,0.000000000000,0.250000000000),
double3(0.565670000000,0.372320000000,0.000000000000),
double3(0.000000000000,0.452220000000,0.187970000000),
double3(0.836770000000,0.326370000000,0.041635000000),
double3(0.814250000000,0.465360000000,0.208540000000),
double3(0.903880000000,0.464365000000,0.171300000000),
double3(0.820400000000,0.450465000000,0.129740000000),
double3(0.769730000000,0.418385000000,0.079930000000),
double3(0.693730000000,0.386975000000,0.059350000000),
double3(0.789260000000,0.371060000000,0.052010000000),
double3(0.933360000000,0.456675000000,0.250000000000),
double3(0.500000000000,0.367805000000,0.062685000000),
double3(0.732230000000,0.450330000000,0.250000000000),
double3(0.573030000000,0.332825000000,0.052715000000),
double3(0.745990000000,0.421210000000,0.160540000000),
double3(0.835820000000,0.000000000000,0.149685000000),
double3(0.840250000000,0.350320000000,0.115195000000),
double3(0.864070000000,0.283930000000,0.000000000000),
double3(0.666750000000,0.350215000000,0.113010000000),
double3(0.441310000000,0.363300000000,0.451600000000),
double3(0.207740000000,0.422490000000,0.373150000000),
double3(0.248580000000,0.395800000000,0.452110000000),
double3(0.058880000000,0.447670000000,0.298335000000),
double3(0.195010000000,0.344055000000,0.425360000000),
double3(0.156360000000,0.470170000000,0.335500000000),
double3(0.345820000000,0.379240000000,0.403605000000),
double3(0.220120000000,0.470335000000,0.250000000000),
double3(0.173230000000,0.309010000000,0.000000000000),
double3(0.403560000000,0.380100000000,0.421815000000),
double3(0.247000000000,0.406435000000,0.000000000000),
double3(0.434330000000,0.372320000000,0.000000000000),
double3(0.000000000000,0.452220000000,0.312030000000),
double3(0.163230000000,0.326370000000,0.458365000000),
double3(0.185750000000,0.465360000000,0.291460000000),
double3(0.096120000000,0.464365000000,0.328700000000),
double3(0.179600000000,0.450465000000,0.370260000000),
double3(0.230270000000,0.418385000000,0.420070000000),
double3(0.306270000000,0.386975000000,0.440650000000),
double3(0.210740000000,0.371060000000,0.447990000000),
double3(0.066640000000,0.456675000000,0.250000000000),
double3(0.500000000000,0.367805000000,0.437315000000),
double3(0.267770000000,0.450330000000,0.250000000000),
double3(0.426970000000,0.332825000000,0.447285000000),
double3(0.254010000000,0.421210000000,0.339460000000),
double3(0.164180000000,0.000000000000,0.350315000000),
double3(0.159750000000,0.350320000000,0.384805000000),
double3(0.135930000000,0.283930000000,0.000000000000),
double3(0.333250000000,0.350215000000,0.386990000000),
double3(0.558690000000,0.136700000000,0.451600000000),
double3(0.792260000000,0.077510000000,0.373150000000),
double3(0.751420000000,0.104200000000,0.452110000000),
double3(0.941120000000,0.052330000000,0.298335000000),
double3(0.804990000000,0.155945000000,0.425360000000),
double3(0.843640000000,0.029830000000,0.335500000000),
double3(0.654180000000,0.120760000000,0.403605000000),
double3(0.779880000000,0.029665000000,0.250000000000),
double3(0.826770000000,0.190990000000,0.000000000000),
double3(0.596440000000,0.119900000000,0.421815000000),
double3(0.753000000000,0.093565000000,0.000000000000),
double3(0.565670000000,0.127680000000,0.000000000000),
double3(0.000000000000,0.047780000000,0.312030000000),
double3(0.836770000000,0.173630000000,0.458365000000),
double3(0.814250000000,0.034640000000,0.291460000000),
double3(0.903880000000,0.035635000000,0.328700000000),
double3(0.820400000000,0.049535000000,0.370260000000),
double3(0.769730000000,0.081615000000,0.420070000000),
double3(0.693730000000,0.113025000000,0.440650000000),
double3(0.789260000000,0.128940000000,0.447990000000),
double3(0.933360000000,0.043325000000,0.250000000000),
double3(0.500000000000,0.132195000000,0.437315000000),
double3(0.732230000000,0.049670000000,0.250000000000),
double3(0.573030000000,0.167175000000,0.447285000000),
double3(0.745990000000,0.078790000000,0.339460000000),
double3(0.835820000000,0.000000000000,0.350315000000),
double3(0.840250000000,0.149680000000,0.384805000000),
double3(0.864070000000,0.216070000000,0.000000000000),
double3(0.666750000000,0.149785000000,0.386990000000),
double3(0.558690000000,0.363300000000,0.451600000000),
double3(0.792260000000,0.422490000000,0.373150000000),
double3(0.751420000000,0.395800000000,0.452110000000),
double3(0.941120000000,0.447670000000,0.298335000000),
double3(0.804990000000,0.344055000000,0.425360000000),
double3(0.843640000000,0.470170000000,0.335500000000),
double3(0.654180000000,0.379240000000,0.403605000000),
double3(0.596440000000,0.380100000000,0.421815000000),
double3(0.836770000000,0.326370000000,0.458365000000),
double3(0.814250000000,0.465360000000,0.291460000000),
double3(0.903880000000,0.464365000000,0.328700000000),
double3(0.820400000000,0.450465000000,0.370260000000),
double3(0.769730000000,0.418385000000,0.420070000000),
double3(0.693730000000,0.386975000000,0.440650000000),
double3(0.789260000000,0.371060000000,0.447990000000),
double3(0.573030000000,0.332825000000,0.447285000000),
double3(0.745990000000,0.421210000000,0.339460000000),
double3(0.840250000000,0.350320000000,0.384805000000),
double3(0.666750000000,0.350215000000,0.386990000000),
double3(0.441310000000,0.136700000000,0.451600000000),
double3(0.207740000000,0.077510000000,0.373150000000),
double3(0.248580000000,0.104200000000,0.452110000000),
double3(0.058880000000,0.052330000000,0.298335000000),
double3(0.195010000000,0.155945000000,0.425360000000),
double3(0.156360000000,0.029830000000,0.335500000000),
double3(0.345820000000,0.120760000000,0.403605000000),
double3(0.403560000000,0.119900000000,0.421815000000),
double3(0.163230000000,0.173630000000,0.458365000000),
double3(0.185750000000,0.034640000000,0.291460000000),
double3(0.096120000000,0.035635000000,0.328700000000),
double3(0.179600000000,0.049535000000,0.370260000000),
double3(0.230270000000,0.081615000000,0.420070000000),
double3(0.306270000000,0.113025000000,0.440650000000),
double3(0.210740000000,0.128940000000,0.447990000000),
double3(0.426970000000,0.167175000000,0.447285000000),
double3(0.254010000000,0.078790000000,0.339460000000),
double3(0.159750000000,0.149680000000,0.384805000000),
double3(0.333250000000,0.149785000000,0.386990000000),
double3(0.558690000000,0.136700000000,0.048400000000),
double3(0.792260000000,0.077510000000,0.126850000000),
double3(0.751420000000,0.104200000000,0.047890000000),
double3(0.941120000000,0.052330000000,0.201665000000),
double3(0.804990000000,0.155945000000,0.074640000000),
double3(0.843640000000,0.029830000000,0.164500000000),
double3(0.654180000000,0.120760000000,0.096395000000),
double3(0.596440000000,0.119900000000,0.078185000000),
double3(0.836770000000,0.173630000000,0.041635000000),
double3(0.814250000000,0.034640000000,0.208540000000),
double3(0.903880000000,0.035635000000,0.171300000000),
double3(0.820400000000,0.049535000000,0.129740000000),
double3(0.769730000000,0.081615000000,0.079930000000),
double3(0.693730000000,0.113025000000,0.059350000000),
double3(0.789260000000,0.128940000000,0.052010000000),
double3(0.573030000000,0.167175000000,0.052715000000),
double3(0.745990000000,0.078790000000,0.160540000000),
double3(0.840250000000,0.149680000000,0.115195000000),
double3(0.666750000000,0.149785000000,0.113010000000),
double3(0.441310000000,0.363300000000,0.048400000000),
double3(0.207740000000,0.422490000000,0.126850000000),
double3(0.248580000000,0.395800000000,0.047890000000),
double3(0.058880000000,0.447670000000,0.201665000000),
double3(0.195010000000,0.344055000000,0.074640000000),
double3(0.156360000000,0.470170000000,0.164500000000),
double3(0.345820000000,0.379240000000,0.096395000000),
double3(0.403560000000,0.380100000000,0.078185000000),
double3(0.163230000000,0.326370000000,0.041635000000),
double3(0.185750000000,0.465360000000,0.208540000000),
double3(0.096120000000,0.464365000000,0.171300000000),
double3(0.179600000000,0.450465000000,0.129740000000),
double3(0.230270000000,0.418385000000,0.079930000000),
double3(0.306270000000,0.386975000000,0.059350000000),
double3(0.210740000000,0.371060000000,0.052010000000),
double3(0.426970000000,0.332825000000,0.052715000000),
double3(0.254010000000,0.421210000000,0.160540000000),
double3(0.159750000000,0.350320000000,0.115195000000),
double3(0.333250000000,0.350215000000,0.113010000000),
double3(0.941310000000,0.386700000000,0.298400000000),
double3(0.707740000000,0.327510000000,0.376850000000),
double3(0.748580000000,0.354200000000,0.297890000000),
double3(0.558880000000,0.302330000000,0.451665000000),
double3(0.695010000000,0.405945000000,0.324640000000),
double3(0.656360000000,0.279830000000,0.414500000000),
double3(0.845820000000,0.370760000000,0.346395000000),
double3(0.720120000000,0.279665000000,0.000000000000),
double3(0.673230000000,0.440990000000,0.250000000000),
double3(0.903560000000,0.369900000000,0.328185000000),
double3(0.747000000000,0.343565000000,0.250000000000),
double3(0.740730000000,0.250000000000,0.000000000000),
double3(0.934330000000,0.377680000000,0.250000000000),
double3(0.500000000000,0.297780000000,0.437970000000),
double3(0.663230000000,0.423630000000,0.291635000000),
double3(0.685750000000,0.284640000000,0.458540000000),
double3(0.596120000000,0.285635000000,0.421300000000),
double3(0.679600000000,0.299535000000,0.379740000000),
double3(0.730270000000,0.331615000000,0.329930000000),
double3(0.806270000000,0.363025000000,0.309350000000),
double3(0.710740000000,0.378940000000,0.302010000000),
double3(0.566640000000,0.293325000000,0.000000000000),
double3(0.000000000000,0.382195000000,0.312685000000),
double3(0.767770000000,0.299670000000,0.000000000000),
double3(0.926970000000,0.417175000000,0.302715000000),
double3(0.754010000000,0.328790000000,0.410540000000),
double3(0.664180000000,0.250000000000,0.399685000000),
double3(0.659750000000,0.399680000000,0.365195000000),
double3(0.635930000000,0.466070000000,0.250000000000),
double3(0.833250000000,0.399785000000,0.363010000000),
double3(0.058690000000,0.113300000000,0.298400000000),
double3(0.292260000000,0.172490000000,0.376850000000),
double3(0.251420000000,0.145800000000,0.297890000000),
double3(0.441120000000,0.197670000000,0.451665000000),
double3(0.304990000000,0.094055000000,0.324640000000),
double3(0.343640000000,0.220170000000,0.414500000000),
double3(0.154180000000,0.129240000000,0.346395000000),
double3(0.279880000000,0.220335000000,0.000000000000),
double3(0.326770000000,0.059010000000,0.250000000000),
double3(0.096440000000,0.130100000000,0.328185000000),
double3(0.253000000000,0.156435000000,0.250000000000),
double3(0.259270000000,0.250000000000,0.000000000000),
double3(0.065670000000,0.122320000000,0.250000000000),
double3(0.500000000000,0.202220000000,0.437970000000),
double3(0.336770000000,0.076370000000,0.291635000000),
double3(0.314250000000,0.215360000000,0.458540000000),
double3(0.403880000000,0.214365000000,0.421300000000),
double3(0.320400000000,0.200465000000,0.379740000000),
double3(0.269730000000,0.168385000000,0.329930000000),
double3(0.193730000000,0.136975000000,0.309350000000),
double3(0.289260000000,0.121060000000,0.302010000000),
double3(0.433360000000,0.206675000000,0.000000000000),
double3(0.000000000000,0.117805000000,0.312685000000),
double3(0.232230000000,0.200330000000,0.000000000000),
double3(0.073030000000,0.082825000000,0.302715000000),
double3(0.245990000000,0.171210000000,0.410540000000),
double3(0.335820000000,0.250000000000,0.399685000000),
double3(0.340250000000,0.100320000000,0.365195000000),
double3(0.364070000000,0.033930000000,0.250000000000),
double3(0.166750000000,0.100215000000,0.363010000000),
double3(0.941310000000,0.113300000000,0.201600000000),
double3(0.707740000000,0.172490000000,0.123150000000),
double3(0.748580000000,0.145800000000,0.202110000000),
double3(0.558880000000,0.197670000000,0.048335000000),
double3(0.695010000000,0.094055000000,0.175360000000),
double3(0.656360000000,0.220170000000,0.085500000000),
double3(0.845820000000,0.129240000000,0.153605000000),
double3(0.720120000000,0.220335000000,0.000000000000),
double3(0.673230000000,0.059010000000,0.250000000000),
double3(0.903560000000,0.130100000000,0.171815000000),
double3(0.747000000000,0.156435000000,0.250000000000),
double3(0.934330000000,0.122320000000,0.250000000000),
double3(0.500000000000,0.202220000000,0.062030000000),
double3(0.663230000000,0.076370000000,0.208365000000),
double3(0.685750000000,0.215360000000,0.041460000000),
double3(0.596120000000,0.214365000000,0.078700000000),
double3(0.679600000000,0.200465000000,0.120260000000),
double3(0.730270000000,0.168385000000,0.170070000000),
double3(0.806270000000,0.136975000000,0.190650000000),
double3(0.710740000000,0.121060000000,0.197990000000),
double3(0.566640000000,0.206675000000,0.000000000000),
double3(0.000000000000,0.117805000000,0.187315000000),
double3(0.767770000000,0.200330000000,0.000000000000),
double3(0.926970000000,0.082825000000,0.197285000000),
double3(0.754010000000,0.171210000000,0.089460000000),
double3(0.664180000000,0.250000000000,0.100315000000),
double3(0.659750000000,0.100320000000,0.134805000000),
double3(0.635930000000,0.033930000000,0.250000000000),
double3(0.833250000000,0.100215000000,0.136990000000),
double3(0.058690000000,0.386700000000,0.201600000000),
double3(0.292260000000,0.327510000000,0.123150000000),
double3(0.251420000000,0.354200000000,0.202110000000),
double3(0.441120000000,0.302330000000,0.048335000000),
double3(0.304990000000,0.405945000000,0.175360000000),
double3(0.343640000000,0.279830000000,0.085500000000),
double3(0.154180000000,0.370760000000,0.153605000000),
double3(0.279880000000,0.279665000000,0.000000000000),
double3(0.326770000000,0.440990000000,0.250000000000),
double3(0.096440000000,0.369900000000,0.171815000000),
double3(0.253000000000,0.343565000000,0.250000000000),
double3(0.065670000000,0.377680000000,0.250000000000),
double3(0.500000000000,0.297780000000,0.062030000000),
double3(0.336770000000,0.423630000000,0.208365000000),
double3(0.314250000000,0.284640000000,0.041460000000),
double3(0.403880000000,0.285635000000,0.078700000000),
double3(0.320400000000,0.299535000000,0.120260000000),
double3(0.269730000000,0.331615000000,0.170070000000),
double3(0.193730000000,0.363025000000,0.190650000000),
double3(0.289260000000,0.378940000000,0.197990000000),
double3(0.433360000000,0.293325000000,0.000000000000),
double3(0.000000000000,0.382195000000,0.187315000000),
double3(0.232230000000,0.299670000000,0.000000000000),
double3(0.073030000000,0.417175000000,0.197285000000),
double3(0.245990000000,0.328790000000,0.089460000000),
double3(0.335820000000,0.250000000000,0.100315000000),
double3(0.340250000000,0.399680000000,0.134805000000),
double3(0.364070000000,0.466070000000,0.250000000000),
double3(0.166750000000,0.399785000000,0.136990000000),
double3(0.058690000000,0.113300000000,0.201600000000),
double3(0.292260000000,0.172490000000,0.123150000000),
double3(0.251420000000,0.145800000000,0.202110000000),
double3(0.441120000000,0.197670000000,0.048335000000),
double3(0.304990000000,0.094055000000,0.175360000000),
double3(0.343640000000,0.220170000000,0.085500000000),
double3(0.154180000000,0.129240000000,0.153605000000),
double3(0.096440000000,0.130100000000,0.171815000000),
double3(0.336770000000,0.076370000000,0.208365000000),
double3(0.314250000000,0.215360000000,0.041460000000),
double3(0.403880000000,0.214365000000,0.078700000000),
double3(0.320400000000,0.200465000000,0.120260000000),
double3(0.269730000000,0.168385000000,0.170070000000),
double3(0.193730000000,0.136975000000,0.190650000000),
double3(0.289260000000,0.121060000000,0.197990000000),
double3(0.073030000000,0.082825000000,0.197285000000),
double3(0.245990000000,0.171210000000,0.089460000000),
double3(0.340250000000,0.100320000000,0.134805000000),
double3(0.166750000000,0.100215000000,0.136990000000),
double3(0.941310000000,0.386700000000,0.201600000000),
double3(0.707740000000,0.327510000000,0.123150000000),
double3(0.748580000000,0.354200000000,0.202110000000),
double3(0.558880000000,0.302330000000,0.048335000000),
double3(0.695010000000,0.405945000000,0.175360000000),
double3(0.656360000000,0.279830000000,0.085500000000),
double3(0.845820000000,0.370760000000,0.153605000000),
double3(0.903560000000,0.369900000000,0.171815000000),
double3(0.663230000000,0.423630000000,0.208365000000),
double3(0.685750000000,0.284640000000,0.041460000000),
double3(0.596120000000,0.285635000000,0.078700000000),
double3(0.679600000000,0.299535000000,0.120260000000),
double3(0.730270000000,0.331615000000,0.170070000000),
double3(0.806270000000,0.363025000000,0.190650000000),
double3(0.710740000000,0.378940000000,0.197990000000),
double3(0.926970000000,0.417175000000,0.197285000000),
double3(0.754010000000,0.328790000000,0.089460000000),
double3(0.659750000000,0.399680000000,0.134805000000),
double3(0.833250000000,0.399785000000,0.136990000000),
double3(0.058690000000,0.386700000000,0.298400000000),
double3(0.292260000000,0.327510000000,0.376850000000),
double3(0.251420000000,0.354200000000,0.297890000000),
double3(0.441120000000,0.302330000000,0.451665000000),
double3(0.304990000000,0.405945000000,0.324640000000),
double3(0.343640000000,0.279830000000,0.414500000000),
double3(0.154180000000,0.370760000000,0.346395000000),
double3(0.096440000000,0.369900000000,0.328185000000),
double3(0.336770000000,0.423630000000,0.291635000000),
double3(0.314250000000,0.284640000000,0.458540000000),
double3(0.403880000000,0.285635000000,0.421300000000),
double3(0.320400000000,0.299535000000,0.379740000000),
double3(0.269730000000,0.331615000000,0.329930000000),
double3(0.193730000000,0.363025000000,0.309350000000),
double3(0.289260000000,0.378940000000,0.302010000000),
double3(0.073030000000,0.417175000000,0.302715000000),
double3(0.245990000000,0.328790000000,0.410540000000),
double3(0.340250000000,0.399680000000,0.365195000000),
double3(0.166750000000,0.399785000000,0.363010000000),
double3(0.941310000000,0.113300000000,0.298400000000),
double3(0.707740000000,0.172490000000,0.376850000000),
double3(0.748580000000,0.145800000000,0.297890000000),
double3(0.558880000000,0.197670000000,0.451665000000),
double3(0.695010000000,0.094055000000,0.324640000000),
double3(0.656360000000,0.220170000000,0.414500000000),
double3(0.845820000000,0.129240000000,0.346395000000),
double3(0.903560000000,0.130100000000,0.328185000000),
double3(0.663230000000,0.076370000000,0.291635000000),
double3(0.685750000000,0.215360000000,0.458540000000),
double3(0.596120000000,0.214365000000,0.421300000000),
double3(0.679600000000,0.200465000000,0.379740000000),
double3(0.730270000000,0.168385000000,0.329930000000),
double3(0.806270000000,0.136975000000,0.309350000000),
double3(0.710740000000,0.121060000000,0.302010000000),
double3(0.926970000000,0.082825000000,0.302715000000),
double3(0.754010000000,0.171210000000,0.410540000000),
double3(0.659750000000,0.100320000000,0.365195000000),
double3(0.833250000000,0.100215000000,0.363010000000),
double3(0.441310000000,0.136700000000,0.548400000000),
double3(0.207740000000,0.077510000000,0.626850000000),
double3(0.248580000000,0.104200000000,0.547890000000),
double3(0.058880000000,0.052330000000,0.701665000000),
double3(0.195010000000,0.155945000000,0.574640000000),
double3(0.156360000000,0.029830000000,0.664500000000),
double3(0.345820000000,0.120760000000,0.596395000000),
double3(0.220120000000,0.029665000000,0.750000000000),
double3(0.173230000000,0.190990000000,0.500000000000),
double3(0.403560000000,0.119900000000,0.578185000000),
double3(0.247000000000,0.093565000000,0.500000000000),
double3(0.240730000000,0.000000000000,0.750000000000),
double3(0.434330000000,0.127680000000,0.500000000000),
double3(0.000000000000,0.047780000000,0.687970000000),
double3(0.163230000000,0.173630000000,0.541635000000),
double3(0.185750000000,0.034640000000,0.708540000000),
double3(0.096120000000,0.035635000000,0.671300000000),
double3(0.179600000000,0.049535000000,0.629740000000),
double3(0.230270000000,0.081615000000,0.579930000000),
double3(0.306270000000,0.113025000000,0.559350000000),
double3(0.210740000000,0.128940000000,0.552010000000),
double3(0.066640000000,0.043325000000,0.750000000000),
double3(0.500000000000,0.132195000000,0.562685000000),
double3(0.267770000000,0.049670000000,0.750000000000),
double3(0.426970000000,0.167175000000,0.552715000000),
double3(0.254010000000,0.078790000000,0.660540000000),
double3(0.164180000000,0.000000000000,0.649685000000),
double3(0.159750000000,0.149680000000,0.615195000000),
double3(0.135930000000,0.216070000000,0.500000000000),
double3(0.333250000000,0.149785000000,0.613010000000),
double3(0.558690000000,0.363300000000,0.548400000000),
double3(0.792260000000,0.422490000000,0.626850000000),
double3(0.751420000000,0.395800000000,0.547890000000),
double3(0.941120000000,0.447670000000,0.701665000000),
double3(0.804990000000,0.344055000000,0.574640000000),
double3(0.843640000000,0.470170000000,0.664500000000),
double3(0.654180000000,0.379240000000,0.596395000000),
double3(0.779880000000,0.470335000000,0.750000000000),
double3(0.826770000000,0.309010000000,0.500000000000),
double3(0.596440000000,0.380100000000,0.578185000000),
double3(0.753000000000,0.406435000000,0.500000000000),
double3(0.759270000000,0.000000000000,0.750000000000),
double3(0.565670000000,0.372320000000,0.500000000000),
double3(0.000000000000,0.452220000000,0.687970000000),
double3(0.836770000000,0.326370000000,0.541635000000),
double3(0.814250000000,0.465360000000,0.708540000000),
double3(0.903880000000,0.464365000000,0.671300000000),
double3(0.820400000000,0.450465000000,0.629740000000),
double3(0.769730000000,0.418385000000,0.579930000000),
double3(0.693730000000,0.386975000000,0.559350000000),
double3(0.789260000000,0.371060000000,0.552010000000),
double3(0.933360000000,0.456675000000,0.750000000000),
double3(0.500000000000,0.367805000000,0.562685000000),
double3(0.732230000000,0.450330000000,0.750000000000),
double3(0.573030000000,0.332825000000,0.552715000000),
double3(0.745990000000,0.421210000000,0.660540000000),
double3(0.835820000000,0.000000000000,0.649685000000),
double3(0.840250000000,0.350320000000,0.615195000000),
double3(0.864070000000,0.283930000000,0.500000000000),
double3(0.666750000000,0.350215000000,0.613010000000),
double3(0.441310000000,0.363300000000,0.951600000000),
double3(0.207740000000,0.422490000000,0.873150000000),
double3(0.248580000000,0.395800000000,0.952110000000),
double3(0.058880000000,0.447670000000,0.798335000000),
double3(0.195010000000,0.344055000000,0.925360000000),
double3(0.156360000000,0.470170000000,0.835500000000),
double3(0.345820000000,0.379240000000,0.903605000000),
double3(0.220120000000,0.470335000000,0.750000000000),
double3(0.173230000000,0.309010000000,0.500000000000),
double3(0.403560000000,0.380100000000,0.921815000000),
double3(0.247000000000,0.406435000000,0.500000000000),
double3(0.434330000000,0.372320000000,0.500000000000),
double3(0.000000000000,0.452220000000,0.812030000000),
double3(0.163230000000,0.326370000000,0.958365000000),
double3(0.185750000000,0.465360000000,0.791460000000),
double3(0.096120000000,0.464365000000,0.828700000000),
double3(0.179600000000,0.450465000000,0.870260000000),
double3(0.230270000000,0.418385000000,0.920070000000),
double3(0.306270000000,0.386975000000,0.940650000000),
double3(0.210740000000,0.371060000000,0.947990000000),
double3(0.066640000000,0.456675000000,0.750000000000),
double3(0.500000000000,0.367805000000,0.937315000000),
double3(0.267770000000,0.450330000000,0.750000000000),
double3(0.426970000000,0.332825000000,0.947285000000),
double3(0.254010000000,0.421210000000,0.839460000000),
double3(0.164180000000,0.000000000000,0.850315000000),
double3(0.159750000000,0.350320000000,0.884805000000),
double3(0.135930000000,0.283930000000,0.500000000000),
double3(0.333250000000,0.350215000000,0.886990000000),
double3(0.558690000000,0.136700000000,0.951600000000),
double3(0.792260000000,0.077510000000,0.873150000000),
double3(0.751420000000,0.104200000000,0.952110000000),
double3(0.941120000000,0.052330000000,0.798335000000),
double3(0.804990000000,0.155945000000,0.925360000000),
double3(0.843640000000,0.029830000000,0.835500000000),
double3(0.654180000000,0.120760000000,0.903605000000),
double3(0.779880000000,0.029665000000,0.750000000000),
double3(0.826770000000,0.190990000000,0.500000000000),
double3(0.596440000000,0.119900000000,0.921815000000),
double3(0.753000000000,0.093565000000,0.500000000000),
double3(0.565670000000,0.127680000000,0.500000000000),
double3(0.000000000000,0.047780000000,0.812030000000),
double3(0.836770000000,0.173630000000,0.958365000000),
double3(0.814250000000,0.034640000000,0.791460000000),
double3(0.903880000000,0.035635000000,0.828700000000),
double3(0.820400000000,0.049535000000,0.870260000000),
double3(0.769730000000,0.081615000000,0.920070000000),
double3(0.693730000000,0.113025000000,0.940650000000),
double3(0.789260000000,0.128940000000,0.947990000000),
double3(0.933360000000,0.043325000000,0.750000000000),
double3(0.500000000000,0.132195000000,0.937315000000),
double3(0.732230000000,0.049670000000,0.750000000000),
double3(0.573030000000,0.167175000000,0.947285000000),
double3(0.745990000000,0.078790000000,0.839460000000),
double3(0.835820000000,0.000000000000,0.850315000000),
double3(0.840250000000,0.149680000000,0.884805000000),
double3(0.864070000000,0.216070000000,0.500000000000),
double3(0.666750000000,0.149785000000,0.886990000000),
double3(0.558690000000,0.363300000000,0.951600000000),
double3(0.792260000000,0.422490000000,0.873150000000),
double3(0.751420000000,0.395800000000,0.952110000000),
double3(0.941120000000,0.447670000000,0.798335000000),
double3(0.804990000000,0.344055000000,0.925360000000),
double3(0.843640000000,0.470170000000,0.835500000000),
double3(0.654180000000,0.379240000000,0.903605000000),
double3(0.596440000000,0.380100000000,0.921815000000),
double3(0.836770000000,0.326370000000,0.958365000000),
double3(0.814250000000,0.465360000000,0.791460000000),
double3(0.903880000000,0.464365000000,0.828700000000),
double3(0.820400000000,0.450465000000,0.870260000000),
double3(0.769730000000,0.418385000000,0.920070000000),
double3(0.693730000000,0.386975000000,0.940650000000),
double3(0.789260000000,0.371060000000,0.947990000000),
double3(0.573030000000,0.332825000000,0.947285000000),
double3(0.745990000000,0.421210000000,0.839460000000),
double3(0.840250000000,0.350320000000,0.884805000000),
double3(0.666750000000,0.350215000000,0.886990000000),
double3(0.441310000000,0.136700000000,0.951600000000),
double3(0.207740000000,0.077510000000,0.873150000000),
double3(0.248580000000,0.104200000000,0.952110000000),
double3(0.058880000000,0.052330000000,0.798335000000),
double3(0.195010000000,0.155945000000,0.925360000000),
double3(0.156360000000,0.029830000000,0.835500000000),
double3(0.345820000000,0.120760000000,0.903605000000),
double3(0.403560000000,0.119900000000,0.921815000000),
double3(0.163230000000,0.173630000000,0.958365000000),
double3(0.185750000000,0.034640000000,0.791460000000),
double3(0.096120000000,0.035635000000,0.828700000000),
double3(0.179600000000,0.049535000000,0.870260000000),
double3(0.230270000000,0.081615000000,0.920070000000),
double3(0.306270000000,0.113025000000,0.940650000000),
double3(0.210740000000,0.128940000000,0.947990000000),
double3(0.426970000000,0.167175000000,0.947285000000),
double3(0.254010000000,0.078790000000,0.839460000000),
double3(0.159750000000,0.149680000000,0.884805000000),
double3(0.333250000000,0.149785000000,0.886990000000),
double3(0.558690000000,0.136700000000,0.548400000000),
double3(0.792260000000,0.077510000000,0.626850000000),
double3(0.751420000000,0.104200000000,0.547890000000),
double3(0.941120000000,0.052330000000,0.701665000000),
double3(0.804990000000,0.155945000000,0.574640000000),
double3(0.843640000000,0.029830000000,0.664500000000),
double3(0.654180000000,0.120760000000,0.596395000000),
double3(0.596440000000,0.119900000000,0.578185000000),
double3(0.836770000000,0.173630000000,0.541635000000),
double3(0.814250000000,0.034640000000,0.708540000000),
double3(0.903880000000,0.035635000000,0.671300000000),
double3(0.820400000000,0.049535000000,0.629740000000),
double3(0.769730000000,0.081615000000,0.579930000000),
double3(0.693730000000,0.113025000000,0.559350000000),
double3(0.789260000000,0.128940000000,0.552010000000),
double3(0.573030000000,0.167175000000,0.552715000000),
double3(0.745990000000,0.078790000000,0.660540000000),
double3(0.840250000000,0.149680000000,0.615195000000),
double3(0.666750000000,0.149785000000,0.613010000000),
double3(0.441310000000,0.363300000000,0.548400000000),
double3(0.207740000000,0.422490000000,0.626850000000),
double3(0.248580000000,0.395800000000,0.547890000000),
double3(0.058880000000,0.447670000000,0.701665000000),
double3(0.195010000000,0.344055000000,0.574640000000),
double3(0.156360000000,0.470170000000,0.664500000000),
double3(0.345820000000,0.379240000000,0.596395000000),
double3(0.403560000000,0.380100000000,0.578185000000),
double3(0.163230000000,0.326370000000,0.541635000000),
double3(0.185750000000,0.465360000000,0.708540000000),
double3(0.096120000000,0.464365000000,0.671300000000),
double3(0.179600000000,0.450465000000,0.629740000000),
double3(0.230270000000,0.418385000000,0.579930000000),
double3(0.306270000000,0.386975000000,0.559350000000),
double3(0.210740000000,0.371060000000,0.552010000000),
double3(0.426970000000,0.332825000000,0.552715000000),
double3(0.254010000000,0.421210000000,0.660540000000),
double3(0.159750000000,0.350320000000,0.615195000000),
double3(0.333250000000,0.350215000000,0.613010000000),
double3(0.941310000000,0.386700000000,0.798400000000),
double3(0.707740000000,0.327510000000,0.876850000000),
double3(0.748580000000,0.354200000000,0.797890000000),
double3(0.558880000000,0.302330000000,0.951665000000),
double3(0.695010000000,0.405945000000,0.824640000000),
double3(0.656360000000,0.279830000000,0.914500000000),
double3(0.845820000000,0.370760000000,0.846395000000),
double3(0.720120000000,0.279665000000,0.500000000000),
double3(0.673230000000,0.440990000000,0.750000000000),
double3(0.903560000000,0.369900000000,0.828185000000),
double3(0.747000000000,0.343565000000,0.750000000000),
double3(0.740730000000,0.250000000000,0.500000000000),
double3(0.934330000000,0.377680000000,0.750000000000),
double3(0.500000000000,0.297780000000,0.937970000000),
double3(0.663230000000,0.423630000000,0.791635000000),
double3(0.685750000000,0.284640000000,0.958540000000),
double3(0.596120000000,0.285635000000,0.921300000000),
double3(0.679600000000,0.299535000000,0.879740000000),
double3(0.730270000000,0.331615000000,0.829930000000),
double3(0.806270000000,0.363025000000,0.809350000000),
double3(0.710740000000,0.378940000000,0.802010000000),
double3(0.566640000000,0.293325000000,0.500000000000),
double3(0.000000000000,0.382195000000,0.812685000000),
double3(0.767770000000,0.299670000000,0.500000000000),
double3(0.926970000000,0.417175000000,0.802715000000),
double3(0.754010000000,0.328790000000,0.910540000000),
double3(0.664180000000,0.250000000000,0.899685000000),
double3(0.659750000000,0.399680000000,0.865195000000),
double3(0.635930000000,0.466070000000,0.750000000000),
double3(0.833250000000,0.399785000000,0.863010000000),
double3(0.058690000000,0.113300000000,0.798400000000),
double3(0.292260000000,0.172490000000,0.876850000000),
double3(0.251420000000,0.145800000000,0.797890000000),
double3(0.441120000000,0.197670000000,0.951665000000),
double3(0.304990000000,0.094055000000,0.824640000000),
double3(0.343640000000,0.220170000000,0.914500000000),
double3(0.154180000000,0.129240000000,0.846395000000),
double3(0.279880000000,0.220335000000,0.500000000000),
double3(0.326770000000,0.059010000000,0.750000000000),
double3(0.096440000000,0.130100000000,0.828185000000),
double3(0.253000000000,0.156435000000,0.750000000000),
double3(0.259270000000,0.250000000000,0.500000000000),
double3(0.065670000000,0.122320000000,0.750000000000),
double3(0.500000000000,0.202220000000,0.937970000000),
double3(0.336770000000,0.076370000000,0.791635000000),
double3(0.314250000000,0.215360000000,0.958540000000),
double3(0.403880000000,0.214365000000,0.921300000000),
double3(0.320400000000,0.200465000000,0.879740000000),
double3(0.269730000000,0.168385000000,0.829930000000),
double3(0.193730000000,0.136975000000,0.809350000000),
double3(0.289260000000,0.121060000000,0.802010000000),
double3(0.433360000000,0.206675000000,0.500000000000),
double3(0.000000000000,0.117805000000,0.812685000000),
double3(0.232230000000,0.200330000000,0.500000000000),
double3(0.073030000000,0.082825000000,0.802715000000),
double3(0.245990000000,0.171210000000,0.910540000000),
double3(0.335820000000,0.250000000000,0.899685000000),
double3(0.340250000000,0.100320000000,0.865195000000),
double3(0.364070000000,0.033930000000,0.750000000000),
double3(0.166750000000,0.100215000000,0.863010000000),
double3(0.941310000000,0.113300000000,0.701600000000),
double3(0.707740000000,0.172490000000,0.623150000000),
double3(0.748580000000,0.145800000000,0.702110000000),
double3(0.558880000000,0.197670000000,0.548335000000),
double3(0.695010000000,0.094055000000,0.675360000000),
double3(0.656360000000,0.220170000000,0.585500000000),
double3(0.845820000000,0.129240000000,0.653605000000),
double3(0.720120000000,0.220335000000,0.500000000000),
double3(0.673230000000,0.059010000000,0.750000000000),
double3(0.903560000000,0.130100000000,0.671815000000),
double3(0.747000000000,0.156435000000,0.750000000000),
double3(0.934330000000,0.122320000000,0.750000000000),
double3(0.500000000000,0.202220000000,0.562030000000),
double3(0.663230000000,0.076370000000,0.708365000000),
double3(0.685750000000,0.215360000000,0.541460000000),
double3(0.596120000000,0.214365000000,0.578700000000),
double3(0.679600000000,0.200465000000,0.620260000000),
double3(0.730270000000,0.168385000000,0.670070000000),
double3(0.806270000000,0.136975000000,0.690650000000),
double3(0.710740000000,0.121060000000,0.697990000000),
double3(0.566640000000,0.206675000000,0.500000000000),
double3(0.000000000000,0.117805000000,0.687315000000),
double3(0.767770000000,0.200330000000,0.500000000000),
double3(0.926970000000,0.082825000000,0.697285000000),
double3(0.754010000000,0.171210000000,0.589460000000),
double3(0.664180000000,0.250000000000,0.600315000000),
double3(0.659750000000,0.100320000000,0.634805000000),
double3(0.635930000000,0.033930000000,0.750000000000),
double3(0.833250000000,0.100215000000,0.636990000000),
double3(0.058690000000,0.386700000000,0.701600000000),
double3(0.292260000000,0.327510000000,0.623150000000),
double3(0.251420000000,0.354200000000,0.702110000000),
double3(0.441120000000,0.302330000000,0.548335000000),
double3(0.304990000000,0.405945000000,0.675360000000),
double3(0.343640000000,0.279830000000,0.585500000000),
double3(0.154180000000,0.370760000000,0.653605000000),
double3(0.279880000000,0.279665000000,0.500000000000),
double3(0.326770000000,0.440990000000,0.750000000000),
double3(0.096440000000,0.369900000000,0.671815000000),
double3(0.253000000000,0.343565000000,0.750000000000),
double3(0.065670000000,0.377680000000,0.750000000000),
double3(0.500000000000,0.297780000000,0.562030000000),
double3(0.336770000000,0.423630000000,0.708365000000),
double3(0.314250000000,0.284640000000,0.541460000000),
double3(0.403880000000,0.285635000000,0.578700000000),
double3(0.320400000000,0.299535000000,0.620260000000),
double3(0.269730000000,0.331615000000,0.670070000000),
double3(0.193730000000,0.363025000000,0.690650000000),
double3(0.289260000000,0.378940000000,0.697990000000),
double3(0.433360000000,0.293325000000,0.500000000000),
double3(0.000000000000,0.382195000000,0.687315000000),
double3(0.232230000000,0.299670000000,0.500000000000),
double3(0.073030000000,0.417175000000,0.697285000000),
double3(0.245990000000,0.328790000000,0.589460000000),
double3(0.335820000000,0.250000000000,0.600315000000),
double3(0.340250000000,0.399680000000,0.634805000000),
double3(0.364070000000,0.466070000000,0.750000000000),
double3(0.166750000000,0.399785000000,0.636990000000),
double3(0.058690000000,0.113300000000,0.701600000000),
double3(0.292260000000,0.172490000000,0.623150000000),
double3(0.251420000000,0.145800000000,0.702110000000),
double3(0.441120000000,0.197670000000,0.548335000000),
double3(0.304990000000,0.094055000000,0.675360000000),
double3(0.343640000000,0.220170000000,0.585500000000),
double3(0.154180000000,0.129240000000,0.653605000000),
double3(0.096440000000,0.130100000000,0.671815000000),
double3(0.336770000000,0.076370000000,0.708365000000),
double3(0.314250000000,0.215360000000,0.541460000000),
double3(0.403880000000,0.214365000000,0.578700000000),
double3(0.320400000000,0.200465000000,0.620260000000),
double3(0.269730000000,0.168385000000,0.670070000000),
double3(0.193730000000,0.136975000000,0.690650000000),
double3(0.289260000000,0.121060000000,0.697990000000),
double3(0.073030000000,0.082825000000,0.697285000000),
double3(0.245990000000,0.171210000000,0.589460000000),
double3(0.340250000000,0.100320000000,0.634805000000),
double3(0.166750000000,0.100215000000,0.636990000000),
double3(0.941310000000,0.386700000000,0.701600000000),
double3(0.707740000000,0.327510000000,0.623150000000),
double3(0.748580000000,0.354200000000,0.702110000000),
double3(0.558880000000,0.302330000000,0.548335000000),
double3(0.695010000000,0.405945000000,0.675360000000),
double3(0.656360000000,0.279830000000,0.585500000000),
double3(0.845820000000,0.370760000000,0.653605000000),
double3(0.903560000000,0.369900000000,0.671815000000),
double3(0.663230000000,0.423630000000,0.708365000000),
double3(0.685750000000,0.284640000000,0.541460000000),
double3(0.596120000000,0.285635000000,0.578700000000),
double3(0.679600000000,0.299535000000,0.620260000000),
double3(0.730270000000,0.331615000000,0.670070000000),
double3(0.806270000000,0.363025000000,0.690650000000),
double3(0.710740000000,0.378940000000,0.697990000000),
double3(0.926970000000,0.417175000000,0.697285000000),
double3(0.754010000000,0.328790000000,0.589460000000),
double3(0.659750000000,0.399680000000,0.634805000000),
double3(0.833250000000,0.399785000000,0.636990000000),
double3(0.058690000000,0.386700000000,0.798400000000),
double3(0.292260000000,0.327510000000,0.876850000000),
double3(0.251420000000,0.354200000000,0.797890000000),
double3(0.441120000000,0.302330000000,0.951665000000),
double3(0.304990000000,0.405945000000,0.824640000000),
double3(0.343640000000,0.279830000000,0.914500000000),
double3(0.154180000000,0.370760000000,0.846395000000),
double3(0.096440000000,0.369900000000,0.828185000000),
double3(0.336770000000,0.423630000000,0.791635000000),
double3(0.314250000000,0.284640000000,0.958540000000),
double3(0.403880000000,0.285635000000,0.921300000000),
double3(0.320400000000,0.299535000000,0.879740000000),
double3(0.269730000000,0.331615000000,0.829930000000),
double3(0.193730000000,0.363025000000,0.809350000000),
double3(0.289260000000,0.378940000000,0.802010000000),
double3(0.073030000000,0.417175000000,0.802715000000),
double3(0.245990000000,0.328790000000,0.910540000000),
double3(0.340250000000,0.399680000000,0.865195000000),
double3(0.166750000000,0.399785000000,0.863010000000),
double3(0.941310000000,0.113300000000,0.798400000000),
double3(0.707740000000,0.172490000000,0.876850000000),
double3(0.748580000000,0.145800000000,0.797890000000),
double3(0.558880000000,0.197670000000,0.951665000000),
double3(0.695010000000,0.094055000000,0.824640000000),
double3(0.656360000000,0.220170000000,0.914500000000),
double3(0.845820000000,0.129240000000,0.846395000000),
double3(0.903560000000,0.130100000000,0.828185000000),
double3(0.663230000000,0.076370000000,0.791635000000),
double3(0.685750000000,0.215360000000,0.958540000000),
double3(0.596120000000,0.214365000000,0.921300000000),
double3(0.679600000000,0.200465000000,0.879740000000),
double3(0.730270000000,0.168385000000,0.829930000000),
double3(0.806270000000,0.136975000000,0.809350000000),
double3(0.710740000000,0.121060000000,0.802010000000),
double3(0.926970000000,0.082825000000,0.802715000000),
double3(0.754010000000,0.171210000000,0.910540000000),
double3(0.659750000000,0.100320000000,0.865195000000),
double3(0.833250000000,0.100215000000,0.863010000000),
double3(0.441310000000,0.636700000000,0.048400000000),
double3(0.207740000000,0.577510000000,0.126850000000),
double3(0.248580000000,0.604200000000,0.047890000000),
double3(0.058880000000,0.552330000000,0.201665000000),
double3(0.195010000000,0.655945000000,0.074640000000),
double3(0.156360000000,0.529830000000,0.164500000000),
double3(0.345820000000,0.620760000000,0.096395000000),
double3(0.220120000000,0.529665000000,0.250000000000),
double3(0.173230000000,0.690990000000,0.000000000000),
double3(0.403560000000,0.619900000000,0.078185000000),
double3(0.247000000000,0.593565000000,0.000000000000),
double3(0.240730000000,0.500000000000,0.250000000000),
double3(0.434330000000,0.627680000000,0.000000000000),
double3(0.000000000000,0.547780000000,0.187970000000),
double3(0.163230000000,0.673630000000,0.041635000000),
double3(0.185750000000,0.534640000000,0.208540000000),
double3(0.096120000000,0.535635000000,0.171300000000),
double3(0.179600000000,0.549535000000,0.129740000000),
double3(0.230270000000,0.581615000000,0.079930000000),
double3(0.306270000000,0.613025000000,0.059350000000),
double3(0.210740000000,0.628940000000,0.052010000000),
double3(0.066640000000,0.543325000000,0.250000000000),
double3(0.500000000000,0.632195000000,0.062685000000),
double3(0.267770000000,0.549670000000,0.250000000000),
double3(0.426970000000,0.667175000000,0.052715000000),
double3(0.254010000000,0.578790000000,0.160540000000),
double3(0.164180000000,0.500000000000,0.149685000000),
double3(0.159750000000,0.649680000000,0.115195000000),
double3(0.135930000000,0.716070000000,0.000000000000),
double3(0.333250000000,0.649785000000,0.113010000000),
double3(0.558690000000,0.863300000000,0.048400000000),
double3(0.792260000000,0.922490000000,0.126850000000),
double3(0.751420000000,0.895800000000,0.047890000000),
double3(0.941120000000,0.947670000000,0.201665000000),
double3(0.804990000000,0.844055000000,0.074640000000),
double3(0.843640000000,0.970170000000,0.164500000000),
double3(0.654180000000,0.879240000000,0.096395000000),
double3(0.779880000000,0.970335000000,0.250000000000),
double3(0.826770000000,0.809010000000,0.000000000000),
double3(0.596440000000,0.880100000000,0.078185000000),
double3(0.753000000000,0.906435000000,0.000000000000),
double3(0.759270000000,0.500000000000,0.250000000000),
double3(0.565670000000,0.872320000000,0.000000000000),
double3(0.000000000000,0.952220000000,0.187970000000),
double3(0.836770000000,0.826370000000,0.041635000000),
double3(0.814250000000,0.965360000000,0.208540000000),
double3(0.903880000000,0.964365000000,0.171300000000),
double3(0.820400000000,0.950465000000,0.129740000000),
double3(0.769730000000,0.918385000000,0.079930000000),
double3(0.693730000000,0.886975000000,0.059350000000),
double3(0.789260000000,0.871060000000,0.052010000000),
double3(0.933360000000,0.956675000000,0.250000000000),
double3(0.500000000000,0.867805000000,0.062685000000),
double3(0.732230000000,0.950330000000,0.250000000000),
double3(0.573030000000,0.832825000000,0.052715000000),
double3(0.745990000000,0.921210000000,0.160540000000),
double3(0.835820000000,0.500000000000,0.149685000000),
double3(0.840250000000,0.850320000000,0.115195000000),
double3(0.864070000000,0.783930000000,0.000000000000),
double3(0.666750000000,0.850215000000,0.113010000000),
double3(0.441310000000,0.863300000000,0.451600000000),
double3(0.207740000000,0.922490000000,0.373150000000),
double3(0.248580000000,0.895800000000,0.452110000000),
double3(0.058880000000,0.947670000000,0.298335000000),
double3(0.195010000000,0.844055000000,0.425360000000),
double3(0.156360000000,0.970170000000,0.335500000000),
double3(0.345820000000,0.879240000000,0.403605000000),
double3(0.220120000000,0.970335000000,0.250000000000),
double3(0.173230000000,0.809010000000,0.000000000000),
double3(0.403560000000,0.880100000000,0.421815000000),
double3(0.247000000000,0.906435000000,0.000000000000),
double3(0.434330000000,0.872320000000,0.000000000000),
double3(0.000000000000,0.952220000000,0.312030000000),
double3(0.163230000000,0.826370000000,0.458365000000),
double3(0.185750000000,0.965360000000,0.291460000000),
double3(0.096120000000,0.964365000000,0.328700000000),
double3(0.179600000000,0.950465000000,0.370260000000),
double3(0.230270000000,0.918385000000,0.420070000000),
double3(0.306270000000,0.886975000000,0.440650000000),
double3(0.210740000000,0.871060000000,0.447990000000),
double3(0.066640000000,0.956675000000,0.250000000000),
double3(0.500000000000,0.867805000000,0.437315000000),
double3(0.267770000000,0.950330000000,0.250000000000),
double3(0.426970000000,0.832825000000,0.447285000000),
double3(0.254010000000,0.921210000000,0.339460000000),
double3(0.164180000000,0.500000000000,0.350315000000),
double3(0.159750000000,0.850320000000,0.384805000000),
double3(0.135930000000,0.783930000000,0.000000000000),
double3(0.333250000000,0.850215000000,0.386990000000),
double3(0.558690000000,0.636700000000,0.451600000000),
double3(0.792260000000,0.577510000000,0.373150000000),
double3(0.751420000000,0.604200000000,0.452110000000),
double3(0.941120000000,0.552330000000,0.298335000000),
double3(0.804990000000,0.655945000000,0.425360000000),
double3(0.843640000000,0.529830000000,0.335500000000),
double3(0.654180000000,0.620760000000,0.403605000000),
double3(0.779880000000,0.529665000000,0.250000000000),
double3(0.826770000000,0.690990000000,0.000000000000),
double3(0.596440000000,0.619900000000,0.421815000000),
double3(0.753000000000,0.593565000000,0.000000000000),
double3(0.565670000000,0.627680000000,0.000000000000),
double3(0.000000000000,0.547780000000,0.312030000000),
double3(0.836770000000,0.673630000000,0.458365000000),
double3(0.814250000000,0.534640000000,0.291460000000),
double3(0.903880000000,0.535635000000,0.328700000000),
double3(0.820400000000,0.549535000000,0.370260000000),
double3(0.769730000000,0.581615000000,0.420070000000),
double3(0.693730000000,0.613025000000,0.440650000000),
double3(0.789260000000,0.628940000000,0.447990000000),
double3(0.933360000000,0.543325000000,0.250000000000),
double3(0.500000000000,0.632195000000,0.437315000000),
double3(0.732230000000,0.549670000000,0.250000000000),
double3(0.573030000000,0.667175000000,0.447285000000),
double3(0.745990000000,0.578790000000,0.339460000000),
double3(0.835820000000,0.500000000000,0.350315000000),
double3(0.840250000000,0.649680000000,0.384805000000),
double3(0.864070000000,0.716070000000,0.000000000000),
double3(0.666750000000,0.649785000000,0.386990000000),
double3(0.558690000000,0.863300000000,0.451600000000),
double3(0.792260000000,0.922490000000,0.373150000000),
double3(0.751420000000,0.895800000000,0.452110000000),
double3(0.941120000000,0.947670000000,0.298335000000),
double3(0.804990000000,0.844055000000,0.425360000000),
double3(0.843640000000,0.970170000000,0.335500000000),
double3(0.654180000000,0.879240000000,0.403605000000),
double3(0.596440000000,0.880100000000,0.421815000000),
double3(0.836770000000,0.826370000000,0.458365000000),
double3(0.814250000000,0.965360000000,0.291460000000),
double3(0.903880000000,0.964365000000,0.328700000000),
double3(0.820400000000,0.950465000000,0.370260000000),
double3(0.769730000000,0.918385000000,0.420070000000),
double3(0.693730000000,0.886975000000,0.440650000000),
double3(0.789260000000,0.871060000000,0.447990000000),
double3(0.573030000000,0.832825000000,0.447285000000),
double3(0.745990000000,0.921210000000,0.339460000000),
double3(0.840250000000,0.850320000000,0.384805000000),
double3(0.666750000000,0.850215000000,0.386990000000),
double3(0.441310000000,0.636700000000,0.451600000000),
double3(0.207740000000,0.577510000000,0.373150000000),
double3(0.248580000000,0.604200000000,0.452110000000),
double3(0.058880000000,0.552330000000,0.298335000000),
double3(0.195010000000,0.655945000000,0.425360000000),
double3(0.156360000000,0.529830000000,0.335500000000),
double3(0.345820000000,0.620760000000,0.403605000000),
double3(0.403560000000,0.619900000000,0.421815000000),
double3(0.163230000000,0.673630000000,0.458365000000),
double3(0.185750000000,0.534640000000,0.291460000000),
double3(0.096120000000,0.535635000000,0.328700000000),
double3(0.179600000000,0.549535000000,0.370260000000),
double3(0.230270000000,0.581615000000,0.420070000000),
double3(0.306270000000,0.613025000000,0.440650000000),
double3(0.210740000000,0.628940000000,0.447990000000),
double3(0.426970000000,0.667175000000,0.447285000000),
double3(0.254010000000,0.578790000000,0.339460000000),
double3(0.159750000000,0.649680000000,0.384805000000),
double3(0.333250000000,0.649785000000,0.386990000000),
double3(0.558690000000,0.636700000000,0.048400000000),
double3(0.792260000000,0.577510000000,0.126850000000),
double3(0.751420000000,0.604200000000,0.047890000000),
double3(0.941120000000,0.552330000000,0.201665000000),
double3(0.804990000000,0.655945000000,0.074640000000),
double3(0.843640000000,0.529830000000,0.164500000000),
double3(0.654180000000,0.620760000000,0.096395000000),
double3(0.596440000000,0.619900000000,0.078185000000),
double3(0.836770000000,0.673630000000,0.041635000000),
double3(0.814250000000,0.534640000000,0.208540000000),
double3(0.903880000000,0.535635000000,0.171300000000),
double3(0.820400000000,0.549535000000,0.129740000000),
double3(0.769730000000,0.581615000000,0.079930000000),
double3(0.693730000000,0.613025000000,0.059350000000),
double3(0.789260000000,0.628940000000,0.052010000000),
double3(0.573030000000,0.667175000000,0.052715000000),
double3(0.745990000000,0.578790000000,0.160540000000),
double3(0.840250000000,0.649680000000,0.115195000000),
double3(0.666750000000,0.649785000000,0.113010000000),
double3(0.441310000000,0.863300000000,0.048400000000),
double3(0.207740000000,0.922490000000,0.126850000000),
double3(0.248580000000,0.895800000000,0.047890000000),
double3(0.058880000000,0.947670000000,0.201665000000),
double3(0.195010000000,0.844055000000,0.074640000000),
double3(0.156360000000,0.970170000000,0.164500000000),
double3(0.345820000000,0.879240000000,0.096395000000),
double3(0.403560000000,0.880100000000,0.078185000000),
double3(0.163230000000,0.826370000000,0.041635000000),
double3(0.185750000000,0.965360000000,0.208540000000),
double3(0.096120000000,0.964365000000,0.171300000000),
double3(0.179600000000,0.950465000000,0.129740000000),
double3(0.230270000000,0.918385000000,0.079930000000),
double3(0.306270000000,0.886975000000,0.059350000000),
double3(0.210740000000,0.871060000000,0.052010000000),
double3(0.426970000000,0.832825000000,0.052715000000),
double3(0.254010000000,0.921210000000,0.160540000000),
double3(0.159750000000,0.850320000000,0.115195000000),
double3(0.333250000000,0.850215000000,0.113010000000),
double3(0.941310000000,0.886700000000,0.298400000000),
double3(0.707740000000,0.827510000000,0.376850000000),
double3(0.748580000000,0.854200000000,0.297890000000),
double3(0.558880000000,0.802330000000,0.451665000000),
double3(0.695010000000,0.905945000000,0.324640000000),
double3(0.656360000000,0.779830000000,0.414500000000),
double3(0.845820000000,0.870760000000,0.346395000000),
double3(0.720120000000,0.779665000000,0.000000000000),
double3(0.673230000000,0.940990000000,0.250000000000),
double3(0.903560000000,0.869900000000,0.328185000000),
double3(0.747000000000,0.843565000000,0.250000000000),
double3(0.740730000000,0.750000000000,0.000000000000),
double3(0.934330000000,0.877680000000,0.250000000000),
double3(0.500000000000,0.797780000000,0.437970000000),
double3(0.663230000000,0.923630000000,0.291635000000),
double3(0.685750000000,0.784640000000,0.458540000000),
double3(0.596120000000,0.785635000000,0.421300000000),
double3(0.679600000000,0.799535000000,0.379740000000),
double3(0.730270000000,0.831615000000,0.329930000000),
double3(0.806270000000,0.863025000000,0.309350000000),
double3(0.710740000000,0.878940000000,0.302010000000),
double3(0.566640000000,0.793325000000,0.000000000000),
double3(0.000000000000,0.882195000000,0.312685000000),
double3(0.767770000000,0.799670000000,0.000000000000),
double3(0.926970000000,0.917175000000,0.302715000000),
double3(0.754010000000,0.828790000000,0.410540000000),
double3(0.664180000000,0.750000000000,0.399685000000),
double3(0.659750000000,0.899680000000,0.365195000000),
double3(0.635930000000,0.966070000000,0.250000000000),
double3(0.833250000000,0.899785000000,0.363010000000),
double3(0.058690000000,0.613300000000,0.298400000000),
double3(0.292260000000,0.672490000000,0.376850000000),
double3(0.251420000000,0.645800000000,0.297890000000),
double3(0.441120000000,0.697670000000,0.451665000000),
double3(0.304990000000,0.594055000000,0.324640000000),
double3(0.343640000000,0.720170000000,0.414500000000),
double3(0.154180000000,0.629240000000,0.346395000000),
double3(0.279880000000,0.720335000000,0.000000000000),
double3(0.326770000000,0.559010000000,0.250000000000),
double3(0.096440000000,0.630100000000,0.328185000000),
double3(0.253000000000,0.656435000000,0.250000000000),
double3(0.259270000000,0.750000000000,0.000000000000),
double3(0.065670000000,0.622320000000,0.250000000000),
double3(0.500000000000,0.702220000000,0.437970000000),
double3(0.336770000000,0.576370000000,0.291635000000),
double3(0.314250000000,0.715360000000,0.458540000000),
double3(0.403880000000,0.714365000000,0.421300000000),
double3(0.320400000000,0.700465000000,0.379740000000),
double3(0.269730000000,0.668385000000,0.329930000000),
double3(0.193730000000,0.636975000000,0.309350000000),
double3(0.289260000000,0.621060000000,0.302010000000),
double3(0.433360000000,0.706675000000,0.000000000000),
double3(0.000000000000,0.617805000000,0.312685000000),
double3(0.232230000000,0.700330000000,0.000000000000),
double3(0.073030000000,0.582825000000,0.302715000000),
double3(0.245990000000,0.671210000000,0.410540000000),
double3(0.335820000000,0.750000000000,0.399685000000),
double3(0.340250000000,0.600320000000,0.365195000000),
double3(0.364070000000,0.533930000000,0.250000000000),
double3(0.166750000000,0.600215000000,0.363010000000),
double3(0.941310000000,0.613300000000,0.201600000000),
double3(0.707740000000,0.672490000000,0.123150000000),
double3(0.748580000000,0.645800000000,0.202110000000),
double3(0.558880000000,0.697670000000,0.048335000000),
double3(0.695010000000,0.594055000000,0.175360000000),
double3(0.656360000000,0.720170000000,0.085500000000),
double3(0.845820000000,0.629240000000,0.153605000000),
double3(0.720120000000,0.720335000000,0.000000000000),
double3(0.673230000000,0.559010000000,0.250000000000),
double3(0.903560000000,0.630100000000,0.171815000000),
double3(0.747000000000,0.656435000000,0.250000000000),
double3(0.934330000000,0.622320000000,0.250000000000),
double3(0.500000000000,0.702220000000,0.062030000000),
double3(0.663230000000,0.576370000000,0.208365000000),
double3(0.685750000000,0.715360000000,0.041460000000),
double3(0.596120000000,0.714365000000,0.078700000000),
double3(0.679600000000,0.700465000000,0.120260000000),
double3(0.730270000000,0.668385000000,0.170070000000),
double3(0.806270000000,0.636975000000,0.190650000000),
double3(0.710740000000,0.621060000000,0.197990000000),
double3(0.566640000000,0.706675000000,0.000000000000),
double3(0.000000000000,0.617805000000,0.187315000000),
double3(0.767770000000,0.700330000000,0.000000000000),
double3(0.926970000000,0.582825000000,0.197285000000),
double3(0.754010000000,0.671210000000,0.089460000000),
double3(0.664180000000,0.750000000000,0.100315000000),
double3(0.659750000000,0.600320000000,0.134805000000),
double3(0.635930000000,0.533930000000,0.250000000000),
double3(0.833250000000,0.600215000000,0.136990000000),
double3(0.058690000000,0.886700000000,0.201600000000),
double3(0.292260000000,0.827510000000,0.123150000000),
double3(0.251420000000,0.854200000000,0.202110000000),
double3(0.441120000000,0.802330000000,0.048335000000),
double3(0.304990000000,0.905945000000,0.175360000000),
double3(0.343640000000,0.779830000000,0.085500000000),
double3(0.154180000000,0.870760000000,0.153605000000),
double3(0.279880000000,0.779665000000,0.000000000000),
double3(0.326770000000,0.940990000000,0.250000000000),
double3(0.096440000000,0.869900000000,0.171815000000),
double3(0.253000000000,0.843565000000,0.250000000000),
double3(0.065670000000,0.877680000000,0.250000000000),
double3(0.500000000000,0.797780000000,0.062030000000),
double3(0.336770000000,0.923630000000,0.208365000000),
double3(0.314250000000,0.784640000000,0.041460000000),
double3(0.403880000000,0.785635000000,0.078700000000),
double3(0.320400000000,0.799535000000,0.120260000000),
double3(0.269730000000,0.831615000000,0.170070000000),
double3(0.193730000000,0.863025000000,0.190650000000),
double3(0.289260000000,0.878940000000,0.197990000000),
double3(0.433360000000,0.793325000000,0.000000000000),
double3(0.000000000000,0.882195000000,0.187315000000),
double3(0.232230000000,0.799670000000,0.000000000000),
double3(0.073030000000,0.917175000000,0.197285000000),
double3(0.245990000000,0.828790000000,0.089460000000),
double3(0.335820000000,0.750000000000,0.100315000000),
double3(0.340250000000,0.899680000000,0.134805000000),
double3(0.364070000000,0.966070000000,0.250000000000),
double3(0.166750000000,0.899785000000,0.136990000000),
double3(0.058690000000,0.613300000000,0.201600000000),
double3(0.292260000000,0.672490000000,0.123150000000),
double3(0.251420000000,0.645800000000,0.202110000000),
double3(0.441120000000,0.697670000000,0.048335000000),
double3(0.304990000000,0.594055000000,0.175360000000),
double3(0.343640000000,0.720170000000,0.085500000000),
double3(0.154180000000,0.629240000000,0.153605000000),
double3(0.096440000000,0.630100000000,0.171815000000),
double3(0.336770000000,0.576370000000,0.208365000000),
double3(0.314250000000,0.715360000000,0.041460000000),
double3(0.403880000000,0.714365000000,0.078700000000),
double3(0.320400000000,0.700465000000,0.120260000000),
double3(0.269730000000,0.668385000000,0.170070000000),
double3(0.193730000000,0.636975000000,0.190650000000),
double3(0.289260000000,0.621060000000,0.197990000000),
double3(0.073030000000,0.582825000000,0.197285000000),
double3(0.245990000000,0.671210000000,0.089460000000),
double3(0.340250000000,0.600320000000,0.134805000000),
double3(0.166750000000,0.600215000000,0.136990000000),
double3(0.941310000000,0.886700000000,0.201600000000),
double3(0.707740000000,0.827510000000,0.123150000000),
double3(0.748580000000,0.854200000000,0.202110000000),
double3(0.558880000000,0.802330000000,0.048335000000),
double3(0.695010000000,0.905945000000,0.175360000000),
double3(0.656360000000,0.779830000000,0.085500000000),
double3(0.845820000000,0.870760000000,0.153605000000),
double3(0.903560000000,0.869900000000,0.171815000000),
double3(0.663230000000,0.923630000000,0.208365000000),
double3(0.685750000000,0.784640000000,0.041460000000),
double3(0.596120000000,0.785635000000,0.078700000000),
double3(0.679600000000,0.799535000000,0.120260000000),
double3(0.730270000000,0.831615000000,0.170070000000),
double3(0.806270000000,0.863025000000,0.190650000000),
double3(0.710740000000,0.878940000000,0.197990000000),
double3(0.926970000000,0.917175000000,0.197285000000),
double3(0.754010000000,0.828790000000,0.089460000000),
double3(0.659750000000,0.899680000000,0.134805000000),
double3(0.833250000000,0.899785000000,0.136990000000),
double3(0.058690000000,0.886700000000,0.298400000000),
double3(0.292260000000,0.827510000000,0.376850000000),
double3(0.251420000000,0.854200000000,0.297890000000),
double3(0.441120000000,0.802330000000,0.451665000000),
double3(0.304990000000,0.905945000000,0.324640000000),
double3(0.343640000000,0.779830000000,0.414500000000),
double3(0.154180000000,0.870760000000,0.346395000000),
double3(0.096440000000,0.869900000000,0.328185000000),
double3(0.336770000000,0.923630000000,0.291635000000),
double3(0.314250000000,0.784640000000,0.458540000000),
double3(0.403880000000,0.785635000000,0.421300000000),
double3(0.320400000000,0.799535000000,0.379740000000),
double3(0.269730000000,0.831615000000,0.329930000000),
double3(0.193730000000,0.863025000000,0.309350000000),
double3(0.289260000000,0.878940000000,0.302010000000),
double3(0.073030000000,0.917175000000,0.302715000000),
double3(0.245990000000,0.828790000000,0.410540000000),
double3(0.340250000000,0.899680000000,0.365195000000),
double3(0.166750000000,0.899785000000,0.363010000000),
double3(0.941310000000,0.613300000000,0.298400000000),
double3(0.707740000000,0.672490000000,0.376850000000),
double3(0.748580000000,0.645800000000,0.297890000000),
double3(0.558880000000,0.697670000000,0.451665000000),
double3(0.695010000000,0.594055000000,0.324640000000),
double3(0.656360000000,0.720170000000,0.414500000000),
double3(0.845820000000,0.629240000000,0.346395000000),
double3(0.903560000000,0.630100000000,0.328185000000),
double3(0.663230000000,0.576370000000,0.291635000000),
double3(0.685750000000,0.715360000000,0.458540000000),
double3(0.596120000000,0.714365000000,0.421300000000),
double3(0.679600000000,0.700465000000,0.379740000000),
double3(0.730270000000,0.668385000000,0.329930000000),
double3(0.806270000000,0.636975000000,0.309350000000),
double3(0.710740000000,0.621060000000,0.302010000000),
double3(0.926970000000,0.582825000000,0.302715000000),
double3(0.754010000000,0.671210000000,0.410540000000),
double3(0.659750000000,0.600320000000,0.365195000000),
double3(0.833250000000,0.600215000000,0.363010000000),
double3(0.441310000000,0.636700000000,0.548400000000),
double3(0.207740000000,0.577510000000,0.626850000000),
double3(0.248580000000,0.604200000000,0.547890000000),
double3(0.058880000000,0.552330000000,0.701665000000),
double3(0.195010000000,0.655945000000,0.574640000000),
double3(0.156360000000,0.529830000000,0.664500000000),
double3(0.345820000000,0.620760000000,0.596395000000),
double3(0.220120000000,0.529665000000,0.750000000000),
double3(0.173230000000,0.690990000000,0.500000000000),
double3(0.403560000000,0.619900000000,0.578185000000),
double3(0.247000000000,0.593565000000,0.500000000000),
double3(0.240730000000,0.500000000000,0.750000000000),
double3(0.434330000000,0.627680000000,0.500000000000),
double3(0.000000000000,0.547780000000,0.687970000000),
double3(0.163230000000,0.673630000000,0.541635000000),
double3(0.185750000000,0.534640000000,0.708540000000),
double3(0.096120000000,0.535635000000,0.671300000000),
double3(0.179600000000,0.549535000000,0.629740000000),
double3(0.230270000000,0.581615000000,0.579930000000),
double3(0.306270000000,0.613025000000,0.559350000000),
double3(0.210740000000,0.628940000000,0.552010000000),
double3(0.066640000000,0.543325000000,0.750000000000),
double3(0.500000000000,0.632195000000,0.562685000000),
double3(0.267770000000,0.549670000000,0.750000000000),
double3(0.426970000000,0.667175000000,0.552715000000),
double3(0.254010000000,0.578790000000,0.660540000000),
double3(0.164180000000,0.500000000000,0.649685000000),
double3(0.159750000000,0.649680000000,0.615195000000),
double3(0.135930000000,0.716070000000,0.500000000000),
double3(0.333250000000,0.649785000000,0.613010000000),
double3(0.558690000000,0.863300000000,0.548400000000),
double3(0.792260000000,0.922490000000,0.626850000000),
double3(0.751420000000,0.895800000000,0.547890000000),
double3(0.941120000000,0.947670000000,0.701665000000),
double3(0.804990000000,0.844055000000,0.574640000000),
double3(0.843640000000,0.970170000000,0.664500000000),
double3(0.654180000000,0.879240000000,0.596395000000),
double3(0.779880000000,0.970335000000,0.750000000000),
double3(0.826770000000,0.809010000000,0.500000000000),
double3(0.596440000000,0.880100000000,0.578185000000),
double3(0.753000000000,0.906435000000,0.500000000000),
double3(0.759270000000,0.500000000000,0.750000000000),
double3(0.565670000000,0.872320000000,0.500000000000),
double3(0.000000000000,0.952220000000,0.687970000000),
double3(0.836770000000,0.826370000000,0.541635000000),
double3(0.814250000000,0.965360000000,0.708540000000),
double3(0.903880000000,0.964365000000,0.671300000000),
double3(0.820400000000,0.950465000000,0.629740000000),
double3(0.769730000000,0.918385000000,0.579930000000),
double3(0.693730000000,0.886975000000,0.559350000000),
double3(0.789260000000,0.871060000000,0.552010000000),
double3(0.933360000000,0.956675000000,0.750000000000),
double3(0.500000000000,0.867805000000,0.562685000000),
double3(0.732230000000,0.950330000000,0.750000000000),
double3(0.573030000000,0.832825000000,0.552715000000),
double3(0.745990000000,0.921210000000,0.660540000000),
double3(0.835820000000,0.500000000000,0.649685000000),
double3(0.840250000000,0.850320000000,0.615195000000),
double3(0.864070000000,0.783930000000,0.500000000000),
double3(0.666750000000,0.850215000000,0.613010000000),
double3(0.441310000000,0.863300000000,0.951600000000),
double3(0.207740000000,0.922490000000,0.873150000000),
double3(0.248580000000,0.895800000000,0.952110000000),
double3(0.058880000000,0.947670000000,0.798335000000),
double3(0.195010000000,0.844055000000,0.925360000000),
double3(0.156360000000,0.970170000000,0.835500000000),
double3(0.345820000000,0.879240000000,0.903605000000),
double3(0.220120000000,0.970335000000,0.750000000000),
double3(0.173230000000,0.809010000000,0.500000000000),
double3(0.403560000000,0.880100000000,0.921815000000),
double3(0.247000000000,0.906435000000,0.500000000000),
double3(0.434330000000,0.872320000000,0.500000000000),
double3(0.000000000000,0.952220000000,0.812030000000),
double3(0.163230000000,0.826370000000,0.958365000000),
double3(0.185750000000,0.965360000000,0.791460000000),
double3(0.096120000000,0.964365000000,0.828700000000),
double3(0.179600000000,0.950465000000,0.870260000000),
double3(0.230270000000,0.918385000000,0.920070000000),
double3(0.306270000000,0.886975000000,0.940650000000),
double3(0.210740000000,0.871060000000,0.947990000000),
double3(0.066640000000,0.956675000000,0.750000000000),
double3(0.500000000000,0.867805000000,0.937315000000),
double3(0.267770000000,0.950330000000,0.750000000000),
double3(0.426970000000,0.832825000000,0.947285000000),
double3(0.254010000000,0.921210000000,0.839460000000),
double3(0.164180000000,0.500000000000,0.850315000000),
double3(0.159750000000,0.850320000000,0.884805000000),
double3(0.135930000000,0.783930000000,0.500000000000),
double3(0.333250000000,0.850215000000,0.886990000000),
double3(0.558690000000,0.636700000000,0.951600000000),
double3(0.792260000000,0.577510000000,0.873150000000),
double3(0.751420000000,0.604200000000,0.952110000000),
double3(0.941120000000,0.552330000000,0.798335000000),
double3(0.804990000000,0.655945000000,0.925360000000),
double3(0.843640000000,0.529830000000,0.835500000000),
double3(0.654180000000,0.620760000000,0.903605000000),
double3(0.779880000000,0.529665000000,0.750000000000),
double3(0.826770000000,0.690990000000,0.500000000000),
double3(0.596440000000,0.619900000000,0.921815000000),
double3(0.753000000000,0.593565000000,0.500000000000),
double3(0.565670000000,0.627680000000,0.500000000000),
double3(0.000000000000,0.547780000000,0.812030000000),
double3(0.836770000000,0.673630000000,0.958365000000),
double3(0.814250000000,0.534640000000,0.791460000000),
double3(0.903880000000,0.535635000000,0.828700000000),
double3(0.820400000000,0.549535000000,0.870260000000),
double3(0.769730000000,0.581615000000,0.920070000000),
double3(0.693730000000,0.613025000000,0.940650000000),
double3(0.789260000000,0.628940000000,0.947990000000),
double3(0.933360000000,0.543325000000,0.750000000000),
double3(0.500000000000,0.632195000000,0.937315000000),
double3(0.732230000000,0.549670000000,0.750000000000),
double3(0.573030000000,0.667175000000,0.947285000000),
double3(0.745990000000,0.578790000000,0.839460000000),
double3(0.835820000000,0.500000000000,0.850315000000),
double3(0.840250000000,0.649680000000,0.884805000000),
double3(0.864070000000,0.716070000000,0.500000000000),
double3(0.666750000000,0.649785000000,0.886990000000),
double3(0.558690000000,0.863300000000,0.951600000000),
double3(0.792260000000,0.922490000000,0.873150000000),
double3(0.751420000000,0.895800000000,0.952110000000),
double3(0.941120000000,0.947670000000,0.798335000000),
double3(0.804990000000,0.844055000000,0.925360000000),
double3(0.843640000000,0.970170000000,0.835500000000),
double3(0.654180000000,0.879240000000,0.903605000000),
double3(0.596440000000,0.880100000000,0.921815000000),
double3(0.836770000000,0.826370000000,0.958365000000),
double3(0.814250000000,0.965360000000,0.791460000000),
double3(0.903880000000,0.964365000000,0.828700000000),
double3(0.820400000000,0.950465000000,0.870260000000),
double3(0.769730000000,0.918385000000,0.920070000000),
double3(0.693730000000,0.886975000000,0.940650000000),
double3(0.789260000000,0.871060000000,0.947990000000),
double3(0.573030000000,0.832825000000,0.947285000000),
double3(0.745990000000,0.921210000000,0.839460000000),
double3(0.840250000000,0.850320000000,0.884805000000),
double3(0.666750000000,0.850215000000,0.886990000000),
double3(0.441310000000,0.636700000000,0.951600000000),
double3(0.207740000000,0.577510000000,0.873150000000),
double3(0.248580000000,0.604200000000,0.952110000000),
double3(0.058880000000,0.552330000000,0.798335000000),
double3(0.195010000000,0.655945000000,0.925360000000),
double3(0.156360000000,0.529830000000,0.835500000000),
double3(0.345820000000,0.620760000000,0.903605000000),
double3(0.403560000000,0.619900000000,0.921815000000),
double3(0.163230000000,0.673630000000,0.958365000000),
double3(0.185750000000,0.534640000000,0.791460000000),
double3(0.096120000000,0.535635000000,0.828700000000),
double3(0.179600000000,0.549535000000,0.870260000000),
double3(0.230270000000,0.581615000000,0.920070000000),
double3(0.306270000000,0.613025000000,0.940650000000),
double3(0.210740000000,0.628940000000,0.947990000000),
double3(0.426970000000,0.667175000000,0.947285000000),
double3(0.254010000000,0.578790000000,0.839460000000),
double3(0.159750000000,0.649680000000,0.884805000000),
double3(0.333250000000,0.649785000000,0.886990000000),
double3(0.558690000000,0.636700000000,0.548400000000),
double3(0.792260000000,0.577510000000,0.626850000000),
double3(0.751420000000,0.604200000000,0.547890000000),
double3(0.941120000000,0.552330000000,0.701665000000),
double3(0.804990000000,0.655945000000,0.574640000000),
double3(0.843640000000,0.529830000000,0.664500000000),
double3(0.654180000000,0.620760000000,0.596395000000),
double3(0.596440000000,0.619900000000,0.578185000000),
double3(0.836770000000,0.673630000000,0.541635000000),
double3(0.814250000000,0.534640000000,0.708540000000),
double3(0.903880000000,0.535635000000,0.671300000000),
double3(0.820400000000,0.549535000000,0.629740000000),
double3(0.769730000000,0.581615000000,0.579930000000),
double3(0.693730000000,0.613025000000,0.559350000000),
double3(0.789260000000,0.628940000000,0.552010000000),
double3(0.573030000000,0.667175000000,0.552715000000),
double3(0.745990000000,0.578790000000,0.660540000000),
double3(0.840250000000,0.649680000000,0.615195000000),
double3(0.666750000000,0.649785000000,0.613010000000),
double3(0.441310000000,0.863300000000,0.548400000000),
double3(0.207740000000,0.922490000000,0.626850000000),
double3(0.248580000000,0.895800000000,0.547890000000),
double3(0.058880000000,0.947670000000,0.701665000000),
double3(0.195010000000,0.844055000000,0.574640000000),
double3(0.156360000000,0.970170000000,0.664500000000),
double3(0.345820000000,0.879240000000,0.596395000000),
double3(0.403560000000,0.880100000000,0.578185000000),
double3(0.163230000000,0.826370000000,0.541635000000),
double3(0.185750000000,0.965360000000,0.708540000000),
double3(0.096120000000,0.964365000000,0.671300000000),
double3(0.179600000000,0.950465000000,0.629740000000),
double3(0.230270000000,0.918385000000,0.579930000000),
double3(0.306270000000,0.886975000000,0.559350000000),
double3(0.210740000000,0.871060000000,0.552010000000),
double3(0.426970000000,0.832825000000,0.552715000000),
double3(0.254010000000,0.921210000000,0.660540000000),
double3(0.159750000000,0.850320000000,0.615195000000),
double3(0.333250000000,0.850215000000,0.613010000000),
double3(0.941310000000,0.886700000000,0.798400000000),
double3(0.707740000000,0.827510000000,0.876850000000),
double3(0.748580000000,0.854200000000,0.797890000000),
double3(0.558880000000,0.802330000000,0.951665000000),
double3(0.695010000000,0.905945000000,0.824640000000),
double3(0.656360000000,0.779830000000,0.914500000000),
double3(0.845820000000,0.870760000000,0.846395000000),
double3(0.720120000000,0.779665000000,0.500000000000),
double3(0.673230000000,0.940990000000,0.750000000000),
double3(0.903560000000,0.869900000000,0.828185000000),
double3(0.747000000000,0.843565000000,0.750000000000),
double3(0.740730000000,0.750000000000,0.500000000000),
double3(0.934330000000,0.877680000000,0.750000000000),
double3(0.500000000000,0.797780000000,0.937970000000),
double3(0.663230000000,0.923630000000,0.791635000000),
double3(0.685750000000,0.784640000000,0.958540000000),
double3(0.596120000000,0.785635000000,0.921300000000),
double3(0.679600000000,0.799535000000,0.879740000000),
double3(0.730270000000,0.831615000000,0.829930000000),
double3(0.806270000000,0.863025000000,0.809350000000),
double3(0.710740000000,0.878940000000,0.802010000000),
double3(0.566640000000,0.793325000000,0.500000000000),
double3(0.000000000000,0.882195000000,0.812685000000),
double3(0.767770000000,0.799670000000,0.500000000000),
double3(0.926970000000,0.917175000000,0.802715000000),
double3(0.754010000000,0.828790000000,0.910540000000),
double3(0.664180000000,0.750000000000,0.899685000000),
double3(0.659750000000,0.899680000000,0.865195000000),
double3(0.635930000000,0.966070000000,0.750000000000),
double3(0.833250000000,0.899785000000,0.863010000000),
double3(0.058690000000,0.613300000000,0.798400000000),
double3(0.292260000000,0.672490000000,0.876850000000),
double3(0.251420000000,0.645800000000,0.797890000000),
double3(0.441120000000,0.697670000000,0.951665000000),
double3(0.304990000000,0.594055000000,0.824640000000),
double3(0.343640000000,0.720170000000,0.914500000000),
double3(0.154180000000,0.629240000000,0.846395000000),
double3(0.279880000000,0.720335000000,0.500000000000),
double3(0.326770000000,0.559010000000,0.750000000000),
double3(0.096440000000,0.630100000000,0.828185000000),
double3(0.253000000000,0.656435000000,0.750000000000),
double3(0.259270000000,0.750000000000,0.500000000000),
double3(0.065670000000,0.622320000000,0.750000000000),
double3(0.500000000000,0.702220000000,0.937970000000),
double3(0.336770000000,0.576370000000,0.791635000000),
double3(0.314250000000,0.715360000000,0.958540000000),
double3(0.403880000000,0.714365000000,0.921300000000),
double3(0.320400000000,0.700465000000,0.879740000000),
double3(0.269730000000,0.668385000000,0.829930000000),
double3(0.193730000000,0.636975000000,0.809350000000),
double3(0.289260000000,0.621060000000,0.802010000000),
double3(0.433360000000,0.706675000000,0.500000000000),
double3(0.000000000000,0.617805000000,0.812685000000),
double3(0.232230000000,0.700330000000,0.500000000000),
double3(0.073030000000,0.582825000000,0.802715000000),
double3(0.245990000000,0.671210000000,0.910540000000),
double3(0.335820000000,0.750000000000,0.899685000000),
double3(0.340250000000,0.600320000000,0.865195000000),
double3(0.364070000000,0.533930000000,0.750000000000),
double3(0.166750000000,0.600215000000,0.863010000000),
double3(0.941310000000,0.613300000000,0.701600000000),
double3(0.707740000000,0.672490000000,0.623150000000),
double3(0.748580000000,0.645800000000,0.702110000000),
double3(0.558880000000,0.697670000000,0.548335000000),
double3(0.695010000000,0.594055000000,0.675360000000),
double3(0.656360000000,0.720170000000,0.585500000000),
double3(0.845820000000,0.629240000000,0.653605000000),
double3(0.720120000000,0.720335000000,0.500000000000),
double3(0.673230000000,0.559010000000,0.750000000000),
double3(0.903560000000,0.630100000000,0.671815000000),
double3(0.747000000000,0.656435000000,0.750000000000),
double3(0.934330000000,0.622320000000,0.750000000000),
double3(0.500000000000,0.702220000000,0.562030000000),
double3(0.663230000000,0.576370000000,0.708365000000),
double3(0.685750000000,0.715360000000,0.541460000000),
double3(0.596120000000,0.714365000000,0.578700000000),
double3(0.679600000000,0.700465000000,0.620260000000),
double3(0.730270000000,0.668385000000,0.670070000000),
double3(0.806270000000,0.636975000000,0.690650000000),
double3(0.710740000000,0.621060000000,0.697990000000),
double3(0.566640000000,0.706675000000,0.500000000000),
double3(0.000000000000,0.617805000000,0.687315000000),
double3(0.767770000000,0.700330000000,0.500000000000),
double3(0.926970000000,0.582825000000,0.697285000000),
double3(0.754010000000,0.671210000000,0.589460000000),
double3(0.664180000000,0.750000000000,0.600315000000),
double3(0.659750000000,0.600320000000,0.634805000000),
double3(0.635930000000,0.533930000000,0.750000000000),
double3(0.833250000000,0.600215000000,0.636990000000),
double3(0.058690000000,0.886700000000,0.701600000000),
double3(0.292260000000,0.827510000000,0.623150000000),
double3(0.251420000000,0.854200000000,0.702110000000),
double3(0.441120000000,0.802330000000,0.548335000000),
double3(0.304990000000,0.905945000000,0.675360000000),
double3(0.343640000000,0.779830000000,0.585500000000),
double3(0.154180000000,0.870760000000,0.653605000000),
double3(0.279880000000,0.779665000000,0.500000000000),
double3(0.326770000000,0.940990000000,0.750000000000),
double3(0.096440000000,0.869900000000,0.671815000000),
double3(0.253000000000,0.843565000000,0.750000000000),
double3(0.065670000000,0.877680000000,0.750000000000),
double3(0.500000000000,0.797780000000,0.562030000000),
double3(0.336770000000,0.923630000000,0.708365000000),
double3(0.314250000000,0.784640000000,0.541460000000),
double3(0.403880000000,0.785635000000,0.578700000000),
double3(0.320400000000,0.799535000000,0.620260000000),
double3(0.269730000000,0.831615000000,0.670070000000),
double3(0.193730000000,0.863025000000,0.690650000000),
double3(0.289260000000,0.878940000000,0.697990000000),
double3(0.433360000000,0.793325000000,0.500000000000),
double3(0.000000000000,0.882195000000,0.687315000000),
double3(0.232230000000,0.799670000000,0.500000000000),
double3(0.073030000000,0.917175000000,0.697285000000),
double3(0.245990000000,0.828790000000,0.589460000000),
double3(0.335820000000,0.750000000000,0.600315000000),
double3(0.340250000000,0.899680000000,0.634805000000),
double3(0.364070000000,0.966070000000,0.750000000000),
double3(0.166750000000,0.899785000000,0.636990000000),
double3(0.058690000000,0.613300000000,0.701600000000),
double3(0.292260000000,0.672490000000,0.623150000000),
double3(0.251420000000,0.645800000000,0.702110000000),
double3(0.441120000000,0.697670000000,0.548335000000),
double3(0.304990000000,0.594055000000,0.675360000000),
double3(0.343640000000,0.720170000000,0.585500000000),
double3(0.154180000000,0.629240000000,0.653605000000),
double3(0.096440000000,0.630100000000,0.671815000000),
double3(0.336770000000,0.576370000000,0.708365000000),
double3(0.314250000000,0.715360000000,0.541460000000),
double3(0.403880000000,0.714365000000,0.578700000000),
double3(0.320400000000,0.700465000000,0.620260000000),
double3(0.269730000000,0.668385000000,0.670070000000),
double3(0.193730000000,0.636975000000,0.690650000000),
double3(0.289260000000,0.621060000000,0.697990000000),
double3(0.073030000000,0.582825000000,0.697285000000),
double3(0.245990000000,0.671210000000,0.589460000000),
double3(0.340250000000,0.600320000000,0.634805000000),
double3(0.166750000000,0.600215000000,0.636990000000),
double3(0.941310000000,0.886700000000,0.701600000000),
double3(0.707740000000,0.827510000000,0.623150000000),
double3(0.748580000000,0.854200000000,0.702110000000),
double3(0.558880000000,0.802330000000,0.548335000000),
double3(0.695010000000,0.905945000000,0.675360000000),
double3(0.656360000000,0.779830000000,0.585500000000),
double3(0.845820000000,0.870760000000,0.653605000000),
double3(0.903560000000,0.869900000000,0.671815000000),
double3(0.663230000000,0.923630000000,0.708365000000),
double3(0.685750000000,0.784640000000,0.541460000000),
double3(0.596120000000,0.785635000000,0.578700000000),
double3(0.679600000000,0.799535000000,0.620260000000),
double3(0.730270000000,0.831615000000,0.670070000000),
double3(0.806270000000,0.863025000000,0.690650000000),
double3(0.710740000000,0.878940000000,0.697990000000),
double3(0.926970000000,0.917175000000,0.697285000000),
double3(0.754010000000,0.828790000000,0.589460000000),
double3(0.659750000000,0.899680000000,0.634805000000),
double3(0.833250000000,0.899785000000,0.636990000000),
double3(0.058690000000,0.886700000000,0.798400000000),
double3(0.292260000000,0.827510000000,0.876850000000),
double3(0.251420000000,0.854200000000,0.797890000000),
double3(0.441120000000,0.802330000000,0.951665000000),
double3(0.304990000000,0.905945000000,0.824640000000),
double3(0.343640000000,0.779830000000,0.914500000000),
double3(0.154180000000,0.870760000000,0.846395000000),
double3(0.096440000000,0.869900000000,0.828185000000),
double3(0.336770000000,0.923630000000,0.791635000000),
double3(0.314250000000,0.784640000000,0.958540000000),
double3(0.403880000000,0.785635000000,0.921300000000),
double3(0.320400000000,0.799535000000,0.879740000000),
double3(0.269730000000,0.831615000000,0.829930000000),
double3(0.193730000000,0.863025000000,0.809350000000),
double3(0.289260000000,0.878940000000,0.802010000000),
double3(0.073030000000,0.917175000000,0.802715000000),
double3(0.245990000000,0.828790000000,0.910540000000),
double3(0.340250000000,0.899680000000,0.865195000000),
double3(0.166750000000,0.899785000000,0.863010000000),
double3(0.941310000000,0.613300000000,0.798400000000),
double3(0.707740000000,0.672490000000,0.876850000000),
double3(0.748580000000,0.645800000000,0.797890000000),
double3(0.558880000000,0.697670000000,0.951665000000),
double3(0.695010000000,0.594055000000,0.824640000000),
double3(0.656360000000,0.720170000000,0.914500000000),
double3(0.845820000000,0.629240000000,0.846395000000),
double3(0.903560000000,0.630100000000,0.828185000000),
double3(0.663230000000,0.576370000000,0.791635000000),
double3(0.685750000000,0.715360000000,0.958540000000),
double3(0.596120000000,0.714365000000,0.921300000000),
double3(0.679600000000,0.700465000000,0.879740000000),
double3(0.730270000000,0.668385000000,0.829930000000),
double3(0.806270000000,0.636975000000,0.809350000000),
double3(0.710740000000,0.621060000000,0.802010000000),
double3(0.926970000000,0.582825000000,0.802715000000),
double3(0.754010000000,0.671210000000,0.910540000000),
double3(0.659750000000,0.600320000000,0.865195000000),
double3(0.833250000000,0.600215000000,0.863010000000),
