[double3(6.926000000000,0.000000000000,0.000000000000),double3(0.000000000000,6.926000000000,0.000000000000),double3(0.000000000000,0.000000000000,6.410000000000)]

double3(0.047450000000,0.000000000000,0.088750000000),
double3(0.047425000000,0.047425000000,0.000000000000),
double3(0.125000000000,0.000000000000,0.029575000000),
double3(0.066975000000,0.000000000000,0.029600000000),
double3(0.000000000000,0.000000000000,0.125000000000),
double3(0.000000000000,0.202550000000,0.161250000000),
double3(0.047425000000,0.202575000000,0.000000000000),
double3(0.000000000000,0.125000000000,0.220425000000),
double3(0.000000000000,0.183025000000,0.220400000000),
double3(0.202550000000,0.000000000000,0.088750000000),
double3(0.202575000000,0.202575000000,0.000000000000),
double3(0.183025000000,0.000000000000,0.029600000000),
double3(0.000000000000,0.047450000000,0.161250000000),
double3(0.202575000000,0.047425000000,0.000000000000),
double3(0.000000000000,0.066975000000,0.220400000000),
double3(0.047450000000,0.000000000000,0.338750000000),
double3(0.047425000000,0.047425000000,0.250000000000),
double3(0.125000000000,0.000000000000,0.279575000000),
double3(0.066975000000,0.000000000000,0.279600000000),
double3(0.000000000000,0.000000000000,0.375000000000),
double3(0.000000000000,0.202550000000,0.411250000000),
double3(0.047425000000,0.202575000000,0.250000000000),
double3(0.000000000000,0.125000000000,0.470425000000),
double3(0.000000000000,0.183025000000,0.470400000000),
double3(0.202550000000,0.000000000000,0.338750000000),
double3(0.202575000000,0.202575000000,0.250000000000),
double3(0.183025000000,0.000000000000,0.279600000000),
double3(0.000000000000,0.047450000000,0.411250000000),
double3(0.202575000000,0.047425000000,0.250000000000),
double3(0.000000000000,0.066975000000,0.470400000000),
double3(0.047450000000,0.000000000000,0.588750000000),
double3(0.047425000000,0.047425000000,0.500000000000),
double3(0.125000000000,0.000000000000,0.529575000000),
double3(0.066975000000,0.000000000000,0.529600000000),
double3(0.000000000000,0.000000000000,0.625000000000),
double3(0.000000000000,0.202550000000,0.661250000000),
double3(0.047425000000,0.202575000000,0.500000000000),
double3(0.000000000000,0.125000000000,0.720425000000),
double3(0.000000000000,0.183025000000,0.720400000000),
double3(0.202550000000,0.000000000000,0.588750000000),
double3(0.202575000000,0.202575000000,0.500000000000),
double3(0.183025000000,0.000000000000,0.529600000000),
double3(0.000000000000,0.047450000000,0.661250000000),
double3(0.202575000000,0.047425000000,0.500000000000),
double3(0.000000000000,0.066975000000,0.720400000000),
double3(0.047450000000,0.000000000000,0.838750000000),
double3(0.047425000000,0.047425000000,0.750000000000),
double3(0.125000000000,0.000000000000,0.779575000000),
double3(0.066975000000,0.000000000000,0.779600000000),
double3(0.000000000000,0.000000000000,0.875000000000),
double3(0.000000000000,0.202550000000,0.911250000000),
double3(0.047425000000,0.202575000000,0.750000000000),
double3(0.000000000000,0.125000000000,0.970425000000),
double3(0.000000000000,0.183025000000,0.970400000000),
double3(0.202550000000,0.000000000000,0.838750000000),
double3(0.202575000000,0.202575000000,0.750000000000),
double3(0.183025000000,0.000000000000,0.779600000000),
double3(0.000000000000,0.047450000000,0.911250000000),
double3(0.202575000000,0.047425000000,0.750000000000),
double3(0.000000000000,0.066975000000,0.970400000000),
double3(0.047450000000,0.250000000000,0.088750000000),
double3(0.047425000000,0.297425000000,0.000000000000),
double3(0.125000000000,0.250000000000,0.029575000000),
double3(0.066975000000,0.250000000000,0.029600000000),
double3(0.000000000000,0.250000000000,0.125000000000),
double3(0.000000000000,0.452550000000,0.161250000000),
double3(0.047425000000,0.452575000000,0.000000000000),
double3(0.000000000000,0.375000000000,0.220425000000),
double3(0.000000000000,0.433025000000,0.220400000000),
double3(0.202550000000,0.250000000000,0.088750000000),
double3(0.202575000000,0.452575000000,0.000000000000),
double3(0.183025000000,0.250000000000,0.029600000000),
double3(0.000000000000,0.297450000000,0.161250000000),
double3(0.202575000000,0.297425000000,0.000000000000),
double3(0.000000000000,0.316975000000,0.220400000000),
double3(0.047450000000,0.250000000000,0.338750000000),
double3(0.047425000000,0.297425000000,0.250000000000),
double3(0.125000000000,0.250000000000,0.279575000000),
double3(0.066975000000,0.250000000000,0.279600000000),
double3(0.000000000000,0.250000000000,0.375000000000),
double3(0.000000000000,0.452550000000,0.411250000000),
double3(0.047425000000,0.452575000000,0.250000000000),
double3(0.000000000000,0.375000000000,0.470425000000),
double3(0.000000000000,0.433025000000,0.470400000000),
double3(0.202550000000,0.250000000000,0.338750000000),
double3(0.202575000000,0.452575000000,0.250000000000),
double3(0.183025000000,0.250000000000,0.279600000000),
double3(0.000000000000,0.297450000000,0.411250000000),
double3(0.202575000000,0.297425000000,0.250000000000),
double3(0.000000000000,0.316975000000,0.470400000000),
double3(0.047450000000,0.250000000000,0.588750000000),
double3(0.047425000000,0.297425000000,0.500000000000),
double3(0.125000000000,0.250000000000,0.529575000000),
double3(0.066975000000,0.250000000000,0.529600000000),
double3(0.000000000000,0.250000000000,0.625000000000),
double3(0.000000000000,0.452550000000,0.661250000000),
double3(0.047425000000,0.452575000000,0.500000000000),
double3(0.000000000000,0.375000000000,0.720425000000),
double3(0.000000000000,0.433025000000,0.720400000000),
double3(0.202550000000,0.250000000000,0.588750000000),
double3(0.202575000000,0.452575000000,0.500000000000),
double3(0.183025000000,0.250000000000,0.529600000000),
double3(0.000000000000,0.297450000000,0.661250000000),
double3(0.202575000000,0.297425000000,0.500000000000),
double3(0.000000000000,0.316975000000,0.720400000000),
double3(0.047450000000,0.250000000000,0.838750000000),
double3(0.047425000000,0.297425000000,0.750000000000),
double3(0.125000000000,0.250000000000,0.779575000000),
double3(0.066975000000,0.250000000000,0.779600000000),
double3(0.000000000000,0.250000000000,0.875000000000),
double3(0.000000000000,0.452550000000,0.911250000000),
double3(0.047425000000,0.452575000000,0.750000000000),
double3(0.000000000000,0.375000000000,0.970425000000),
double3(0.000000000000,0.433025000000,0.970400000000),
double3(0.202550000000,0.250000000000,0.838750000000),
double3(0.202575000000,0.452575000000,0.750000000000),
double3(0.183025000000,0.250000000000,0.779600000000),
double3(0.000000000000,0.297450000000,0.911250000000),
double3(0.202575000000,0.297425000000,0.750000000000),
double3(0.000000000000,0.316975000000,0.970400000000),
double3(0.047450000000,0.500000000000,0.088750000000),
double3(0.047425000000,0.547425000000,0.000000000000),
double3(0.125000000000,0.500000000000,0.029575000000),
double3(0.066975000000,0.500000000000,0.029600000000),
double3(0.000000000000,0.500000000000,0.125000000000),
double3(0.000000000000,0.702550000000,0.161250000000),
double3(0.047425000000,0.702575000000,0.000000000000),
double3(0.000000000000,0.625000000000,0.220425000000),
double3(0.000000000000,0.683025000000,0.220400000000),
double3(0.202550000000,0.500000000000,0.088750000000),
double3(0.202575000000,0.702575000000,0.000000000000),
double3(0.183025000000,0.500000000000,0.029600000000),
double3(0.000000000000,0.547450000000,0.161250000000),
double3(0.202575000000,0.547425000000,0.000000000000),
double3(0.000000000000,0.566975000000,0.220400000000),
double3(0.047450000000,0.500000000000,0.338750000000),
double3(0.047425000000,0.547425000000,0.250000000000),
double3(0.125000000000,0.500000000000,0.279575000000),
double3(0.066975000000,0.500000000000,0.279600000000),
double3(0.000000000000,0.500000000000,0.375000000000),
double3(0.000000000000,0.702550000000,0.411250000000),
double3(0.047425000000,0.702575000000,0.250000000000),
double3(0.000000000000,0.625000000000,0.470425000000),
double3(0.000000000000,0.683025000000,0.470400000000),
double3(0.202550000000,0.500000000000,0.338750000000),
double3(0.202575000000,0.702575000000,0.250000000000),
double3(0.183025000000,0.500000000000,0.279600000000),
double3(0.000000000000,0.547450000000,0.411250000000),
double3(0.202575000000,0.547425000000,0.250000000000),
double3(0.000000000000,0.566975000000,0.470400000000),
double3(0.047450000000,0.500000000000,0.588750000000),
double3(0.047425000000,0.547425000000,0.500000000000),
double3(0.125000000000,0.500000000000,0.529575000000),
double3(0.066975000000,0.500000000000,0.529600000000),
double3(0.000000000000,0.500000000000,0.625000000000),
double3(0.000000000000,0.702550000000,0.661250000000),
double3(0.047425000000,0.702575000000,0.500000000000),
double3(0.000000000000,0.625000000000,0.720425000000),
double3(0.000000000000,0.683025000000,0.720400000000),
double3(0.202550000000,0.500000000000,0.588750000000),
double3(0.202575000000,0.702575000000,0.500000000000),
double3(0.183025000000,0.500000000000,0.529600000000),
double3(0.000000000000,0.547450000000,0.661250000000),
double3(0.202575000000,0.547425000000,0.500000000000),
double3(0.000000000000,0.566975000000,0.720400000000),
double3(0.047450000000,0.500000000000,0.838750000000),
double3(0.047425000000,0.547425000000,0.750000000000),
double3(0.125000000000,0.500000000000,0.779575000000),
double3(0.066975000000,0.500000000000,0.779600000000),
double3(0.000000000000,0.500000000000,0.875000000000),
double3(0.000000000000,0.702550000000,0.911250000000),
double3(0.047425000000,0.702575000000,0.750000000000),
double3(0.000000000000,0.625000000000,0.970425000000),
double3(0.000000000000,0.683025000000,0.970400000000),
double3(0.202550000000,0.500000000000,0.838750000000),
double3(0.202575000000,0.702575000000,0.750000000000),
double3(0.183025000000,0.500000000000,0.779600000000),
double3(0.000000000000,0.547450000000,0.911250000000),
double3(0.202575000000,0.547425000000,0.750000000000),
double3(0.000000000000,0.566975000000,0.970400000000),
double3(0.047450000000,0.750000000000,0.088750000000),
double3(0.047425000000,0.797425000000,0.000000000000),
double3(0.125000000000,0.750000000000,0.029575000000),
double3(0.066975000000,0.750000000000,0.029600000000),
double3(0.000000000000,0.750000000000,0.125000000000),
double3(0.000000000000,0.952550000000,0.161250000000),
double3(0.047425000000,0.952575000000,0.000000000000),
double3(0.000000000000,0.875000000000,0.220425000000),
double3(0.000000000000,0.933025000000,0.220400000000),
double3(0.202550000000,0.750000000000,0.088750000000),
double3(0.202575000000,0.952575000000,0.000000000000),
double3(0.183025000000,0.750000000000,0.029600000000),
double3(0.000000000000,0.797450000000,0.161250000000),
double3(0.202575000000,0.797425000000,0.000000000000),
double3(0.000000000000,0.816975000000,0.220400000000),
double3(0.047450000000,0.750000000000,0.338750000000),
double3(0.047425000000,0.797425000000,0.250000000000),
double3(0.125000000000,0.750000000000,0.279575000000),
double3(0.066975000000,0.750000000000,0.279600000000),
double3(0.000000000000,0.750000000000,0.375000000000),
double3(0.000000000000,0.952550000000,0.411250000000),
double3(0.047425000000,0.952575000000,0.250000000000),
double3(0.000000000000,0.875000000000,0.470425000000),
double3(0.000000000000,0.933025000000,0.470400000000),
double3(0.202550000000,0.750000000000,0.338750000000),
double3(0.202575000000,0.952575000000,0.250000000000),
double3(0.183025000000,0.750000000000,0.279600000000),
double3(0.000000000000,0.797450000000,0.411250000000),
double3(0.202575000000,0.797425000000,0.250000000000),
double3(0.000000000000,0.816975000000,0.470400000000),
double3(0.047450000000,0.750000000000,0.588750000000),
double3(0.047425000000,0.797425000000,0.500000000000),
double3(0.125000000000,0.750000000000,0.529575000000),
double3(0.066975000000,0.750000000000,0.529600000000),
double3(0.000000000000,0.750000000000,0.625000000000),
double3(0.000000000000,0.952550000000,0.661250000000),
double3(0.047425000000,0.952575000000,0.500000000000),
double3(0.000000000000,0.875000000000,0.720425000000),
double3(0.000000000000,0.933025000000,0.720400000000),
double3(0.202550000000,0.750000000000,0.588750000000),
double3(0.202575000000,0.952575000000,0.500000000000),
double3(0.183025000000,0.750000000000,0.529600000000),
double3(0.000000000000,0.797450000000,0.661250000000),
double3(0.202575000000,0.797425000000,0.500000000000),
double3(0.000000000000,0.816975000000,0.720400000000),
double3(0.047450000000,0.750000000000,0.838750000000),
double3(0.047425000000,0.797425000000,0.750000000000),
double3(0.125000000000,0.750000000000,0.779575000000),
double3(0.066975000000,0.750000000000,0.779600000000),
double3(0.000000000000,0.750000000000,0.875000000000),
double3(0.000000000000,0.952550000000,0.911250000000),
double3(0.047425000000,0.952575000000,0.750000000000),
double3(0.000000000000,0.875000000000,0.970425000000),
double3(0.000000000000,0.933025000000,0.970400000000),
double3(0.202550000000,0.750000000000,0.838750000000),
double3(0.202575000000,0.952575000000,0.750000000000),
double3(0.183025000000,0.750000000000,0.779600000000),
double3(0.000000000000,0.797450000000,0.911250000000),
double3(0.202575000000,0.797425000000,0.750000000000),
double3(0.000000000000,0.816975000000,0.970400000000),
double3(0.297450000000,0.000000000000,0.088750000000),
double3(0.297425000000,0.047425000000,0.000000000000),
double3(0.375000000000,0.000000000000,0.029575000000),
double3(0.316975000000,0.000000000000,0.029600000000),
double3(0.250000000000,0.000000000000,0.125000000000),
double3(0.250000000000,0.202550000000,0.161250000000),
double3(0.297425000000,0.202575000000,0.000000000000),
double3(0.250000000000,0.125000000000,0.220425000000),
double3(0.250000000000,0.183025000000,0.220400000000),
double3(0.452550000000,0.000000000000,0.088750000000),
double3(0.452575000000,0.202575000000,0.000000000000),
double3(0.433025000000,0.000000000000,0.029600000000),
double3(0.250000000000,0.047450000000,0.161250000000),
double3(0.452575000000,0.047425000000,0.000000000000),
double3(0.250000000000,0.066975000000,0.220400000000),
double3(0.297450000000,0.000000000000,0.338750000000),
double3(0.297425000000,0.047425000000,0.250000000000),
double3(0.375000000000,0.000000000000,0.279575000000),
double3(0.316975000000,0.000000000000,0.279600000000),
double3(0.250000000000,0.000000000000,0.375000000000),
double3(0.250000000000,0.202550000000,0.411250000000),
double3(0.297425000000,0.202575000000,0.250000000000),
double3(0.250000000000,0.125000000000,0.470425000000),
double3(0.250000000000,0.183025000000,0.470400000000),
double3(0.452550000000,0.000000000000,0.338750000000),
double3(0.452575000000,0.202575000000,0.250000000000),
double3(0.433025000000,0.000000000000,0.279600000000),
double3(0.250000000000,0.047450000000,0.411250000000),
double3(0.452575000000,0.047425000000,0.250000000000),
double3(0.250000000000,0.066975000000,0.470400000000),
double3(0.297450000000,0.000000000000,0.588750000000),
double3(0.297425000000,0.047425000000,0.500000000000),
double3(0.375000000000,0.000000000000,0.529575000000),
double3(0.316975000000,0.000000000000,0.529600000000),
double3(0.250000000000,0.000000000000,0.625000000000),
double3(0.250000000000,0.202550000000,0.661250000000),
double3(0.297425000000,0.202575000000,0.500000000000),
double3(0.250000000000,0.125000000000,0.720425000000),
double3(0.250000000000,0.183025000000,0.720400000000),
double3(0.452550000000,0.000000000000,0.588750000000),
double3(0.452575000000,0.202575000000,0.500000000000),
double3(0.433025000000,0.000000000000,0.529600000000),
double3(0.250000000000,0.047450000000,0.661250000000),
double3(0.452575000000,0.047425000000,0.500000000000),
double3(0.250000000000,0.066975000000,0.720400000000),
double3(0.297450000000,0.000000000000,0.838750000000),
double3(0.297425000000,0.047425000000,0.750000000000),
double3(0.375000000000,0.000000000000,0.779575000000),
double3(0.316975000000,0.000000000000,0.779600000000),
double3(0.250000000000,0.000000000000,0.875000000000),
double3(0.250000000000,0.202550000000,0.911250000000),
double3(0.297425000000,0.202575000000,0.750000000000),
double3(0.250000000000,0.125000000000,0.970425000000),
double3(0.250000000000,0.183025000000,0.970400000000),
double3(0.452550000000,0.000000000000,0.838750000000),
double3(0.452575000000,0.202575000000,0.750000000000),
double3(0.433025000000,0.000000000000,0.779600000000),
double3(0.250000000000,0.047450000000,0.911250000000),
double3(0.452575000000,0.047425000000,0.750000000000),
double3(0.250000000000,0.066975000000,0.970400000000),
double3(0.297450000000,0.250000000000,0.088750000000),
double3(0.297425000000,0.297425000000,0.000000000000),
double3(0.375000000000,0.250000000000,0.029575000000),
double3(0.316975000000,0.250000000000,0.029600000000),
double3(0.250000000000,0.250000000000,0.125000000000),
double3(0.250000000000,0.452550000000,0.161250000000),
double3(0.297425000000,0.452575000000,0.000000000000),
double3(0.250000000000,0.375000000000,0.220425000000),
double3(0.250000000000,0.433025000000,0.220400000000),
double3(0.452550000000,0.250000000000,0.088750000000),
double3(0.452575000000,0.452575000000,0.000000000000),
double3(0.433025000000,0.250000000000,0.029600000000),
double3(0.250000000000,0.297450000000,0.161250000000),
double3(0.452575000000,0.297425000000,0.000000000000),
double3(0.250000000000,0.316975000000,0.220400000000),
double3(0.297450000000,0.250000000000,0.338750000000),
double3(0.297425000000,0.297425000000,0.250000000000),
double3(0.375000000000,0.250000000000,0.279575000000),
double3(0.316975000000,0.250000000000,0.279600000000),
double3(0.250000000000,0.250000000000,0.375000000000),
double3(0.250000000000,0.452550000000,0.411250000000),
double3(0.297425000000,0.452575000000,0.250000000000),
double3(0.250000000000,0.375000000000,0.470425000000),
double3(0.250000000000,0.433025000000,0.470400000000),
double3(0.452550000000,0.250000000000,0.338750000000),
double3(0.452575000000,0.452575000000,0.250000000000),
double3(0.433025000000,0.250000000000,0.279600000000),
double3(0.250000000000,0.297450000000,0.411250000000),
double3(0.452575000000,0.297425000000,0.250000000000),
double3(0.250000000000,0.316975000000,0.470400000000),
double3(0.297450000000,0.250000000000,0.588750000000),
double3(0.297425000000,0.297425000000,0.500000000000),
double3(0.375000000000,0.250000000000,0.529575000000),
double3(0.316975000000,0.250000000000,0.529600000000),
double3(0.250000000000,0.250000000000,0.625000000000),
double3(0.250000000000,0.452550000000,0.661250000000),
double3(0.297425000000,0.452575000000,0.500000000000),
double3(0.250000000000,0.375000000000,0.720425000000),
double3(0.250000000000,0.433025000000,0.720400000000),
double3(0.452550000000,0.250000000000,0.588750000000),
double3(0.452575000000,0.452575000000,0.500000000000),
double3(0.433025000000,0.250000000000,0.529600000000),
double3(0.250000000000,0.297450000000,0.661250000000),
double3(0.452575000000,0.297425000000,0.500000000000),
double3(0.250000000000,0.316975000000,0.720400000000),
double3(0.297450000000,0.250000000000,0.838750000000),
double3(0.297425000000,0.297425000000,0.750000000000),
double3(0.375000000000,0.250000000000,0.779575000000),
double3(0.316975000000,0.250000000000,0.779600000000),
double3(0.250000000000,0.250000000000,0.875000000000),
double3(0.250000000000,0.452550000000,0.911250000000),
double3(0.297425000000,0.452575000000,0.750000000000),
double3(0.250000000000,0.375000000000,0.970425000000),
double3(0.250000000000,0.433025000000,0.970400000000),
double3(0.452550000000,0.250000000000,0.838750000000),
double3(0.452575000000,0.452575000000,0.750000000000),
double3(0.433025000000,0.250000000000,0.779600000000),
double3(0.250000000000,0.297450000000,0.911250000000),
double3(0.452575000000,0.297425000000,0.750000000000),
double3(0.250000000000,0.316975000000,0.970400000000),
double3(0.297450000000,0.500000000000,0.088750000000),
double3(0.297425000000,0.547425000000,0.000000000000),
double3(0.375000000000,0.500000000000,0.029575000000),
double3(0.316975000000,0.500000000000,0.029600000000),
double3(0.250000000000,0.500000000000,0.125000000000),
double3(0.250000000000,0.702550000000,0.161250000000),
double3(0.297425000000,0.702575000000,0.000000000000),
double3(0.250000000000,0.625000000000,0.220425000000),
double3(0.250000000000,0.683025000000,0.220400000000),
double3(0.452550000000,0.500000000000,0.088750000000),
double3(0.452575000000,0.702575000000,0.000000000000),
double3(0.433025000000,0.500000000000,0.029600000000),
double3(0.250000000000,0.547450000000,0.161250000000),
double3(0.452575000000,0.547425000000,0.000000000000),
double3(0.250000000000,0.566975000000,0.220400000000),
double3(0.297450000000,0.500000000000,0.338750000000),
double3(0.297425000000,0.547425000000,0.250000000000),
double3(0.375000000000,0.500000000000,0.279575000000),
double3(0.316975000000,0.500000000000,0.279600000000),
double3(0.250000000000,0.500000000000,0.375000000000),
double3(0.250000000000,0.702550000000,0.411250000000),
double3(0.297425000000,0.702575000000,0.250000000000),
double3(0.250000000000,0.625000000000,0.470425000000),
double3(0.250000000000,0.683025000000,0.470400000000),
double3(0.452550000000,0.500000000000,0.338750000000),
double3(0.452575000000,0.702575000000,0.250000000000),
double3(0.433025000000,0.500000000000,0.279600000000),
double3(0.250000000000,0.547450000000,0.411250000000),
double3(0.452575000000,0.547425000000,0.250000000000),
double3(0.250000000000,0.566975000000,0.470400000000),
double3(0.297450000000,0.500000000000,0.588750000000),
double3(0.297425000000,0.547425000000,0.500000000000),
double3(0.375000000000,0.500000000000,0.529575000000),
double3(0.316975000000,0.500000000000,0.529600000000),
double3(0.250000000000,0.500000000000,0.625000000000),
double3(0.250000000000,0.702550000000,0.661250000000),
double3(0.297425000000,0.702575000000,0.500000000000),
double3(0.250000000000,0.625000000000,0.720425000000),
double3(0.250000000000,0.683025000000,0.720400000000),
double3(0.452550000000,0.500000000000,0.588750000000),
double3(0.452575000000,0.702575000000,0.500000000000),
double3(0.433025000000,0.500000000000,0.529600000000),
double3(0.250000000000,0.547450000000,0.661250000000),
double3(0.452575000000,0.547425000000,0.500000000000),
double3(0.250000000000,0.566975000000,0.720400000000),
double3(0.297450000000,0.500000000000,0.838750000000),
double3(0.297425000000,0.547425000000,0.750000000000),
double3(0.375000000000,0.500000000000,0.779575000000),
double3(0.316975000000,0.500000000000,0.779600000000),
double3(0.250000000000,0.500000000000,0.875000000000),
double3(0.250000000000,0.702550000000,0.911250000000),
double3(0.297425000000,0.702575000000,0.750000000000),
double3(0.250000000000,0.625000000000,0.970425000000),
double3(0.250000000000,0.683025000000,0.970400000000),
double3(0.452550000000,0.500000000000,0.838750000000),
double3(0.452575000000,0.702575000000,0.750000000000),
double3(0.433025000000,0.500000000000,0.779600000000),
double3(0.250000000000,0.547450000000,0.911250000000),
double3(0.452575000000,0.547425000000,0.750000000000),
double3(0.250000000000,0.566975000000,0.970400000000),
double3(0.297450000000,0.750000000000,0.088750000000),
double3(0.297425000000,0.797425000000,0.000000000000),
double3(0.375000000000,0.750000000000,0.029575000000),
double3(0.316975000000,0.750000000000,0.029600000000),
double3(0.250000000000,0.750000000000,0.125000000000),
double3(0.250000000000,0.952550000000,0.161250000000),
double3(0.297425000000,0.952575000000,0.000000000000),
double3(0.250000000000,0.875000000000,0.220425000000),
double3(0.250000000000,0.933025000000,0.220400000000),
double3(0.452550000000,0.750000000000,0.088750000000),
double3(0.452575000000,0.952575000000,0.000000000000),
double3(0.433025000000,0.750000000000,0.029600000000),
double3(0.250000000000,0.797450000000,0.161250000000),
double3(0.452575000000,0.797425000000,0.000000000000),
double3(0.250000000000,0.816975000000,0.220400000000),
double3(0.297450000000,0.750000000000,0.338750000000),
double3(0.297425000000,0.797425000000,0.250000000000),
double3(0.375000000000,0.750000000000,0.279575000000),
double3(0.316975000000,0.750000000000,0.279600000000),
double3(0.250000000000,0.750000000000,0.375000000000),
double3(0.250000000000,0.952550000000,0.411250000000),
double3(0.297425000000,0.952575000000,0.250000000000),
double3(0.250000000000,0.875000000000,0.470425000000),
double3(0.250000000000,0.933025000000,0.470400000000),
double3(0.452550000000,0.750000000000,0.338750000000),
double3(0.452575000000,0.952575000000,0.250000000000),
double3(0.433025000000,0.750000000000,0.279600000000),
double3(0.250000000000,0.797450000000,0.411250000000),
double3(0.452575000000,0.797425000000,0.250000000000),
double3(0.250000000000,0.816975000000,0.470400000000),
double3(0.297450000000,0.750000000000,0.588750000000),
double3(0.297425000000,0.797425000000,0.500000000000),
double3(0.375000000000,0.750000000000,0.529575000000),
double3(0.316975000000,0.750000000000,0.529600000000),
double3(0.250000000000,0.750000000000,0.625000000000),
double3(0.250000000000,0.952550000000,0.661250000000),
double3(0.297425000000,0.952575000000,0.500000000000),
double3(0.250000000000,0.875000000000,0.720425000000),
double3(0.250000000000,0.933025000000,0.720400000000),
double3(0.452550000000,0.750000000000,0.588750000000),
double3(0.452575000000,0.952575000000,0.500000000000),
double3(0.433025000000,0.750000000000,0.529600000000),
double3(0.250000000000,0.797450000000,0.661250000000),
double3(0.452575000000,0.797425000000,0.500000000000),
double3(0.250000000000,0.816975000000,0.720400000000),
double3(0.297450000000,0.750000000000,0.838750000000),
double3(0.297425000000,0.797425000000,0.750000000000),
double3(0.375000000000,0.750000000000,0.779575000000),
double3(0.316975000000,0.750000000000,0.779600000000),
double3(0.250000000000,0.750000000000,0.875000000000),
double3(0.250000000000,0.952550000000,0.911250000000),
double3(0.297425000000,0.952575000000,0.750000000000),
double3(0.250000000000,0.875000000000,0.970425000000),
double3(0.250000000000,0.933025000000,0.970400000000),
double3(0.452550000000,0.750000000000,0.838750000000),
double3(0.452575000000,0.952575000000,0.750000000000),
double3(0.433025000000,0.750000000000,0.779600000000),
double3(0.250000000000,0.797450000000,0.911250000000),
double3(0.452575000000,0.797425000000,0.750000000000),
double3(0.250000000000,0.816975000000,0.970400000000),
double3(0.547450000000,0.000000000000,0.088750000000),
double3(0.547425000000,0.047425000000,0.000000000000),
double3(0.625000000000,0.000000000000,0.029575000000),
double3(0.566975000000,0.000000000000,0.029600000000),
double3(0.500000000000,0.000000000000,0.125000000000),
double3(0.500000000000,0.202550000000,0.161250000000),
double3(0.547425000000,0.202575000000,0.000000000000),
double3(0.500000000000,0.125000000000,0.220425000000),
double3(0.500000000000,0.183025000000,0.220400000000),
double3(0.702550000000,0.000000000000,0.088750000000),
double3(0.702575000000,0.202575000000,0.000000000000),
double3(0.683025000000,0.000000000000,0.029600000000),
double3(0.500000000000,0.047450000000,0.161250000000),
double3(0.702575000000,0.047425000000,0.000000000000),
double3(0.500000000000,0.066975000000,0.220400000000),
double3(0.547450000000,0.000000000000,0.338750000000),
double3(0.547425000000,0.047425000000,0.250000000000),
double3(0.625000000000,0.000000000000,0.279575000000),
double3(0.566975000000,0.000000000000,0.279600000000),
double3(0.500000000000,0.000000000000,0.375000000000),
double3(0.500000000000,0.202550000000,0.411250000000),
double3(0.547425000000,0.202575000000,0.250000000000),
double3(0.500000000000,0.125000000000,0.470425000000),
double3(0.500000000000,0.183025000000,0.470400000000),
double3(0.702550000000,0.000000000000,0.338750000000),
double3(0.702575000000,0.202575000000,0.250000000000),
double3(0.683025000000,0.000000000000,0.279600000000),
double3(0.500000000000,0.047450000000,0.411250000000),
double3(0.702575000000,0.047425000000,0.250000000000),
double3(0.500000000000,0.066975000000,0.470400000000),
double3(0.547450000000,0.000000000000,0.588750000000),
double3(0.547425000000,0.047425000000,0.500000000000),
double3(0.625000000000,0.000000000000,0.529575000000),
double3(0.566975000000,0.000000000000,0.529600000000),
double3(0.500000000000,0.000000000000,0.625000000000),
double3(0.500000000000,0.202550000000,0.661250000000),
double3(0.547425000000,0.202575000000,0.500000000000),
double3(0.500000000000,0.125000000000,0.720425000000),
double3(0.500000000000,0.183025000000,0.720400000000),
double3(0.702550000000,0.000000000000,0.588750000000),
double3(0.702575000000,0.202575000000,0.500000000000),
double3(0.683025000000,0.000000000000,0.529600000000),
double3(0.500000000000,0.047450000000,0.661250000000),
double3(0.702575000000,0.047425000000,0.500000000000),
double3(0.500000000000,0.066975000000,0.720400000000),
double3(0.547450000000,0.000000000000,0.838750000000),
double3(0.547425000000,0.047425000000,0.750000000000),
double3(0.625000000000,0.000000000000,0.779575000000),
double3(0.566975000000,0.000000000000,0.779600000000),
double3(0.500000000000,0.000000000000,0.875000000000),
double3(0.500000000000,0.202550000000,0.911250000000),
double3(0.547425000000,0.202575000000,0.750000000000),
double3(0.500000000000,0.125000000000,0.970425000000),
double3(0.500000000000,0.183025000000,0.970400000000),
double3(0.702550000000,0.000000000000,0.838750000000),
double3(0.702575000000,0.202575000000,0.750000000000),
double3(0.683025000000,0.000000000000,0.779600000000),
double3(0.500000000000,0.047450000000,0.911250000000),
double3(0.702575000000,0.047425000000,0.750000000000),
double3(0.500000000000,0.066975000000,0.970400000000),
double3(0.547450000000,0.250000000000,0.088750000000),
double3(0.547425000000,0.297425000000,0.000000000000),
double3(0.625000000000,0.250000000000,0.029575000000),
double3(0.566975000000,0.250000000000,0.029600000000),
double3(0.500000000000,0.250000000000,0.125000000000),
double3(0.500000000000,0.452550000000,0.161250000000),
double3(0.547425000000,0.452575000000,0.000000000000),
double3(0.500000000000,0.375000000000,0.220425000000),
double3(0.500000000000,0.433025000000,0.220400000000),
double3(0.702550000000,0.250000000000,0.088750000000),
double3(0.702575000000,0.452575000000,0.000000000000),
double3(0.683025000000,0.250000000000,0.029600000000),
double3(0.500000000000,0.297450000000,0.161250000000),
double3(0.702575000000,0.297425000000,0.000000000000),
double3(0.500000000000,0.316975000000,0.220400000000),
double3(0.547450000000,0.250000000000,0.338750000000),
double3(0.547425000000,0.297425000000,0.250000000000),
double3(0.625000000000,0.250000000000,0.279575000000),
double3(0.566975000000,0.250000000000,0.279600000000),
double3(0.500000000000,0.250000000000,0.375000000000),
double3(0.500000000000,0.452550000000,0.411250000000),
double3(0.547425000000,0.452575000000,0.250000000000),
double3(0.500000000000,0.375000000000,0.470425000000),
double3(0.500000000000,0.433025000000,0.470400000000),
double3(0.702550000000,0.250000000000,0.338750000000),
double3(0.702575000000,0.452575000000,0.250000000000),
double3(0.683025000000,0.250000000000,0.279600000000),
double3(0.500000000000,0.297450000000,0.411250000000),
double3(0.702575000000,0.297425000000,0.250000000000),
double3(0.500000000000,0.316975000000,0.470400000000),
double3(0.547450000000,0.250000000000,0.588750000000),
double3(0.547425000000,0.297425000000,0.500000000000),
double3(0.625000000000,0.250000000000,0.529575000000),
double3(0.566975000000,0.250000000000,0.529600000000),
double3(0.500000000000,0.250000000000,0.625000000000),
double3(0.500000000000,0.452550000000,0.661250000000),
double3(0.547425000000,0.452575000000,0.500000000000),
double3(0.500000000000,0.375000000000,0.720425000000),
double3(0.500000000000,0.433025000000,0.720400000000),
double3(0.702550000000,0.250000000000,0.588750000000),
double3(0.702575000000,0.452575000000,0.500000000000),
double3(0.683025000000,0.250000000000,0.529600000000),
double3(0.500000000000,0.297450000000,0.661250000000),
double3(0.702575000000,0.297425000000,0.500000000000),
double3(0.500000000000,0.316975000000,0.720400000000),
double3(0.547450000000,0.250000000000,0.838750000000),
double3(0.547425000000,0.297425000000,0.750000000000),
double3(0.625000000000,0.250000000000,0.779575000000),
double3(0.566975000000,0.250000000000,0.779600000000),
double3(0.500000000000,0.250000000000,0.875000000000),
double3(0.500000000000,0.452550000000,0.911250000000),
double3(0.547425000000,0.452575000000,0.750000000000),
double3(0.500000000000,0.375000000000,0.970425000000),
double3(0.500000000000,0.433025000000,0.970400000000),
double3(0.702550000000,0.250000000000,0.838750000000),
double3(0.702575000000,0.452575000000,0.750000000000),
double3(0.683025000000,0.250000000000,0.779600000000),
double3(0.500000000000,0.297450000000,0.911250000000),
double3(0.702575000000,0.297425000000,0.750000000000),
double3(0.500000000000,0.316975000000,0.970400000000),
double3(0.547450000000,0.500000000000,0.088750000000),
double3(0.547425000000,0.547425000000,0.000000000000),
double3(0.625000000000,0.500000000000,0.029575000000),
double3(0.566975000000,0.500000000000,0.029600000000),
double3(0.500000000000,0.500000000000,0.125000000000),
double3(0.500000000000,0.702550000000,0.161250000000),
double3(0.547425000000,0.702575000000,0.000000000000),
double3(0.500000000000,0.625000000000,0.220425000000),
double3(0.500000000000,0.683025000000,0.220400000000),
double3(0.702550000000,0.500000000000,0.088750000000),
double3(0.702575000000,0.702575000000,0.000000000000),
double3(0.683025000000,0.500000000000,0.029600000000),
double3(0.500000000000,0.547450000000,0.161250000000),
double3(0.702575000000,0.547425000000,0.000000000000),
double3(0.500000000000,0.566975000000,0.220400000000),
double3(0.547450000000,0.500000000000,0.338750000000),
double3(0.547425000000,0.547425000000,0.250000000000),
double3(0.625000000000,0.500000000000,0.279575000000),
double3(0.566975000000,0.500000000000,0.279600000000),
double3(0.500000000000,0.500000000000,0.375000000000),
double3(0.500000000000,0.702550000000,0.411250000000),
double3(0.547425000000,0.702575000000,0.250000000000),
double3(0.500000000000,0.625000000000,0.470425000000),
double3(0.500000000000,0.683025000000,0.470400000000),
double3(0.702550000000,0.500000000000,0.338750000000),
double3(0.702575000000,0.702575000000,0.250000000000),
double3(0.683025000000,0.500000000000,0.279600000000),
double3(0.500000000000,0.547450000000,0.411250000000),
double3(0.702575000000,0.547425000000,0.250000000000),
double3(0.500000000000,0.566975000000,0.470400000000),
double3(0.547450000000,0.500000000000,0.588750000000),
double3(0.547425000000,0.547425000000,0.500000000000),
double3(0.625000000000,0.500000000000,0.529575000000),
double3(0.566975000000,0.500000000000,0.529600000000),
double3(0.500000000000,0.500000000000,0.625000000000),
double3(0.500000000000,0.702550000000,0.661250000000),
double3(0.547425000000,0.702575000000,0.500000000000),
double3(0.500000000000,0.625000000000,0.720425000000),
double3(0.500000000000,0.683025000000,0.720400000000),
double3(0.702550000000,0.500000000000,0.588750000000),
double3(0.702575000000,0.702575000000,0.500000000000),
double3(0.683025000000,0.500000000000,0.529600000000),
double3(0.500000000000,0.547450000000,0.661250000000),
double3(0.702575000000,0.547425000000,0.500000000000),
double3(0.500000000000,0.566975000000,0.720400000000),
double3(0.547450000000,0.500000000000,0.838750000000),
double3(0.547425000000,0.547425000000,0.750000000000),
double3(0.625000000000,0.500000000000,0.779575000000),
double3(0.566975000000,0.500000000000,0.779600000000),
double3(0.500000000000,0.500000000000,0.875000000000),
double3(0.500000000000,0.702550000000,0.911250000000),
double3(0.547425000000,0.702575000000,0.750000000000),
double3(0.500000000000,0.625000000000,0.970425000000),
double3(0.500000000000,0.683025000000,0.970400000000),
double3(0.702550000000,0.500000000000,0.838750000000),
double3(0.702575000000,0.702575000000,0.750000000000),
double3(0.683025000000,0.500000000000,0.779600000000),
double3(0.500000000000,0.547450000000,0.911250000000),
double3(0.702575000000,0.547425000000,0.750000000000),
double3(0.500000000000,0.566975000000,0.970400000000),
double3(0.547450000000,0.750000000000,0.088750000000),
double3(0.547425000000,0.797425000000,0.000000000000),
double3(0.625000000000,0.750000000000,0.029575000000),
double3(0.566975000000,0.750000000000,0.029600000000),
double3(0.500000000000,0.750000000000,0.125000000000),
double3(0.500000000000,0.952550000000,0.161250000000),
double3(0.547425000000,0.952575000000,0.000000000000),
double3(0.500000000000,0.875000000000,0.220425000000),
double3(0.500000000000,0.933025000000,0.220400000000),
double3(0.702550000000,0.750000000000,0.088750000000),
double3(0.702575000000,0.952575000000,0.000000000000),
double3(0.683025000000,0.750000000000,0.029600000000),
double3(0.500000000000,0.797450000000,0.161250000000),
double3(0.702575000000,0.797425000000,0.000000000000),
double3(0.500000000000,0.816975000000,0.220400000000),
double3(0.547450000000,0.750000000000,0.338750000000),
double3(0.547425000000,0.797425000000,0.250000000000),
double3(0.625000000000,0.750000000000,0.279575000000),
double3(0.566975000000,0.750000000000,0.279600000000),
double3(0.500000000000,0.750000000000,0.375000000000),
double3(0.500000000000,0.952550000000,0.411250000000),
double3(0.547425000000,0.952575000000,0.250000000000),
double3(0.500000000000,0.875000000000,0.470425000000),
double3(0.500000000000,0.933025000000,0.470400000000),
double3(0.702550000000,0.750000000000,0.338750000000),
double3(0.702575000000,0.952575000000,0.250000000000),
double3(0.683025000000,0.750000000000,0.279600000000),
double3(0.500000000000,0.797450000000,0.411250000000),
double3(0.702575000000,0.797425000000,0.250000000000),
double3(0.500000000000,0.816975000000,0.470400000000),
double3(0.547450000000,0.750000000000,0.588750000000),
double3(0.547425000000,0.797425000000,0.500000000000),
double3(0.625000000000,0.750000000000,0.529575000000),
double3(0.566975000000,0.750000000000,0.529600000000),
double3(0.500000000000,0.750000000000,0.625000000000),
double3(0.500000000000,0.952550000000,0.661250000000),
double3(0.547425000000,0.952575000000,0.500000000000),
double3(0.500000000000,0.875000000000,0.720425000000),
double3(0.500000000000,0.933025000000,0.720400000000),
double3(0.702550000000,0.750000000000,0.588750000000),
double3(0.702575000000,0.952575000000,0.500000000000),
double3(0.683025000000,0.750000000000,0.529600000000),
double3(0.500000000000,0.797450000000,0.661250000000),
double3(0.702575000000,0.797425000000,0.500000000000),
double3(0.500000000000,0.816975000000,0.720400000000),
double3(0.547450000000,0.750000000000,0.838750000000),
double3(0.547425000000,0.797425000000,0.750000000000),
double3(0.625000000000,0.750000000000,0.779575000000),
double3(0.566975000000,0.750000000000,0.779600000000),
double3(0.500000000000,0.750000000000,0.875000000000),
double3(0.500000000000,0.952550000000,0.911250000000),
double3(0.547425000000,0.952575000000,0.750000000000),
double3(0.500000000000,0.875000000000,0.970425000000),
double3(0.500000000000,0.933025000000,0.970400000000),
double3(0.702550000000,0.750000000000,0.838750000000),
double3(0.702575000000,0.952575000000,0.750000000000),
double3(0.683025000000,0.750000000000,0.779600000000),
double3(0.500000000000,0.797450000000,0.911250000000),
double3(0.702575000000,0.797425000000,0.750000000000),
double3(0.500000000000,0.816975000000,0.970400000000),
double3(0.797450000000,0.000000000000,0.088750000000),
double3(0.797425000000,0.047425000000,0.000000000000),
double3(0.875000000000,0.000000000000,0.029575000000),
double3(0.816975000000,0.000000000000,0.029600000000),
double3(0.750000000000,0.000000000000,0.125000000000),
double3(0.750000000000,0.202550000000,0.161250000000),
double3(0.797425000000,0.202575000000,0.000000000000),
double3(0.750000000000,0.125000000000,0.220425000000),
double3(0.750000000000,0.183025000000,0.220400000000),
double3(0.952550000000,0.000000000000,0.088750000000),
double3(0.952575000000,0.202575000000,0.000000000000),
double3(0.933025000000,0.000000000000,0.029600000000),
double3(0.750000000000,0.047450000000,0.161250000000),
double3(0.952575000000,0.047425000000,0.000000000000),
double3(0.750000000000,0.066975000000,0.220400000000),
double3(0.797450000000,0.000000000000,0.338750000000),
double3(0.797425000000,0.047425000000,0.250000000000),
double3(0.875000000000,0.000000000000,0.279575000000),
double3(0.816975000000,0.000000000000,0.279600000000),
double3(0.750000000000,0.000000000000,0.375000000000),
double3(0.750000000000,0.202550000000,0.411250000000),
double3(0.797425000000,0.202575000000,0.250000000000),
double3(0.750000000000,0.125000000000,0.470425000000),
double3(0.750000000000,0.183025000000,0.470400000000),
double3(0.952550000000,0.000000000000,0.338750000000),
double3(0.952575000000,0.202575000000,0.250000000000),
double3(0.933025000000,0.000000000000,0.279600000000),
double3(0.750000000000,0.047450000000,0.411250000000),
double3(0.952575000000,0.047425000000,0.250000000000),
double3(0.750000000000,0.066975000000,0.470400000000),
double3(0.797450000000,0.000000000000,0.588750000000),
double3(0.797425000000,0.047425000000,0.500000000000),
double3(0.875000000000,0.000000000000,0.529575000000),
double3(0.816975000000,0.000000000000,0.529600000000),
double3(0.750000000000,0.000000000000,0.625000000000),
double3(0.750000000000,0.202550000000,0.661250000000),
double3(0.797425000000,0.202575000000,0.500000000000),
double3(0.750000000000,0.125000000000,0.720425000000),
double3(0.750000000000,0.183025000000,0.720400000000),
double3(0.952550000000,0.000000000000,0.588750000000),
double3(0.952575000000,0.202575000000,0.500000000000),
double3(0.933025000000,0.000000000000,0.529600000000),
double3(0.750000000000,0.047450000000,0.661250000000),
double3(0.952575000000,0.047425000000,0.500000000000),
double3(0.750000000000,0.066975000000,0.720400000000),
double3(0.797450000000,0.000000000000,0.838750000000),
double3(0.797425000000,0.047425000000,0.750000000000),
double3(0.875000000000,0.000000000000,0.779575000000),
double3(0.816975000000,0.000000000000,0.779600000000),
double3(0.750000000000,0.000000000000,0.875000000000),
double3(0.750000000000,0.202550000000,0.911250000000),
double3(0.797425000000,0.202575000000,0.750000000000),
double3(0.750000000000,0.125000000000,0.970425000000),
double3(0.750000000000,0.183025000000,0.970400000000),
double3(0.952550000000,0.000000000000,0.838750000000),
double3(0.952575000000,0.202575000000,0.750000000000),
double3(0.933025000000,0.000000000000,0.779600000000),
double3(0.750000000000,0.047450000000,0.911250000000),
double3(0.952575000000,0.047425000000,0.750000000000),
double3(0.750000000000,0.066975000000,0.970400000000),
double3(0.797450000000,0.250000000000,0.088750000000),
double3(0.797425000000,0.297425000000,0.000000000000),
double3(0.875000000000,0.250000000000,0.029575000000),
double3(0.816975000000,0.250000000000,0.029600000000),
double3(0.750000000000,0.250000000000,0.125000000000),
double3(0.750000000000,0.452550000000,0.161250000000),
double3(0.797425000000,0.452575000000,0.000000000000),
double3(0.750000000000,0.375000000000,0.220425000000),
double3(0.750000000000,0.433025000000,0.220400000000),
double3(0.952550000000,0.250000000000,0.088750000000),
double3(0.952575000000,0.452575000000,0.000000000000),
double3(0.933025000000,0.250000000000,0.029600000000),
double3(0.750000000000,0.297450000000,0.161250000000),
double3(0.952575000000,0.297425000000,0.000000000000),
double3(0.750000000000,0.316975000000,0.220400000000),
double3(0.797450000000,0.250000000000,0.338750000000),
double3(0.797425000000,0.297425000000,0.250000000000),
double3(0.875000000000,0.250000000000,0.279575000000),
double3(0.816975000000,0.250000000000,0.279600000000),
double3(0.750000000000,0.250000000000,0.375000000000),
double3(0.750000000000,0.452550000000,0.411250000000),
double3(0.797425000000,0.452575000000,0.250000000000),
double3(0.750000000000,0.375000000000,0.470425000000),
double3(0.750000000000,0.433025000000,0.470400000000),
double3(0.952550000000,0.250000000000,0.338750000000),
double3(0.952575000000,0.452575000000,0.250000000000),
double3(0.933025000000,0.250000000000,0.279600000000),
double3(0.750000000000,0.297450000000,0.411250000000),
double3(0.952575000000,0.297425000000,0.250000000000),
double3(0.750000000000,0.316975000000,0.470400000000),
double3(0.797450000000,0.250000000000,0.588750000000),
double3(0.797425000000,0.297425000000,0.500000000000),
double3(0.875000000000,0.250000000000,0.529575000000),
double3(0.816975000000,0.250000000000,0.529600000000),
double3(0.750000000000,0.250000000000,0.625000000000),
double3(0.750000000000,0.452550000000,0.661250000000),
double3(0.797425000000,0.452575000000,0.500000000000),
double3(0.750000000000,0.375000000000,0.720425000000),
double3(0.750000000000,0.433025000000,0.720400000000),
double3(0.952550000000,0.250000000000,0.588750000000),
double3(0.952575000000,0.452575000000,0.500000000000),
double3(0.933025000000,0.250000000000,0.529600000000),
double3(0.750000000000,0.297450000000,0.661250000000),
double3(0.952575000000,0.297425000000,0.500000000000),
double3(0.750000000000,0.316975000000,0.720400000000),
double3(0.797450000000,0.250000000000,0.838750000000),
double3(0.797425000000,0.297425000000,0.750000000000),
double3(0.875000000000,0.250000000000,0.779575000000),
double3(0.816975000000,0.250000000000,0.779600000000),
double3(0.750000000000,0.250000000000,0.875000000000),
double3(0.750000000000,0.452550000000,0.911250000000),
double3(0.797425000000,0.452575000000,0.750000000000),
double3(0.750000000000,0.375000000000,0.970425000000),
double3(0.750000000000,0.433025000000,0.970400000000),
double3(0.952550000000,0.250000000000,0.838750000000),
double3(0.952575000000,0.452575000000,0.750000000000),
double3(0.933025000000,0.250000000000,0.779600000000),
double3(0.750000000000,0.297450000000,0.911250000000),
double3(0.952575000000,0.297425000000,0.750000000000),
double3(0.750000000000,0.316975000000,0.970400000000),
double3(0.797450000000,0.500000000000,0.088750000000),
double3(0.797425000000,0.547425000000,0.000000000000),
double3(0.875000000000,0.500000000000,0.029575000000),
double3(0.816975000000,0.500000000000,0.029600000000),
double3(0.750000000000,0.500000000000,0.125000000000),
double3(0.750000000000,0.702550000000,0.161250000000),
double3(0.797425000000,0.702575000000,0.000000000000),
double3(0.750000000000,0.625000000000,0.220425000000),
double3(0.750000000000,0.683025000000,0.220400000000),
double3(0.952550000000,0.500000000000,0.088750000000),
double3(0.952575000000,0.702575000000,0.000000000000),
double3(0.933025000000,0.500000000000,0.029600000000),
double3(0.750000000000,0.547450000000,0.161250000000),
double3(0.952575000000,0.547425000000,0.000000000000),
double3(0.750000000000,0.566975000000,0.220400000000),
double3(0.797450000000,0.500000000000,0.338750000000),
double3(0.797425000000,0.547425000000,0.250000000000),
double3(0.875000000000,0.500000000000,0.279575000000),
double3(0.816975000000,0.500000000000,0.279600000000),
double3(0.750000000000,0.500000000000,0.375000000000),
double3(0.750000000000,0.702550000000,0.411250000000),
double3(0.797425000000,0.702575000000,0.250000000000),
double3(0.750000000000,0.625000000000,0.470425000000),
double3(0.750000000000,0.683025000000,0.470400000000),
double3(0.952550000000,0.500000000000,0.338750000000),
double3(0.952575000000,0.702575000000,0.250000000000),
double3(0.933025000000,0.500000000000,0.279600000000),
double3(0.750000000000,0.547450000000,0.411250000000),
double3(0.952575000000,0.547425000000,0.250000000000),
double3(0.750000000000,0.566975000000,0.470400000000),
double3(0.797450000000,0.500000000000,0.588750000000),
double3(0.797425000000,0.547425000000,0.500000000000),
double3(0.875000000000,0.500000000000,0.529575000000),
double3(0.816975000000,0.500000000000,0.529600000000),
double3(0.750000000000,0.500000000000,0.625000000000),
double3(0.750000000000,0.702550000000,0.661250000000),
double3(0.797425000000,0.702575000000,0.500000000000),
double3(0.750000000000,0.625000000000,0.720425000000),
double3(0.750000000000,0.683025000000,0.720400000000),
double3(0.952550000000,0.500000000000,0.588750000000),
double3(0.952575000000,0.702575000000,0.500000000000),
double3(0.933025000000,0.500000000000,0.529600000000),
double3(0.750000000000,0.547450000000,0.661250000000),
double3(0.952575000000,0.547425000000,0.500000000000),
double3(0.750000000000,0.566975000000,0.720400000000),
double3(0.797450000000,0.500000000000,0.838750000000),
double3(0.797425000000,0.547425000000,0.750000000000),
double3(0.875000000000,0.500000000000,0.779575000000),
double3(0.816975000000,0.500000000000,0.779600000000),
double3(0.750000000000,0.500000000000,0.875000000000),
double3(0.750000000000,0.702550000000,0.911250000000),
double3(0.797425000000,0.702575000000,0.750000000000),
double3(0.750000000000,0.625000000000,0.970425000000),
double3(0.750000000000,0.683025000000,0.970400000000),
double3(0.952550000000,0.500000000000,0.838750000000),
double3(0.952575000000,0.702575000000,0.750000000000),
double3(0.933025000000,0.500000000000,0.779600000000),
double3(0.750000000000,0.547450000000,0.911250000000),
double3(0.952575000000,0.547425000000,0.750000000000),
double3(0.750000000000,0.566975000000,0.970400000000),
double3(0.797450000000,0.750000000000,0.088750000000),
double3(0.797425000000,0.797425000000,0.000000000000),
double3(0.875000000000,0.750000000000,0.029575000000),
double3(0.816975000000,0.750000000000,0.029600000000),
double3(0.750000000000,0.750000000000,0.125000000000),
double3(0.750000000000,0.952550000000,0.161250000000),
double3(0.797425000000,0.952575000000,0.000000000000),
double3(0.750000000000,0.875000000000,0.220425000000),
double3(0.750000000000,0.933025000000,0.220400000000),
double3(0.952550000000,0.750000000000,0.088750000000),
double3(0.952575000000,0.952575000000,0.000000000000),
double3(0.933025000000,0.750000000000,0.029600000000),
double3(0.750000000000,0.797450000000,0.161250000000),
double3(0.952575000000,0.797425000000,0.000000000000),
double3(0.750000000000,0.816975000000,0.220400000000),
double3(0.797450000000,0.750000000000,0.338750000000),
double3(0.797425000000,0.797425000000,0.250000000000),
double3(0.875000000000,0.750000000000,0.279575000000),
double3(0.816975000000,0.750000000000,0.279600000000),
double3(0.750000000000,0.750000000000,0.375000000000),
double3(0.750000000000,0.952550000000,0.411250000000),
double3(0.797425000000,0.952575000000,0.250000000000),
double3(0.750000000000,0.875000000000,0.470425000000),
double3(0.750000000000,0.933025000000,0.470400000000),
double3(0.952550000000,0.750000000000,0.338750000000),
double3(0.952575000000,0.952575000000,0.250000000000),
double3(0.933025000000,0.750000000000,0.279600000000),
double3(0.750000000000,0.797450000000,0.411250000000),
double3(0.952575000000,0.797425000000,0.250000000000),
double3(0.750000000000,0.816975000000,0.470400000000),
double3(0.797450000000,0.750000000000,0.588750000000),
double3(0.797425000000,0.797425000000,0.500000000000),
double3(0.875000000000,0.750000000000,0.529575000000),
double3(0.816975000000,0.750000000000,0.529600000000),
double3(0.750000000000,0.750000000000,0.625000000000),
double3(0.750000000000,0.952550000000,0.661250000000),
double3(0.797425000000,0.952575000000,0.500000000000),
double3(0.750000000000,0.875000000000,0.720425000000),
double3(0.750000000000,0.933025000000,0.720400000000),
double3(0.952550000000,0.750000000000,0.588750000000),
double3(0.952575000000,0.952575000000,0.500000000000),
double3(0.933025000000,0.750000000000,0.529600000000),
double3(0.750000000000,0.797450000000,0.661250000000),
double3(0.952575000000,0.797425000000,0.500000000000),
double3(0.750000000000,0.816975000000,0.720400000000),
double3(0.797450000000,0.750000000000,0.838750000000),
double3(0.797425000000,0.797425000000,0.750000000000),
double3(0.875000000000,0.750000000000,0.779575000000),
double3(0.816975000000,0.750000000000,0.779600000000),
double3(0.750000000000,0.750000000000,0.875000000000),
double3(0.750000000000,0.952550000000,0.911250000000),
double3(0.797425000000,0.952575000000,0.750000000000),
double3(0.750000000000,0.875000000000,0.970425000000),
double3(0.750000000000,0.933025000000,0.970400000000),
double3(0.952550000000,0.750000000000,0.838750000000),
double3(0.952575000000,0.952575000000,0.750000000000),
double3(0.933025000000,0.750000000000,0.779600000000),
double3(0.750000000000,0.797450000000,0.911250000000),
double3(0.952575000000,0.797425000000,0.750000000000),
double3(0.750000000000,0.816975000000,0.970400000000),
