[double3(20.437000000000,0.000000000000,0.000000000000),double3(0.000000000000,7.116000000000,0.000000000000),double3(0.000000000000,0.000000000000,9.726000000000)]

double3(0.102300000000,0.125000000000,0.000000000000),
double3(0.062250000000,0.150925000000,0.266766666667),
double3(0.086300000000,0.000000000000,0.000000000000),
double3(0.087550000000,0.183950000000,0.065533333333),
double3(0.125000000000,0.138750000000,0.250000000000),
double3(0.046950000000,0.240975000000,0.265333333333),
double3(0.038950000000,0.058200000000,0.326533333333),
double3(0.000000000000,0.072525000000,0.063566666667),
double3(0.094200000000,0.129425000000,0.053800000000),
double3(0.036850000000,0.060050000000,0.048400000000),
double3(0.065350000000,0.220275000000,0.037066666667),
double3(0.147700000000,0.125000000000,0.166666666667),
double3(0.187750000000,0.099075000000,0.100100000000),
double3(0.163700000000,0.000000000000,0.166666666667),
double3(0.162450000000,0.066050000000,0.232200000000),
double3(0.125000000000,0.111250000000,0.083333333333),
double3(0.203050000000,0.009025000000,0.098666666667),
double3(0.211050000000,0.191800000000,0.159866666667),
double3(0.250000000000,0.177475000000,0.230233333333),
double3(0.155800000000,0.120575000000,0.220466666667),
double3(0.213150000000,0.189950000000,0.215066666667),
double3(0.184650000000,0.029725000000,0.203733333333),
double3(0.062250000000,0.099075000000,0.066566666667),
double3(0.087550000000,0.066050000000,0.267800000000),
double3(0.046950000000,0.009025000000,0.068000000000),
double3(0.038950000000,0.191800000000,0.006800000000),
double3(0.000000000000,0.177475000000,0.269766666667),
double3(0.094200000000,0.120575000000,0.279533333333),
double3(0.036850000000,0.189950000000,0.284933333333),
double3(0.065350000000,0.029725000000,0.296266666667),
double3(0.187750000000,0.150925000000,0.233233333333),
double3(0.162450000000,0.183950000000,0.101133333333),
double3(0.203050000000,0.240975000000,0.234666666667),
double3(0.211050000000,0.058200000000,0.173466666667),
double3(0.250000000000,0.072525000000,0.103100000000),
double3(0.155800000000,0.129425000000,0.112866666667),
double3(0.213150000000,0.060050000000,0.118266666667),
double3(0.184650000000,0.220275000000,0.129600000000),
double3(0.397700000000,0.125000000000,0.000000000000),
double3(0.437750000000,0.099075000000,0.066566666667),
double3(0.413700000000,0.000000000000,0.000000000000),
double3(0.412450000000,0.066050000000,0.267800000000),
double3(0.375000000000,0.111250000000,0.083333333333),
double3(0.453050000000,0.009025000000,0.068000000000),
double3(0.461050000000,0.191800000000,0.006800000000),
double3(0.405800000000,0.120575000000,0.279533333333),
double3(0.463150000000,0.189950000000,0.284933333333),
double3(0.434650000000,0.029725000000,0.296266666667),
double3(0.352300000000,0.125000000000,0.166666666667),
double3(0.312250000000,0.150925000000,0.233233333333),
double3(0.336300000000,0.000000000000,0.166666666667),
double3(0.337550000000,0.183950000000,0.101133333333),
double3(0.375000000000,0.138750000000,0.250000000000),
double3(0.296950000000,0.240975000000,0.234666666667),
double3(0.288950000000,0.058200000000,0.173466666667),
double3(0.344200000000,0.129425000000,0.112866666667),
double3(0.286850000000,0.060050000000,0.118266666667),
double3(0.315350000000,0.220275000000,0.129600000000),
double3(0.437750000000,0.150925000000,0.266766666667),
double3(0.412450000000,0.183950000000,0.065533333333),
double3(0.453050000000,0.240975000000,0.265333333333),
double3(0.461050000000,0.058200000000,0.326533333333),
double3(0.405800000000,0.129425000000,0.053800000000),
double3(0.463150000000,0.060050000000,0.048400000000),
double3(0.434650000000,0.220275000000,0.037066666667),
double3(0.312250000000,0.099075000000,0.100100000000),
double3(0.337550000000,0.066050000000,0.232200000000),
double3(0.296950000000,0.009025000000,0.098666666667),
double3(0.288950000000,0.191800000000,0.159866666667),
double3(0.344200000000,0.120575000000,0.220466666667),
double3(0.286850000000,0.189950000000,0.215066666667),
double3(0.315350000000,0.029725000000,0.203733333333),
double3(0.102300000000,0.125000000000,0.333333333333),
double3(0.062250000000,0.150925000000,0.600100000000),
double3(0.086300000000,0.000000000000,0.333333333333),
double3(0.087550000000,0.183950000000,0.398866666667),
double3(0.125000000000,0.138750000000,0.583333333333),
double3(0.046950000000,0.240975000000,0.598666666667),
double3(0.038950000000,0.058200000000,0.659866666667),
double3(0.000000000000,0.072525000000,0.396900000000),
double3(0.094200000000,0.129425000000,0.387133333333),
double3(0.036850000000,0.060050000000,0.381733333333),
double3(0.065350000000,0.220275000000,0.370400000000),
double3(0.147700000000,0.125000000000,0.500000000000),
double3(0.187750000000,0.099075000000,0.433433333333),
double3(0.163700000000,0.000000000000,0.500000000000),
double3(0.162450000000,0.066050000000,0.565533333333),
double3(0.125000000000,0.111250000000,0.416666666667),
double3(0.203050000000,0.009025000000,0.432000000000),
double3(0.211050000000,0.191800000000,0.493200000000),
double3(0.250000000000,0.177475000000,0.563566666667),
double3(0.155800000000,0.120575000000,0.553800000000),
double3(0.213150000000,0.189950000000,0.548400000000),
double3(0.184650000000,0.029725000000,0.537066666667),
double3(0.062250000000,0.099075000000,0.399900000000),
double3(0.087550000000,0.066050000000,0.601133333333),
double3(0.046950000000,0.009025000000,0.401333333333),
double3(0.038950000000,0.191800000000,0.340133333333),
double3(0.000000000000,0.177475000000,0.603100000000),
double3(0.094200000000,0.120575000000,0.612866666667),
double3(0.036850000000,0.189950000000,0.618266666667),
double3(0.065350000000,0.029725000000,0.629600000000),
double3(0.187750000000,0.150925000000,0.566566666667),
double3(0.162450000000,0.183950000000,0.434466666667),
double3(0.203050000000,0.240975000000,0.568000000000),
double3(0.211050000000,0.058200000000,0.506800000000),
double3(0.250000000000,0.072525000000,0.436433333333),
double3(0.155800000000,0.129425000000,0.446200000000),
double3(0.213150000000,0.060050000000,0.451600000000),
double3(0.184650000000,0.220275000000,0.462933333333),
double3(0.397700000000,0.125000000000,0.333333333333),
double3(0.437750000000,0.099075000000,0.399900000000),
double3(0.413700000000,0.000000000000,0.333333333333),
double3(0.412450000000,0.066050000000,0.601133333333),
double3(0.375000000000,0.111250000000,0.416666666667),
double3(0.453050000000,0.009025000000,0.401333333333),
double3(0.461050000000,0.191800000000,0.340133333333),
double3(0.405800000000,0.120575000000,0.612866666667),
double3(0.463150000000,0.189950000000,0.618266666667),
double3(0.434650000000,0.029725000000,0.629600000000),
double3(0.352300000000,0.125000000000,0.500000000000),
double3(0.312250000000,0.150925000000,0.566566666667),
double3(0.336300000000,0.000000000000,0.500000000000),
double3(0.337550000000,0.183950000000,0.434466666667),
double3(0.375000000000,0.138750000000,0.583333333333),
double3(0.296950000000,0.240975000000,0.568000000000),
double3(0.288950000000,0.058200000000,0.506800000000),
double3(0.344200000000,0.129425000000,0.446200000000),
double3(0.286850000000,0.060050000000,0.451600000000),
double3(0.315350000000,0.220275000000,0.462933333333),
double3(0.437750000000,0.150925000000,0.600100000000),
double3(0.412450000000,0.183950000000,0.398866666667),
double3(0.453050000000,0.240975000000,0.598666666667),
double3(0.461050000000,0.058200000000,0.659866666667),
double3(0.405800000000,0.129425000000,0.387133333333),
double3(0.463150000000,0.060050000000,0.381733333333),
double3(0.434650000000,0.220275000000,0.370400000000),
double3(0.312250000000,0.099075000000,0.433433333333),
double3(0.337550000000,0.066050000000,0.565533333333),
double3(0.296950000000,0.009025000000,0.432000000000),
double3(0.288950000000,0.191800000000,0.493200000000),
double3(0.344200000000,0.120575000000,0.553800000000),
double3(0.286850000000,0.189950000000,0.548400000000),
double3(0.315350000000,0.029725000000,0.537066666667),
double3(0.102300000000,0.125000000000,0.666666666667),
double3(0.062250000000,0.150925000000,0.933433333333),
double3(0.086300000000,0.000000000000,0.666666666667),
double3(0.087550000000,0.183950000000,0.732200000000),
double3(0.125000000000,0.138750000000,0.916666666667),
double3(0.046950000000,0.240975000000,0.932000000000),
double3(0.038950000000,0.058200000000,0.993200000000),
double3(0.000000000000,0.072525000000,0.730233333333),
double3(0.094200000000,0.129425000000,0.720466666667),
double3(0.036850000000,0.060050000000,0.715066666667),
double3(0.065350000000,0.220275000000,0.703733333333),
double3(0.147700000000,0.125000000000,0.833333333333),
double3(0.187750000000,0.099075000000,0.766766666667),
double3(0.163700000000,0.000000000000,0.833333333333),
double3(0.162450000000,0.066050000000,0.898866666667),
double3(0.125000000000,0.111250000000,0.750000000000),
double3(0.203050000000,0.009025000000,0.765333333333),
double3(0.211050000000,0.191800000000,0.826533333333),
double3(0.250000000000,0.177475000000,0.896900000000),
double3(0.155800000000,0.120575000000,0.887133333333),
double3(0.213150000000,0.189950000000,0.881733333333),
double3(0.184650000000,0.029725000000,0.870400000000),
double3(0.062250000000,0.099075000000,0.733233333333),
double3(0.087550000000,0.066050000000,0.934466666667),
double3(0.046950000000,0.009025000000,0.734666666667),
double3(0.038950000000,0.191800000000,0.673466666667),
double3(0.000000000000,0.177475000000,0.936433333333),
double3(0.094200000000,0.120575000000,0.946200000000),
double3(0.036850000000,0.189950000000,0.951600000000),
double3(0.065350000000,0.029725000000,0.962933333333),
double3(0.187750000000,0.150925000000,0.899900000000),
double3(0.162450000000,0.183950000000,0.767800000000),
double3(0.203050000000,0.240975000000,0.901333333333),
double3(0.211050000000,0.058200000000,0.840133333333),
double3(0.250000000000,0.072525000000,0.769766666667),
double3(0.155800000000,0.129425000000,0.779533333333),
double3(0.213150000000,0.060050000000,0.784933333333),
double3(0.184650000000,0.220275000000,0.796266666667),
double3(0.397700000000,0.125000000000,0.666666666667),
double3(0.437750000000,0.099075000000,0.733233333333),
double3(0.413700000000,0.000000000000,0.666666666667),
double3(0.412450000000,0.066050000000,0.934466666667),
double3(0.375000000000,0.111250000000,0.750000000000),
double3(0.453050000000,0.009025000000,0.734666666667),
double3(0.461050000000,0.191800000000,0.673466666667),
double3(0.405800000000,0.120575000000,0.946200000000),
double3(0.463150000000,0.189950000000,0.951600000000),
double3(0.434650000000,0.029725000000,0.962933333333),
double3(0.352300000000,0.125000000000,0.833333333333),
double3(0.312250000000,0.150925000000,0.899900000000),
double3(0.336300000000,0.000000000000,0.833333333333),
double3(0.337550000000,0.183950000000,0.767800000000),
double3(0.375000000000,0.138750000000,0.916666666667),
double3(0.296950000000,0.240975000000,0.901333333333),
double3(0.288950000000,0.058200000000,0.840133333333),
double3(0.344200000000,0.129425000000,0.779533333333),
double3(0.286850000000,0.060050000000,0.784933333333),
double3(0.315350000000,0.220275000000,0.796266666667),
double3(0.437750000000,0.150925000000,0.933433333333),
double3(0.412450000000,0.183950000000,0.732200000000),
double3(0.453050000000,0.240975000000,0.932000000000),
double3(0.461050000000,0.058200000000,0.993200000000),
double3(0.405800000000,0.129425000000,0.720466666667),
double3(0.463150000000,0.060050000000,0.715066666667),
double3(0.434650000000,0.220275000000,0.703733333333),
double3(0.312250000000,0.099075000000,0.766766666667),
double3(0.337550000000,0.066050000000,0.898866666667),
double3(0.296950000000,0.009025000000,0.765333333333),
double3(0.288950000000,0.191800000000,0.826533333333),
double3(0.344200000000,0.120575000000,0.887133333333),
double3(0.286850000000,0.189950000000,0.881733333333),
double3(0.315350000000,0.029725000000,0.870400000000),
double3(0.102300000000,0.375000000000,0.000000000000),
double3(0.062250000000,0.400925000000,0.266766666667),
double3(0.086300000000,0.250000000000,0.000000000000),
double3(0.087550000000,0.433950000000,0.065533333333),
double3(0.125000000000,0.388750000000,0.250000000000),
double3(0.046950000000,0.490975000000,0.265333333333),
double3(0.038950000000,0.308200000000,0.326533333333),
double3(0.000000000000,0.322525000000,0.063566666667),
double3(0.094200000000,0.379425000000,0.053800000000),
double3(0.036850000000,0.310050000000,0.048400000000),
double3(0.065350000000,0.470275000000,0.037066666667),
double3(0.147700000000,0.375000000000,0.166666666667),
double3(0.187750000000,0.349075000000,0.100100000000),
double3(0.163700000000,0.250000000000,0.166666666667),
double3(0.162450000000,0.316050000000,0.232200000000),
double3(0.125000000000,0.361250000000,0.083333333333),
double3(0.203050000000,0.259025000000,0.098666666667),
double3(0.211050000000,0.441800000000,0.159866666667),
double3(0.250000000000,0.427475000000,0.230233333333),
double3(0.155800000000,0.370575000000,0.220466666667),
double3(0.213150000000,0.439950000000,0.215066666667),
double3(0.184650000000,0.279725000000,0.203733333333),
double3(0.062250000000,0.349075000000,0.066566666667),
double3(0.087550000000,0.316050000000,0.267800000000),
double3(0.046950000000,0.259025000000,0.068000000000),
double3(0.038950000000,0.441800000000,0.006800000000),
double3(0.000000000000,0.427475000000,0.269766666667),
double3(0.094200000000,0.370575000000,0.279533333333),
double3(0.036850000000,0.439950000000,0.284933333333),
double3(0.065350000000,0.279725000000,0.296266666667),
double3(0.187750000000,0.400925000000,0.233233333333),
double3(0.162450000000,0.433950000000,0.101133333333),
double3(0.203050000000,0.490975000000,0.234666666667),
double3(0.211050000000,0.308200000000,0.173466666667),
double3(0.250000000000,0.322525000000,0.103100000000),
double3(0.155800000000,0.379425000000,0.112866666667),
double3(0.213150000000,0.310050000000,0.118266666667),
double3(0.184650000000,0.470275000000,0.129600000000),
double3(0.397700000000,0.375000000000,0.000000000000),
double3(0.437750000000,0.349075000000,0.066566666667),
double3(0.413700000000,0.250000000000,0.000000000000),
double3(0.412450000000,0.316050000000,0.267800000000),
double3(0.375000000000,0.361250000000,0.083333333333),
double3(0.453050000000,0.259025000000,0.068000000000),
double3(0.461050000000,0.441800000000,0.006800000000),
double3(0.405800000000,0.370575000000,0.279533333333),
double3(0.463150000000,0.439950000000,0.284933333333),
double3(0.434650000000,0.279725000000,0.296266666667),
double3(0.352300000000,0.375000000000,0.166666666667),
double3(0.312250000000,0.400925000000,0.233233333333),
double3(0.336300000000,0.250000000000,0.166666666667),
double3(0.337550000000,0.433950000000,0.101133333333),
double3(0.375000000000,0.388750000000,0.250000000000),
double3(0.296950000000,0.490975000000,0.234666666667),
double3(0.288950000000,0.308200000000,0.173466666667),
double3(0.344200000000,0.379425000000,0.112866666667),
double3(0.286850000000,0.310050000000,0.118266666667),
double3(0.315350000000,0.470275000000,0.129600000000),
double3(0.437750000000,0.400925000000,0.266766666667),
double3(0.412450000000,0.433950000000,0.065533333333),
double3(0.453050000000,0.490975000000,0.265333333333),
double3(0.461050000000,0.308200000000,0.326533333333),
double3(0.405800000000,0.379425000000,0.053800000000),
double3(0.463150000000,0.310050000000,0.048400000000),
double3(0.434650000000,0.470275000000,0.037066666667),
double3(0.312250000000,0.349075000000,0.100100000000),
double3(0.337550000000,0.316050000000,0.232200000000),
double3(0.296950000000,0.259025000000,0.098666666667),
double3(0.288950000000,0.441800000000,0.159866666667),
double3(0.344200000000,0.370575000000,0.220466666667),
double3(0.286850000000,0.439950000000,0.215066666667),
double3(0.315350000000,0.279725000000,0.203733333333),
double3(0.102300000000,0.375000000000,0.333333333333),
double3(0.062250000000,0.400925000000,0.600100000000),
double3(0.086300000000,0.250000000000,0.333333333333),
double3(0.087550000000,0.433950000000,0.398866666667),
double3(0.125000000000,0.388750000000,0.583333333333),
double3(0.046950000000,0.490975000000,0.598666666667),
double3(0.038950000000,0.308200000000,0.659866666667),
double3(0.000000000000,0.322525000000,0.396900000000),
double3(0.094200000000,0.379425000000,0.387133333333),
double3(0.036850000000,0.310050000000,0.381733333333),
double3(0.065350000000,0.470275000000,0.370400000000),
double3(0.147700000000,0.375000000000,0.500000000000),
double3(0.187750000000,0.349075000000,0.433433333333),
double3(0.163700000000,0.250000000000,0.500000000000),
double3(0.162450000000,0.316050000000,0.565533333333),
double3(0.125000000000,0.361250000000,0.416666666667),
double3(0.203050000000,0.259025000000,0.432000000000),
double3(0.211050000000,0.441800000000,0.493200000000),
double3(0.250000000000,0.427475000000,0.563566666667),
double3(0.155800000000,0.370575000000,0.553800000000),
double3(0.213150000000,0.439950000000,0.548400000000),
double3(0.184650000000,0.279725000000,0.537066666667),
double3(0.062250000000,0.349075000000,0.399900000000),
double3(0.087550000000,0.316050000000,0.601133333333),
double3(0.046950000000,0.259025000000,0.401333333333),
double3(0.038950000000,0.441800000000,0.340133333333),
double3(0.000000000000,0.427475000000,0.603100000000),
double3(0.094200000000,0.370575000000,0.612866666667),
double3(0.036850000000,0.439950000000,0.618266666667),
double3(0.065350000000,0.279725000000,0.629600000000),
double3(0.187750000000,0.400925000000,0.566566666667),
double3(0.162450000000,0.433950000000,0.434466666667),
double3(0.203050000000,0.490975000000,0.568000000000),
double3(0.211050000000,0.308200000000,0.506800000000),
double3(0.250000000000,0.322525000000,0.436433333333),
double3(0.155800000000,0.379425000000,0.446200000000),
double3(0.213150000000,0.310050000000,0.451600000000),
double3(0.184650000000,0.470275000000,0.462933333333),
double3(0.397700000000,0.375000000000,0.333333333333),
double3(0.437750000000,0.349075000000,0.399900000000),
double3(0.413700000000,0.250000000000,0.333333333333),
double3(0.412450000000,0.316050000000,0.601133333333),
double3(0.375000000000,0.361250000000,0.416666666667),
double3(0.453050000000,0.259025000000,0.401333333333),
double3(0.461050000000,0.441800000000,0.340133333333),
double3(0.405800000000,0.370575000000,0.612866666667),
double3(0.463150000000,0.439950000000,0.618266666667),
double3(0.434650000000,0.279725000000,0.629600000000),
double3(0.352300000000,0.375000000000,0.500000000000),
double3(0.312250000000,0.400925000000,0.566566666667),
double3(0.336300000000,0.250000000000,0.500000000000),
double3(0.337550000000,0.433950000000,0.434466666667),
double3(0.375000000000,0.388750000000,0.583333333333),
double3(0.296950000000,0.490975000000,0.568000000000),
double3(0.288950000000,0.308200000000,0.506800000000),
double3(0.344200000000,0.379425000000,0.446200000000),
double3(0.286850000000,0.310050000000,0.451600000000),
double3(0.315350000000,0.470275000000,0.462933333333),
double3(0.437750000000,0.400925000000,0.600100000000),
double3(0.412450000000,0.433950000000,0.398866666667),
double3(0.453050000000,0.490975000000,0.598666666667),
double3(0.461050000000,0.308200000000,0.659866666667),
double3(0.405800000000,0.379425000000,0.387133333333),
double3(0.463150000000,0.310050000000,0.381733333333),
double3(0.434650000000,0.470275000000,0.370400000000),
double3(0.312250000000,0.349075000000,0.433433333333),
double3(0.337550000000,0.316050000000,0.565533333333),
double3(0.296950000000,0.259025000000,0.432000000000),
double3(0.288950000000,0.441800000000,0.493200000000),
double3(0.344200000000,0.370575000000,0.553800000000),
double3(0.286850000000,0.439950000000,0.548400000000),
double3(0.315350000000,0.279725000000,0.537066666667),
double3(0.102300000000,0.375000000000,0.666666666667),
double3(0.062250000000,0.400925000000,0.933433333333),
double3(0.086300000000,0.250000000000,0.666666666667),
double3(0.087550000000,0.433950000000,0.732200000000),
double3(0.125000000000,0.388750000000,0.916666666667),
double3(0.046950000000,0.490975000000,0.932000000000),
double3(0.038950000000,0.308200000000,0.993200000000),
double3(0.000000000000,0.322525000000,0.730233333333),
double3(0.094200000000,0.379425000000,0.720466666667),
double3(0.036850000000,0.310050000000,0.715066666667),
double3(0.065350000000,0.470275000000,0.703733333333),
double3(0.147700000000,0.375000000000,0.833333333333),
double3(0.187750000000,0.349075000000,0.766766666667),
double3(0.163700000000,0.250000000000,0.833333333333),
double3(0.162450000000,0.316050000000,0.898866666667),
double3(0.125000000000,0.361250000000,0.750000000000),
double3(0.203050000000,0.259025000000,0.765333333333),
double3(0.211050000000,0.441800000000,0.826533333333),
double3(0.250000000000,0.427475000000,0.896900000000),
double3(0.155800000000,0.370575000000,0.887133333333),
double3(0.213150000000,0.439950000000,0.881733333333),
double3(0.184650000000,0.279725000000,0.870400000000),
double3(0.062250000000,0.349075000000,0.733233333333),
double3(0.087550000000,0.316050000000,0.934466666667),
double3(0.046950000000,0.259025000000,0.734666666667),
double3(0.038950000000,0.441800000000,0.673466666667),
double3(0.000000000000,0.427475000000,0.936433333333),
double3(0.094200000000,0.370575000000,0.946200000000),
double3(0.036850000000,0.439950000000,0.951600000000),
double3(0.065350000000,0.279725000000,0.962933333333),
double3(0.187750000000,0.400925000000,0.899900000000),
double3(0.162450000000,0.433950000000,0.767800000000),
double3(0.203050000000,0.490975000000,0.901333333333),
double3(0.211050000000,0.308200000000,0.840133333333),
double3(0.250000000000,0.322525000000,0.769766666667),
double3(0.155800000000,0.379425000000,0.779533333333),
double3(0.213150000000,0.310050000000,0.784933333333),
double3(0.184650000000,0.470275000000,0.796266666667),
double3(0.397700000000,0.375000000000,0.666666666667),
double3(0.437750000000,0.349075000000,0.733233333333),
double3(0.413700000000,0.250000000000,0.666666666667),
double3(0.412450000000,0.316050000000,0.934466666667),
double3(0.375000000000,0.361250000000,0.750000000000),
double3(0.453050000000,0.259025000000,0.734666666667),
double3(0.461050000000,0.441800000000,0.673466666667),
double3(0.405800000000,0.370575000000,0.946200000000),
double3(0.463150000000,0.439950000000,0.951600000000),
double3(0.434650000000,0.279725000000,0.962933333333),
double3(0.352300000000,0.375000000000,0.833333333333),
double3(0.312250000000,0.400925000000,0.899900000000),
double3(0.336300000000,0.250000000000,0.833333333333),
double3(0.337550000000,0.433950000000,0.767800000000),
double3(0.375000000000,0.388750000000,0.916666666667),
double3(0.296950000000,0.490975000000,0.901333333333),
double3(0.288950000000,0.308200000000,0.840133333333),
double3(0.344200000000,0.379425000000,0.779533333333),
double3(0.286850000000,0.310050000000,0.784933333333),
double3(0.315350000000,0.470275000000,0.796266666667),
double3(0.437750000000,0.400925000000,0.933433333333),
double3(0.412450000000,0.433950000000,0.732200000000),
double3(0.453050000000,0.490975000000,0.932000000000),
double3(0.461050000000,0.308200000000,0.993200000000),
double3(0.405800000000,0.379425000000,0.720466666667),
double3(0.463150000000,0.310050000000,0.715066666667),
double3(0.434650000000,0.470275000000,0.703733333333),
double3(0.312250000000,0.349075000000,0.766766666667),
double3(0.337550000000,0.316050000000,0.898866666667),
double3(0.296950000000,0.259025000000,0.765333333333),
double3(0.288950000000,0.441800000000,0.826533333333),
double3(0.344200000000,0.370575000000,0.887133333333),
double3(0.286850000000,0.439950000000,0.881733333333),
double3(0.315350000000,0.279725000000,0.870400000000),
double3(0.102300000000,0.625000000000,0.000000000000),
double3(0.062250000000,0.650925000000,0.266766666667),
double3(0.086300000000,0.500000000000,0.000000000000),
double3(0.087550000000,0.683950000000,0.065533333333),
double3(0.125000000000,0.638750000000,0.250000000000),
double3(0.046950000000,0.740975000000,0.265333333333),
double3(0.038950000000,0.558200000000,0.326533333333),
double3(0.000000000000,0.572525000000,0.063566666667),
double3(0.094200000000,0.629425000000,0.053800000000),
double3(0.036850000000,0.560050000000,0.048400000000),
double3(0.065350000000,0.720275000000,0.037066666667),
double3(0.147700000000,0.625000000000,0.166666666667),
double3(0.187750000000,0.599075000000,0.100100000000),
double3(0.163700000000,0.500000000000,0.166666666667),
double3(0.162450000000,0.566050000000,0.232200000000),
double3(0.125000000000,0.611250000000,0.083333333333),
double3(0.203050000000,0.509025000000,0.098666666667),
double3(0.211050000000,0.691800000000,0.159866666667),
double3(0.250000000000,0.677475000000,0.230233333333),
double3(0.155800000000,0.620575000000,0.220466666667),
double3(0.213150000000,0.689950000000,0.215066666667),
double3(0.184650000000,0.529725000000,0.203733333333),
double3(0.062250000000,0.599075000000,0.066566666667),
double3(0.087550000000,0.566050000000,0.267800000000),
double3(0.046950000000,0.509025000000,0.068000000000),
double3(0.038950000000,0.691800000000,0.006800000000),
double3(0.000000000000,0.677475000000,0.269766666667),
double3(0.094200000000,0.620575000000,0.279533333333),
double3(0.036850000000,0.689950000000,0.284933333333),
double3(0.065350000000,0.529725000000,0.296266666667),
double3(0.187750000000,0.650925000000,0.233233333333),
double3(0.162450000000,0.683950000000,0.101133333333),
double3(0.203050000000,0.740975000000,0.234666666667),
double3(0.211050000000,0.558200000000,0.173466666667),
double3(0.250000000000,0.572525000000,0.103100000000),
double3(0.155800000000,0.629425000000,0.112866666667),
double3(0.213150000000,0.560050000000,0.118266666667),
double3(0.184650000000,0.720275000000,0.129600000000),
double3(0.397700000000,0.625000000000,0.000000000000),
double3(0.437750000000,0.599075000000,0.066566666667),
double3(0.413700000000,0.500000000000,0.000000000000),
double3(0.412450000000,0.566050000000,0.267800000000),
double3(0.375000000000,0.611250000000,0.083333333333),
double3(0.453050000000,0.509025000000,0.068000000000),
double3(0.461050000000,0.691800000000,0.006800000000),
double3(0.405800000000,0.620575000000,0.279533333333),
double3(0.463150000000,0.689950000000,0.284933333333),
double3(0.434650000000,0.529725000000,0.296266666667),
double3(0.352300000000,0.625000000000,0.166666666667),
double3(0.312250000000,0.650925000000,0.233233333333),
double3(0.336300000000,0.500000000000,0.166666666667),
double3(0.337550000000,0.683950000000,0.101133333333),
double3(0.375000000000,0.638750000000,0.250000000000),
double3(0.296950000000,0.740975000000,0.234666666667),
double3(0.288950000000,0.558200000000,0.173466666667),
double3(0.344200000000,0.629425000000,0.112866666667),
double3(0.286850000000,0.560050000000,0.118266666667),
double3(0.315350000000,0.720275000000,0.129600000000),
double3(0.437750000000,0.650925000000,0.266766666667),
double3(0.412450000000,0.683950000000,0.065533333333),
double3(0.453050000000,0.740975000000,0.265333333333),
double3(0.461050000000,0.558200000000,0.326533333333),
double3(0.405800000000,0.629425000000,0.053800000000),
double3(0.463150000000,0.560050000000,0.048400000000),
double3(0.434650000000,0.720275000000,0.037066666667),
double3(0.312250000000,0.599075000000,0.100100000000),
double3(0.337550000000,0.566050000000,0.232200000000),
double3(0.296950000000,0.509025000000,0.098666666667),
double3(0.288950000000,0.691800000000,0.159866666667),
double3(0.344200000000,0.620575000000,0.220466666667),
double3(0.286850000000,0.689950000000,0.215066666667),
double3(0.315350000000,0.529725000000,0.203733333333),
double3(0.102300000000,0.625000000000,0.333333333333),
double3(0.062250000000,0.650925000000,0.600100000000),
double3(0.086300000000,0.500000000000,0.333333333333),
double3(0.087550000000,0.683950000000,0.398866666667),
double3(0.125000000000,0.638750000000,0.583333333333),
double3(0.046950000000,0.740975000000,0.598666666667),
double3(0.038950000000,0.558200000000,0.659866666667),
double3(0.000000000000,0.572525000000,0.396900000000),
double3(0.094200000000,0.629425000000,0.387133333333),
double3(0.036850000000,0.560050000000,0.381733333333),
double3(0.065350000000,0.720275000000,0.370400000000),
double3(0.147700000000,0.625000000000,0.500000000000),
double3(0.187750000000,0.599075000000,0.433433333333),
double3(0.163700000000,0.500000000000,0.500000000000),
double3(0.162450000000,0.566050000000,0.565533333333),
double3(0.125000000000,0.611250000000,0.416666666667),
double3(0.203050000000,0.509025000000,0.432000000000),
double3(0.211050000000,0.691800000000,0.493200000000),
double3(0.250000000000,0.677475000000,0.563566666667),
double3(0.155800000000,0.620575000000,0.553800000000),
double3(0.213150000000,0.689950000000,0.548400000000),
double3(0.184650000000,0.529725000000,0.537066666667),
double3(0.062250000000,0.599075000000,0.399900000000),
double3(0.087550000000,0.566050000000,0.601133333333),
double3(0.046950000000,0.509025000000,0.401333333333),
double3(0.038950000000,0.691800000000,0.340133333333),
double3(0.000000000000,0.677475000000,0.603100000000),
double3(0.094200000000,0.620575000000,0.612866666667),
double3(0.036850000000,0.689950000000,0.618266666667),
double3(0.065350000000,0.529725000000,0.629600000000),
double3(0.187750000000,0.650925000000,0.566566666667),
double3(0.162450000000,0.683950000000,0.434466666667),
double3(0.203050000000,0.740975000000,0.568000000000),
double3(0.211050000000,0.558200000000,0.506800000000),
double3(0.250000000000,0.572525000000,0.436433333333),
double3(0.155800000000,0.629425000000,0.446200000000),
double3(0.213150000000,0.560050000000,0.451600000000),
double3(0.184650000000,0.720275000000,0.462933333333),
double3(0.397700000000,0.625000000000,0.333333333333),
double3(0.437750000000,0.599075000000,0.399900000000),
double3(0.413700000000,0.500000000000,0.333333333333),
double3(0.412450000000,0.566050000000,0.601133333333),
double3(0.375000000000,0.611250000000,0.416666666667),
double3(0.453050000000,0.509025000000,0.401333333333),
double3(0.461050000000,0.691800000000,0.340133333333),
double3(0.405800000000,0.620575000000,0.612866666667),
double3(0.463150000000,0.689950000000,0.618266666667),
double3(0.434650000000,0.529725000000,0.629600000000),
double3(0.352300000000,0.625000000000,0.500000000000),
double3(0.312250000000,0.650925000000,0.566566666667),
double3(0.336300000000,0.500000000000,0.500000000000),
double3(0.337550000000,0.683950000000,0.434466666667),
double3(0.375000000000,0.638750000000,0.583333333333),
double3(0.296950000000,0.740975000000,0.568000000000),
double3(0.288950000000,0.558200000000,0.506800000000),
double3(0.344200000000,0.629425000000,0.446200000000),
double3(0.286850000000,0.560050000000,0.451600000000),
double3(0.315350000000,0.720275000000,0.462933333333),
double3(0.437750000000,0.650925000000,0.600100000000),
double3(0.412450000000,0.683950000000,0.398866666667),
double3(0.453050000000,0.740975000000,0.598666666667),
double3(0.461050000000,0.558200000000,0.659866666667),
double3(0.405800000000,0.629425000000,0.387133333333),
double3(0.463150000000,0.560050000000,0.381733333333),
double3(0.434650000000,0.720275000000,0.370400000000),
double3(0.312250000000,0.599075000000,0.433433333333),
double3(0.337550000000,0.566050000000,0.565533333333),
double3(0.296950000000,0.509025000000,0.432000000000),
double3(0.288950000000,0.691800000000,0.493200000000),
double3(0.344200000000,0.620575000000,0.553800000000),
double3(0.286850000000,0.689950000000,0.548400000000),
double3(0.315350000000,0.529725000000,0.537066666667),
double3(0.102300000000,0.625000000000,0.666666666667),
double3(0.062250000000,0.650925000000,0.933433333333),
double3(0.086300000000,0.500000000000,0.666666666667),
double3(0.087550000000,0.683950000000,0.732200000000),
double3(0.125000000000,0.638750000000,0.916666666667),
double3(0.046950000000,0.740975000000,0.932000000000),
double3(0.038950000000,0.558200000000,0.993200000000),
double3(0.000000000000,0.572525000000,0.730233333333),
double3(0.094200000000,0.629425000000,0.720466666667),
double3(0.036850000000,0.560050000000,0.715066666667),
double3(0.065350000000,0.720275000000,0.703733333333),
double3(0.147700000000,0.625000000000,0.833333333333),
double3(0.187750000000,0.599075000000,0.766766666667),
double3(0.163700000000,0.500000000000,0.833333333333),
double3(0.162450000000,0.566050000000,0.898866666667),
double3(0.125000000000,0.611250000000,0.750000000000),
double3(0.203050000000,0.509025000000,0.765333333333),
double3(0.211050000000,0.691800000000,0.826533333333),
double3(0.250000000000,0.677475000000,0.896900000000),
double3(0.155800000000,0.620575000000,0.887133333333),
double3(0.213150000000,0.689950000000,0.881733333333),
double3(0.184650000000,0.529725000000,0.870400000000),
double3(0.062250000000,0.599075000000,0.733233333333),
double3(0.087550000000,0.566050000000,0.934466666667),
double3(0.046950000000,0.509025000000,0.734666666667),
double3(0.038950000000,0.691800000000,0.673466666667),
double3(0.000000000000,0.677475000000,0.936433333333),
double3(0.094200000000,0.620575000000,0.946200000000),
double3(0.036850000000,0.689950000000,0.951600000000),
double3(0.065350000000,0.529725000000,0.962933333333),
double3(0.187750000000,0.650925000000,0.899900000000),
double3(0.162450000000,0.683950000000,0.767800000000),
double3(0.203050000000,0.740975000000,0.901333333333),
double3(0.211050000000,0.558200000000,0.840133333333),
double3(0.250000000000,0.572525000000,0.769766666667),
double3(0.155800000000,0.629425000000,0.779533333333),
double3(0.213150000000,0.560050000000,0.784933333333),
double3(0.184650000000,0.720275000000,0.796266666667),
double3(0.397700000000,0.625000000000,0.666666666667),
double3(0.437750000000,0.599075000000,0.733233333333),
double3(0.413700000000,0.500000000000,0.666666666667),
double3(0.412450000000,0.566050000000,0.934466666667),
double3(0.375000000000,0.611250000000,0.750000000000),
double3(0.453050000000,0.509025000000,0.734666666667),
double3(0.461050000000,0.691800000000,0.673466666667),
double3(0.405800000000,0.620575000000,0.946200000000),
double3(0.463150000000,0.689950000000,0.951600000000),
double3(0.434650000000,0.529725000000,0.962933333333),
double3(0.352300000000,0.625000000000,0.833333333333),
double3(0.312250000000,0.650925000000,0.899900000000),
double3(0.336300000000,0.500000000000,0.833333333333),
double3(0.337550000000,0.683950000000,0.767800000000),
double3(0.375000000000,0.638750000000,0.916666666667),
double3(0.296950000000,0.740975000000,0.901333333333),
double3(0.288950000000,0.558200000000,0.840133333333),
double3(0.344200000000,0.629425000000,0.779533333333),
double3(0.286850000000,0.560050000000,0.784933333333),
double3(0.315350000000,0.720275000000,0.796266666667),
double3(0.437750000000,0.650925000000,0.933433333333),
double3(0.412450000000,0.683950000000,0.732200000000),
double3(0.453050000000,0.740975000000,0.932000000000),
double3(0.461050000000,0.558200000000,0.993200000000),
double3(0.405800000000,0.629425000000,0.720466666667),
double3(0.463150000000,0.560050000000,0.715066666667),
double3(0.434650000000,0.720275000000,0.703733333333),
double3(0.312250000000,0.599075000000,0.766766666667),
double3(0.337550000000,0.566050000000,0.898866666667),
double3(0.296950000000,0.509025000000,0.765333333333),
double3(0.288950000000,0.691800000000,0.826533333333),
double3(0.344200000000,0.620575000000,0.887133333333),
double3(0.286850000000,0.689950000000,0.881733333333),
double3(0.315350000000,0.529725000000,0.870400000000),
double3(0.102300000000,0.875000000000,0.000000000000),
double3(0.062250000000,0.900925000000,0.266766666667),
double3(0.086300000000,0.750000000000,0.000000000000),
double3(0.087550000000,0.933950000000,0.065533333333),
double3(0.125000000000,0.888750000000,0.250000000000),
double3(0.046950000000,0.990975000000,0.265333333333),
double3(0.038950000000,0.808200000000,0.326533333333),
double3(0.000000000000,0.822525000000,0.063566666667),
double3(0.094200000000,0.879425000000,0.053800000000),
double3(0.036850000000,0.810050000000,0.048400000000),
double3(0.065350000000,0.970275000000,0.037066666667),
double3(0.147700000000,0.875000000000,0.166666666667),
double3(0.187750000000,0.849075000000,0.100100000000),
double3(0.163700000000,0.750000000000,0.166666666667),
double3(0.162450000000,0.816050000000,0.232200000000),
double3(0.125000000000,0.861250000000,0.083333333333),
double3(0.203050000000,0.759025000000,0.098666666667),
double3(0.211050000000,0.941800000000,0.159866666667),
double3(0.250000000000,0.927475000000,0.230233333333),
double3(0.155800000000,0.870575000000,0.220466666667),
double3(0.213150000000,0.939950000000,0.215066666667),
double3(0.184650000000,0.779725000000,0.203733333333),
double3(0.062250000000,0.849075000000,0.066566666667),
double3(0.087550000000,0.816050000000,0.267800000000),
double3(0.046950000000,0.759025000000,0.068000000000),
double3(0.038950000000,0.941800000000,0.006800000000),
double3(0.000000000000,0.927475000000,0.269766666667),
double3(0.094200000000,0.870575000000,0.279533333333),
double3(0.036850000000,0.939950000000,0.284933333333),
double3(0.065350000000,0.779725000000,0.296266666667),
double3(0.187750000000,0.900925000000,0.233233333333),
double3(0.162450000000,0.933950000000,0.101133333333),
double3(0.203050000000,0.990975000000,0.234666666667),
double3(0.211050000000,0.808200000000,0.173466666667),
double3(0.250000000000,0.822525000000,0.103100000000),
double3(0.155800000000,0.879425000000,0.112866666667),
double3(0.213150000000,0.810050000000,0.118266666667),
double3(0.184650000000,0.970275000000,0.129600000000),
double3(0.397700000000,0.875000000000,0.000000000000),
double3(0.437750000000,0.849075000000,0.066566666667),
double3(0.413700000000,0.750000000000,0.000000000000),
double3(0.412450000000,0.816050000000,0.267800000000),
double3(0.375000000000,0.861250000000,0.083333333333),
double3(0.453050000000,0.759025000000,0.068000000000),
double3(0.461050000000,0.941800000000,0.006800000000),
double3(0.405800000000,0.870575000000,0.279533333333),
double3(0.463150000000,0.939950000000,0.284933333333),
double3(0.434650000000,0.779725000000,0.296266666667),
double3(0.352300000000,0.875000000000,0.166666666667),
double3(0.312250000000,0.900925000000,0.233233333333),
double3(0.336300000000,0.750000000000,0.166666666667),
double3(0.337550000000,0.933950000000,0.101133333333),
double3(0.375000000000,0.888750000000,0.250000000000),
double3(0.296950000000,0.990975000000,0.234666666667),
double3(0.288950000000,0.808200000000,0.173466666667),
double3(0.344200000000,0.879425000000,0.112866666667),
double3(0.286850000000,0.810050000000,0.118266666667),
double3(0.315350000000,0.970275000000,0.129600000000),
double3(0.437750000000,0.900925000000,0.266766666667),
double3(0.412450000000,0.933950000000,0.065533333333),
double3(0.453050000000,0.990975000000,0.265333333333),
double3(0.461050000000,0.808200000000,0.326533333333),
double3(0.405800000000,0.879425000000,0.053800000000),
double3(0.463150000000,0.810050000000,0.048400000000),
double3(0.434650000000,0.970275000000,0.037066666667),
double3(0.312250000000,0.849075000000,0.100100000000),
double3(0.337550000000,0.816050000000,0.232200000000),
double3(0.296950000000,0.759025000000,0.098666666667),
double3(0.288950000000,0.941800000000,0.159866666667),
double3(0.344200000000,0.870575000000,0.220466666667),
double3(0.286850000000,0.939950000000,0.215066666667),
double3(0.315350000000,0.779725000000,0.203733333333),
double3(0.102300000000,0.875000000000,0.333333333333),
double3(0.062250000000,0.900925000000,0.600100000000),
double3(0.086300000000,0.750000000000,0.333333333333),
double3(0.087550000000,0.933950000000,0.398866666667),
double3(0.125000000000,0.888750000000,0.583333333333),
double3(0.046950000000,0.990975000000,0.598666666667),
double3(0.038950000000,0.808200000000,0.659866666667),
double3(0.000000000000,0.822525000000,0.396900000000),
double3(0.094200000000,0.879425000000,0.387133333333),
double3(0.036850000000,0.810050000000,0.381733333333),
double3(0.065350000000,0.970275000000,0.370400000000),
double3(0.147700000000,0.875000000000,0.500000000000),
double3(0.187750000000,0.849075000000,0.433433333333),
double3(0.163700000000,0.750000000000,0.500000000000),
double3(0.162450000000,0.816050000000,0.565533333333),
double3(0.125000000000,0.861250000000,0.416666666667),
double3(0.203050000000,0.759025000000,0.432000000000),
double3(0.211050000000,0.941800000000,0.493200000000),
double3(0.250000000000,0.927475000000,0.563566666667),
double3(0.155800000000,0.870575000000,0.553800000000),
double3(0.213150000000,0.939950000000,0.548400000000),
double3(0.184650000000,0.779725000000,0.537066666667),
double3(0.062250000000,0.849075000000,0.399900000000),
double3(0.087550000000,0.816050000000,0.601133333333),
double3(0.046950000000,0.759025000000,0.401333333333),
double3(0.038950000000,0.941800000000,0.340133333333),
double3(0.000000000000,0.927475000000,0.603100000000),
double3(0.094200000000,0.870575000000,0.612866666667),
double3(0.036850000000,0.939950000000,0.618266666667),
double3(0.065350000000,0.779725000000,0.629600000000),
double3(0.187750000000,0.900925000000,0.566566666667),
double3(0.162450000000,0.933950000000,0.434466666667),
double3(0.203050000000,0.990975000000,0.568000000000),
double3(0.211050000000,0.808200000000,0.506800000000),
double3(0.250000000000,0.822525000000,0.436433333333),
double3(0.155800000000,0.879425000000,0.446200000000),
double3(0.213150000000,0.810050000000,0.451600000000),
double3(0.184650000000,0.970275000000,0.462933333333),
double3(0.397700000000,0.875000000000,0.333333333333),
double3(0.437750000000,0.849075000000,0.399900000000),
double3(0.413700000000,0.750000000000,0.333333333333),
double3(0.412450000000,0.816050000000,0.601133333333),
double3(0.375000000000,0.861250000000,0.416666666667),
double3(0.453050000000,0.759025000000,0.401333333333),
double3(0.461050000000,0.941800000000,0.340133333333),
double3(0.405800000000,0.870575000000,0.612866666667),
double3(0.463150000000,0.939950000000,0.618266666667),
double3(0.434650000000,0.779725000000,0.629600000000),
double3(0.352300000000,0.875000000000,0.500000000000),
double3(0.312250000000,0.900925000000,0.566566666667),
double3(0.336300000000,0.750000000000,0.500000000000),
double3(0.337550000000,0.933950000000,0.434466666667),
double3(0.375000000000,0.888750000000,0.583333333333),
double3(0.296950000000,0.990975000000,0.568000000000),
double3(0.288950000000,0.808200000000,0.506800000000),
double3(0.344200000000,0.879425000000,0.446200000000),
double3(0.286850000000,0.810050000000,0.451600000000),
double3(0.315350000000,0.970275000000,0.462933333333),
double3(0.437750000000,0.900925000000,0.600100000000),
double3(0.412450000000,0.933950000000,0.398866666667),
double3(0.453050000000,0.990975000000,0.598666666667),
double3(0.461050000000,0.808200000000,0.659866666667),
double3(0.405800000000,0.879425000000,0.387133333333),
double3(0.463150000000,0.810050000000,0.381733333333),
double3(0.434650000000,0.970275000000,0.370400000000),
double3(0.312250000000,0.849075000000,0.433433333333),
double3(0.337550000000,0.816050000000,0.565533333333),
double3(0.296950000000,0.759025000000,0.432000000000),
double3(0.288950000000,0.941800000000,0.493200000000),
double3(0.344200000000,0.870575000000,0.553800000000),
double3(0.286850000000,0.939950000000,0.548400000000),
double3(0.315350000000,0.779725000000,0.537066666667),
double3(0.102300000000,0.875000000000,0.666666666667),
double3(0.062250000000,0.900925000000,0.933433333333),
double3(0.086300000000,0.750000000000,0.666666666667),
double3(0.087550000000,0.933950000000,0.732200000000),
double3(0.125000000000,0.888750000000,0.916666666667),
double3(0.046950000000,0.990975000000,0.932000000000),
double3(0.038950000000,0.808200000000,0.993200000000),
double3(0.000000000000,0.822525000000,0.730233333333),
double3(0.094200000000,0.879425000000,0.720466666667),
double3(0.036850000000,0.810050000000,0.715066666667),
double3(0.065350000000,0.970275000000,0.703733333333),
double3(0.147700000000,0.875000000000,0.833333333333),
double3(0.187750000000,0.849075000000,0.766766666667),
double3(0.163700000000,0.750000000000,0.833333333333),
double3(0.162450000000,0.816050000000,0.898866666667),
double3(0.125000000000,0.861250000000,0.750000000000),
double3(0.203050000000,0.759025000000,0.765333333333),
double3(0.211050000000,0.941800000000,0.826533333333),
double3(0.250000000000,0.927475000000,0.896900000000),
double3(0.155800000000,0.870575000000,0.887133333333),
double3(0.213150000000,0.939950000000,0.881733333333),
double3(0.184650000000,0.779725000000,0.870400000000),
double3(0.062250000000,0.849075000000,0.733233333333),
double3(0.087550000000,0.816050000000,0.934466666667),
double3(0.046950000000,0.759025000000,0.734666666667),
double3(0.038950000000,0.941800000000,0.673466666667),
double3(0.000000000000,0.927475000000,0.936433333333),
double3(0.094200000000,0.870575000000,0.946200000000),
double3(0.036850000000,0.939950000000,0.951600000000),
double3(0.065350000000,0.779725000000,0.962933333333),
double3(0.187750000000,0.900925000000,0.899900000000),
double3(0.162450000000,0.933950000000,0.767800000000),
double3(0.203050000000,0.990975000000,0.901333333333),
double3(0.211050000000,0.808200000000,0.840133333333),
double3(0.250000000000,0.822525000000,0.769766666667),
double3(0.155800000000,0.879425000000,0.779533333333),
double3(0.213150000000,0.810050000000,0.784933333333),
double3(0.184650000000,0.970275000000,0.796266666667),
double3(0.397700000000,0.875000000000,0.666666666667),
double3(0.437750000000,0.849075000000,0.733233333333),
double3(0.413700000000,0.750000000000,0.666666666667),
double3(0.412450000000,0.816050000000,0.934466666667),
double3(0.375000000000,0.861250000000,0.750000000000),
double3(0.453050000000,0.759025000000,0.734666666667),
double3(0.461050000000,0.941800000000,0.673466666667),
double3(0.405800000000,0.870575000000,0.946200000000),
double3(0.463150000000,0.939950000000,0.951600000000),
double3(0.434650000000,0.779725000000,0.962933333333),
double3(0.352300000000,0.875000000000,0.833333333333),
double3(0.312250000000,0.900925000000,0.899900000000),
double3(0.336300000000,0.750000000000,0.833333333333),
double3(0.337550000000,0.933950000000,0.767800000000),
double3(0.375000000000,0.888750000000,0.916666666667),
double3(0.296950000000,0.990975000000,0.901333333333),
double3(0.288950000000,0.808200000000,0.840133333333),
double3(0.344200000000,0.879425000000,0.779533333333),
double3(0.286850000000,0.810050000000,0.784933333333),
double3(0.315350000000,0.970275000000,0.796266666667),
double3(0.437750000000,0.900925000000,0.933433333333),
double3(0.412450000000,0.933950000000,0.732200000000),
double3(0.453050000000,0.990975000000,0.932000000000),
double3(0.461050000000,0.808200000000,0.993200000000),
double3(0.405800000000,0.879425000000,0.720466666667),
double3(0.463150000000,0.810050000000,0.715066666667),
double3(0.434650000000,0.970275000000,0.703733333333),
double3(0.312250000000,0.849075000000,0.766766666667),
double3(0.337550000000,0.816050000000,0.898866666667),
double3(0.296950000000,0.759025000000,0.765333333333),
double3(0.288950000000,0.941800000000,0.826533333333),
double3(0.344200000000,0.870575000000,0.887133333333),
double3(0.286850000000,0.939950000000,0.881733333333),
double3(0.315350000000,0.779725000000,0.870400000000),
double3(0.602300000000,0.125000000000,0.000000000000),
double3(0.562250000000,0.150925000000,0.266766666667),
double3(0.586300000000,0.000000000000,0.000000000000),
double3(0.587550000000,0.183950000000,0.065533333333),
double3(0.625000000000,0.138750000000,0.250000000000),
double3(0.546950000000,0.240975000000,0.265333333333),
double3(0.538950000000,0.058200000000,0.326533333333),
double3(0.500000000000,0.072525000000,0.063566666667),
double3(0.594200000000,0.129425000000,0.053800000000),
double3(0.536850000000,0.060050000000,0.048400000000),
double3(0.565350000000,0.220275000000,0.037066666667),
double3(0.647700000000,0.125000000000,0.166666666667),
double3(0.687750000000,0.099075000000,0.100100000000),
double3(0.663700000000,0.000000000000,0.166666666667),
double3(0.662450000000,0.066050000000,0.232200000000),
double3(0.625000000000,0.111250000000,0.083333333333),
double3(0.703050000000,0.009025000000,0.098666666667),
double3(0.711050000000,0.191800000000,0.159866666667),
double3(0.750000000000,0.177475000000,0.230233333333),
double3(0.655800000000,0.120575000000,0.220466666667),
double3(0.713150000000,0.189950000000,0.215066666667),
double3(0.684650000000,0.029725000000,0.203733333333),
double3(0.562250000000,0.099075000000,0.066566666667),
double3(0.587550000000,0.066050000000,0.267800000000),
double3(0.546950000000,0.009025000000,0.068000000000),
double3(0.538950000000,0.191800000000,0.006800000000),
double3(0.500000000000,0.177475000000,0.269766666667),
double3(0.594200000000,0.120575000000,0.279533333333),
double3(0.536850000000,0.189950000000,0.284933333333),
double3(0.565350000000,0.029725000000,0.296266666667),
double3(0.687750000000,0.150925000000,0.233233333333),
double3(0.662450000000,0.183950000000,0.101133333333),
double3(0.703050000000,0.240975000000,0.234666666667),
double3(0.711050000000,0.058200000000,0.173466666667),
double3(0.750000000000,0.072525000000,0.103100000000),
double3(0.655800000000,0.129425000000,0.112866666667),
double3(0.713150000000,0.060050000000,0.118266666667),
double3(0.684650000000,0.220275000000,0.129600000000),
double3(0.897700000000,0.125000000000,0.000000000000),
double3(0.937750000000,0.099075000000,0.066566666667),
double3(0.913700000000,0.000000000000,0.000000000000),
double3(0.912450000000,0.066050000000,0.267800000000),
double3(0.875000000000,0.111250000000,0.083333333333),
double3(0.953050000000,0.009025000000,0.068000000000),
double3(0.961050000000,0.191800000000,0.006800000000),
double3(0.905800000000,0.120575000000,0.279533333333),
double3(0.963150000000,0.189950000000,0.284933333333),
double3(0.934650000000,0.029725000000,0.296266666667),
double3(0.852300000000,0.125000000000,0.166666666667),
double3(0.812250000000,0.150925000000,0.233233333333),
double3(0.836300000000,0.000000000000,0.166666666667),
double3(0.837550000000,0.183950000000,0.101133333333),
double3(0.875000000000,0.138750000000,0.250000000000),
double3(0.796950000000,0.240975000000,0.234666666667),
double3(0.788950000000,0.058200000000,0.173466666667),
double3(0.844200000000,0.129425000000,0.112866666667),
double3(0.786850000000,0.060050000000,0.118266666667),
double3(0.815350000000,0.220275000000,0.129600000000),
double3(0.937750000000,0.150925000000,0.266766666667),
double3(0.912450000000,0.183950000000,0.065533333333),
double3(0.953050000000,0.240975000000,0.265333333333),
double3(0.961050000000,0.058200000000,0.326533333333),
double3(0.905800000000,0.129425000000,0.053800000000),
double3(0.963150000000,0.060050000000,0.048400000000),
double3(0.934650000000,0.220275000000,0.037066666667),
double3(0.812250000000,0.099075000000,0.100100000000),
double3(0.837550000000,0.066050000000,0.232200000000),
double3(0.796950000000,0.009025000000,0.098666666667),
double3(0.788950000000,0.191800000000,0.159866666667),
double3(0.844200000000,0.120575000000,0.220466666667),
double3(0.786850000000,0.189950000000,0.215066666667),
double3(0.815350000000,0.029725000000,0.203733333333),
double3(0.602300000000,0.125000000000,0.333333333333),
double3(0.562250000000,0.150925000000,0.600100000000),
double3(0.586300000000,0.000000000000,0.333333333333),
double3(0.587550000000,0.183950000000,0.398866666667),
double3(0.625000000000,0.138750000000,0.583333333333),
double3(0.546950000000,0.240975000000,0.598666666667),
double3(0.538950000000,0.058200000000,0.659866666667),
double3(0.500000000000,0.072525000000,0.396900000000),
double3(0.594200000000,0.129425000000,0.387133333333),
double3(0.536850000000,0.060050000000,0.381733333333),
double3(0.565350000000,0.220275000000,0.370400000000),
double3(0.647700000000,0.125000000000,0.500000000000),
double3(0.687750000000,0.099075000000,0.433433333333),
double3(0.663700000000,0.000000000000,0.500000000000),
double3(0.662450000000,0.066050000000,0.565533333333),
double3(0.625000000000,0.111250000000,0.416666666667),
double3(0.703050000000,0.009025000000,0.432000000000),
double3(0.711050000000,0.191800000000,0.493200000000),
double3(0.750000000000,0.177475000000,0.563566666667),
double3(0.655800000000,0.120575000000,0.553800000000),
double3(0.713150000000,0.189950000000,0.548400000000),
double3(0.684650000000,0.029725000000,0.537066666667),
double3(0.562250000000,0.099075000000,0.399900000000),
double3(0.587550000000,0.066050000000,0.601133333333),
double3(0.546950000000,0.009025000000,0.401333333333),
double3(0.538950000000,0.191800000000,0.340133333333),
double3(0.500000000000,0.177475000000,0.603100000000),
double3(0.594200000000,0.120575000000,0.612866666667),
double3(0.536850000000,0.189950000000,0.618266666667),
double3(0.565350000000,0.029725000000,0.629600000000),
double3(0.687750000000,0.150925000000,0.566566666667),
double3(0.662450000000,0.183950000000,0.434466666667),
double3(0.703050000000,0.240975000000,0.568000000000),
double3(0.711050000000,0.058200000000,0.506800000000),
double3(0.750000000000,0.072525000000,0.436433333333),
double3(0.655800000000,0.129425000000,0.446200000000),
double3(0.713150000000,0.060050000000,0.451600000000),
double3(0.684650000000,0.220275000000,0.462933333333),
double3(0.897700000000,0.125000000000,0.333333333333),
double3(0.937750000000,0.099075000000,0.399900000000),
double3(0.913700000000,0.000000000000,0.333333333333),
double3(0.912450000000,0.066050000000,0.601133333333),
double3(0.875000000000,0.111250000000,0.416666666667),
double3(0.953050000000,0.009025000000,0.401333333333),
double3(0.961050000000,0.191800000000,0.340133333333),
double3(0.905800000000,0.120575000000,0.612866666667),
double3(0.963150000000,0.189950000000,0.618266666667),
double3(0.934650000000,0.029725000000,0.629600000000),
double3(0.852300000000,0.125000000000,0.500000000000),
double3(0.812250000000,0.150925000000,0.566566666667),
double3(0.836300000000,0.000000000000,0.500000000000),
double3(0.837550000000,0.183950000000,0.434466666667),
double3(0.875000000000,0.138750000000,0.583333333333),
double3(0.796950000000,0.240975000000,0.568000000000),
double3(0.788950000000,0.058200000000,0.506800000000),
double3(0.844200000000,0.129425000000,0.446200000000),
double3(0.786850000000,0.060050000000,0.451600000000),
double3(0.815350000000,0.220275000000,0.462933333333),
double3(0.937750000000,0.150925000000,0.600100000000),
double3(0.912450000000,0.183950000000,0.398866666667),
double3(0.953050000000,0.240975000000,0.598666666667),
double3(0.961050000000,0.058200000000,0.659866666667),
double3(0.905800000000,0.129425000000,0.387133333333),
double3(0.963150000000,0.060050000000,0.381733333333),
double3(0.934650000000,0.220275000000,0.370400000000),
double3(0.812250000000,0.099075000000,0.433433333333),
double3(0.837550000000,0.066050000000,0.565533333333),
double3(0.796950000000,0.009025000000,0.432000000000),
double3(0.788950000000,0.191800000000,0.493200000000),
double3(0.844200000000,0.120575000000,0.553800000000),
double3(0.786850000000,0.189950000000,0.548400000000),
double3(0.815350000000,0.029725000000,0.537066666667),
double3(0.602300000000,0.125000000000,0.666666666667),
double3(0.562250000000,0.150925000000,0.933433333333),
double3(0.586300000000,0.000000000000,0.666666666667),
double3(0.587550000000,0.183950000000,0.732200000000),
double3(0.625000000000,0.138750000000,0.916666666667),
double3(0.546950000000,0.240975000000,0.932000000000),
double3(0.538950000000,0.058200000000,0.993200000000),
double3(0.500000000000,0.072525000000,0.730233333333),
double3(0.594200000000,0.129425000000,0.720466666667),
double3(0.536850000000,0.060050000000,0.715066666667),
double3(0.565350000000,0.220275000000,0.703733333333),
double3(0.647700000000,0.125000000000,0.833333333333),
double3(0.687750000000,0.099075000000,0.766766666667),
double3(0.663700000000,0.000000000000,0.833333333333),
double3(0.662450000000,0.066050000000,0.898866666667),
double3(0.625000000000,0.111250000000,0.750000000000),
double3(0.703050000000,0.009025000000,0.765333333333),
double3(0.711050000000,0.191800000000,0.826533333333),
double3(0.750000000000,0.177475000000,0.896900000000),
double3(0.655800000000,0.120575000000,0.887133333333),
double3(0.713150000000,0.189950000000,0.881733333333),
double3(0.684650000000,0.029725000000,0.870400000000),
double3(0.562250000000,0.099075000000,0.733233333333),
double3(0.587550000000,0.066050000000,0.934466666667),
double3(0.546950000000,0.009025000000,0.734666666667),
double3(0.538950000000,0.191800000000,0.673466666667),
double3(0.500000000000,0.177475000000,0.936433333333),
double3(0.594200000000,0.120575000000,0.946200000000),
double3(0.536850000000,0.189950000000,0.951600000000),
double3(0.565350000000,0.029725000000,0.962933333333),
double3(0.687750000000,0.150925000000,0.899900000000),
double3(0.662450000000,0.183950000000,0.767800000000),
double3(0.703050000000,0.240975000000,0.901333333333),
double3(0.711050000000,0.058200000000,0.840133333333),
double3(0.750000000000,0.072525000000,0.769766666667),
double3(0.655800000000,0.129425000000,0.779533333333),
double3(0.713150000000,0.060050000000,0.784933333333),
double3(0.684650000000,0.220275000000,0.796266666667),
double3(0.897700000000,0.125000000000,0.666666666667),
double3(0.937750000000,0.099075000000,0.733233333333),
double3(0.913700000000,0.000000000000,0.666666666667),
double3(0.912450000000,0.066050000000,0.934466666667),
double3(0.875000000000,0.111250000000,0.750000000000),
double3(0.953050000000,0.009025000000,0.734666666667),
double3(0.961050000000,0.191800000000,0.673466666667),
double3(0.905800000000,0.120575000000,0.946200000000),
double3(0.963150000000,0.189950000000,0.951600000000),
double3(0.934650000000,0.029725000000,0.962933333333),
double3(0.852300000000,0.125000000000,0.833333333333),
double3(0.812250000000,0.150925000000,0.899900000000),
double3(0.836300000000,0.000000000000,0.833333333333),
double3(0.837550000000,0.183950000000,0.767800000000),
double3(0.875000000000,0.138750000000,0.916666666667),
double3(0.796950000000,0.240975000000,0.901333333333),
double3(0.788950000000,0.058200000000,0.840133333333),
double3(0.844200000000,0.129425000000,0.779533333333),
double3(0.786850000000,0.060050000000,0.784933333333),
double3(0.815350000000,0.220275000000,0.796266666667),
double3(0.937750000000,0.150925000000,0.933433333333),
double3(0.912450000000,0.183950000000,0.732200000000),
double3(0.953050000000,0.240975000000,0.932000000000),
double3(0.961050000000,0.058200000000,0.993200000000),
double3(0.905800000000,0.129425000000,0.720466666667),
double3(0.963150000000,0.060050000000,0.715066666667),
double3(0.934650000000,0.220275000000,0.703733333333),
double3(0.812250000000,0.099075000000,0.766766666667),
double3(0.837550000000,0.066050000000,0.898866666667),
double3(0.796950000000,0.009025000000,0.765333333333),
double3(0.788950000000,0.191800000000,0.826533333333),
double3(0.844200000000,0.120575000000,0.887133333333),
double3(0.786850000000,0.189950000000,0.881733333333),
double3(0.815350000000,0.029725000000,0.870400000000),
double3(0.602300000000,0.375000000000,0.000000000000),
double3(0.562250000000,0.400925000000,0.266766666667),
double3(0.586300000000,0.250000000000,0.000000000000),
double3(0.587550000000,0.433950000000,0.065533333333),
double3(0.625000000000,0.388750000000,0.250000000000),
double3(0.546950000000,0.490975000000,0.265333333333),
double3(0.538950000000,0.308200000000,0.326533333333),
double3(0.500000000000,0.322525000000,0.063566666667),
double3(0.594200000000,0.379425000000,0.053800000000),
double3(0.536850000000,0.310050000000,0.048400000000),
double3(0.565350000000,0.470275000000,0.037066666667),
double3(0.647700000000,0.375000000000,0.166666666667),
double3(0.687750000000,0.349075000000,0.100100000000),
double3(0.663700000000,0.250000000000,0.166666666667),
double3(0.662450000000,0.316050000000,0.232200000000),
double3(0.625000000000,0.361250000000,0.083333333333),
double3(0.703050000000,0.259025000000,0.098666666667),
double3(0.711050000000,0.441800000000,0.159866666667),
double3(0.750000000000,0.427475000000,0.230233333333),
double3(0.655800000000,0.370575000000,0.220466666667),
double3(0.713150000000,0.439950000000,0.215066666667),
double3(0.684650000000,0.279725000000,0.203733333333),
double3(0.562250000000,0.349075000000,0.066566666667),
double3(0.587550000000,0.316050000000,0.267800000000),
double3(0.546950000000,0.259025000000,0.068000000000),
double3(0.538950000000,0.441800000000,0.006800000000),
double3(0.500000000000,0.427475000000,0.269766666667),
double3(0.594200000000,0.370575000000,0.279533333333),
double3(0.536850000000,0.439950000000,0.284933333333),
double3(0.565350000000,0.279725000000,0.296266666667),
double3(0.687750000000,0.400925000000,0.233233333333),
double3(0.662450000000,0.433950000000,0.101133333333),
double3(0.703050000000,0.490975000000,0.234666666667),
double3(0.711050000000,0.308200000000,0.173466666667),
double3(0.750000000000,0.322525000000,0.103100000000),
double3(0.655800000000,0.379425000000,0.112866666667),
double3(0.713150000000,0.310050000000,0.118266666667),
double3(0.684650000000,0.470275000000,0.129600000000),
double3(0.897700000000,0.375000000000,0.000000000000),
double3(0.937750000000,0.349075000000,0.066566666667),
double3(0.913700000000,0.250000000000,0.000000000000),
double3(0.912450000000,0.316050000000,0.267800000000),
double3(0.875000000000,0.361250000000,0.083333333333),
double3(0.953050000000,0.259025000000,0.068000000000),
double3(0.961050000000,0.441800000000,0.006800000000),
double3(0.905800000000,0.370575000000,0.279533333333),
double3(0.963150000000,0.439950000000,0.284933333333),
double3(0.934650000000,0.279725000000,0.296266666667),
double3(0.852300000000,0.375000000000,0.166666666667),
double3(0.812250000000,0.400925000000,0.233233333333),
double3(0.836300000000,0.250000000000,0.166666666667),
double3(0.837550000000,0.433950000000,0.101133333333),
double3(0.875000000000,0.388750000000,0.250000000000),
double3(0.796950000000,0.490975000000,0.234666666667),
double3(0.788950000000,0.308200000000,0.173466666667),
double3(0.844200000000,0.379425000000,0.112866666667),
double3(0.786850000000,0.310050000000,0.118266666667),
double3(0.815350000000,0.470275000000,0.129600000000),
double3(0.937750000000,0.400925000000,0.266766666667),
double3(0.912450000000,0.433950000000,0.065533333333),
double3(0.953050000000,0.490975000000,0.265333333333),
double3(0.961050000000,0.308200000000,0.326533333333),
double3(0.905800000000,0.379425000000,0.053800000000),
double3(0.963150000000,0.310050000000,0.048400000000),
double3(0.934650000000,0.470275000000,0.037066666667),
double3(0.812250000000,0.349075000000,0.100100000000),
double3(0.837550000000,0.316050000000,0.232200000000),
double3(0.796950000000,0.259025000000,0.098666666667),
double3(0.788950000000,0.441800000000,0.159866666667),
double3(0.844200000000,0.370575000000,0.220466666667),
double3(0.786850000000,0.439950000000,0.215066666667),
double3(0.815350000000,0.279725000000,0.203733333333),
double3(0.602300000000,0.375000000000,0.333333333333),
double3(0.562250000000,0.400925000000,0.600100000000),
double3(0.586300000000,0.250000000000,0.333333333333),
double3(0.587550000000,0.433950000000,0.398866666667),
double3(0.625000000000,0.388750000000,0.583333333333),
double3(0.546950000000,0.490975000000,0.598666666667),
double3(0.538950000000,0.308200000000,0.659866666667),
double3(0.500000000000,0.322525000000,0.396900000000),
double3(0.594200000000,0.379425000000,0.387133333333),
double3(0.536850000000,0.310050000000,0.381733333333),
double3(0.565350000000,0.470275000000,0.370400000000),
double3(0.647700000000,0.375000000000,0.500000000000),
double3(0.687750000000,0.349075000000,0.433433333333),
double3(0.663700000000,0.250000000000,0.500000000000),
double3(0.662450000000,0.316050000000,0.565533333333),
double3(0.625000000000,0.361250000000,0.416666666667),
double3(0.703050000000,0.259025000000,0.432000000000),
double3(0.711050000000,0.441800000000,0.493200000000),
double3(0.750000000000,0.427475000000,0.563566666667),
double3(0.655800000000,0.370575000000,0.553800000000),
double3(0.713150000000,0.439950000000,0.548400000000),
double3(0.684650000000,0.279725000000,0.537066666667),
double3(0.562250000000,0.349075000000,0.399900000000),
double3(0.587550000000,0.316050000000,0.601133333333),
double3(0.546950000000,0.259025000000,0.401333333333),
double3(0.538950000000,0.441800000000,0.340133333333),
double3(0.500000000000,0.427475000000,0.603100000000),
double3(0.594200000000,0.370575000000,0.612866666667),
double3(0.536850000000,0.439950000000,0.618266666667),
double3(0.565350000000,0.279725000000,0.629600000000),
double3(0.687750000000,0.400925000000,0.566566666667),
double3(0.662450000000,0.433950000000,0.434466666667),
double3(0.703050000000,0.490975000000,0.568000000000),
double3(0.711050000000,0.308200000000,0.506800000000),
double3(0.750000000000,0.322525000000,0.436433333333),
double3(0.655800000000,0.379425000000,0.446200000000),
double3(0.713150000000,0.310050000000,0.451600000000),
double3(0.684650000000,0.470275000000,0.462933333333),
double3(0.897700000000,0.375000000000,0.333333333333),
double3(0.937750000000,0.349075000000,0.399900000000),
double3(0.913700000000,0.250000000000,0.333333333333),
double3(0.912450000000,0.316050000000,0.601133333333),
double3(0.875000000000,0.361250000000,0.416666666667),
double3(0.953050000000,0.259025000000,0.401333333333),
double3(0.961050000000,0.441800000000,0.340133333333),
double3(0.905800000000,0.370575000000,0.612866666667),
double3(0.963150000000,0.439950000000,0.618266666667),
double3(0.934650000000,0.279725000000,0.629600000000),
double3(0.852300000000,0.375000000000,0.500000000000),
double3(0.812250000000,0.400925000000,0.566566666667),
double3(0.836300000000,0.250000000000,0.500000000000),
double3(0.837550000000,0.433950000000,0.434466666667),
double3(0.875000000000,0.388750000000,0.583333333333),
double3(0.796950000000,0.490975000000,0.568000000000),
double3(0.788950000000,0.308200000000,0.506800000000),
double3(0.844200000000,0.379425000000,0.446200000000),
double3(0.786850000000,0.310050000000,0.451600000000),
double3(0.815350000000,0.470275000000,0.462933333333),
double3(0.937750000000,0.400925000000,0.600100000000),
double3(0.912450000000,0.433950000000,0.398866666667),
double3(0.953050000000,0.490975000000,0.598666666667),
double3(0.961050000000,0.308200000000,0.659866666667),
double3(0.905800000000,0.379425000000,0.387133333333),
double3(0.963150000000,0.310050000000,0.381733333333),
double3(0.934650000000,0.470275000000,0.370400000000),
double3(0.812250000000,0.349075000000,0.433433333333),
double3(0.837550000000,0.316050000000,0.565533333333),
double3(0.796950000000,0.259025000000,0.432000000000),
double3(0.788950000000,0.441800000000,0.493200000000),
double3(0.844200000000,0.370575000000,0.553800000000),
double3(0.786850000000,0.439950000000,0.548400000000),
double3(0.815350000000,0.279725000000,0.537066666667),
double3(0.602300000000,0.375000000000,0.666666666667),
double3(0.562250000000,0.400925000000,0.933433333333),
double3(0.586300000000,0.250000000000,0.666666666667),
double3(0.587550000000,0.433950000000,0.732200000000),
double3(0.625000000000,0.388750000000,0.916666666667),
double3(0.546950000000,0.490975000000,0.932000000000),
double3(0.538950000000,0.308200000000,0.993200000000),
double3(0.500000000000,0.322525000000,0.730233333333),
double3(0.594200000000,0.379425000000,0.720466666667),
double3(0.536850000000,0.310050000000,0.715066666667),
double3(0.565350000000,0.470275000000,0.703733333333),
double3(0.647700000000,0.375000000000,0.833333333333),
double3(0.687750000000,0.349075000000,0.766766666667),
double3(0.663700000000,0.250000000000,0.833333333333),
double3(0.662450000000,0.316050000000,0.898866666667),
double3(0.625000000000,0.361250000000,0.750000000000),
double3(0.703050000000,0.259025000000,0.765333333333),
double3(0.711050000000,0.441800000000,0.826533333333),
double3(0.750000000000,0.427475000000,0.896900000000),
double3(0.655800000000,0.370575000000,0.887133333333),
double3(0.713150000000,0.439950000000,0.881733333333),
double3(0.684650000000,0.279725000000,0.870400000000),
double3(0.562250000000,0.349075000000,0.733233333333),
double3(0.587550000000,0.316050000000,0.934466666667),
double3(0.546950000000,0.259025000000,0.734666666667),
double3(0.538950000000,0.441800000000,0.673466666667),
double3(0.500000000000,0.427475000000,0.936433333333),
double3(0.594200000000,0.370575000000,0.946200000000),
double3(0.536850000000,0.439950000000,0.951600000000),
double3(0.565350000000,0.279725000000,0.962933333333),
double3(0.687750000000,0.400925000000,0.899900000000),
double3(0.662450000000,0.433950000000,0.767800000000),
double3(0.703050000000,0.490975000000,0.901333333333),
double3(0.711050000000,0.308200000000,0.840133333333),
double3(0.750000000000,0.322525000000,0.769766666667),
double3(0.655800000000,0.379425000000,0.779533333333),
double3(0.713150000000,0.310050000000,0.784933333333),
double3(0.684650000000,0.470275000000,0.796266666667),
double3(0.897700000000,0.375000000000,0.666666666667),
double3(0.937750000000,0.349075000000,0.733233333333),
double3(0.913700000000,0.250000000000,0.666666666667),
double3(0.912450000000,0.316050000000,0.934466666667),
double3(0.875000000000,0.361250000000,0.750000000000),
double3(0.953050000000,0.259025000000,0.734666666667),
double3(0.961050000000,0.441800000000,0.673466666667),
double3(0.905800000000,0.370575000000,0.946200000000),
double3(0.963150000000,0.439950000000,0.951600000000),
double3(0.934650000000,0.279725000000,0.962933333333),
double3(0.852300000000,0.375000000000,0.833333333333),
double3(0.812250000000,0.400925000000,0.899900000000),
double3(0.836300000000,0.250000000000,0.833333333333),
double3(0.837550000000,0.433950000000,0.767800000000),
double3(0.875000000000,0.388750000000,0.916666666667),
double3(0.796950000000,0.490975000000,0.901333333333),
double3(0.788950000000,0.308200000000,0.840133333333),
double3(0.844200000000,0.379425000000,0.779533333333),
double3(0.786850000000,0.310050000000,0.784933333333),
double3(0.815350000000,0.470275000000,0.796266666667),
double3(0.937750000000,0.400925000000,0.933433333333),
double3(0.912450000000,0.433950000000,0.732200000000),
double3(0.953050000000,0.490975000000,0.932000000000),
double3(0.961050000000,0.308200000000,0.993200000000),
double3(0.905800000000,0.379425000000,0.720466666667),
double3(0.963150000000,0.310050000000,0.715066666667),
double3(0.934650000000,0.470275000000,0.703733333333),
double3(0.812250000000,0.349075000000,0.766766666667),
double3(0.837550000000,0.316050000000,0.898866666667),
double3(0.796950000000,0.259025000000,0.765333333333),
double3(0.788950000000,0.441800000000,0.826533333333),
double3(0.844200000000,0.370575000000,0.887133333333),
double3(0.786850000000,0.439950000000,0.881733333333),
double3(0.815350000000,0.279725000000,0.870400000000),
double3(0.602300000000,0.625000000000,0.000000000000),
double3(0.562250000000,0.650925000000,0.266766666667),
double3(0.586300000000,0.500000000000,0.000000000000),
double3(0.587550000000,0.683950000000,0.065533333333),
double3(0.625000000000,0.638750000000,0.250000000000),
double3(0.546950000000,0.740975000000,0.265333333333),
double3(0.538950000000,0.558200000000,0.326533333333),
double3(0.500000000000,0.572525000000,0.063566666667),
double3(0.594200000000,0.629425000000,0.053800000000),
double3(0.536850000000,0.560050000000,0.048400000000),
double3(0.565350000000,0.720275000000,0.037066666667),
double3(0.647700000000,0.625000000000,0.166666666667),
double3(0.687750000000,0.599075000000,0.100100000000),
double3(0.663700000000,0.500000000000,0.166666666667),
double3(0.662450000000,0.566050000000,0.232200000000),
double3(0.625000000000,0.611250000000,0.083333333333),
double3(0.703050000000,0.509025000000,0.098666666667),
double3(0.711050000000,0.691800000000,0.159866666667),
double3(0.750000000000,0.677475000000,0.230233333333),
double3(0.655800000000,0.620575000000,0.220466666667),
double3(0.713150000000,0.689950000000,0.215066666667),
double3(0.684650000000,0.529725000000,0.203733333333),
double3(0.562250000000,0.599075000000,0.066566666667),
double3(0.587550000000,0.566050000000,0.267800000000),
double3(0.546950000000,0.509025000000,0.068000000000),
double3(0.538950000000,0.691800000000,0.006800000000),
double3(0.500000000000,0.677475000000,0.269766666667),
double3(0.594200000000,0.620575000000,0.279533333333),
double3(0.536850000000,0.689950000000,0.284933333333),
double3(0.565350000000,0.529725000000,0.296266666667),
double3(0.687750000000,0.650925000000,0.233233333333),
double3(0.662450000000,0.683950000000,0.101133333333),
double3(0.703050000000,0.740975000000,0.234666666667),
double3(0.711050000000,0.558200000000,0.173466666667),
double3(0.750000000000,0.572525000000,0.103100000000),
double3(0.655800000000,0.629425000000,0.112866666667),
double3(0.713150000000,0.560050000000,0.118266666667),
double3(0.684650000000,0.720275000000,0.129600000000),
double3(0.897700000000,0.625000000000,0.000000000000),
double3(0.937750000000,0.599075000000,0.066566666667),
double3(0.913700000000,0.500000000000,0.000000000000),
double3(0.912450000000,0.566050000000,0.267800000000),
double3(0.875000000000,0.611250000000,0.083333333333),
double3(0.953050000000,0.509025000000,0.068000000000),
double3(0.961050000000,0.691800000000,0.006800000000),
double3(0.905800000000,0.620575000000,0.279533333333),
double3(0.963150000000,0.689950000000,0.284933333333),
double3(0.934650000000,0.529725000000,0.296266666667),
double3(0.852300000000,0.625000000000,0.166666666667),
double3(0.812250000000,0.650925000000,0.233233333333),
double3(0.836300000000,0.500000000000,0.166666666667),
double3(0.837550000000,0.683950000000,0.101133333333),
double3(0.875000000000,0.638750000000,0.250000000000),
double3(0.796950000000,0.740975000000,0.234666666667),
double3(0.788950000000,0.558200000000,0.173466666667),
double3(0.844200000000,0.629425000000,0.112866666667),
double3(0.786850000000,0.560050000000,0.118266666667),
double3(0.815350000000,0.720275000000,0.129600000000),
double3(0.937750000000,0.650925000000,0.266766666667),
double3(0.912450000000,0.683950000000,0.065533333333),
double3(0.953050000000,0.740975000000,0.265333333333),
double3(0.961050000000,0.558200000000,0.326533333333),
double3(0.905800000000,0.629425000000,0.053800000000),
double3(0.963150000000,0.560050000000,0.048400000000),
double3(0.934650000000,0.720275000000,0.037066666667),
double3(0.812250000000,0.599075000000,0.100100000000),
double3(0.837550000000,0.566050000000,0.232200000000),
double3(0.796950000000,0.509025000000,0.098666666667),
double3(0.788950000000,0.691800000000,0.159866666667),
double3(0.844200000000,0.620575000000,0.220466666667),
double3(0.786850000000,0.689950000000,0.215066666667),
double3(0.815350000000,0.529725000000,0.203733333333),
double3(0.602300000000,0.625000000000,0.333333333333),
double3(0.562250000000,0.650925000000,0.600100000000),
double3(0.586300000000,0.500000000000,0.333333333333),
double3(0.587550000000,0.683950000000,0.398866666667),
double3(0.625000000000,0.638750000000,0.583333333333),
double3(0.546950000000,0.740975000000,0.598666666667),
double3(0.538950000000,0.558200000000,0.659866666667),
double3(0.500000000000,0.572525000000,0.396900000000),
double3(0.594200000000,0.629425000000,0.387133333333),
double3(0.536850000000,0.560050000000,0.381733333333),
double3(0.565350000000,0.720275000000,0.370400000000),
double3(0.647700000000,0.625000000000,0.500000000000),
double3(0.687750000000,0.599075000000,0.433433333333),
double3(0.663700000000,0.500000000000,0.500000000000),
double3(0.662450000000,0.566050000000,0.565533333333),
double3(0.625000000000,0.611250000000,0.416666666667),
double3(0.703050000000,0.509025000000,0.432000000000),
double3(0.711050000000,0.691800000000,0.493200000000),
double3(0.750000000000,0.677475000000,0.563566666667),
double3(0.655800000000,0.620575000000,0.553800000000),
double3(0.713150000000,0.689950000000,0.548400000000),
double3(0.684650000000,0.529725000000,0.537066666667),
double3(0.562250000000,0.599075000000,0.399900000000),
double3(0.587550000000,0.566050000000,0.601133333333),
double3(0.546950000000,0.509025000000,0.401333333333),
double3(0.538950000000,0.691800000000,0.340133333333),
double3(0.500000000000,0.677475000000,0.603100000000),
double3(0.594200000000,0.620575000000,0.612866666667),
double3(0.536850000000,0.689950000000,0.618266666667),
double3(0.565350000000,0.529725000000,0.629600000000),
double3(0.687750000000,0.650925000000,0.566566666667),
double3(0.662450000000,0.683950000000,0.434466666667),
double3(0.703050000000,0.740975000000,0.568000000000),
double3(0.711050000000,0.558200000000,0.506800000000),
double3(0.750000000000,0.572525000000,0.436433333333),
double3(0.655800000000,0.629425000000,0.446200000000),
double3(0.713150000000,0.560050000000,0.451600000000),
double3(0.684650000000,0.720275000000,0.462933333333),
double3(0.897700000000,0.625000000000,0.333333333333),
double3(0.937750000000,0.599075000000,0.399900000000),
double3(0.913700000000,0.500000000000,0.333333333333),
double3(0.912450000000,0.566050000000,0.601133333333),
double3(0.875000000000,0.611250000000,0.416666666667),
double3(0.953050000000,0.509025000000,0.401333333333),
double3(0.961050000000,0.691800000000,0.340133333333),
double3(0.905800000000,0.620575000000,0.612866666667),
double3(0.963150000000,0.689950000000,0.618266666667),
double3(0.934650000000,0.529725000000,0.629600000000),
double3(0.852300000000,0.625000000000,0.500000000000),
double3(0.812250000000,0.650925000000,0.566566666667),
double3(0.836300000000,0.500000000000,0.500000000000),
double3(0.837550000000,0.683950000000,0.434466666667),
double3(0.875000000000,0.638750000000,0.583333333333),
double3(0.796950000000,0.740975000000,0.568000000000),
double3(0.788950000000,0.558200000000,0.506800000000),
double3(0.844200000000,0.629425000000,0.446200000000),
double3(0.786850000000,0.560050000000,0.451600000000),
double3(0.815350000000,0.720275000000,0.462933333333),
double3(0.937750000000,0.650925000000,0.600100000000),
double3(0.912450000000,0.683950000000,0.398866666667),
double3(0.953050000000,0.740975000000,0.598666666667),
double3(0.961050000000,0.558200000000,0.659866666667),
double3(0.905800000000,0.629425000000,0.387133333333),
double3(0.963150000000,0.560050000000,0.381733333333),
double3(0.934650000000,0.720275000000,0.370400000000),
double3(0.812250000000,0.599075000000,0.433433333333),
double3(0.837550000000,0.566050000000,0.565533333333),
double3(0.796950000000,0.509025000000,0.432000000000),
double3(0.788950000000,0.691800000000,0.493200000000),
double3(0.844200000000,0.620575000000,0.553800000000),
double3(0.786850000000,0.689950000000,0.548400000000),
double3(0.815350000000,0.529725000000,0.537066666667),
double3(0.602300000000,0.625000000000,0.666666666667),
double3(0.562250000000,0.650925000000,0.933433333333),
double3(0.586300000000,0.500000000000,0.666666666667),
double3(0.587550000000,0.683950000000,0.732200000000),
double3(0.625000000000,0.638750000000,0.916666666667),
double3(0.546950000000,0.740975000000,0.932000000000),
double3(0.538950000000,0.558200000000,0.993200000000),
double3(0.500000000000,0.572525000000,0.730233333333),
double3(0.594200000000,0.629425000000,0.720466666667),
double3(0.536850000000,0.560050000000,0.715066666667),
double3(0.565350000000,0.720275000000,0.703733333333),
double3(0.647700000000,0.625000000000,0.833333333333),
double3(0.687750000000,0.599075000000,0.766766666667),
double3(0.663700000000,0.500000000000,0.833333333333),
double3(0.662450000000,0.566050000000,0.898866666667),
double3(0.625000000000,0.611250000000,0.750000000000),
double3(0.703050000000,0.509025000000,0.765333333333),
double3(0.711050000000,0.691800000000,0.826533333333),
double3(0.750000000000,0.677475000000,0.896900000000),
double3(0.655800000000,0.620575000000,0.887133333333),
double3(0.713150000000,0.689950000000,0.881733333333),
double3(0.684650000000,0.529725000000,0.870400000000),
double3(0.562250000000,0.599075000000,0.733233333333),
double3(0.587550000000,0.566050000000,0.934466666667),
double3(0.546950000000,0.509025000000,0.734666666667),
double3(0.538950000000,0.691800000000,0.673466666667),
double3(0.500000000000,0.677475000000,0.936433333333),
double3(0.594200000000,0.620575000000,0.946200000000),
double3(0.536850000000,0.689950000000,0.951600000000),
double3(0.565350000000,0.529725000000,0.962933333333),
double3(0.687750000000,0.650925000000,0.899900000000),
double3(0.662450000000,0.683950000000,0.767800000000),
double3(0.703050000000,0.740975000000,0.901333333333),
double3(0.711050000000,0.558200000000,0.840133333333),
double3(0.750000000000,0.572525000000,0.769766666667),
double3(0.655800000000,0.629425000000,0.779533333333),
double3(0.713150000000,0.560050000000,0.784933333333),
double3(0.684650000000,0.720275000000,0.796266666667),
double3(0.897700000000,0.625000000000,0.666666666667),
double3(0.937750000000,0.599075000000,0.733233333333),
double3(0.913700000000,0.500000000000,0.666666666667),
double3(0.912450000000,0.566050000000,0.934466666667),
double3(0.875000000000,0.611250000000,0.750000000000),
double3(0.953050000000,0.509025000000,0.734666666667),
double3(0.961050000000,0.691800000000,0.673466666667),
double3(0.905800000000,0.620575000000,0.946200000000),
double3(0.963150000000,0.689950000000,0.951600000000),
double3(0.934650000000,0.529725000000,0.962933333333),
double3(0.852300000000,0.625000000000,0.833333333333),
double3(0.812250000000,0.650925000000,0.899900000000),
double3(0.836300000000,0.500000000000,0.833333333333),
double3(0.837550000000,0.683950000000,0.767800000000),
double3(0.875000000000,0.638750000000,0.916666666667),
double3(0.796950000000,0.740975000000,0.901333333333),
double3(0.788950000000,0.558200000000,0.840133333333),
double3(0.844200000000,0.629425000000,0.779533333333),
double3(0.786850000000,0.560050000000,0.784933333333),
double3(0.815350000000,0.720275000000,0.796266666667),
double3(0.937750000000,0.650925000000,0.933433333333),
double3(0.912450000000,0.683950000000,0.732200000000),
double3(0.953050000000,0.740975000000,0.932000000000),
double3(0.961050000000,0.558200000000,0.993200000000),
double3(0.905800000000,0.629425000000,0.720466666667),
double3(0.963150000000,0.560050000000,0.715066666667),
double3(0.934650000000,0.720275000000,0.703733333333),
double3(0.812250000000,0.599075000000,0.766766666667),
double3(0.837550000000,0.566050000000,0.898866666667),
double3(0.796950000000,0.509025000000,0.765333333333),
double3(0.788950000000,0.691800000000,0.826533333333),
double3(0.844200000000,0.620575000000,0.887133333333),
double3(0.786850000000,0.689950000000,0.881733333333),
double3(0.815350000000,0.529725000000,0.870400000000),
double3(0.602300000000,0.875000000000,0.000000000000),
double3(0.562250000000,0.900925000000,0.266766666667),
double3(0.586300000000,0.750000000000,0.000000000000),
double3(0.587550000000,0.933950000000,0.065533333333),
double3(0.625000000000,0.888750000000,0.250000000000),
double3(0.546950000000,0.990975000000,0.265333333333),
double3(0.538950000000,0.808200000000,0.326533333333),
double3(0.500000000000,0.822525000000,0.063566666667),
double3(0.594200000000,0.879425000000,0.053800000000),
double3(0.536850000000,0.810050000000,0.048400000000),
double3(0.565350000000,0.970275000000,0.037066666667),
double3(0.647700000000,0.875000000000,0.166666666667),
double3(0.687750000000,0.849075000000,0.100100000000),
double3(0.663700000000,0.750000000000,0.166666666667),
double3(0.662450000000,0.816050000000,0.232200000000),
double3(0.625000000000,0.861250000000,0.083333333333),
double3(0.703050000000,0.759025000000,0.098666666667),
double3(0.711050000000,0.941800000000,0.159866666667),
double3(0.750000000000,0.927475000000,0.230233333333),
double3(0.655800000000,0.870575000000,0.220466666667),
double3(0.713150000000,0.939950000000,0.215066666667),
double3(0.684650000000,0.779725000000,0.203733333333),
double3(0.562250000000,0.849075000000,0.066566666667),
double3(0.587550000000,0.816050000000,0.267800000000),
double3(0.546950000000,0.759025000000,0.068000000000),
double3(0.538950000000,0.941800000000,0.006800000000),
double3(0.500000000000,0.927475000000,0.269766666667),
double3(0.594200000000,0.870575000000,0.279533333333),
double3(0.536850000000,0.939950000000,0.284933333333),
double3(0.565350000000,0.779725000000,0.296266666667),
double3(0.687750000000,0.900925000000,0.233233333333),
double3(0.662450000000,0.933950000000,0.101133333333),
double3(0.703050000000,0.990975000000,0.234666666667),
double3(0.711050000000,0.808200000000,0.173466666667),
double3(0.750000000000,0.822525000000,0.103100000000),
double3(0.655800000000,0.879425000000,0.112866666667),
double3(0.713150000000,0.810050000000,0.118266666667),
double3(0.684650000000,0.970275000000,0.129600000000),
double3(0.897700000000,0.875000000000,0.000000000000),
double3(0.937750000000,0.849075000000,0.066566666667),
double3(0.913700000000,0.750000000000,0.000000000000),
double3(0.912450000000,0.816050000000,0.267800000000),
double3(0.875000000000,0.861250000000,0.083333333333),
double3(0.953050000000,0.759025000000,0.068000000000),
double3(0.961050000000,0.941800000000,0.006800000000),
double3(0.905800000000,0.870575000000,0.279533333333),
double3(0.963150000000,0.939950000000,0.284933333333),
double3(0.934650000000,0.779725000000,0.296266666667),
double3(0.852300000000,0.875000000000,0.166666666667),
double3(0.812250000000,0.900925000000,0.233233333333),
double3(0.836300000000,0.750000000000,0.166666666667),
double3(0.837550000000,0.933950000000,0.101133333333),
double3(0.875000000000,0.888750000000,0.250000000000),
double3(0.796950000000,0.990975000000,0.234666666667),
double3(0.788950000000,0.808200000000,0.173466666667),
double3(0.844200000000,0.879425000000,0.112866666667),
double3(0.786850000000,0.810050000000,0.118266666667),
double3(0.815350000000,0.970275000000,0.129600000000),
double3(0.937750000000,0.900925000000,0.266766666667),
double3(0.912450000000,0.933950000000,0.065533333333),
double3(0.953050000000,0.990975000000,0.265333333333),
double3(0.961050000000,0.808200000000,0.326533333333),
double3(0.905800000000,0.879425000000,0.053800000000),
double3(0.963150000000,0.810050000000,0.048400000000),
double3(0.934650000000,0.970275000000,0.037066666667),
double3(0.812250000000,0.849075000000,0.100100000000),
double3(0.837550000000,0.816050000000,0.232200000000),
double3(0.796950000000,0.759025000000,0.098666666667),
double3(0.788950000000,0.941800000000,0.159866666667),
double3(0.844200000000,0.870575000000,0.220466666667),
double3(0.786850000000,0.939950000000,0.215066666667),
double3(0.815350000000,0.779725000000,0.203733333333),
double3(0.602300000000,0.875000000000,0.333333333333),
double3(0.562250000000,0.900925000000,0.600100000000),
double3(0.586300000000,0.750000000000,0.333333333333),
double3(0.587550000000,0.933950000000,0.398866666667),
double3(0.625000000000,0.888750000000,0.583333333333),
double3(0.546950000000,0.990975000000,0.598666666667),
double3(0.538950000000,0.808200000000,0.659866666667),
double3(0.500000000000,0.822525000000,0.396900000000),
double3(0.594200000000,0.879425000000,0.387133333333),
double3(0.536850000000,0.810050000000,0.381733333333),
double3(0.565350000000,0.970275000000,0.370400000000),
double3(0.647700000000,0.875000000000,0.500000000000),
double3(0.687750000000,0.849075000000,0.433433333333),
double3(0.663700000000,0.750000000000,0.500000000000),
double3(0.662450000000,0.816050000000,0.565533333333),
double3(0.625000000000,0.861250000000,0.416666666667),
double3(0.703050000000,0.759025000000,0.432000000000),
double3(0.711050000000,0.941800000000,0.493200000000),
double3(0.750000000000,0.927475000000,0.563566666667),
double3(0.655800000000,0.870575000000,0.553800000000),
double3(0.713150000000,0.939950000000,0.548400000000),
double3(0.684650000000,0.779725000000,0.537066666667),
double3(0.562250000000,0.849075000000,0.399900000000),
double3(0.587550000000,0.816050000000,0.601133333333),
double3(0.546950000000,0.759025000000,0.401333333333),
double3(0.538950000000,0.941800000000,0.340133333333),
double3(0.500000000000,0.927475000000,0.603100000000),
double3(0.594200000000,0.870575000000,0.612866666667),
double3(0.536850000000,0.939950000000,0.618266666667),
double3(0.565350000000,0.779725000000,0.629600000000),
double3(0.687750000000,0.900925000000,0.566566666667),
double3(0.662450000000,0.933950000000,0.434466666667),
double3(0.703050000000,0.990975000000,0.568000000000),
double3(0.711050000000,0.808200000000,0.506800000000),
double3(0.750000000000,0.822525000000,0.436433333333),
double3(0.655800000000,0.879425000000,0.446200000000),
double3(0.713150000000,0.810050000000,0.451600000000),
double3(0.684650000000,0.970275000000,0.462933333333),
double3(0.897700000000,0.875000000000,0.333333333333),
double3(0.937750000000,0.849075000000,0.399900000000),
double3(0.913700000000,0.750000000000,0.333333333333),
double3(0.912450000000,0.816050000000,0.601133333333),
double3(0.875000000000,0.861250000000,0.416666666667),
double3(0.953050000000,0.759025000000,0.401333333333),
double3(0.961050000000,0.941800000000,0.340133333333),
double3(0.905800000000,0.870575000000,0.612866666667),
double3(0.963150000000,0.939950000000,0.618266666667),
double3(0.934650000000,0.779725000000,0.629600000000),
double3(0.852300000000,0.875000000000,0.500000000000),
double3(0.812250000000,0.900925000000,0.566566666667),
double3(0.836300000000,0.750000000000,0.500000000000),
double3(0.837550000000,0.933950000000,0.434466666667),
double3(0.875000000000,0.888750000000,0.583333333333),
double3(0.796950000000,0.990975000000,0.568000000000),
double3(0.788950000000,0.808200000000,0.506800000000),
double3(0.844200000000,0.879425000000,0.446200000000),
double3(0.786850000000,0.810050000000,0.451600000000),
double3(0.815350000000,0.970275000000,0.462933333333),
double3(0.937750000000,0.900925000000,0.600100000000),
double3(0.912450000000,0.933950000000,0.398866666667),
double3(0.953050000000,0.990975000000,0.598666666667),
double3(0.961050000000,0.808200000000,0.659866666667),
double3(0.905800000000,0.879425000000,0.387133333333),
double3(0.963150000000,0.810050000000,0.381733333333),
double3(0.934650000000,0.970275000000,0.370400000000),
double3(0.812250000000,0.849075000000,0.433433333333),
double3(0.837550000000,0.816050000000,0.565533333333),
double3(0.796950000000,0.759025000000,0.432000000000),
double3(0.788950000000,0.941800000000,0.493200000000),
double3(0.844200000000,0.870575000000,0.553800000000),
double3(0.786850000000,0.939950000000,0.548400000000),
double3(0.815350000000,0.779725000000,0.537066666667),
double3(0.602300000000,0.875000000000,0.666666666667),
double3(0.562250000000,0.900925000000,0.933433333333),
double3(0.586300000000,0.750000000000,0.666666666667),
double3(0.587550000000,0.933950000000,0.732200000000),
double3(0.625000000000,0.888750000000,0.916666666667),
double3(0.546950000000,0.990975000000,0.932000000000),
double3(0.538950000000,0.808200000000,0.993200000000),
double3(0.500000000000,0.822525000000,0.730233333333),
double3(0.594200000000,0.879425000000,0.720466666667),
double3(0.536850000000,0.810050000000,0.715066666667),
double3(0.565350000000,0.970275000000,0.703733333333),
double3(0.647700000000,0.875000000000,0.833333333333),
double3(0.687750000000,0.849075000000,0.766766666667),
double3(0.663700000000,0.750000000000,0.833333333333),
double3(0.662450000000,0.816050000000,0.898866666667),
double3(0.625000000000,0.861250000000,0.750000000000),
double3(0.703050000000,0.759025000000,0.765333333333),
double3(0.711050000000,0.941800000000,0.826533333333),
double3(0.750000000000,0.927475000000,0.896900000000),
double3(0.655800000000,0.870575000000,0.887133333333),
double3(0.713150000000,0.939950000000,0.881733333333),
double3(0.684650000000,0.779725000000,0.870400000000),
double3(0.562250000000,0.849075000000,0.733233333333),
double3(0.587550000000,0.816050000000,0.934466666667),
double3(0.546950000000,0.759025000000,0.734666666667),
double3(0.538950000000,0.941800000000,0.673466666667),
double3(0.500000000000,0.927475000000,0.936433333333),
double3(0.594200000000,0.870575000000,0.946200000000),
double3(0.536850000000,0.939950000000,0.951600000000),
double3(0.565350000000,0.779725000000,0.962933333333),
double3(0.687750000000,0.900925000000,0.899900000000),
double3(0.662450000000,0.933950000000,0.767800000000),
double3(0.703050000000,0.990975000000,0.901333333333),
double3(0.711050000000,0.808200000000,0.840133333333),
double3(0.750000000000,0.822525000000,0.769766666667),
double3(0.655800000000,0.879425000000,0.779533333333),
double3(0.713150000000,0.810050000000,0.784933333333),
double3(0.684650000000,0.970275000000,0.796266666667),
double3(0.897700000000,0.875000000000,0.666666666667),
double3(0.937750000000,0.849075000000,0.733233333333),
double3(0.913700000000,0.750000000000,0.666666666667),
double3(0.912450000000,0.816050000000,0.934466666667),
double3(0.875000000000,0.861250000000,0.750000000000),
double3(0.953050000000,0.759025000000,0.734666666667),
double3(0.961050000000,0.941800000000,0.673466666667),
double3(0.905800000000,0.870575000000,0.946200000000),
double3(0.963150000000,0.939950000000,0.951600000000),
double3(0.934650000000,0.779725000000,0.962933333333),
double3(0.852300000000,0.875000000000,0.833333333333),
double3(0.812250000000,0.900925000000,0.899900000000),
double3(0.836300000000,0.750000000000,0.833333333333),
double3(0.837550000000,0.933950000000,0.767800000000),
double3(0.875000000000,0.888750000000,0.916666666667),
double3(0.796950000000,0.990975000000,0.901333333333),
double3(0.788950000000,0.808200000000,0.840133333333),
double3(0.844200000000,0.879425000000,0.779533333333),
double3(0.786850000000,0.810050000000,0.784933333333),
double3(0.815350000000,0.970275000000,0.796266666667),
double3(0.937750000000,0.900925000000,0.933433333333),
double3(0.912450000000,0.933950000000,0.732200000000),
double3(0.953050000000,0.990975000000,0.932000000000),
double3(0.961050000000,0.808200000000,0.993200000000),
double3(0.905800000000,0.879425000000,0.720466666667),
double3(0.963150000000,0.810050000000,0.715066666667),
double3(0.934650000000,0.970275000000,0.703733333333),
double3(0.812250000000,0.849075000000,0.766766666667),
double3(0.837550000000,0.816050000000,0.898866666667),
double3(0.796950000000,0.759025000000,0.765333333333),
double3(0.788950000000,0.941800000000,0.826533333333),
double3(0.844200000000,0.870575000000,0.887133333333),
double3(0.786850000000,0.939950000000,0.881733333333),
double3(0.815350000000,0.779725000000,0.870400000000),
