 # Derivative distribution function -dV(r)/dr (or -dV(d)/dd) vs d
  0.1250000      0.0000000E+00
  0.3750000      0.0000000E+00
  0.6250000      0.0000000E+00
  0.8750000      0.0000000E+00
   1.125000      0.0000000E+00
   1.375000      0.0000000E+00
   1.625000      0.0000000E+00
   1.875000      0.0000000E+00
   2.125000      0.0000000E+00
   2.375000      0.0000000E+00
   2.625000      0.0000000E+00
   2.875000      0.0000000E+00
   3.125000      3.6904812E-03
   3.375000      1.4978886E-02
   3.625000      2.6918411E-02
   3.875000      2.8655171E-02
   4.125000      3.4299374E-02
   4.375000      3.7989736E-02
   4.625000      3.8206935E-02
   4.875000      4.4719458E-02
   5.125000      5.1231861E-02
   5.375000      5.3619862E-02
   5.625000      5.4705381E-02
   5.875000      6.0566545E-02
   6.125000      5.8395743E-02
   6.375000      0.2212092    
   6.625000      0.2127428    
   6.875000      4.2982697E-02
   7.125000      4.9929500E-02
   7.375000      4.8192859E-02
   7.625000      5.4054022E-02
   7.875000      0.2492130    
   8.125000      0.2704873    
   8.375000      0.1326387    
   8.625000      0.1419733    
   8.875000      0.1037664    
   9.125000      6.9901288E-02
   9.375000      6.1000764E-02
   9.625000      5.4054022E-02
   9.875000      0.4530554    
   10.12500      0.4395962    
   10.37500      1.3459235E-02
   10.62500      1.6064256E-02
   10.87500      1.5195936E-02
   11.12500      8.9004636E-03
   11.37500      7.1637928E-03
   11.62500      9.1175735E-03
   11.87500      1.2373805E-02
   12.12500      9.9858642E-03
   12.37500      8.2492232E-03
   12.62500      8.2492232E-03
   12.87500      7.3808730E-03
   13.12500      7.1637928E-03
   13.37500      6.2954426E-03
   13.62500      5.6442022E-03
   13.87500      5.6442022E-03
   14.12500      5.2100122E-03
   14.37500      4.9929321E-03
   14.62500      6.0783923E-03
   14.87500      0.3666558    
   15.12500      0.3633995    
   15.37500      0.0000000E+00
   15.62500      0.0000000E+00
   15.87500      0.0000000E+00
   16.12500      0.0000000E+00
   16.37500      0.0000000E+00
   16.62500      0.0000000E+00
   16.87500      0.0000000E+00
   17.12500      0.0000000E+00
   17.37500      0.0000000E+00
   17.62500      0.0000000E+00
   17.87500      0.0000000E+00
   18.12500      0.0000000E+00
   18.37500      0.0000000E+00
   18.62500      0.0000000E+00
   18.87500      0.0000000E+00
   19.12500      0.0000000E+00
   19.37500      0.0000000E+00
