[double3(13.057000000000,0.000000000000,0.000000000000),double3(-6.528500000000,11.307693697213,0.000000000000),double3(0.000000000000,0.000000000000,12.969000000000)]

double3(0.139333333333,0.073866666667,0.153650000000),
double3(0.133866666667,0.133866666667,0.118200000000),
double3(0.188800000000,0.120166666667,0.082750000000),
double3(0.193500000000,0.146233333333,0.177400000000),
double3(0.222866666667,0.222866666667,0.182350000000),
double3(0.187333333333,0.244500000000,0.250000000000),
double3(0.111100000000,0.222233333333,0.000000000000),
double3(0.163866666667,0.118566666667,0.132950000000),
double3(0.187633333333,0.232233333333,0.190850000000),
double3(0.111100000000,0.222233333333,0.061950000000),
double3(0.267866666667,0.194000000000,0.346350000000),
double3(0.000000000000,0.199466666667,0.381800000000),
double3(0.264700000000,0.144533333333,0.417250000000),
double3(0.286066666667,0.139833333333,0.322600000000),
double3(0.000000000000,0.110466666667,0.317650000000),
double3(0.057166666667,0.146000000000,0.250000000000),
double3(0.288033333333,0.169466666667,0.367050000000),
double3(0.044600000000,0.145700000000,0.309150000000),
double3(0.111133333333,0.222233333333,0.438050000000),
double3(0.259466666667,0.065466666667,0.153650000000),
double3(0.199466666667,0.000000000000,0.118200000000),
double3(0.213166666667,0.068633333333,0.082750000000),
double3(0.187100000000,0.047266666667,0.177400000000),
double3(0.110466666667,0.000000000000,0.182350000000),
double3(0.088833333333,0.276166666667,0.250000000000),
double3(0.214766666667,0.045300000000,0.132950000000),
double3(0.101100000000,0.288733333333,0.190850000000),
double3(0.139333333333,0.073866666667,0.346350000000),
double3(0.133866666667,0.133866666667,0.381800000000),
double3(0.188800000000,0.120166666667,0.417250000000),
double3(0.193500000000,0.146233333333,0.322600000000),
double3(0.222866666667,0.222866666667,0.317650000000),
double3(0.163866666667,0.118566666667,0.367050000000),
double3(0.187633333333,0.232233333333,0.309150000000),
double3(0.267866666667,0.194000000000,0.153650000000),
double3(0.000000000000,0.199466666667,0.118200000000),
double3(0.264700000000,0.144533333333,0.082750000000),
double3(0.286066666667,0.139833333333,0.177400000000),
double3(0.000000000000,0.110466666667,0.182350000000),
double3(0.288033333333,0.169466666667,0.132950000000),
double3(0.044600000000,0.145700000000,0.190850000000),
double3(0.259466666667,0.065466666667,0.346350000000),
double3(0.199466666667,0.000000000000,0.381800000000),
double3(0.213166666667,0.068633333333,0.417250000000),
double3(0.187100000000,0.047266666667,0.322600000000),
double3(0.110466666667,0.000000000000,0.317650000000),
double3(0.214766666667,0.045300000000,0.367050000000),
double3(0.101100000000,0.288733333333,0.309150000000),
double3(0.073866666667,0.139333333333,0.153650000000),
double3(0.120166666667,0.188800000000,0.082750000000),
double3(0.146233333333,0.193500000000,0.177400000000),
double3(0.244500000000,0.187333333333,0.250000000000),
double3(0.222233333333,0.111100000000,0.000000000000),
double3(0.118566666667,0.163866666667,0.132950000000),
double3(0.232233333333,0.187633333333,0.190850000000),
double3(0.222233333333,0.111100000000,0.061950000000),
double3(0.065466666667,0.259466666667,0.346350000000),
double3(0.068633333333,0.213166666667,0.417250000000),
double3(0.047266666667,0.187100000000,0.322600000000),
double3(0.276166666667,0.088833333333,0.250000000000),
double3(0.045300000000,0.214766666667,0.367050000000),
double3(0.288733333333,0.101100000000,0.309150000000),
double3(0.222200000000,0.111100000000,0.438050000000),
double3(0.194000000000,0.267866666667,0.153650000000),
double3(0.144533333333,0.264700000000,0.082750000000),
double3(0.139833333333,0.286066666667,0.177400000000),
double3(0.146000000000,0.057166666667,0.250000000000),
double3(0.169466666667,0.288033333333,0.132950000000),
double3(0.145700000000,0.044600000000,0.190850000000),
double3(0.073866666667,0.139333333333,0.346350000000),
double3(0.120166666667,0.188800000000,0.417250000000),
double3(0.146233333333,0.193500000000,0.322600000000),
double3(0.118566666667,0.163866666667,0.367050000000),
double3(0.232233333333,0.187633333333,0.309150000000),
double3(0.065466666667,0.259466666667,0.153650000000),
double3(0.068633333333,0.213166666667,0.082750000000),
double3(0.047266666667,0.187100000000,0.177400000000),
double3(0.045300000000,0.214766666667,0.132950000000),
double3(0.288733333333,0.101100000000,0.190850000000),
double3(0.194000000000,0.267866666667,0.346350000000),
double3(0.144533333333,0.264700000000,0.417250000000),
double3(0.139833333333,0.286066666667,0.322600000000),
double3(0.169466666667,0.288033333333,0.367050000000),
double3(0.145700000000,0.044600000000,0.309150000000),
double3(0.139333333333,0.073866666667,0.653650000000),
double3(0.133866666667,0.133866666667,0.618200000000),
double3(0.188800000000,0.120166666667,0.582750000000),
double3(0.193500000000,0.146233333333,0.677400000000),
double3(0.222866666667,0.222866666667,0.682350000000),
double3(0.187333333333,0.244500000000,0.750000000000),
double3(0.111100000000,0.222233333333,0.500000000000),
double3(0.163866666667,0.118566666667,0.632950000000),
double3(0.187633333333,0.232233333333,0.690850000000),
double3(0.111100000000,0.222233333333,0.561950000000),
double3(0.267866666667,0.194000000000,0.846350000000),
double3(0.000000000000,0.199466666667,0.881800000000),
double3(0.264700000000,0.144533333333,0.917250000000),
double3(0.286066666667,0.139833333333,0.822600000000),
double3(0.000000000000,0.110466666667,0.817650000000),
double3(0.057166666667,0.146000000000,0.750000000000),
double3(0.288033333333,0.169466666667,0.867050000000),
double3(0.044600000000,0.145700000000,0.809150000000),
double3(0.111133333333,0.222233333333,0.938050000000),
double3(0.259466666667,0.065466666667,0.653650000000),
double3(0.199466666667,0.000000000000,0.618200000000),
double3(0.213166666667,0.068633333333,0.582750000000),
double3(0.187100000000,0.047266666667,0.677400000000),
double3(0.110466666667,0.000000000000,0.682350000000),
double3(0.088833333333,0.276166666667,0.750000000000),
double3(0.214766666667,0.045300000000,0.632950000000),
double3(0.101100000000,0.288733333333,0.690850000000),
double3(0.139333333333,0.073866666667,0.846350000000),
double3(0.133866666667,0.133866666667,0.881800000000),
double3(0.188800000000,0.120166666667,0.917250000000),
double3(0.193500000000,0.146233333333,0.822600000000),
double3(0.222866666667,0.222866666667,0.817650000000),
double3(0.163866666667,0.118566666667,0.867050000000),
double3(0.187633333333,0.232233333333,0.809150000000),
double3(0.267866666667,0.194000000000,0.653650000000),
double3(0.000000000000,0.199466666667,0.618200000000),
double3(0.264700000000,0.144533333333,0.582750000000),
double3(0.286066666667,0.139833333333,0.677400000000),
double3(0.000000000000,0.110466666667,0.682350000000),
double3(0.288033333333,0.169466666667,0.632950000000),
double3(0.044600000000,0.145700000000,0.690850000000),
double3(0.259466666667,0.065466666667,0.846350000000),
double3(0.199466666667,0.000000000000,0.881800000000),
double3(0.213166666667,0.068633333333,0.917250000000),
double3(0.187100000000,0.047266666667,0.822600000000),
double3(0.110466666667,0.000000000000,0.817650000000),
double3(0.214766666667,0.045300000000,0.867050000000),
double3(0.101100000000,0.288733333333,0.809150000000),
double3(0.073866666667,0.139333333333,0.653650000000),
double3(0.120166666667,0.188800000000,0.582750000000),
double3(0.146233333333,0.193500000000,0.677400000000),
double3(0.244500000000,0.187333333333,0.750000000000),
double3(0.222233333333,0.111100000000,0.500000000000),
double3(0.118566666667,0.163866666667,0.632950000000),
double3(0.232233333333,0.187633333333,0.690850000000),
double3(0.222233333333,0.111100000000,0.561950000000),
double3(0.065466666667,0.259466666667,0.846350000000),
double3(0.068633333333,0.213166666667,0.917250000000),
double3(0.047266666667,0.187100000000,0.822600000000),
double3(0.276166666667,0.088833333333,0.750000000000),
double3(0.045300000000,0.214766666667,0.867050000000),
double3(0.288733333333,0.101100000000,0.809150000000),
double3(0.222200000000,0.111100000000,0.938050000000),
double3(0.194000000000,0.267866666667,0.653650000000),
double3(0.144533333333,0.264700000000,0.582750000000),
double3(0.139833333333,0.286066666667,0.677400000000),
double3(0.146000000000,0.057166666667,0.750000000000),
double3(0.169466666667,0.288033333333,0.632950000000),
double3(0.145700000000,0.044600000000,0.690850000000),
double3(0.073866666667,0.139333333333,0.846350000000),
double3(0.120166666667,0.188800000000,0.917250000000),
double3(0.146233333333,0.193500000000,0.822600000000),
double3(0.118566666667,0.163866666667,0.867050000000),
double3(0.232233333333,0.187633333333,0.809150000000),
double3(0.065466666667,0.259466666667,0.653650000000),
double3(0.068633333333,0.213166666667,0.582750000000),
double3(0.047266666667,0.187100000000,0.677400000000),
double3(0.045300000000,0.214766666667,0.632950000000),
double3(0.288733333333,0.101100000000,0.690850000000),
double3(0.194000000000,0.267866666667,0.846350000000),
double3(0.144533333333,0.264700000000,0.917250000000),
double3(0.139833333333,0.286066666667,0.822600000000),
double3(0.169466666667,0.288033333333,0.867050000000),
double3(0.145700000000,0.044600000000,0.809150000000),
double3(0.139333333333,0.407200000000,0.153650000000),
double3(0.133866666667,0.467200000000,0.118200000000),
double3(0.188800000000,0.453500000000,0.082750000000),
double3(0.193500000000,0.479566666667,0.177400000000),
double3(0.222866666667,0.556200000000,0.182350000000),
double3(0.187333333333,0.577833333333,0.250000000000),
double3(0.111100000000,0.555566666667,0.000000000000),
double3(0.163866666667,0.451900000000,0.132950000000),
double3(0.187633333333,0.565566666667,0.190850000000),
double3(0.111100000000,0.555566666667,0.061950000000),
double3(0.267866666667,0.527333333333,0.346350000000),
double3(0.000000000000,0.532800000000,0.381800000000),
double3(0.264700000000,0.477866666667,0.417250000000),
double3(0.286066666667,0.473166666667,0.322600000000),
double3(0.000000000000,0.443800000000,0.317650000000),
double3(0.057166666667,0.479333333333,0.250000000000),
double3(0.288033333333,0.502800000000,0.367050000000),
double3(0.044600000000,0.479033333333,0.309150000000),
double3(0.111133333333,0.555566666667,0.438050000000),
double3(0.259466666667,0.398800000000,0.153650000000),
double3(0.199466666667,0.333333333333,0.118200000000),
double3(0.213166666667,0.401966666667,0.082750000000),
double3(0.187100000000,0.380600000000,0.177400000000),
double3(0.110466666667,0.333333333333,0.182350000000),
double3(0.088833333333,0.609500000000,0.250000000000),
double3(0.214766666667,0.378633333333,0.132950000000),
double3(0.101100000000,0.622066666667,0.190850000000),
double3(0.139333333333,0.407200000000,0.346350000000),
double3(0.133866666667,0.467200000000,0.381800000000),
double3(0.188800000000,0.453500000000,0.417250000000),
double3(0.193500000000,0.479566666667,0.322600000000),
double3(0.222866666667,0.556200000000,0.317650000000),
double3(0.163866666667,0.451900000000,0.367050000000),
double3(0.187633333333,0.565566666667,0.309150000000),
double3(0.267866666667,0.527333333333,0.153650000000),
double3(0.000000000000,0.532800000000,0.118200000000),
double3(0.264700000000,0.477866666667,0.082750000000),
double3(0.286066666667,0.473166666667,0.177400000000),
double3(0.000000000000,0.443800000000,0.182350000000),
double3(0.288033333333,0.502800000000,0.132950000000),
double3(0.044600000000,0.479033333333,0.190850000000),
double3(0.259466666667,0.398800000000,0.346350000000),
double3(0.199466666667,0.333333333333,0.381800000000),
double3(0.213166666667,0.401966666667,0.417250000000),
double3(0.187100000000,0.380600000000,0.322600000000),
double3(0.110466666667,0.333333333333,0.317650000000),
double3(0.214766666667,0.378633333333,0.367050000000),
double3(0.101100000000,0.622066666667,0.309150000000),
double3(0.073866666667,0.472666666667,0.153650000000),
double3(0.120166666667,0.522133333333,0.082750000000),
double3(0.146233333333,0.526833333333,0.177400000000),
double3(0.244500000000,0.520666666667,0.250000000000),
double3(0.222233333333,0.444433333333,0.000000000000),
double3(0.118566666667,0.497200000000,0.132950000000),
double3(0.232233333333,0.520966666667,0.190850000000),
double3(0.222233333333,0.444433333333,0.061950000000),
double3(0.065466666667,0.592800000000,0.346350000000),
double3(0.068633333333,0.546500000000,0.417250000000),
double3(0.047266666667,0.520433333333,0.322600000000),
double3(0.276166666667,0.422166666667,0.250000000000),
double3(0.045300000000,0.548100000000,0.367050000000),
double3(0.288733333333,0.434433333333,0.309150000000),
double3(0.222200000000,0.444433333333,0.438050000000),
double3(0.194000000000,0.601200000000,0.153650000000),
double3(0.144533333333,0.598033333333,0.082750000000),
double3(0.139833333333,0.619400000000,0.177400000000),
double3(0.146000000000,0.390500000000,0.250000000000),
double3(0.169466666667,0.621366666667,0.132950000000),
double3(0.145700000000,0.377933333333,0.190850000000),
double3(0.073866666667,0.472666666667,0.346350000000),
double3(0.120166666667,0.522133333333,0.417250000000),
double3(0.146233333333,0.526833333333,0.322600000000),
double3(0.118566666667,0.497200000000,0.367050000000),
double3(0.232233333333,0.520966666667,0.309150000000),
double3(0.065466666667,0.592800000000,0.153650000000),
double3(0.068633333333,0.546500000000,0.082750000000),
double3(0.047266666667,0.520433333333,0.177400000000),
double3(0.045300000000,0.548100000000,0.132950000000),
double3(0.288733333333,0.434433333333,0.190850000000),
double3(0.194000000000,0.601200000000,0.346350000000),
double3(0.144533333333,0.598033333333,0.417250000000),
double3(0.139833333333,0.619400000000,0.322600000000),
double3(0.169466666667,0.621366666667,0.367050000000),
double3(0.145700000000,0.377933333333,0.309150000000),
double3(0.139333333333,0.407200000000,0.653650000000),
double3(0.133866666667,0.467200000000,0.618200000000),
double3(0.188800000000,0.453500000000,0.582750000000),
double3(0.193500000000,0.479566666667,0.677400000000),
double3(0.222866666667,0.556200000000,0.682350000000),
double3(0.187333333333,0.577833333333,0.750000000000),
double3(0.111100000000,0.555566666667,0.500000000000),
double3(0.163866666667,0.451900000000,0.632950000000),
double3(0.187633333333,0.565566666667,0.690850000000),
double3(0.111100000000,0.555566666667,0.561950000000),
double3(0.267866666667,0.527333333333,0.846350000000),
double3(0.000000000000,0.532800000000,0.881800000000),
double3(0.264700000000,0.477866666667,0.917250000000),
double3(0.286066666667,0.473166666667,0.822600000000),
double3(0.000000000000,0.443800000000,0.817650000000),
double3(0.057166666667,0.479333333333,0.750000000000),
double3(0.288033333333,0.502800000000,0.867050000000),
double3(0.044600000000,0.479033333333,0.809150000000),
double3(0.111133333333,0.555566666667,0.938050000000),
double3(0.259466666667,0.398800000000,0.653650000000),
double3(0.199466666667,0.333333333333,0.618200000000),
double3(0.213166666667,0.401966666667,0.582750000000),
double3(0.187100000000,0.380600000000,0.677400000000),
double3(0.110466666667,0.333333333333,0.682350000000),
double3(0.088833333333,0.609500000000,0.750000000000),
double3(0.214766666667,0.378633333333,0.632950000000),
double3(0.101100000000,0.622066666667,0.690850000000),
double3(0.139333333333,0.407200000000,0.846350000000),
double3(0.133866666667,0.467200000000,0.881800000000),
double3(0.188800000000,0.453500000000,0.917250000000),
double3(0.193500000000,0.479566666667,0.822600000000),
double3(0.222866666667,0.556200000000,0.817650000000),
double3(0.163866666667,0.451900000000,0.867050000000),
double3(0.187633333333,0.565566666667,0.809150000000),
double3(0.267866666667,0.527333333333,0.653650000000),
double3(0.000000000000,0.532800000000,0.618200000000),
double3(0.264700000000,0.477866666667,0.582750000000),
double3(0.286066666667,0.473166666667,0.677400000000),
double3(0.000000000000,0.443800000000,0.682350000000),
double3(0.288033333333,0.502800000000,0.632950000000),
double3(0.044600000000,0.479033333333,0.690850000000),
double3(0.259466666667,0.398800000000,0.846350000000),
double3(0.199466666667,0.333333333333,0.881800000000),
double3(0.213166666667,0.401966666667,0.917250000000),
double3(0.187100000000,0.380600000000,0.822600000000),
double3(0.110466666667,0.333333333333,0.817650000000),
double3(0.214766666667,0.378633333333,0.867050000000),
double3(0.101100000000,0.622066666667,0.809150000000),
double3(0.073866666667,0.472666666667,0.653650000000),
double3(0.120166666667,0.522133333333,0.582750000000),
double3(0.146233333333,0.526833333333,0.677400000000),
double3(0.244500000000,0.520666666667,0.750000000000),
double3(0.222233333333,0.444433333333,0.500000000000),
double3(0.118566666667,0.497200000000,0.632950000000),
double3(0.232233333333,0.520966666667,0.690850000000),
double3(0.222233333333,0.444433333333,0.561950000000),
double3(0.065466666667,0.592800000000,0.846350000000),
double3(0.068633333333,0.546500000000,0.917250000000),
double3(0.047266666667,0.520433333333,0.822600000000),
double3(0.276166666667,0.422166666667,0.750000000000),
double3(0.045300000000,0.548100000000,0.867050000000),
double3(0.288733333333,0.434433333333,0.809150000000),
double3(0.222200000000,0.444433333333,0.938050000000),
double3(0.194000000000,0.601200000000,0.653650000000),
double3(0.144533333333,0.598033333333,0.582750000000),
double3(0.139833333333,0.619400000000,0.677400000000),
double3(0.146000000000,0.390500000000,0.750000000000),
double3(0.169466666667,0.621366666667,0.632950000000),
double3(0.145700000000,0.377933333333,0.690850000000),
double3(0.073866666667,0.472666666667,0.846350000000),
double3(0.120166666667,0.522133333333,0.917250000000),
double3(0.146233333333,0.526833333333,0.822600000000),
double3(0.118566666667,0.497200000000,0.867050000000),
double3(0.232233333333,0.520966666667,0.809150000000),
double3(0.065466666667,0.592800000000,0.653650000000),
double3(0.068633333333,0.546500000000,0.582750000000),
double3(0.047266666667,0.520433333333,0.677400000000),
double3(0.045300000000,0.548100000000,0.632950000000),
double3(0.288733333333,0.434433333333,0.690850000000),
double3(0.194000000000,0.601200000000,0.846350000000),
double3(0.144533333333,0.598033333333,0.917250000000),
double3(0.139833333333,0.619400000000,0.822600000000),
double3(0.169466666667,0.621366666667,0.867050000000),
double3(0.145700000000,0.377933333333,0.809150000000),
double3(0.139333333333,0.740533333333,0.153650000000),
double3(0.133866666667,0.800533333333,0.118200000000),
double3(0.188800000000,0.786833333333,0.082750000000),
double3(0.193500000000,0.812900000000,0.177400000000),
double3(0.222866666667,0.889533333333,0.182350000000),
double3(0.187333333333,0.911166666667,0.250000000000),
double3(0.111100000000,0.888900000000,0.000000000000),
double3(0.163866666667,0.785233333333,0.132950000000),
double3(0.187633333333,0.898900000000,0.190850000000),
double3(0.111100000000,0.888900000000,0.061950000000),
double3(0.267866666667,0.860666666667,0.346350000000),
double3(0.000000000000,0.866133333333,0.381800000000),
double3(0.264700000000,0.811200000000,0.417250000000),
double3(0.286066666667,0.806500000000,0.322600000000),
double3(0.000000000000,0.777133333333,0.317650000000),
double3(0.057166666667,0.812666666667,0.250000000000),
double3(0.288033333333,0.836133333333,0.367050000000),
double3(0.044600000000,0.812366666667,0.309150000000),
double3(0.111133333333,0.888900000000,0.438050000000),
double3(0.259466666667,0.732133333333,0.153650000000),
double3(0.199466666667,0.666666666667,0.118200000000),
double3(0.213166666667,0.735300000000,0.082750000000),
double3(0.187100000000,0.713933333333,0.177400000000),
double3(0.110466666667,0.666666666667,0.182350000000),
double3(0.088833333333,0.942833333333,0.250000000000),
double3(0.214766666667,0.711966666667,0.132950000000),
double3(0.101100000000,0.955400000000,0.190850000000),
double3(0.139333333333,0.740533333333,0.346350000000),
double3(0.133866666667,0.800533333333,0.381800000000),
double3(0.188800000000,0.786833333333,0.417250000000),
double3(0.193500000000,0.812900000000,0.322600000000),
double3(0.222866666667,0.889533333333,0.317650000000),
double3(0.163866666667,0.785233333333,0.367050000000),
double3(0.187633333333,0.898900000000,0.309150000000),
double3(0.267866666667,0.860666666667,0.153650000000),
double3(0.000000000000,0.866133333333,0.118200000000),
double3(0.264700000000,0.811200000000,0.082750000000),
double3(0.286066666667,0.806500000000,0.177400000000),
double3(0.000000000000,0.777133333333,0.182350000000),
double3(0.288033333333,0.836133333333,0.132950000000),
double3(0.044600000000,0.812366666667,0.190850000000),
double3(0.259466666667,0.732133333333,0.346350000000),
double3(0.199466666667,0.666666666667,0.381800000000),
double3(0.213166666667,0.735300000000,0.417250000000),
double3(0.187100000000,0.713933333333,0.322600000000),
double3(0.110466666667,0.666666666667,0.317650000000),
double3(0.214766666667,0.711966666667,0.367050000000),
double3(0.101100000000,0.955400000000,0.309150000000),
double3(0.073866666667,0.806000000000,0.153650000000),
double3(0.120166666667,0.855466666667,0.082750000000),
double3(0.146233333333,0.860166666667,0.177400000000),
double3(0.244500000000,0.854000000000,0.250000000000),
double3(0.222233333333,0.777766666667,0.000000000000),
double3(0.118566666667,0.830533333333,0.132950000000),
double3(0.232233333333,0.854300000000,0.190850000000),
double3(0.222233333333,0.777766666667,0.061950000000),
double3(0.065466666667,0.926133333333,0.346350000000),
double3(0.068633333333,0.879833333333,0.417250000000),
double3(0.047266666667,0.853766666667,0.322600000000),
double3(0.276166666667,0.755500000000,0.250000000000),
double3(0.045300000000,0.881433333333,0.367050000000),
double3(0.288733333333,0.767766666667,0.309150000000),
double3(0.222200000000,0.777766666667,0.438050000000),
double3(0.194000000000,0.934533333333,0.153650000000),
double3(0.144533333333,0.931366666667,0.082750000000),
double3(0.139833333333,0.952733333333,0.177400000000),
double3(0.146000000000,0.723833333333,0.250000000000),
double3(0.169466666667,0.954700000000,0.132950000000),
double3(0.145700000000,0.711266666667,0.190850000000),
double3(0.073866666667,0.806000000000,0.346350000000),
double3(0.120166666667,0.855466666667,0.417250000000),
double3(0.146233333333,0.860166666667,0.322600000000),
double3(0.118566666667,0.830533333333,0.367050000000),
double3(0.232233333333,0.854300000000,0.309150000000),
double3(0.065466666667,0.926133333333,0.153650000000),
double3(0.068633333333,0.879833333333,0.082750000000),
double3(0.047266666667,0.853766666667,0.177400000000),
double3(0.045300000000,0.881433333333,0.132950000000),
double3(0.288733333333,0.767766666667,0.190850000000),
double3(0.194000000000,0.934533333333,0.346350000000),
double3(0.144533333333,0.931366666667,0.417250000000),
double3(0.139833333333,0.952733333333,0.322600000000),
double3(0.169466666667,0.954700000000,0.367050000000),
double3(0.145700000000,0.711266666667,0.309150000000),
double3(0.139333333333,0.740533333333,0.653650000000),
double3(0.133866666667,0.800533333333,0.618200000000),
double3(0.188800000000,0.786833333333,0.582750000000),
double3(0.193500000000,0.812900000000,0.677400000000),
double3(0.222866666667,0.889533333333,0.682350000000),
double3(0.187333333333,0.911166666667,0.750000000000),
double3(0.111100000000,0.888900000000,0.500000000000),
double3(0.163866666667,0.785233333333,0.632950000000),
double3(0.187633333333,0.898900000000,0.690850000000),
double3(0.111100000000,0.888900000000,0.561950000000),
double3(0.267866666667,0.860666666667,0.846350000000),
double3(0.000000000000,0.866133333333,0.881800000000),
double3(0.264700000000,0.811200000000,0.917250000000),
double3(0.286066666667,0.806500000000,0.822600000000),
double3(0.000000000000,0.777133333333,0.817650000000),
double3(0.057166666667,0.812666666667,0.750000000000),
double3(0.288033333333,0.836133333333,0.867050000000),
double3(0.044600000000,0.812366666667,0.809150000000),
double3(0.111133333333,0.888900000000,0.938050000000),
double3(0.259466666667,0.732133333333,0.653650000000),
double3(0.199466666667,0.666666666667,0.618200000000),
double3(0.213166666667,0.735300000000,0.582750000000),
double3(0.187100000000,0.713933333333,0.677400000000),
double3(0.110466666667,0.666666666667,0.682350000000),
double3(0.088833333333,0.942833333333,0.750000000000),
double3(0.214766666667,0.711966666667,0.632950000000),
double3(0.101100000000,0.955400000000,0.690850000000),
double3(0.139333333333,0.740533333333,0.846350000000),
double3(0.133866666667,0.800533333333,0.881800000000),
double3(0.188800000000,0.786833333333,0.917250000000),
double3(0.193500000000,0.812900000000,0.822600000000),
double3(0.222866666667,0.889533333333,0.817650000000),
double3(0.163866666667,0.785233333333,0.867050000000),
double3(0.187633333333,0.898900000000,0.809150000000),
double3(0.267866666667,0.860666666667,0.653650000000),
double3(0.000000000000,0.866133333333,0.618200000000),
double3(0.264700000000,0.811200000000,0.582750000000),
double3(0.286066666667,0.806500000000,0.677400000000),
double3(0.000000000000,0.777133333333,0.682350000000),
double3(0.288033333333,0.836133333333,0.632950000000),
double3(0.044600000000,0.812366666667,0.690850000000),
double3(0.259466666667,0.732133333333,0.846350000000),
double3(0.199466666667,0.666666666667,0.881800000000),
double3(0.213166666667,0.735300000000,0.917250000000),
double3(0.187100000000,0.713933333333,0.822600000000),
double3(0.110466666667,0.666666666667,0.817650000000),
double3(0.214766666667,0.711966666667,0.867050000000),
double3(0.101100000000,0.955400000000,0.809150000000),
double3(0.073866666667,0.806000000000,0.653650000000),
double3(0.120166666667,0.855466666667,0.582750000000),
double3(0.146233333333,0.860166666667,0.677400000000),
double3(0.244500000000,0.854000000000,0.750000000000),
double3(0.222233333333,0.777766666667,0.500000000000),
double3(0.118566666667,0.830533333333,0.632950000000),
double3(0.232233333333,0.854300000000,0.690850000000),
double3(0.222233333333,0.777766666667,0.561950000000),
double3(0.065466666667,0.926133333333,0.846350000000),
double3(0.068633333333,0.879833333333,0.917250000000),
double3(0.047266666667,0.853766666667,0.822600000000),
double3(0.276166666667,0.755500000000,0.750000000000),
double3(0.045300000000,0.881433333333,0.867050000000),
double3(0.288733333333,0.767766666667,0.809150000000),
double3(0.222200000000,0.777766666667,0.938050000000),
double3(0.194000000000,0.934533333333,0.653650000000),
double3(0.144533333333,0.931366666667,0.582750000000),
double3(0.139833333333,0.952733333333,0.677400000000),
double3(0.146000000000,0.723833333333,0.750000000000),
double3(0.169466666667,0.954700000000,0.632950000000),
double3(0.145700000000,0.711266666667,0.690850000000),
double3(0.073866666667,0.806000000000,0.846350000000),
double3(0.120166666667,0.855466666667,0.917250000000),
double3(0.146233333333,0.860166666667,0.822600000000),
double3(0.118566666667,0.830533333333,0.867050000000),
double3(0.232233333333,0.854300000000,0.809150000000),
double3(0.065466666667,0.926133333333,0.653650000000),
double3(0.068633333333,0.879833333333,0.582750000000),
double3(0.047266666667,0.853766666667,0.677400000000),
double3(0.045300000000,0.881433333333,0.632950000000),
double3(0.288733333333,0.767766666667,0.690850000000),
double3(0.194000000000,0.934533333333,0.846350000000),
double3(0.144533333333,0.931366666667,0.917250000000),
double3(0.139833333333,0.952733333333,0.822600000000),
double3(0.169466666667,0.954700000000,0.867050000000),
double3(0.145700000000,0.711266666667,0.809150000000),
double3(0.472666666667,0.073866666667,0.153650000000),
double3(0.467200000000,0.133866666667,0.118200000000),
double3(0.522133333333,0.120166666667,0.082750000000),
double3(0.526833333333,0.146233333333,0.177400000000),
double3(0.556200000000,0.222866666667,0.182350000000),
double3(0.520666666667,0.244500000000,0.250000000000),
double3(0.444433333333,0.222233333333,0.000000000000),
double3(0.497200000000,0.118566666667,0.132950000000),
double3(0.520966666667,0.232233333333,0.190850000000),
double3(0.444433333333,0.222233333333,0.061950000000),
double3(0.601200000000,0.194000000000,0.346350000000),
double3(0.333333333333,0.199466666667,0.381800000000),
double3(0.598033333333,0.144533333333,0.417250000000),
double3(0.619400000000,0.139833333333,0.322600000000),
double3(0.333333333333,0.110466666667,0.317650000000),
double3(0.390500000000,0.146000000000,0.250000000000),
double3(0.621366666667,0.169466666667,0.367050000000),
double3(0.377933333333,0.145700000000,0.309150000000),
double3(0.444466666667,0.222233333333,0.438050000000),
double3(0.592800000000,0.065466666667,0.153650000000),
double3(0.532800000000,0.000000000000,0.118200000000),
double3(0.546500000000,0.068633333333,0.082750000000),
double3(0.520433333333,0.047266666667,0.177400000000),
double3(0.443800000000,0.000000000000,0.182350000000),
double3(0.422166666667,0.276166666667,0.250000000000),
double3(0.548100000000,0.045300000000,0.132950000000),
double3(0.434433333333,0.288733333333,0.190850000000),
double3(0.472666666667,0.073866666667,0.346350000000),
double3(0.467200000000,0.133866666667,0.381800000000),
double3(0.522133333333,0.120166666667,0.417250000000),
double3(0.526833333333,0.146233333333,0.322600000000),
double3(0.556200000000,0.222866666667,0.317650000000),
double3(0.497200000000,0.118566666667,0.367050000000),
double3(0.520966666667,0.232233333333,0.309150000000),
double3(0.601200000000,0.194000000000,0.153650000000),
double3(0.333333333333,0.199466666667,0.118200000000),
double3(0.598033333333,0.144533333333,0.082750000000),
double3(0.619400000000,0.139833333333,0.177400000000),
double3(0.333333333333,0.110466666667,0.182350000000),
double3(0.621366666667,0.169466666667,0.132950000000),
double3(0.377933333333,0.145700000000,0.190850000000),
double3(0.592800000000,0.065466666667,0.346350000000),
double3(0.532800000000,0.000000000000,0.381800000000),
double3(0.546500000000,0.068633333333,0.417250000000),
double3(0.520433333333,0.047266666667,0.322600000000),
double3(0.443800000000,0.000000000000,0.317650000000),
double3(0.548100000000,0.045300000000,0.367050000000),
double3(0.434433333333,0.288733333333,0.309150000000),
double3(0.407200000000,0.139333333333,0.153650000000),
double3(0.453500000000,0.188800000000,0.082750000000),
double3(0.479566666667,0.193500000000,0.177400000000),
double3(0.577833333333,0.187333333333,0.250000000000),
double3(0.555566666667,0.111100000000,0.000000000000),
double3(0.451900000000,0.163866666667,0.132950000000),
double3(0.565566666667,0.187633333333,0.190850000000),
double3(0.555566666667,0.111100000000,0.061950000000),
double3(0.398800000000,0.259466666667,0.346350000000),
double3(0.401966666667,0.213166666667,0.417250000000),
double3(0.380600000000,0.187100000000,0.322600000000),
double3(0.609500000000,0.088833333333,0.250000000000),
double3(0.378633333333,0.214766666667,0.367050000000),
double3(0.622066666667,0.101100000000,0.309150000000),
double3(0.555533333333,0.111100000000,0.438050000000),
double3(0.527333333333,0.267866666667,0.153650000000),
double3(0.477866666667,0.264700000000,0.082750000000),
double3(0.473166666667,0.286066666667,0.177400000000),
double3(0.479333333333,0.057166666667,0.250000000000),
double3(0.502800000000,0.288033333333,0.132950000000),
double3(0.479033333333,0.044600000000,0.190850000000),
double3(0.407200000000,0.139333333333,0.346350000000),
double3(0.453500000000,0.188800000000,0.417250000000),
double3(0.479566666667,0.193500000000,0.322600000000),
double3(0.451900000000,0.163866666667,0.367050000000),
double3(0.565566666667,0.187633333333,0.309150000000),
double3(0.398800000000,0.259466666667,0.153650000000),
double3(0.401966666667,0.213166666667,0.082750000000),
double3(0.380600000000,0.187100000000,0.177400000000),
double3(0.378633333333,0.214766666667,0.132950000000),
double3(0.622066666667,0.101100000000,0.190850000000),
double3(0.527333333333,0.267866666667,0.346350000000),
double3(0.477866666667,0.264700000000,0.417250000000),
double3(0.473166666667,0.286066666667,0.322600000000),
double3(0.502800000000,0.288033333333,0.367050000000),
double3(0.479033333333,0.044600000000,0.309150000000),
double3(0.472666666667,0.073866666667,0.653650000000),
double3(0.467200000000,0.133866666667,0.618200000000),
double3(0.522133333333,0.120166666667,0.582750000000),
double3(0.526833333333,0.146233333333,0.677400000000),
double3(0.556200000000,0.222866666667,0.682350000000),
double3(0.520666666667,0.244500000000,0.750000000000),
double3(0.444433333333,0.222233333333,0.500000000000),
double3(0.497200000000,0.118566666667,0.632950000000),
double3(0.520966666667,0.232233333333,0.690850000000),
double3(0.444433333333,0.222233333333,0.561950000000),
double3(0.601200000000,0.194000000000,0.846350000000),
double3(0.333333333333,0.199466666667,0.881800000000),
double3(0.598033333333,0.144533333333,0.917250000000),
double3(0.619400000000,0.139833333333,0.822600000000),
double3(0.333333333333,0.110466666667,0.817650000000),
double3(0.390500000000,0.146000000000,0.750000000000),
double3(0.621366666667,0.169466666667,0.867050000000),
double3(0.377933333333,0.145700000000,0.809150000000),
double3(0.444466666667,0.222233333333,0.938050000000),
double3(0.592800000000,0.065466666667,0.653650000000),
double3(0.532800000000,0.000000000000,0.618200000000),
double3(0.546500000000,0.068633333333,0.582750000000),
double3(0.520433333333,0.047266666667,0.677400000000),
double3(0.443800000000,0.000000000000,0.682350000000),
double3(0.422166666667,0.276166666667,0.750000000000),
double3(0.548100000000,0.045300000000,0.632950000000),
double3(0.434433333333,0.288733333333,0.690850000000),
double3(0.472666666667,0.073866666667,0.846350000000),
double3(0.467200000000,0.133866666667,0.881800000000),
double3(0.522133333333,0.120166666667,0.917250000000),
double3(0.526833333333,0.146233333333,0.822600000000),
double3(0.556200000000,0.222866666667,0.817650000000),
double3(0.497200000000,0.118566666667,0.867050000000),
double3(0.520966666667,0.232233333333,0.809150000000),
double3(0.601200000000,0.194000000000,0.653650000000),
double3(0.333333333333,0.199466666667,0.618200000000),
double3(0.598033333333,0.144533333333,0.582750000000),
double3(0.619400000000,0.139833333333,0.677400000000),
double3(0.333333333333,0.110466666667,0.682350000000),
double3(0.621366666667,0.169466666667,0.632950000000),
double3(0.377933333333,0.145700000000,0.690850000000),
double3(0.592800000000,0.065466666667,0.846350000000),
double3(0.532800000000,0.000000000000,0.881800000000),
double3(0.546500000000,0.068633333333,0.917250000000),
double3(0.520433333333,0.047266666667,0.822600000000),
double3(0.443800000000,0.000000000000,0.817650000000),
double3(0.548100000000,0.045300000000,0.867050000000),
double3(0.434433333333,0.288733333333,0.809150000000),
double3(0.407200000000,0.139333333333,0.653650000000),
double3(0.453500000000,0.188800000000,0.582750000000),
double3(0.479566666667,0.193500000000,0.677400000000),
double3(0.577833333333,0.187333333333,0.750000000000),
double3(0.555566666667,0.111100000000,0.500000000000),
double3(0.451900000000,0.163866666667,0.632950000000),
double3(0.565566666667,0.187633333333,0.690850000000),
double3(0.555566666667,0.111100000000,0.561950000000),
double3(0.398800000000,0.259466666667,0.846350000000),
double3(0.401966666667,0.213166666667,0.917250000000),
double3(0.380600000000,0.187100000000,0.822600000000),
double3(0.609500000000,0.088833333333,0.750000000000),
double3(0.378633333333,0.214766666667,0.867050000000),
double3(0.622066666667,0.101100000000,0.809150000000),
double3(0.555533333333,0.111100000000,0.938050000000),
double3(0.527333333333,0.267866666667,0.653650000000),
double3(0.477866666667,0.264700000000,0.582750000000),
double3(0.473166666667,0.286066666667,0.677400000000),
double3(0.479333333333,0.057166666667,0.750000000000),
double3(0.502800000000,0.288033333333,0.632950000000),
double3(0.479033333333,0.044600000000,0.690850000000),
double3(0.407200000000,0.139333333333,0.846350000000),
double3(0.453500000000,0.188800000000,0.917250000000),
double3(0.479566666667,0.193500000000,0.822600000000),
double3(0.451900000000,0.163866666667,0.867050000000),
double3(0.565566666667,0.187633333333,0.809150000000),
double3(0.398800000000,0.259466666667,0.653650000000),
double3(0.401966666667,0.213166666667,0.582750000000),
double3(0.380600000000,0.187100000000,0.677400000000),
double3(0.378633333333,0.214766666667,0.632950000000),
double3(0.622066666667,0.101100000000,0.690850000000),
double3(0.527333333333,0.267866666667,0.846350000000),
double3(0.477866666667,0.264700000000,0.917250000000),
double3(0.473166666667,0.286066666667,0.822600000000),
double3(0.502800000000,0.288033333333,0.867050000000),
double3(0.479033333333,0.044600000000,0.809150000000),
double3(0.472666666667,0.407200000000,0.153650000000),
double3(0.467200000000,0.467200000000,0.118200000000),
double3(0.522133333333,0.453500000000,0.082750000000),
double3(0.526833333333,0.479566666667,0.177400000000),
double3(0.556200000000,0.556200000000,0.182350000000),
double3(0.520666666667,0.577833333333,0.250000000000),
double3(0.444433333333,0.555566666667,0.000000000000),
double3(0.497200000000,0.451900000000,0.132950000000),
double3(0.520966666667,0.565566666667,0.190850000000),
double3(0.444433333333,0.555566666667,0.061950000000),
double3(0.601200000000,0.527333333333,0.346350000000),
double3(0.333333333333,0.532800000000,0.381800000000),
double3(0.598033333333,0.477866666667,0.417250000000),
double3(0.619400000000,0.473166666667,0.322600000000),
double3(0.333333333333,0.443800000000,0.317650000000),
double3(0.390500000000,0.479333333333,0.250000000000),
double3(0.621366666667,0.502800000000,0.367050000000),
double3(0.377933333333,0.479033333333,0.309150000000),
double3(0.444466666667,0.555566666667,0.438050000000),
double3(0.592800000000,0.398800000000,0.153650000000),
double3(0.532800000000,0.333333333333,0.118200000000),
double3(0.546500000000,0.401966666667,0.082750000000),
double3(0.520433333333,0.380600000000,0.177400000000),
double3(0.443800000000,0.333333333333,0.182350000000),
double3(0.422166666667,0.609500000000,0.250000000000),
double3(0.548100000000,0.378633333333,0.132950000000),
double3(0.434433333333,0.622066666667,0.190850000000),
double3(0.472666666667,0.407200000000,0.346350000000),
double3(0.467200000000,0.467200000000,0.381800000000),
double3(0.522133333333,0.453500000000,0.417250000000),
double3(0.526833333333,0.479566666667,0.322600000000),
double3(0.556200000000,0.556200000000,0.317650000000),
double3(0.497200000000,0.451900000000,0.367050000000),
double3(0.520966666667,0.565566666667,0.309150000000),
double3(0.601200000000,0.527333333333,0.153650000000),
double3(0.333333333333,0.532800000000,0.118200000000),
double3(0.598033333333,0.477866666667,0.082750000000),
double3(0.619400000000,0.473166666667,0.177400000000),
double3(0.333333333333,0.443800000000,0.182350000000),
double3(0.621366666667,0.502800000000,0.132950000000),
double3(0.377933333333,0.479033333333,0.190850000000),
double3(0.592800000000,0.398800000000,0.346350000000),
double3(0.532800000000,0.333333333333,0.381800000000),
double3(0.546500000000,0.401966666667,0.417250000000),
double3(0.520433333333,0.380600000000,0.322600000000),
double3(0.443800000000,0.333333333333,0.317650000000),
double3(0.548100000000,0.378633333333,0.367050000000),
double3(0.434433333333,0.622066666667,0.309150000000),
double3(0.407200000000,0.472666666667,0.153650000000),
double3(0.453500000000,0.522133333333,0.082750000000),
double3(0.479566666667,0.526833333333,0.177400000000),
double3(0.577833333333,0.520666666667,0.250000000000),
double3(0.555566666667,0.444433333333,0.000000000000),
double3(0.451900000000,0.497200000000,0.132950000000),
double3(0.565566666667,0.520966666667,0.190850000000),
double3(0.555566666667,0.444433333333,0.061950000000),
double3(0.398800000000,0.592800000000,0.346350000000),
double3(0.401966666667,0.546500000000,0.417250000000),
double3(0.380600000000,0.520433333333,0.322600000000),
double3(0.609500000000,0.422166666667,0.250000000000),
double3(0.378633333333,0.548100000000,0.367050000000),
double3(0.622066666667,0.434433333333,0.309150000000),
double3(0.555533333333,0.444433333333,0.438050000000),
double3(0.527333333333,0.601200000000,0.153650000000),
double3(0.477866666667,0.598033333333,0.082750000000),
double3(0.473166666667,0.619400000000,0.177400000000),
double3(0.479333333333,0.390500000000,0.250000000000),
double3(0.502800000000,0.621366666667,0.132950000000),
double3(0.479033333333,0.377933333333,0.190850000000),
double3(0.407200000000,0.472666666667,0.346350000000),
double3(0.453500000000,0.522133333333,0.417250000000),
double3(0.479566666667,0.526833333333,0.322600000000),
double3(0.451900000000,0.497200000000,0.367050000000),
double3(0.565566666667,0.520966666667,0.309150000000),
double3(0.398800000000,0.592800000000,0.153650000000),
double3(0.401966666667,0.546500000000,0.082750000000),
double3(0.380600000000,0.520433333333,0.177400000000),
double3(0.378633333333,0.548100000000,0.132950000000),
double3(0.622066666667,0.434433333333,0.190850000000),
double3(0.527333333333,0.601200000000,0.346350000000),
double3(0.477866666667,0.598033333333,0.417250000000),
double3(0.473166666667,0.619400000000,0.322600000000),
double3(0.502800000000,0.621366666667,0.367050000000),
double3(0.479033333333,0.377933333333,0.309150000000),
double3(0.472666666667,0.407200000000,0.653650000000),
double3(0.467200000000,0.467200000000,0.618200000000),
double3(0.522133333333,0.453500000000,0.582750000000),
double3(0.526833333333,0.479566666667,0.677400000000),
double3(0.556200000000,0.556200000000,0.682350000000),
double3(0.520666666667,0.577833333333,0.750000000000),
double3(0.444433333333,0.555566666667,0.500000000000),
double3(0.497200000000,0.451900000000,0.632950000000),
double3(0.520966666667,0.565566666667,0.690850000000),
double3(0.444433333333,0.555566666667,0.561950000000),
double3(0.601200000000,0.527333333333,0.846350000000),
double3(0.333333333333,0.532800000000,0.881800000000),
double3(0.598033333333,0.477866666667,0.917250000000),
double3(0.619400000000,0.473166666667,0.822600000000),
double3(0.333333333333,0.443800000000,0.817650000000),
double3(0.390500000000,0.479333333333,0.750000000000),
double3(0.621366666667,0.502800000000,0.867050000000),
double3(0.377933333333,0.479033333333,0.809150000000),
double3(0.444466666667,0.555566666667,0.938050000000),
double3(0.592800000000,0.398800000000,0.653650000000),
double3(0.532800000000,0.333333333333,0.618200000000),
double3(0.546500000000,0.401966666667,0.582750000000),
double3(0.520433333333,0.380600000000,0.677400000000),
double3(0.443800000000,0.333333333333,0.682350000000),
double3(0.422166666667,0.609500000000,0.750000000000),
double3(0.548100000000,0.378633333333,0.632950000000),
double3(0.434433333333,0.622066666667,0.690850000000),
double3(0.472666666667,0.407200000000,0.846350000000),
double3(0.467200000000,0.467200000000,0.881800000000),
double3(0.522133333333,0.453500000000,0.917250000000),
double3(0.526833333333,0.479566666667,0.822600000000),
double3(0.556200000000,0.556200000000,0.817650000000),
double3(0.497200000000,0.451900000000,0.867050000000),
double3(0.520966666667,0.565566666667,0.809150000000),
double3(0.601200000000,0.527333333333,0.653650000000),
double3(0.333333333333,0.532800000000,0.618200000000),
double3(0.598033333333,0.477866666667,0.582750000000),
double3(0.619400000000,0.473166666667,0.677400000000),
double3(0.333333333333,0.443800000000,0.682350000000),
double3(0.621366666667,0.502800000000,0.632950000000),
double3(0.377933333333,0.479033333333,0.690850000000),
double3(0.592800000000,0.398800000000,0.846350000000),
double3(0.532800000000,0.333333333333,0.881800000000),
double3(0.546500000000,0.401966666667,0.917250000000),
double3(0.520433333333,0.380600000000,0.822600000000),
double3(0.443800000000,0.333333333333,0.817650000000),
double3(0.548100000000,0.378633333333,0.867050000000),
double3(0.434433333333,0.622066666667,0.809150000000),
double3(0.407200000000,0.472666666667,0.653650000000),
double3(0.453500000000,0.522133333333,0.582750000000),
double3(0.479566666667,0.526833333333,0.677400000000),
double3(0.577833333333,0.520666666667,0.750000000000),
double3(0.555566666667,0.444433333333,0.500000000000),
double3(0.451900000000,0.497200000000,0.632950000000),
double3(0.565566666667,0.520966666667,0.690850000000),
double3(0.555566666667,0.444433333333,0.561950000000),
double3(0.398800000000,0.592800000000,0.846350000000),
double3(0.401966666667,0.546500000000,0.917250000000),
double3(0.380600000000,0.520433333333,0.822600000000),
double3(0.609500000000,0.422166666667,0.750000000000),
double3(0.378633333333,0.548100000000,0.867050000000),
double3(0.622066666667,0.434433333333,0.809150000000),
double3(0.555533333333,0.444433333333,0.938050000000),
double3(0.527333333333,0.601200000000,0.653650000000),
double3(0.477866666667,0.598033333333,0.582750000000),
double3(0.473166666667,0.619400000000,0.677400000000),
double3(0.479333333333,0.390500000000,0.750000000000),
double3(0.502800000000,0.621366666667,0.632950000000),
double3(0.479033333333,0.377933333333,0.690850000000),
double3(0.407200000000,0.472666666667,0.846350000000),
double3(0.453500000000,0.522133333333,0.917250000000),
double3(0.479566666667,0.526833333333,0.822600000000),
double3(0.451900000000,0.497200000000,0.867050000000),
double3(0.565566666667,0.520966666667,0.809150000000),
double3(0.398800000000,0.592800000000,0.653650000000),
double3(0.401966666667,0.546500000000,0.582750000000),
double3(0.380600000000,0.520433333333,0.677400000000),
double3(0.378633333333,0.548100000000,0.632950000000),
double3(0.622066666667,0.434433333333,0.690850000000),
double3(0.527333333333,0.601200000000,0.846350000000),
double3(0.477866666667,0.598033333333,0.917250000000),
double3(0.473166666667,0.619400000000,0.822600000000),
double3(0.502800000000,0.621366666667,0.867050000000),
double3(0.479033333333,0.377933333333,0.809150000000),
double3(0.472666666667,0.740533333333,0.153650000000),
double3(0.467200000000,0.800533333333,0.118200000000),
double3(0.522133333333,0.786833333333,0.082750000000),
double3(0.526833333333,0.812900000000,0.177400000000),
double3(0.556200000000,0.889533333333,0.182350000000),
double3(0.520666666667,0.911166666667,0.250000000000),
double3(0.444433333333,0.888900000000,0.000000000000),
double3(0.497200000000,0.785233333333,0.132950000000),
double3(0.520966666667,0.898900000000,0.190850000000),
double3(0.444433333333,0.888900000000,0.061950000000),
double3(0.601200000000,0.860666666667,0.346350000000),
double3(0.333333333333,0.866133333333,0.381800000000),
double3(0.598033333333,0.811200000000,0.417250000000),
double3(0.619400000000,0.806500000000,0.322600000000),
double3(0.333333333333,0.777133333333,0.317650000000),
double3(0.390500000000,0.812666666667,0.250000000000),
double3(0.621366666667,0.836133333333,0.367050000000),
double3(0.377933333333,0.812366666667,0.309150000000),
double3(0.444466666667,0.888900000000,0.438050000000),
double3(0.592800000000,0.732133333333,0.153650000000),
double3(0.532800000000,0.666666666667,0.118200000000),
double3(0.546500000000,0.735300000000,0.082750000000),
double3(0.520433333333,0.713933333333,0.177400000000),
double3(0.443800000000,0.666666666667,0.182350000000),
double3(0.422166666667,0.942833333333,0.250000000000),
double3(0.548100000000,0.711966666667,0.132950000000),
double3(0.434433333333,0.955400000000,0.190850000000),
double3(0.472666666667,0.740533333333,0.346350000000),
double3(0.467200000000,0.800533333333,0.381800000000),
double3(0.522133333333,0.786833333333,0.417250000000),
double3(0.526833333333,0.812900000000,0.322600000000),
double3(0.556200000000,0.889533333333,0.317650000000),
double3(0.497200000000,0.785233333333,0.367050000000),
double3(0.520966666667,0.898900000000,0.309150000000),
double3(0.601200000000,0.860666666667,0.153650000000),
double3(0.333333333333,0.866133333333,0.118200000000),
double3(0.598033333333,0.811200000000,0.082750000000),
double3(0.619400000000,0.806500000000,0.177400000000),
double3(0.333333333333,0.777133333333,0.182350000000),
double3(0.621366666667,0.836133333333,0.132950000000),
double3(0.377933333333,0.812366666667,0.190850000000),
double3(0.592800000000,0.732133333333,0.346350000000),
double3(0.532800000000,0.666666666667,0.381800000000),
double3(0.546500000000,0.735300000000,0.417250000000),
double3(0.520433333333,0.713933333333,0.322600000000),
double3(0.443800000000,0.666666666667,0.317650000000),
double3(0.548100000000,0.711966666667,0.367050000000),
double3(0.434433333333,0.955400000000,0.309150000000),
double3(0.407200000000,0.806000000000,0.153650000000),
double3(0.453500000000,0.855466666667,0.082750000000),
double3(0.479566666667,0.860166666667,0.177400000000),
double3(0.577833333333,0.854000000000,0.250000000000),
double3(0.555566666667,0.777766666667,0.000000000000),
double3(0.451900000000,0.830533333333,0.132950000000),
double3(0.565566666667,0.854300000000,0.190850000000),
double3(0.555566666667,0.777766666667,0.061950000000),
double3(0.398800000000,0.926133333333,0.346350000000),
double3(0.401966666667,0.879833333333,0.417250000000),
double3(0.380600000000,0.853766666667,0.322600000000),
double3(0.609500000000,0.755500000000,0.250000000000),
double3(0.378633333333,0.881433333333,0.367050000000),
double3(0.622066666667,0.767766666667,0.309150000000),
double3(0.555533333333,0.777766666667,0.438050000000),
double3(0.527333333333,0.934533333333,0.153650000000),
double3(0.477866666667,0.931366666667,0.082750000000),
double3(0.473166666667,0.952733333333,0.177400000000),
double3(0.479333333333,0.723833333333,0.250000000000),
double3(0.502800000000,0.954700000000,0.132950000000),
double3(0.479033333333,0.711266666667,0.190850000000),
double3(0.407200000000,0.806000000000,0.346350000000),
double3(0.453500000000,0.855466666667,0.417250000000),
double3(0.479566666667,0.860166666667,0.322600000000),
double3(0.451900000000,0.830533333333,0.367050000000),
double3(0.565566666667,0.854300000000,0.309150000000),
double3(0.398800000000,0.926133333333,0.153650000000),
double3(0.401966666667,0.879833333333,0.082750000000),
double3(0.380600000000,0.853766666667,0.177400000000),
double3(0.378633333333,0.881433333333,0.132950000000),
double3(0.622066666667,0.767766666667,0.190850000000),
double3(0.527333333333,0.934533333333,0.346350000000),
double3(0.477866666667,0.931366666667,0.417250000000),
double3(0.473166666667,0.952733333333,0.322600000000),
double3(0.502800000000,0.954700000000,0.367050000000),
double3(0.479033333333,0.711266666667,0.309150000000),
double3(0.472666666667,0.740533333333,0.653650000000),
double3(0.467200000000,0.800533333333,0.618200000000),
double3(0.522133333333,0.786833333333,0.582750000000),
double3(0.526833333333,0.812900000000,0.677400000000),
double3(0.556200000000,0.889533333333,0.682350000000),
double3(0.520666666667,0.911166666667,0.750000000000),
double3(0.444433333333,0.888900000000,0.500000000000),
double3(0.497200000000,0.785233333333,0.632950000000),
double3(0.520966666667,0.898900000000,0.690850000000),
double3(0.444433333333,0.888900000000,0.561950000000),
double3(0.601200000000,0.860666666667,0.846350000000),
double3(0.333333333333,0.866133333333,0.881800000000),
double3(0.598033333333,0.811200000000,0.917250000000),
double3(0.619400000000,0.806500000000,0.822600000000),
double3(0.333333333333,0.777133333333,0.817650000000),
double3(0.390500000000,0.812666666667,0.750000000000),
double3(0.621366666667,0.836133333333,0.867050000000),
double3(0.377933333333,0.812366666667,0.809150000000),
double3(0.444466666667,0.888900000000,0.938050000000),
double3(0.592800000000,0.732133333333,0.653650000000),
double3(0.532800000000,0.666666666667,0.618200000000),
double3(0.546500000000,0.735300000000,0.582750000000),
double3(0.520433333333,0.713933333333,0.677400000000),
double3(0.443800000000,0.666666666667,0.682350000000),
double3(0.422166666667,0.942833333333,0.750000000000),
double3(0.548100000000,0.711966666667,0.632950000000),
double3(0.434433333333,0.955400000000,0.690850000000),
double3(0.472666666667,0.740533333333,0.846350000000),
double3(0.467200000000,0.800533333333,0.881800000000),
double3(0.522133333333,0.786833333333,0.917250000000),
double3(0.526833333333,0.812900000000,0.822600000000),
double3(0.556200000000,0.889533333333,0.817650000000),
double3(0.497200000000,0.785233333333,0.867050000000),
double3(0.520966666667,0.898900000000,0.809150000000),
double3(0.601200000000,0.860666666667,0.653650000000),
double3(0.333333333333,0.866133333333,0.618200000000),
double3(0.598033333333,0.811200000000,0.582750000000),
double3(0.619400000000,0.806500000000,0.677400000000),
double3(0.333333333333,0.777133333333,0.682350000000),
double3(0.621366666667,0.836133333333,0.632950000000),
double3(0.377933333333,0.812366666667,0.690850000000),
double3(0.592800000000,0.732133333333,0.846350000000),
double3(0.532800000000,0.666666666667,0.881800000000),
double3(0.546500000000,0.735300000000,0.917250000000),
double3(0.520433333333,0.713933333333,0.822600000000),
double3(0.443800000000,0.666666666667,0.817650000000),
double3(0.548100000000,0.711966666667,0.867050000000),
double3(0.434433333333,0.955400000000,0.809150000000),
double3(0.407200000000,0.806000000000,0.653650000000),
double3(0.453500000000,0.855466666667,0.582750000000),
double3(0.479566666667,0.860166666667,0.677400000000),
double3(0.577833333333,0.854000000000,0.750000000000),
double3(0.555566666667,0.777766666667,0.500000000000),
double3(0.451900000000,0.830533333333,0.632950000000),
double3(0.565566666667,0.854300000000,0.690850000000),
double3(0.555566666667,0.777766666667,0.561950000000),
double3(0.398800000000,0.926133333333,0.846350000000),
double3(0.401966666667,0.879833333333,0.917250000000),
double3(0.380600000000,0.853766666667,0.822600000000),
double3(0.609500000000,0.755500000000,0.750000000000),
double3(0.378633333333,0.881433333333,0.867050000000),
double3(0.622066666667,0.767766666667,0.809150000000),
double3(0.555533333333,0.777766666667,0.938050000000),
double3(0.527333333333,0.934533333333,0.653650000000),
double3(0.477866666667,0.931366666667,0.582750000000),
double3(0.473166666667,0.952733333333,0.677400000000),
double3(0.479333333333,0.723833333333,0.750000000000),
double3(0.502800000000,0.954700000000,0.632950000000),
double3(0.479033333333,0.711266666667,0.690850000000),
double3(0.407200000000,0.806000000000,0.846350000000),
double3(0.453500000000,0.855466666667,0.917250000000),
double3(0.479566666667,0.860166666667,0.822600000000),
double3(0.451900000000,0.830533333333,0.867050000000),
double3(0.565566666667,0.854300000000,0.809150000000),
double3(0.398800000000,0.926133333333,0.653650000000),
double3(0.401966666667,0.879833333333,0.582750000000),
double3(0.380600000000,0.853766666667,0.677400000000),
double3(0.378633333333,0.881433333333,0.632950000000),
double3(0.622066666667,0.767766666667,0.690850000000),
double3(0.527333333333,0.934533333333,0.846350000000),
double3(0.477866666667,0.931366666667,0.917250000000),
double3(0.473166666667,0.952733333333,0.822600000000),
double3(0.502800000000,0.954700000000,0.867050000000),
double3(0.479033333333,0.711266666667,0.809150000000),
double3(0.806000000000,0.073866666667,0.153650000000),
double3(0.800533333333,0.133866666667,0.118200000000),
double3(0.855466666667,0.120166666667,0.082750000000),
double3(0.860166666667,0.146233333333,0.177400000000),
double3(0.889533333333,0.222866666667,0.182350000000),
double3(0.854000000000,0.244500000000,0.250000000000),
double3(0.777766666667,0.222233333333,0.000000000000),
double3(0.830533333333,0.118566666667,0.132950000000),
double3(0.854300000000,0.232233333333,0.190850000000),
double3(0.777766666667,0.222233333333,0.061950000000),
double3(0.934533333333,0.194000000000,0.346350000000),
double3(0.666666666667,0.199466666667,0.381800000000),
double3(0.931366666667,0.144533333333,0.417250000000),
double3(0.952733333333,0.139833333333,0.322600000000),
double3(0.666666666667,0.110466666667,0.317650000000),
double3(0.723833333333,0.146000000000,0.250000000000),
double3(0.954700000000,0.169466666667,0.367050000000),
double3(0.711266666667,0.145700000000,0.309150000000),
double3(0.777800000000,0.222233333333,0.438050000000),
double3(0.926133333333,0.065466666667,0.153650000000),
double3(0.866133333333,0.000000000000,0.118200000000),
double3(0.879833333333,0.068633333333,0.082750000000),
double3(0.853766666667,0.047266666667,0.177400000000),
double3(0.777133333333,0.000000000000,0.182350000000),
double3(0.755500000000,0.276166666667,0.250000000000),
double3(0.881433333333,0.045300000000,0.132950000000),
double3(0.767766666667,0.288733333333,0.190850000000),
double3(0.806000000000,0.073866666667,0.346350000000),
double3(0.800533333333,0.133866666667,0.381800000000),
double3(0.855466666667,0.120166666667,0.417250000000),
double3(0.860166666667,0.146233333333,0.322600000000),
double3(0.889533333333,0.222866666667,0.317650000000),
double3(0.830533333333,0.118566666667,0.367050000000),
double3(0.854300000000,0.232233333333,0.309150000000),
double3(0.934533333333,0.194000000000,0.153650000000),
double3(0.666666666667,0.199466666667,0.118200000000),
double3(0.931366666667,0.144533333333,0.082750000000),
double3(0.952733333333,0.139833333333,0.177400000000),
double3(0.666666666667,0.110466666667,0.182350000000),
double3(0.954700000000,0.169466666667,0.132950000000),
double3(0.711266666667,0.145700000000,0.190850000000),
double3(0.926133333333,0.065466666667,0.346350000000),
double3(0.866133333333,0.000000000000,0.381800000000),
double3(0.879833333333,0.068633333333,0.417250000000),
double3(0.853766666667,0.047266666667,0.322600000000),
double3(0.777133333333,0.000000000000,0.317650000000),
double3(0.881433333333,0.045300000000,0.367050000000),
double3(0.767766666667,0.288733333333,0.309150000000),
double3(0.740533333333,0.139333333333,0.153650000000),
double3(0.786833333333,0.188800000000,0.082750000000),
double3(0.812900000000,0.193500000000,0.177400000000),
double3(0.911166666667,0.187333333333,0.250000000000),
double3(0.888900000000,0.111100000000,0.000000000000),
double3(0.785233333333,0.163866666667,0.132950000000),
double3(0.898900000000,0.187633333333,0.190850000000),
double3(0.888900000000,0.111100000000,0.061950000000),
double3(0.732133333333,0.259466666667,0.346350000000),
double3(0.735300000000,0.213166666667,0.417250000000),
double3(0.713933333333,0.187100000000,0.322600000000),
double3(0.942833333333,0.088833333333,0.250000000000),
double3(0.711966666667,0.214766666667,0.367050000000),
double3(0.955400000000,0.101100000000,0.309150000000),
double3(0.888866666667,0.111100000000,0.438050000000),
double3(0.860666666667,0.267866666667,0.153650000000),
double3(0.811200000000,0.264700000000,0.082750000000),
double3(0.806500000000,0.286066666667,0.177400000000),
double3(0.812666666667,0.057166666667,0.250000000000),
double3(0.836133333333,0.288033333333,0.132950000000),
double3(0.812366666667,0.044600000000,0.190850000000),
double3(0.740533333333,0.139333333333,0.346350000000),
double3(0.786833333333,0.188800000000,0.417250000000),
double3(0.812900000000,0.193500000000,0.322600000000),
double3(0.785233333333,0.163866666667,0.367050000000),
double3(0.898900000000,0.187633333333,0.309150000000),
double3(0.732133333333,0.259466666667,0.153650000000),
double3(0.735300000000,0.213166666667,0.082750000000),
double3(0.713933333333,0.187100000000,0.177400000000),
double3(0.711966666667,0.214766666667,0.132950000000),
double3(0.955400000000,0.101100000000,0.190850000000),
double3(0.860666666667,0.267866666667,0.346350000000),
double3(0.811200000000,0.264700000000,0.417250000000),
double3(0.806500000000,0.286066666667,0.322600000000),
double3(0.836133333333,0.288033333333,0.367050000000),
double3(0.812366666667,0.044600000000,0.309150000000),
double3(0.806000000000,0.073866666667,0.653650000000),
double3(0.800533333333,0.133866666667,0.618200000000),
double3(0.855466666667,0.120166666667,0.582750000000),
double3(0.860166666667,0.146233333333,0.677400000000),
double3(0.889533333333,0.222866666667,0.682350000000),
double3(0.854000000000,0.244500000000,0.750000000000),
double3(0.777766666667,0.222233333333,0.500000000000),
double3(0.830533333333,0.118566666667,0.632950000000),
double3(0.854300000000,0.232233333333,0.690850000000),
double3(0.777766666667,0.222233333333,0.561950000000),
double3(0.934533333333,0.194000000000,0.846350000000),
double3(0.666666666667,0.199466666667,0.881800000000),
double3(0.931366666667,0.144533333333,0.917250000000),
double3(0.952733333333,0.139833333333,0.822600000000),
double3(0.666666666667,0.110466666667,0.817650000000),
double3(0.723833333333,0.146000000000,0.750000000000),
double3(0.954700000000,0.169466666667,0.867050000000),
double3(0.711266666667,0.145700000000,0.809150000000),
double3(0.777800000000,0.222233333333,0.938050000000),
double3(0.926133333333,0.065466666667,0.653650000000),
double3(0.866133333333,0.000000000000,0.618200000000),
double3(0.879833333333,0.068633333333,0.582750000000),
double3(0.853766666667,0.047266666667,0.677400000000),
double3(0.777133333333,0.000000000000,0.682350000000),
double3(0.755500000000,0.276166666667,0.750000000000),
double3(0.881433333333,0.045300000000,0.632950000000),
double3(0.767766666667,0.288733333333,0.690850000000),
double3(0.806000000000,0.073866666667,0.846350000000),
double3(0.800533333333,0.133866666667,0.881800000000),
double3(0.855466666667,0.120166666667,0.917250000000),
double3(0.860166666667,0.146233333333,0.822600000000),
double3(0.889533333333,0.222866666667,0.817650000000),
double3(0.830533333333,0.118566666667,0.867050000000),
double3(0.854300000000,0.232233333333,0.809150000000),
double3(0.934533333333,0.194000000000,0.653650000000),
double3(0.666666666667,0.199466666667,0.618200000000),
double3(0.931366666667,0.144533333333,0.582750000000),
double3(0.952733333333,0.139833333333,0.677400000000),
double3(0.666666666667,0.110466666667,0.682350000000),
double3(0.954700000000,0.169466666667,0.632950000000),
double3(0.711266666667,0.145700000000,0.690850000000),
double3(0.926133333333,0.065466666667,0.846350000000),
double3(0.866133333333,0.000000000000,0.881800000000),
double3(0.879833333333,0.068633333333,0.917250000000),
double3(0.853766666667,0.047266666667,0.822600000000),
double3(0.777133333333,0.000000000000,0.817650000000),
double3(0.881433333333,0.045300000000,0.867050000000),
double3(0.767766666667,0.288733333333,0.809150000000),
double3(0.740533333333,0.139333333333,0.653650000000),
double3(0.786833333333,0.188800000000,0.582750000000),
double3(0.812900000000,0.193500000000,0.677400000000),
double3(0.911166666667,0.187333333333,0.750000000000),
double3(0.888900000000,0.111100000000,0.500000000000),
double3(0.785233333333,0.163866666667,0.632950000000),
double3(0.898900000000,0.187633333333,0.690850000000),
double3(0.888900000000,0.111100000000,0.561950000000),
double3(0.732133333333,0.259466666667,0.846350000000),
double3(0.735300000000,0.213166666667,0.917250000000),
double3(0.713933333333,0.187100000000,0.822600000000),
double3(0.942833333333,0.088833333333,0.750000000000),
double3(0.711966666667,0.214766666667,0.867050000000),
double3(0.955400000000,0.101100000000,0.809150000000),
double3(0.888866666667,0.111100000000,0.938050000000),
double3(0.860666666667,0.267866666667,0.653650000000),
double3(0.811200000000,0.264700000000,0.582750000000),
double3(0.806500000000,0.286066666667,0.677400000000),
double3(0.812666666667,0.057166666667,0.750000000000),
double3(0.836133333333,0.288033333333,0.632950000000),
double3(0.812366666667,0.044600000000,0.690850000000),
double3(0.740533333333,0.139333333333,0.846350000000),
double3(0.786833333333,0.188800000000,0.917250000000),
double3(0.812900000000,0.193500000000,0.822600000000),
double3(0.785233333333,0.163866666667,0.867050000000),
double3(0.898900000000,0.187633333333,0.809150000000),
double3(0.732133333333,0.259466666667,0.653650000000),
double3(0.735300000000,0.213166666667,0.582750000000),
double3(0.713933333333,0.187100000000,0.677400000000),
double3(0.711966666667,0.214766666667,0.632950000000),
double3(0.955400000000,0.101100000000,0.690850000000),
double3(0.860666666667,0.267866666667,0.846350000000),
double3(0.811200000000,0.264700000000,0.917250000000),
double3(0.806500000000,0.286066666667,0.822600000000),
double3(0.836133333333,0.288033333333,0.867050000000),
double3(0.812366666667,0.044600000000,0.809150000000),
double3(0.806000000000,0.407200000000,0.153650000000),
double3(0.800533333333,0.467200000000,0.118200000000),
double3(0.855466666667,0.453500000000,0.082750000000),
double3(0.860166666667,0.479566666667,0.177400000000),
double3(0.889533333333,0.556200000000,0.182350000000),
double3(0.854000000000,0.577833333333,0.250000000000),
double3(0.777766666667,0.555566666667,0.000000000000),
double3(0.830533333333,0.451900000000,0.132950000000),
double3(0.854300000000,0.565566666667,0.190850000000),
double3(0.777766666667,0.555566666667,0.061950000000),
double3(0.934533333333,0.527333333333,0.346350000000),
double3(0.666666666667,0.532800000000,0.381800000000),
double3(0.931366666667,0.477866666667,0.417250000000),
double3(0.952733333333,0.473166666667,0.322600000000),
double3(0.666666666667,0.443800000000,0.317650000000),
double3(0.723833333333,0.479333333333,0.250000000000),
double3(0.954700000000,0.502800000000,0.367050000000),
double3(0.711266666667,0.479033333333,0.309150000000),
double3(0.777800000000,0.555566666667,0.438050000000),
double3(0.926133333333,0.398800000000,0.153650000000),
double3(0.866133333333,0.333333333333,0.118200000000),
double3(0.879833333333,0.401966666667,0.082750000000),
double3(0.853766666667,0.380600000000,0.177400000000),
double3(0.777133333333,0.333333333333,0.182350000000),
double3(0.755500000000,0.609500000000,0.250000000000),
double3(0.881433333333,0.378633333333,0.132950000000),
double3(0.767766666667,0.622066666667,0.190850000000),
double3(0.806000000000,0.407200000000,0.346350000000),
double3(0.800533333333,0.467200000000,0.381800000000),
double3(0.855466666667,0.453500000000,0.417250000000),
double3(0.860166666667,0.479566666667,0.322600000000),
double3(0.889533333333,0.556200000000,0.317650000000),
double3(0.830533333333,0.451900000000,0.367050000000),
double3(0.854300000000,0.565566666667,0.309150000000),
double3(0.934533333333,0.527333333333,0.153650000000),
double3(0.666666666667,0.532800000000,0.118200000000),
double3(0.931366666667,0.477866666667,0.082750000000),
double3(0.952733333333,0.473166666667,0.177400000000),
double3(0.666666666667,0.443800000000,0.182350000000),
double3(0.954700000000,0.502800000000,0.132950000000),
double3(0.711266666667,0.479033333333,0.190850000000),
double3(0.926133333333,0.398800000000,0.346350000000),
double3(0.866133333333,0.333333333333,0.381800000000),
double3(0.879833333333,0.401966666667,0.417250000000),
double3(0.853766666667,0.380600000000,0.322600000000),
double3(0.777133333333,0.333333333333,0.317650000000),
double3(0.881433333333,0.378633333333,0.367050000000),
double3(0.767766666667,0.622066666667,0.309150000000),
double3(0.740533333333,0.472666666667,0.153650000000),
double3(0.786833333333,0.522133333333,0.082750000000),
double3(0.812900000000,0.526833333333,0.177400000000),
double3(0.911166666667,0.520666666667,0.250000000000),
double3(0.888900000000,0.444433333333,0.000000000000),
double3(0.785233333333,0.497200000000,0.132950000000),
double3(0.898900000000,0.520966666667,0.190850000000),
double3(0.888900000000,0.444433333333,0.061950000000),
double3(0.732133333333,0.592800000000,0.346350000000),
double3(0.735300000000,0.546500000000,0.417250000000),
double3(0.713933333333,0.520433333333,0.322600000000),
double3(0.942833333333,0.422166666667,0.250000000000),
double3(0.711966666667,0.548100000000,0.367050000000),
double3(0.955400000000,0.434433333333,0.309150000000),
double3(0.888866666667,0.444433333333,0.438050000000),
double3(0.860666666667,0.601200000000,0.153650000000),
double3(0.811200000000,0.598033333333,0.082750000000),
double3(0.806500000000,0.619400000000,0.177400000000),
double3(0.812666666667,0.390500000000,0.250000000000),
double3(0.836133333333,0.621366666667,0.132950000000),
double3(0.812366666667,0.377933333333,0.190850000000),
double3(0.740533333333,0.472666666667,0.346350000000),
double3(0.786833333333,0.522133333333,0.417250000000),
double3(0.812900000000,0.526833333333,0.322600000000),
double3(0.785233333333,0.497200000000,0.367050000000),
double3(0.898900000000,0.520966666667,0.309150000000),
double3(0.732133333333,0.592800000000,0.153650000000),
double3(0.735300000000,0.546500000000,0.082750000000),
double3(0.713933333333,0.520433333333,0.177400000000),
double3(0.711966666667,0.548100000000,0.132950000000),
double3(0.955400000000,0.434433333333,0.190850000000),
double3(0.860666666667,0.601200000000,0.346350000000),
double3(0.811200000000,0.598033333333,0.417250000000),
double3(0.806500000000,0.619400000000,0.322600000000),
double3(0.836133333333,0.621366666667,0.367050000000),
double3(0.812366666667,0.377933333333,0.309150000000),
double3(0.806000000000,0.407200000000,0.653650000000),
double3(0.800533333333,0.467200000000,0.618200000000),
double3(0.855466666667,0.453500000000,0.582750000000),
double3(0.860166666667,0.479566666667,0.677400000000),
double3(0.889533333333,0.556200000000,0.682350000000),
double3(0.854000000000,0.577833333333,0.750000000000),
double3(0.777766666667,0.555566666667,0.500000000000),
double3(0.830533333333,0.451900000000,0.632950000000),
double3(0.854300000000,0.565566666667,0.690850000000),
double3(0.777766666667,0.555566666667,0.561950000000),
double3(0.934533333333,0.527333333333,0.846350000000),
double3(0.666666666667,0.532800000000,0.881800000000),
double3(0.931366666667,0.477866666667,0.917250000000),
double3(0.952733333333,0.473166666667,0.822600000000),
double3(0.666666666667,0.443800000000,0.817650000000),
double3(0.723833333333,0.479333333333,0.750000000000),
double3(0.954700000000,0.502800000000,0.867050000000),
double3(0.711266666667,0.479033333333,0.809150000000),
double3(0.777800000000,0.555566666667,0.938050000000),
double3(0.926133333333,0.398800000000,0.653650000000),
double3(0.866133333333,0.333333333333,0.618200000000),
double3(0.879833333333,0.401966666667,0.582750000000),
double3(0.853766666667,0.380600000000,0.677400000000),
double3(0.777133333333,0.333333333333,0.682350000000),
double3(0.755500000000,0.609500000000,0.750000000000),
double3(0.881433333333,0.378633333333,0.632950000000),
double3(0.767766666667,0.622066666667,0.690850000000),
double3(0.806000000000,0.407200000000,0.846350000000),
double3(0.800533333333,0.467200000000,0.881800000000),
double3(0.855466666667,0.453500000000,0.917250000000),
double3(0.860166666667,0.479566666667,0.822600000000),
double3(0.889533333333,0.556200000000,0.817650000000),
double3(0.830533333333,0.451900000000,0.867050000000),
double3(0.854300000000,0.565566666667,0.809150000000),
double3(0.934533333333,0.527333333333,0.653650000000),
double3(0.666666666667,0.532800000000,0.618200000000),
double3(0.931366666667,0.477866666667,0.582750000000),
double3(0.952733333333,0.473166666667,0.677400000000),
double3(0.666666666667,0.443800000000,0.682350000000),
double3(0.954700000000,0.502800000000,0.632950000000),
double3(0.711266666667,0.479033333333,0.690850000000),
double3(0.926133333333,0.398800000000,0.846350000000),
double3(0.866133333333,0.333333333333,0.881800000000),
double3(0.879833333333,0.401966666667,0.917250000000),
double3(0.853766666667,0.380600000000,0.822600000000),
double3(0.777133333333,0.333333333333,0.817650000000),
double3(0.881433333333,0.378633333333,0.867050000000),
double3(0.767766666667,0.622066666667,0.809150000000),
double3(0.740533333333,0.472666666667,0.653650000000),
double3(0.786833333333,0.522133333333,0.582750000000),
double3(0.812900000000,0.526833333333,0.677400000000),
double3(0.911166666667,0.520666666667,0.750000000000),
double3(0.888900000000,0.444433333333,0.500000000000),
double3(0.785233333333,0.497200000000,0.632950000000),
double3(0.898900000000,0.520966666667,0.690850000000),
double3(0.888900000000,0.444433333333,0.561950000000),
double3(0.732133333333,0.592800000000,0.846350000000),
double3(0.735300000000,0.546500000000,0.917250000000),
double3(0.713933333333,0.520433333333,0.822600000000),
double3(0.942833333333,0.422166666667,0.750000000000),
double3(0.711966666667,0.548100000000,0.867050000000),
double3(0.955400000000,0.434433333333,0.809150000000),
double3(0.888866666667,0.444433333333,0.938050000000),
double3(0.860666666667,0.601200000000,0.653650000000),
double3(0.811200000000,0.598033333333,0.582750000000),
double3(0.806500000000,0.619400000000,0.677400000000),
double3(0.812666666667,0.390500000000,0.750000000000),
double3(0.836133333333,0.621366666667,0.632950000000),
double3(0.812366666667,0.377933333333,0.690850000000),
double3(0.740533333333,0.472666666667,0.846350000000),
double3(0.786833333333,0.522133333333,0.917250000000),
double3(0.812900000000,0.526833333333,0.822600000000),
double3(0.785233333333,0.497200000000,0.867050000000),
double3(0.898900000000,0.520966666667,0.809150000000),
double3(0.732133333333,0.592800000000,0.653650000000),
double3(0.735300000000,0.546500000000,0.582750000000),
double3(0.713933333333,0.520433333333,0.677400000000),
double3(0.711966666667,0.548100000000,0.632950000000),
double3(0.955400000000,0.434433333333,0.690850000000),
double3(0.860666666667,0.601200000000,0.846350000000),
double3(0.811200000000,0.598033333333,0.917250000000),
double3(0.806500000000,0.619400000000,0.822600000000),
double3(0.836133333333,0.621366666667,0.867050000000),
double3(0.812366666667,0.377933333333,0.809150000000),
double3(0.806000000000,0.740533333333,0.153650000000),
double3(0.800533333333,0.800533333333,0.118200000000),
double3(0.855466666667,0.786833333333,0.082750000000),
double3(0.860166666667,0.812900000000,0.177400000000),
double3(0.889533333333,0.889533333333,0.182350000000),
double3(0.854000000000,0.911166666667,0.250000000000),
double3(0.777766666667,0.888900000000,0.000000000000),
double3(0.830533333333,0.785233333333,0.132950000000),
double3(0.854300000000,0.898900000000,0.190850000000),
double3(0.777766666667,0.888900000000,0.061950000000),
double3(0.934533333333,0.860666666667,0.346350000000),
double3(0.666666666667,0.866133333333,0.381800000000),
double3(0.931366666667,0.811200000000,0.417250000000),
double3(0.952733333333,0.806500000000,0.322600000000),
double3(0.666666666667,0.777133333333,0.317650000000),
double3(0.723833333333,0.812666666667,0.250000000000),
double3(0.954700000000,0.836133333333,0.367050000000),
double3(0.711266666667,0.812366666667,0.309150000000),
double3(0.777800000000,0.888900000000,0.438050000000),
double3(0.926133333333,0.732133333333,0.153650000000),
double3(0.866133333333,0.666666666667,0.118200000000),
double3(0.879833333333,0.735300000000,0.082750000000),
double3(0.853766666667,0.713933333333,0.177400000000),
double3(0.777133333333,0.666666666667,0.182350000000),
double3(0.755500000000,0.942833333333,0.250000000000),
double3(0.881433333333,0.711966666667,0.132950000000),
double3(0.767766666667,0.955400000000,0.190850000000),
double3(0.806000000000,0.740533333333,0.346350000000),
double3(0.800533333333,0.800533333333,0.381800000000),
double3(0.855466666667,0.786833333333,0.417250000000),
double3(0.860166666667,0.812900000000,0.322600000000),
double3(0.889533333333,0.889533333333,0.317650000000),
double3(0.830533333333,0.785233333333,0.367050000000),
double3(0.854300000000,0.898900000000,0.309150000000),
double3(0.934533333333,0.860666666667,0.153650000000),
double3(0.666666666667,0.866133333333,0.118200000000),
double3(0.931366666667,0.811200000000,0.082750000000),
double3(0.952733333333,0.806500000000,0.177400000000),
double3(0.666666666667,0.777133333333,0.182350000000),
double3(0.954700000000,0.836133333333,0.132950000000),
double3(0.711266666667,0.812366666667,0.190850000000),
double3(0.926133333333,0.732133333333,0.346350000000),
double3(0.866133333333,0.666666666667,0.381800000000),
double3(0.879833333333,0.735300000000,0.417250000000),
double3(0.853766666667,0.713933333333,0.322600000000),
double3(0.777133333333,0.666666666667,0.317650000000),
double3(0.881433333333,0.711966666667,0.367050000000),
double3(0.767766666667,0.955400000000,0.309150000000),
double3(0.740533333333,0.806000000000,0.153650000000),
double3(0.786833333333,0.855466666667,0.082750000000),
double3(0.812900000000,0.860166666667,0.177400000000),
double3(0.911166666667,0.854000000000,0.250000000000),
double3(0.888900000000,0.777766666667,0.000000000000),
double3(0.785233333333,0.830533333333,0.132950000000),
double3(0.898900000000,0.854300000000,0.190850000000),
double3(0.888900000000,0.777766666667,0.061950000000),
double3(0.732133333333,0.926133333333,0.346350000000),
double3(0.735300000000,0.879833333333,0.417250000000),
double3(0.713933333333,0.853766666667,0.322600000000),
double3(0.942833333333,0.755500000000,0.250000000000),
double3(0.711966666667,0.881433333333,0.367050000000),
double3(0.955400000000,0.767766666667,0.309150000000),
double3(0.888866666667,0.777766666667,0.438050000000),
double3(0.860666666667,0.934533333333,0.153650000000),
double3(0.811200000000,0.931366666667,0.082750000000),
double3(0.806500000000,0.952733333333,0.177400000000),
double3(0.812666666667,0.723833333333,0.250000000000),
double3(0.836133333333,0.954700000000,0.132950000000),
double3(0.812366666667,0.711266666667,0.190850000000),
double3(0.740533333333,0.806000000000,0.346350000000),
double3(0.786833333333,0.855466666667,0.417250000000),
double3(0.812900000000,0.860166666667,0.322600000000),
double3(0.785233333333,0.830533333333,0.367050000000),
double3(0.898900000000,0.854300000000,0.309150000000),
double3(0.732133333333,0.926133333333,0.153650000000),
double3(0.735300000000,0.879833333333,0.082750000000),
double3(0.713933333333,0.853766666667,0.177400000000),
double3(0.711966666667,0.881433333333,0.132950000000),
double3(0.955400000000,0.767766666667,0.190850000000),
double3(0.860666666667,0.934533333333,0.346350000000),
double3(0.811200000000,0.931366666667,0.417250000000),
double3(0.806500000000,0.952733333333,0.322600000000),
double3(0.836133333333,0.954700000000,0.367050000000),
double3(0.812366666667,0.711266666667,0.309150000000),
double3(0.806000000000,0.740533333333,0.653650000000),
double3(0.800533333333,0.800533333333,0.618200000000),
double3(0.855466666667,0.786833333333,0.582750000000),
double3(0.860166666667,0.812900000000,0.677400000000),
double3(0.889533333333,0.889533333333,0.682350000000),
double3(0.854000000000,0.911166666667,0.750000000000),
double3(0.777766666667,0.888900000000,0.500000000000),
double3(0.830533333333,0.785233333333,0.632950000000),
double3(0.854300000000,0.898900000000,0.690850000000),
double3(0.777766666667,0.888900000000,0.561950000000),
double3(0.934533333333,0.860666666667,0.846350000000),
double3(0.666666666667,0.866133333333,0.881800000000),
double3(0.931366666667,0.811200000000,0.917250000000),
double3(0.952733333333,0.806500000000,0.822600000000),
double3(0.666666666667,0.777133333333,0.817650000000),
double3(0.723833333333,0.812666666667,0.750000000000),
double3(0.954700000000,0.836133333333,0.867050000000),
double3(0.711266666667,0.812366666667,0.809150000000),
double3(0.777800000000,0.888900000000,0.938050000000),
double3(0.926133333333,0.732133333333,0.653650000000),
double3(0.866133333333,0.666666666667,0.618200000000),
double3(0.879833333333,0.735300000000,0.582750000000),
double3(0.853766666667,0.713933333333,0.677400000000),
double3(0.777133333333,0.666666666667,0.682350000000),
double3(0.755500000000,0.942833333333,0.750000000000),
double3(0.881433333333,0.711966666667,0.632950000000),
double3(0.767766666667,0.955400000000,0.690850000000),
double3(0.806000000000,0.740533333333,0.846350000000),
double3(0.800533333333,0.800533333333,0.881800000000),
double3(0.855466666667,0.786833333333,0.917250000000),
double3(0.860166666667,0.812900000000,0.822600000000),
double3(0.889533333333,0.889533333333,0.817650000000),
double3(0.830533333333,0.785233333333,0.867050000000),
double3(0.854300000000,0.898900000000,0.809150000000),
double3(0.934533333333,0.860666666667,0.653650000000),
double3(0.666666666667,0.866133333333,0.618200000000),
double3(0.931366666667,0.811200000000,0.582750000000),
double3(0.952733333333,0.806500000000,0.677400000000),
double3(0.666666666667,0.777133333333,0.682350000000),
double3(0.954700000000,0.836133333333,0.632950000000),
double3(0.711266666667,0.812366666667,0.690850000000),
double3(0.926133333333,0.732133333333,0.846350000000),
double3(0.866133333333,0.666666666667,0.881800000000),
double3(0.879833333333,0.735300000000,0.917250000000),
double3(0.853766666667,0.713933333333,0.822600000000),
double3(0.777133333333,0.666666666667,0.817650000000),
double3(0.881433333333,0.711966666667,0.867050000000),
double3(0.767766666667,0.955400000000,0.809150000000),
double3(0.740533333333,0.806000000000,0.653650000000),
double3(0.786833333333,0.855466666667,0.582750000000),
double3(0.812900000000,0.860166666667,0.677400000000),
double3(0.911166666667,0.854000000000,0.750000000000),
double3(0.888900000000,0.777766666667,0.500000000000),
double3(0.785233333333,0.830533333333,0.632950000000),
double3(0.898900000000,0.854300000000,0.690850000000),
double3(0.888900000000,0.777766666667,0.561950000000),
double3(0.732133333333,0.926133333333,0.846350000000),
double3(0.735300000000,0.879833333333,0.917250000000),
double3(0.713933333333,0.853766666667,0.822600000000),
double3(0.942833333333,0.755500000000,0.750000000000),
double3(0.711966666667,0.881433333333,0.867050000000),
double3(0.955400000000,0.767766666667,0.809150000000),
double3(0.888866666667,0.777766666667,0.938050000000),
double3(0.860666666667,0.934533333333,0.653650000000),
double3(0.811200000000,0.931366666667,0.582750000000),
double3(0.806500000000,0.952733333333,0.677400000000),
double3(0.812666666667,0.723833333333,0.750000000000),
double3(0.836133333333,0.954700000000,0.632950000000),
double3(0.812366666667,0.711266666667,0.690850000000),
double3(0.740533333333,0.806000000000,0.846350000000),
double3(0.786833333333,0.855466666667,0.917250000000),
double3(0.812900000000,0.860166666667,0.822600000000),
double3(0.785233333333,0.830533333333,0.867050000000),
double3(0.898900000000,0.854300000000,0.809150000000),
double3(0.732133333333,0.926133333333,0.653650000000),
double3(0.735300000000,0.879833333333,0.582750000000),
double3(0.713933333333,0.853766666667,0.677400000000),
double3(0.711966666667,0.881433333333,0.632950000000),
double3(0.955400000000,0.767766666667,0.690850000000),
double3(0.860666666667,0.934533333333,0.846350000000),
double3(0.811200000000,0.931366666667,0.917250000000),
double3(0.806500000000,0.952733333333,0.822600000000),
double3(0.836133333333,0.954700000000,0.867050000000),
double3(0.812366666667,0.711266666667,0.809150000000),
