[double3(13.624000000000,0.000000000000,0.000000000000),double3(0.000000000000,13.624000000000,0.000000000000),double3(0.000000000000,0.000000000000,13.624000000000)]

double3(0.068250000000,0.068250000000,0.000000000000),
double3(0.090900000000,0.090900000000,0.090900000000),
double3(0.056850000000,0.056850000000,0.056850000000),
double3(0.375000000000,0.125000000000,0.125000000000),
double3(0.431750000000,0.068250000000,0.000000000000),
double3(0.409100000000,0.090900000000,0.090900000000),
double3(0.443150000000,0.056850000000,0.056850000000),
double3(0.375000000000,0.375000000000,0.125000000000),
double3(0.431750000000,0.431750000000,0.000000000000),
double3(0.409100000000,0.409100000000,0.090900000000),
double3(0.443150000000,0.443150000000,0.056850000000),
double3(0.125000000000,0.375000000000,0.125000000000),
double3(0.068250000000,0.431750000000,0.000000000000),
double3(0.090900000000,0.409100000000,0.090900000000),
double3(0.056850000000,0.443150000000,0.056850000000),
double3(0.125000000000,0.125000000000,0.125000000000),
double3(0.090900000000,0.409100000000,0.409100000000),
double3(0.056850000000,0.443150000000,0.443150000000),
double3(0.375000000000,0.375000000000,0.375000000000),
double3(0.090900000000,0.090900000000,0.409100000000),
double3(0.056850000000,0.056850000000,0.443150000000),
double3(0.125000000000,0.375000000000,0.375000000000),
double3(0.409100000000,0.090900000000,0.409100000000),
double3(0.443150000000,0.056850000000,0.443150000000),
double3(0.125000000000,0.125000000000,0.375000000000),
double3(0.409100000000,0.409100000000,0.409100000000),
double3(0.443150000000,0.443150000000,0.443150000000),
double3(0.375000000000,0.125000000000,0.375000000000),
double3(0.000000000000,0.068250000000,0.068250000000),
double3(0.431750000000,0.000000000000,0.068250000000),
double3(0.000000000000,0.431750000000,0.068250000000),
double3(0.068250000000,0.000000000000,0.068250000000),
double3(0.000000000000,0.431750000000,0.431750000000),
double3(0.068250000000,0.000000000000,0.431750000000),
double3(0.000000000000,0.068250000000,0.431750000000),
double3(0.431750000000,0.000000000000,0.431750000000),
double3(0.068250000000,0.318250000000,0.250000000000),
double3(0.090900000000,0.340900000000,0.340900000000),
double3(0.056850000000,0.306850000000,0.306850000000),
double3(0.431750000000,0.318250000000,0.250000000000),
double3(0.409100000000,0.340900000000,0.340900000000),
double3(0.443150000000,0.306850000000,0.306850000000),
double3(0.431750000000,0.181750000000,0.250000000000),
double3(0.409100000000,0.159100000000,0.340900000000),
double3(0.443150000000,0.193150000000,0.306850000000),
double3(0.068250000000,0.181750000000,0.250000000000),
double3(0.090900000000,0.159100000000,0.340900000000),
double3(0.056850000000,0.193150000000,0.306850000000),
double3(0.090900000000,0.159100000000,0.159100000000),
double3(0.056850000000,0.193150000000,0.193150000000),
double3(0.090900000000,0.340900000000,0.159100000000),
double3(0.056850000000,0.306850000000,0.193150000000),
double3(0.409100000000,0.340900000000,0.159100000000),
double3(0.443150000000,0.306850000000,0.193150000000),
double3(0.409100000000,0.159100000000,0.159100000000),
double3(0.443150000000,0.193150000000,0.193150000000),
double3(0.000000000000,0.318250000000,0.318250000000),
double3(0.431750000000,0.250000000000,0.318250000000),
double3(0.000000000000,0.181750000000,0.318250000000),
double3(0.068250000000,0.250000000000,0.318250000000),
double3(0.000000000000,0.181750000000,0.181750000000),
double3(0.068250000000,0.250000000000,0.181750000000),
double3(0.000000000000,0.318250000000,0.181750000000),
double3(0.431750000000,0.250000000000,0.181750000000),
double3(0.318250000000,0.068250000000,0.250000000000),
double3(0.340900000000,0.090900000000,0.340900000000),
double3(0.306850000000,0.056850000000,0.306850000000),
double3(0.181750000000,0.068250000000,0.250000000000),
double3(0.159100000000,0.090900000000,0.340900000000),
double3(0.193150000000,0.056850000000,0.306850000000),
double3(0.181750000000,0.431750000000,0.250000000000),
double3(0.159100000000,0.409100000000,0.340900000000),
double3(0.193150000000,0.443150000000,0.306850000000),
double3(0.318250000000,0.431750000000,0.250000000000),
double3(0.340900000000,0.409100000000,0.340900000000),
double3(0.306850000000,0.443150000000,0.306850000000),
double3(0.340900000000,0.409100000000,0.159100000000),
double3(0.306850000000,0.443150000000,0.193150000000),
double3(0.340900000000,0.090900000000,0.159100000000),
double3(0.306850000000,0.056850000000,0.193150000000),
double3(0.159100000000,0.090900000000,0.159100000000),
double3(0.193150000000,0.056850000000,0.193150000000),
double3(0.159100000000,0.409100000000,0.159100000000),
double3(0.193150000000,0.443150000000,0.193150000000),
double3(0.250000000000,0.068250000000,0.318250000000),
double3(0.181750000000,0.000000000000,0.318250000000),
double3(0.250000000000,0.431750000000,0.318250000000),
double3(0.318250000000,0.000000000000,0.318250000000),
double3(0.250000000000,0.431750000000,0.181750000000),
double3(0.318250000000,0.000000000000,0.181750000000),
double3(0.250000000000,0.068250000000,0.181750000000),
double3(0.181750000000,0.000000000000,0.181750000000),
double3(0.318250000000,0.318250000000,0.000000000000),
double3(0.340900000000,0.340900000000,0.090900000000),
double3(0.306850000000,0.306850000000,0.056850000000),
double3(0.181750000000,0.318250000000,0.000000000000),
double3(0.159100000000,0.340900000000,0.090900000000),
double3(0.193150000000,0.306850000000,0.056850000000),
double3(0.181750000000,0.181750000000,0.000000000000),
double3(0.159100000000,0.159100000000,0.090900000000),
double3(0.193150000000,0.193150000000,0.056850000000),
double3(0.318250000000,0.181750000000,0.000000000000),
double3(0.340900000000,0.159100000000,0.090900000000),
double3(0.306850000000,0.193150000000,0.056850000000),
double3(0.340900000000,0.159100000000,0.409100000000),
double3(0.306850000000,0.193150000000,0.443150000000),
double3(0.340900000000,0.340900000000,0.409100000000),
double3(0.306850000000,0.306850000000,0.443150000000),
double3(0.159100000000,0.340900000000,0.409100000000),
double3(0.193150000000,0.306850000000,0.443150000000),
double3(0.159100000000,0.159100000000,0.409100000000),
double3(0.193150000000,0.193150000000,0.443150000000),
double3(0.250000000000,0.318250000000,0.068250000000),
double3(0.181750000000,0.250000000000,0.068250000000),
double3(0.250000000000,0.181750000000,0.068250000000),
double3(0.318250000000,0.250000000000,0.068250000000),
double3(0.250000000000,0.181750000000,0.431750000000),
double3(0.318250000000,0.250000000000,0.431750000000),
double3(0.250000000000,0.318250000000,0.431750000000),
double3(0.181750000000,0.250000000000,0.431750000000),
double3(0.068250000000,0.068250000000,0.500000000000),
double3(0.090900000000,0.090900000000,0.590900000000),
double3(0.056850000000,0.056850000000,0.556850000000),
double3(0.375000000000,0.125000000000,0.625000000000),
double3(0.431750000000,0.068250000000,0.500000000000),
double3(0.409100000000,0.090900000000,0.590900000000),
double3(0.443150000000,0.056850000000,0.556850000000),
double3(0.375000000000,0.375000000000,0.625000000000),
double3(0.431750000000,0.431750000000,0.500000000000),
double3(0.409100000000,0.409100000000,0.590900000000),
double3(0.443150000000,0.443150000000,0.556850000000),
double3(0.125000000000,0.375000000000,0.625000000000),
double3(0.068250000000,0.431750000000,0.500000000000),
double3(0.090900000000,0.409100000000,0.590900000000),
double3(0.056850000000,0.443150000000,0.556850000000),
double3(0.125000000000,0.125000000000,0.625000000000),
double3(0.090900000000,0.409100000000,0.909100000000),
double3(0.056850000000,0.443150000000,0.943150000000),
double3(0.375000000000,0.375000000000,0.875000000000),
double3(0.090900000000,0.090900000000,0.909100000000),
double3(0.056850000000,0.056850000000,0.943150000000),
double3(0.125000000000,0.375000000000,0.875000000000),
double3(0.409100000000,0.090900000000,0.909100000000),
double3(0.443150000000,0.056850000000,0.943150000000),
double3(0.125000000000,0.125000000000,0.875000000000),
double3(0.409100000000,0.409100000000,0.909100000000),
double3(0.443150000000,0.443150000000,0.943150000000),
double3(0.375000000000,0.125000000000,0.875000000000),
double3(0.000000000000,0.068250000000,0.568250000000),
double3(0.431750000000,0.000000000000,0.568250000000),
double3(0.000000000000,0.431750000000,0.568250000000),
double3(0.068250000000,0.000000000000,0.568250000000),
double3(0.000000000000,0.431750000000,0.931750000000),
double3(0.068250000000,0.000000000000,0.931750000000),
double3(0.000000000000,0.068250000000,0.931750000000),
double3(0.431750000000,0.000000000000,0.931750000000),
double3(0.068250000000,0.318250000000,0.750000000000),
double3(0.090900000000,0.340900000000,0.840900000000),
double3(0.056850000000,0.306850000000,0.806850000000),
double3(0.431750000000,0.318250000000,0.750000000000),
double3(0.409100000000,0.340900000000,0.840900000000),
double3(0.443150000000,0.306850000000,0.806850000000),
double3(0.431750000000,0.181750000000,0.750000000000),
double3(0.409100000000,0.159100000000,0.840900000000),
double3(0.443150000000,0.193150000000,0.806850000000),
double3(0.068250000000,0.181750000000,0.750000000000),
double3(0.090900000000,0.159100000000,0.840900000000),
double3(0.056850000000,0.193150000000,0.806850000000),
double3(0.090900000000,0.159100000000,0.659100000000),
double3(0.056850000000,0.193150000000,0.693150000000),
double3(0.090900000000,0.340900000000,0.659100000000),
double3(0.056850000000,0.306850000000,0.693150000000),
double3(0.409100000000,0.340900000000,0.659100000000),
double3(0.443150000000,0.306850000000,0.693150000000),
double3(0.409100000000,0.159100000000,0.659100000000),
double3(0.443150000000,0.193150000000,0.693150000000),
double3(0.000000000000,0.318250000000,0.818250000000),
double3(0.431750000000,0.250000000000,0.818250000000),
double3(0.000000000000,0.181750000000,0.818250000000),
double3(0.068250000000,0.250000000000,0.818250000000),
double3(0.000000000000,0.181750000000,0.681750000000),
double3(0.068250000000,0.250000000000,0.681750000000),
double3(0.000000000000,0.318250000000,0.681750000000),
double3(0.431750000000,0.250000000000,0.681750000000),
double3(0.318250000000,0.068250000000,0.750000000000),
double3(0.340900000000,0.090900000000,0.840900000000),
double3(0.306850000000,0.056850000000,0.806850000000),
double3(0.181750000000,0.068250000000,0.750000000000),
double3(0.159100000000,0.090900000000,0.840900000000),
double3(0.193150000000,0.056850000000,0.806850000000),
double3(0.181750000000,0.431750000000,0.750000000000),
double3(0.159100000000,0.409100000000,0.840900000000),
double3(0.193150000000,0.443150000000,0.806850000000),
double3(0.318250000000,0.431750000000,0.750000000000),
double3(0.340900000000,0.409100000000,0.840900000000),
double3(0.306850000000,0.443150000000,0.806850000000),
double3(0.340900000000,0.409100000000,0.659100000000),
double3(0.306850000000,0.443150000000,0.693150000000),
double3(0.340900000000,0.090900000000,0.659100000000),
double3(0.306850000000,0.056850000000,0.693150000000),
double3(0.159100000000,0.090900000000,0.659100000000),
double3(0.193150000000,0.056850000000,0.693150000000),
double3(0.159100000000,0.409100000000,0.659100000000),
double3(0.193150000000,0.443150000000,0.693150000000),
double3(0.250000000000,0.068250000000,0.818250000000),
double3(0.181750000000,0.000000000000,0.818250000000),
double3(0.250000000000,0.431750000000,0.818250000000),
double3(0.318250000000,0.000000000000,0.818250000000),
double3(0.250000000000,0.431750000000,0.681750000000),
double3(0.318250000000,0.000000000000,0.681750000000),
double3(0.250000000000,0.068250000000,0.681750000000),
double3(0.181750000000,0.000000000000,0.681750000000),
double3(0.318250000000,0.318250000000,0.500000000000),
double3(0.340900000000,0.340900000000,0.590900000000),
double3(0.306850000000,0.306850000000,0.556850000000),
double3(0.181750000000,0.318250000000,0.500000000000),
double3(0.159100000000,0.340900000000,0.590900000000),
double3(0.193150000000,0.306850000000,0.556850000000),
double3(0.181750000000,0.181750000000,0.500000000000),
double3(0.159100000000,0.159100000000,0.590900000000),
double3(0.193150000000,0.193150000000,0.556850000000),
double3(0.318250000000,0.181750000000,0.500000000000),
double3(0.340900000000,0.159100000000,0.590900000000),
double3(0.306850000000,0.193150000000,0.556850000000),
double3(0.340900000000,0.159100000000,0.909100000000),
double3(0.306850000000,0.193150000000,0.943150000000),
double3(0.340900000000,0.340900000000,0.909100000000),
double3(0.306850000000,0.306850000000,0.943150000000),
double3(0.159100000000,0.340900000000,0.909100000000),
double3(0.193150000000,0.306850000000,0.943150000000),
double3(0.159100000000,0.159100000000,0.909100000000),
double3(0.193150000000,0.193150000000,0.943150000000),
double3(0.250000000000,0.318250000000,0.568250000000),
double3(0.181750000000,0.250000000000,0.568250000000),
double3(0.250000000000,0.181750000000,0.568250000000),
double3(0.318250000000,0.250000000000,0.568250000000),
double3(0.250000000000,0.181750000000,0.931750000000),
double3(0.318250000000,0.250000000000,0.931750000000),
double3(0.250000000000,0.318250000000,0.931750000000),
double3(0.181750000000,0.250000000000,0.931750000000),
double3(0.068250000000,0.568250000000,0.000000000000),
double3(0.090900000000,0.590900000000,0.090900000000),
double3(0.056850000000,0.556850000000,0.056850000000),
double3(0.375000000000,0.625000000000,0.125000000000),
double3(0.431750000000,0.568250000000,0.000000000000),
double3(0.409100000000,0.590900000000,0.090900000000),
double3(0.443150000000,0.556850000000,0.056850000000),
double3(0.375000000000,0.875000000000,0.125000000000),
double3(0.431750000000,0.931750000000,0.000000000000),
double3(0.409100000000,0.909100000000,0.090900000000),
double3(0.443150000000,0.943150000000,0.056850000000),
double3(0.125000000000,0.875000000000,0.125000000000),
double3(0.068250000000,0.931750000000,0.000000000000),
double3(0.090900000000,0.909100000000,0.090900000000),
double3(0.056850000000,0.943150000000,0.056850000000),
double3(0.125000000000,0.625000000000,0.125000000000),
double3(0.090900000000,0.909100000000,0.409100000000),
double3(0.056850000000,0.943150000000,0.443150000000),
double3(0.375000000000,0.875000000000,0.375000000000),
double3(0.090900000000,0.590900000000,0.409100000000),
double3(0.056850000000,0.556850000000,0.443150000000),
double3(0.125000000000,0.875000000000,0.375000000000),
double3(0.409100000000,0.590900000000,0.409100000000),
double3(0.443150000000,0.556850000000,0.443150000000),
double3(0.125000000000,0.625000000000,0.375000000000),
double3(0.409100000000,0.909100000000,0.409100000000),
double3(0.443150000000,0.943150000000,0.443150000000),
double3(0.375000000000,0.625000000000,0.375000000000),
double3(0.000000000000,0.568250000000,0.068250000000),
double3(0.431750000000,0.500000000000,0.068250000000),
double3(0.000000000000,0.931750000000,0.068250000000),
double3(0.068250000000,0.500000000000,0.068250000000),
double3(0.000000000000,0.931750000000,0.431750000000),
double3(0.068250000000,0.500000000000,0.431750000000),
double3(0.000000000000,0.568250000000,0.431750000000),
double3(0.431750000000,0.500000000000,0.431750000000),
double3(0.068250000000,0.818250000000,0.250000000000),
double3(0.090900000000,0.840900000000,0.340900000000),
double3(0.056850000000,0.806850000000,0.306850000000),
double3(0.431750000000,0.818250000000,0.250000000000),
double3(0.409100000000,0.840900000000,0.340900000000),
double3(0.443150000000,0.806850000000,0.306850000000),
double3(0.431750000000,0.681750000000,0.250000000000),
double3(0.409100000000,0.659100000000,0.340900000000),
double3(0.443150000000,0.693150000000,0.306850000000),
double3(0.068250000000,0.681750000000,0.250000000000),
double3(0.090900000000,0.659100000000,0.340900000000),
double3(0.056850000000,0.693150000000,0.306850000000),
double3(0.090900000000,0.659100000000,0.159100000000),
double3(0.056850000000,0.693150000000,0.193150000000),
double3(0.090900000000,0.840900000000,0.159100000000),
double3(0.056850000000,0.806850000000,0.193150000000),
double3(0.409100000000,0.840900000000,0.159100000000),
double3(0.443150000000,0.806850000000,0.193150000000),
double3(0.409100000000,0.659100000000,0.159100000000),
double3(0.443150000000,0.693150000000,0.193150000000),
double3(0.000000000000,0.818250000000,0.318250000000),
double3(0.431750000000,0.750000000000,0.318250000000),
double3(0.000000000000,0.681750000000,0.318250000000),
double3(0.068250000000,0.750000000000,0.318250000000),
double3(0.000000000000,0.681750000000,0.181750000000),
double3(0.068250000000,0.750000000000,0.181750000000),
double3(0.000000000000,0.818250000000,0.181750000000),
double3(0.431750000000,0.750000000000,0.181750000000),
double3(0.318250000000,0.568250000000,0.250000000000),
double3(0.340900000000,0.590900000000,0.340900000000),
double3(0.306850000000,0.556850000000,0.306850000000),
double3(0.181750000000,0.568250000000,0.250000000000),
double3(0.159100000000,0.590900000000,0.340900000000),
double3(0.193150000000,0.556850000000,0.306850000000),
double3(0.181750000000,0.931750000000,0.250000000000),
double3(0.159100000000,0.909100000000,0.340900000000),
double3(0.193150000000,0.943150000000,0.306850000000),
double3(0.318250000000,0.931750000000,0.250000000000),
double3(0.340900000000,0.909100000000,0.340900000000),
double3(0.306850000000,0.943150000000,0.306850000000),
double3(0.340900000000,0.909100000000,0.159100000000),
double3(0.306850000000,0.943150000000,0.193150000000),
double3(0.340900000000,0.590900000000,0.159100000000),
double3(0.306850000000,0.556850000000,0.193150000000),
double3(0.159100000000,0.590900000000,0.159100000000),
double3(0.193150000000,0.556850000000,0.193150000000),
double3(0.159100000000,0.909100000000,0.159100000000),
double3(0.193150000000,0.943150000000,0.193150000000),
double3(0.250000000000,0.568250000000,0.318250000000),
double3(0.181750000000,0.500000000000,0.318250000000),
double3(0.250000000000,0.931750000000,0.318250000000),
double3(0.318250000000,0.500000000000,0.318250000000),
double3(0.250000000000,0.931750000000,0.181750000000),
double3(0.318250000000,0.500000000000,0.181750000000),
double3(0.250000000000,0.568250000000,0.181750000000),
double3(0.181750000000,0.500000000000,0.181750000000),
double3(0.318250000000,0.818250000000,0.000000000000),
double3(0.340900000000,0.840900000000,0.090900000000),
double3(0.306850000000,0.806850000000,0.056850000000),
double3(0.181750000000,0.818250000000,0.000000000000),
double3(0.159100000000,0.840900000000,0.090900000000),
double3(0.193150000000,0.806850000000,0.056850000000),
double3(0.181750000000,0.681750000000,0.000000000000),
double3(0.159100000000,0.659100000000,0.090900000000),
double3(0.193150000000,0.693150000000,0.056850000000),
double3(0.318250000000,0.681750000000,0.000000000000),
double3(0.340900000000,0.659100000000,0.090900000000),
double3(0.306850000000,0.693150000000,0.056850000000),
double3(0.340900000000,0.659100000000,0.409100000000),
double3(0.306850000000,0.693150000000,0.443150000000),
double3(0.340900000000,0.840900000000,0.409100000000),
double3(0.306850000000,0.806850000000,0.443150000000),
double3(0.159100000000,0.840900000000,0.409100000000),
double3(0.193150000000,0.806850000000,0.443150000000),
double3(0.159100000000,0.659100000000,0.409100000000),
double3(0.193150000000,0.693150000000,0.443150000000),
double3(0.250000000000,0.818250000000,0.068250000000),
double3(0.181750000000,0.750000000000,0.068250000000),
double3(0.250000000000,0.681750000000,0.068250000000),
double3(0.318250000000,0.750000000000,0.068250000000),
double3(0.250000000000,0.681750000000,0.431750000000),
double3(0.318250000000,0.750000000000,0.431750000000),
double3(0.250000000000,0.818250000000,0.431750000000),
double3(0.181750000000,0.750000000000,0.431750000000),
double3(0.068250000000,0.568250000000,0.500000000000),
double3(0.090900000000,0.590900000000,0.590900000000),
double3(0.056850000000,0.556850000000,0.556850000000),
double3(0.375000000000,0.625000000000,0.625000000000),
double3(0.431750000000,0.568250000000,0.500000000000),
double3(0.409100000000,0.590900000000,0.590900000000),
double3(0.443150000000,0.556850000000,0.556850000000),
double3(0.375000000000,0.875000000000,0.625000000000),
double3(0.431750000000,0.931750000000,0.500000000000),
double3(0.409100000000,0.909100000000,0.590900000000),
double3(0.443150000000,0.943150000000,0.556850000000),
double3(0.125000000000,0.875000000000,0.625000000000),
double3(0.068250000000,0.931750000000,0.500000000000),
double3(0.090900000000,0.909100000000,0.590900000000),
double3(0.056850000000,0.943150000000,0.556850000000),
double3(0.125000000000,0.625000000000,0.625000000000),
double3(0.090900000000,0.909100000000,0.909100000000),
double3(0.056850000000,0.943150000000,0.943150000000),
double3(0.375000000000,0.875000000000,0.875000000000),
double3(0.090900000000,0.590900000000,0.909100000000),
double3(0.056850000000,0.556850000000,0.943150000000),
double3(0.125000000000,0.875000000000,0.875000000000),
double3(0.409100000000,0.590900000000,0.909100000000),
double3(0.443150000000,0.556850000000,0.943150000000),
double3(0.125000000000,0.625000000000,0.875000000000),
double3(0.409100000000,0.909100000000,0.909100000000),
double3(0.443150000000,0.943150000000,0.943150000000),
double3(0.375000000000,0.625000000000,0.875000000000),
double3(0.000000000000,0.568250000000,0.568250000000),
double3(0.431750000000,0.500000000000,0.568250000000),
double3(0.000000000000,0.931750000000,0.568250000000),
double3(0.068250000000,0.500000000000,0.568250000000),
double3(0.000000000000,0.931750000000,0.931750000000),
double3(0.068250000000,0.500000000000,0.931750000000),
double3(0.000000000000,0.568250000000,0.931750000000),
double3(0.431750000000,0.500000000000,0.931750000000),
double3(0.068250000000,0.818250000000,0.750000000000),
double3(0.090900000000,0.840900000000,0.840900000000),
double3(0.056850000000,0.806850000000,0.806850000000),
double3(0.431750000000,0.818250000000,0.750000000000),
double3(0.409100000000,0.840900000000,0.840900000000),
double3(0.443150000000,0.806850000000,0.806850000000),
double3(0.431750000000,0.681750000000,0.750000000000),
double3(0.409100000000,0.659100000000,0.840900000000),
double3(0.443150000000,0.693150000000,0.806850000000),
double3(0.068250000000,0.681750000000,0.750000000000),
double3(0.090900000000,0.659100000000,0.840900000000),
double3(0.056850000000,0.693150000000,0.806850000000),
double3(0.090900000000,0.659100000000,0.659100000000),
double3(0.056850000000,0.693150000000,0.693150000000),
double3(0.090900000000,0.840900000000,0.659100000000),
double3(0.056850000000,0.806850000000,0.693150000000),
double3(0.409100000000,0.840900000000,0.659100000000),
double3(0.443150000000,0.806850000000,0.693150000000),
double3(0.409100000000,0.659100000000,0.659100000000),
double3(0.443150000000,0.693150000000,0.693150000000),
double3(0.000000000000,0.818250000000,0.818250000000),
double3(0.431750000000,0.750000000000,0.818250000000),
double3(0.000000000000,0.681750000000,0.818250000000),
double3(0.068250000000,0.750000000000,0.818250000000),
double3(0.000000000000,0.681750000000,0.681750000000),
double3(0.068250000000,0.750000000000,0.681750000000),
double3(0.000000000000,0.818250000000,0.681750000000),
double3(0.431750000000,0.750000000000,0.681750000000),
double3(0.318250000000,0.568250000000,0.750000000000),
double3(0.340900000000,0.590900000000,0.840900000000),
double3(0.306850000000,0.556850000000,0.806850000000),
double3(0.181750000000,0.568250000000,0.750000000000),
double3(0.159100000000,0.590900000000,0.840900000000),
double3(0.193150000000,0.556850000000,0.806850000000),
double3(0.181750000000,0.931750000000,0.750000000000),
double3(0.159100000000,0.909100000000,0.840900000000),
double3(0.193150000000,0.943150000000,0.806850000000),
double3(0.318250000000,0.931750000000,0.750000000000),
double3(0.340900000000,0.909100000000,0.840900000000),
double3(0.306850000000,0.943150000000,0.806850000000),
double3(0.340900000000,0.909100000000,0.659100000000),
double3(0.306850000000,0.943150000000,0.693150000000),
double3(0.340900000000,0.590900000000,0.659100000000),
double3(0.306850000000,0.556850000000,0.693150000000),
double3(0.159100000000,0.590900000000,0.659100000000),
double3(0.193150000000,0.556850000000,0.693150000000),
double3(0.159100000000,0.909100000000,0.659100000000),
double3(0.193150000000,0.943150000000,0.693150000000),
double3(0.250000000000,0.568250000000,0.818250000000),
double3(0.181750000000,0.500000000000,0.818250000000),
double3(0.250000000000,0.931750000000,0.818250000000),
double3(0.318250000000,0.500000000000,0.818250000000),
double3(0.250000000000,0.931750000000,0.681750000000),
double3(0.318250000000,0.500000000000,0.681750000000),
double3(0.250000000000,0.568250000000,0.681750000000),
double3(0.181750000000,0.500000000000,0.681750000000),
double3(0.318250000000,0.818250000000,0.500000000000),
double3(0.340900000000,0.840900000000,0.590900000000),
double3(0.306850000000,0.806850000000,0.556850000000),
double3(0.181750000000,0.818250000000,0.500000000000),
double3(0.159100000000,0.840900000000,0.590900000000),
double3(0.193150000000,0.806850000000,0.556850000000),
double3(0.181750000000,0.681750000000,0.500000000000),
double3(0.159100000000,0.659100000000,0.590900000000),
double3(0.193150000000,0.693150000000,0.556850000000),
double3(0.318250000000,0.681750000000,0.500000000000),
double3(0.340900000000,0.659100000000,0.590900000000),
double3(0.306850000000,0.693150000000,0.556850000000),
double3(0.340900000000,0.659100000000,0.909100000000),
double3(0.306850000000,0.693150000000,0.943150000000),
double3(0.340900000000,0.840900000000,0.909100000000),
double3(0.306850000000,0.806850000000,0.943150000000),
double3(0.159100000000,0.840900000000,0.909100000000),
double3(0.193150000000,0.806850000000,0.943150000000),
double3(0.159100000000,0.659100000000,0.909100000000),
double3(0.193150000000,0.693150000000,0.943150000000),
double3(0.250000000000,0.818250000000,0.568250000000),
double3(0.181750000000,0.750000000000,0.568250000000),
double3(0.250000000000,0.681750000000,0.568250000000),
double3(0.318250000000,0.750000000000,0.568250000000),
double3(0.250000000000,0.681750000000,0.931750000000),
double3(0.318250000000,0.750000000000,0.931750000000),
double3(0.250000000000,0.818250000000,0.931750000000),
double3(0.181750000000,0.750000000000,0.931750000000),
double3(0.568250000000,0.068250000000,0.000000000000),
double3(0.590900000000,0.090900000000,0.090900000000),
double3(0.556850000000,0.056850000000,0.056850000000),
double3(0.875000000000,0.125000000000,0.125000000000),
double3(0.931750000000,0.068250000000,0.000000000000),
double3(0.909100000000,0.090900000000,0.090900000000),
double3(0.943150000000,0.056850000000,0.056850000000),
double3(0.875000000000,0.375000000000,0.125000000000),
double3(0.931750000000,0.431750000000,0.000000000000),
double3(0.909100000000,0.409100000000,0.090900000000),
double3(0.943150000000,0.443150000000,0.056850000000),
double3(0.625000000000,0.375000000000,0.125000000000),
double3(0.568250000000,0.431750000000,0.000000000000),
double3(0.590900000000,0.409100000000,0.090900000000),
double3(0.556850000000,0.443150000000,0.056850000000),
double3(0.625000000000,0.125000000000,0.125000000000),
double3(0.590900000000,0.409100000000,0.409100000000),
double3(0.556850000000,0.443150000000,0.443150000000),
double3(0.875000000000,0.375000000000,0.375000000000),
double3(0.590900000000,0.090900000000,0.409100000000),
double3(0.556850000000,0.056850000000,0.443150000000),
double3(0.625000000000,0.375000000000,0.375000000000),
double3(0.909100000000,0.090900000000,0.409100000000),
double3(0.943150000000,0.056850000000,0.443150000000),
double3(0.625000000000,0.125000000000,0.375000000000),
double3(0.909100000000,0.409100000000,0.409100000000),
double3(0.943150000000,0.443150000000,0.443150000000),
double3(0.875000000000,0.125000000000,0.375000000000),
double3(0.500000000000,0.068250000000,0.068250000000),
double3(0.931750000000,0.000000000000,0.068250000000),
double3(0.500000000000,0.431750000000,0.068250000000),
double3(0.568250000000,0.000000000000,0.068250000000),
double3(0.500000000000,0.431750000000,0.431750000000),
double3(0.568250000000,0.000000000000,0.431750000000),
double3(0.500000000000,0.068250000000,0.431750000000),
double3(0.931750000000,0.000000000000,0.431750000000),
double3(0.568250000000,0.318250000000,0.250000000000),
double3(0.590900000000,0.340900000000,0.340900000000),
double3(0.556850000000,0.306850000000,0.306850000000),
double3(0.931750000000,0.318250000000,0.250000000000),
double3(0.909100000000,0.340900000000,0.340900000000),
double3(0.943150000000,0.306850000000,0.306850000000),
double3(0.931750000000,0.181750000000,0.250000000000),
double3(0.909100000000,0.159100000000,0.340900000000),
double3(0.943150000000,0.193150000000,0.306850000000),
double3(0.568250000000,0.181750000000,0.250000000000),
double3(0.590900000000,0.159100000000,0.340900000000),
double3(0.556850000000,0.193150000000,0.306850000000),
double3(0.590900000000,0.159100000000,0.159100000000),
double3(0.556850000000,0.193150000000,0.193150000000),
double3(0.590900000000,0.340900000000,0.159100000000),
double3(0.556850000000,0.306850000000,0.193150000000),
double3(0.909100000000,0.340900000000,0.159100000000),
double3(0.943150000000,0.306850000000,0.193150000000),
double3(0.909100000000,0.159100000000,0.159100000000),
double3(0.943150000000,0.193150000000,0.193150000000),
double3(0.500000000000,0.318250000000,0.318250000000),
double3(0.931750000000,0.250000000000,0.318250000000),
double3(0.500000000000,0.181750000000,0.318250000000),
double3(0.568250000000,0.250000000000,0.318250000000),
double3(0.500000000000,0.181750000000,0.181750000000),
double3(0.568250000000,0.250000000000,0.181750000000),
double3(0.500000000000,0.318250000000,0.181750000000),
double3(0.931750000000,0.250000000000,0.181750000000),
double3(0.818250000000,0.068250000000,0.250000000000),
double3(0.840900000000,0.090900000000,0.340900000000),
double3(0.806850000000,0.056850000000,0.306850000000),
double3(0.681750000000,0.068250000000,0.250000000000),
double3(0.659100000000,0.090900000000,0.340900000000),
double3(0.693150000000,0.056850000000,0.306850000000),
double3(0.681750000000,0.431750000000,0.250000000000),
double3(0.659100000000,0.409100000000,0.340900000000),
double3(0.693150000000,0.443150000000,0.306850000000),
double3(0.818250000000,0.431750000000,0.250000000000),
double3(0.840900000000,0.409100000000,0.340900000000),
double3(0.806850000000,0.443150000000,0.306850000000),
double3(0.840900000000,0.409100000000,0.159100000000),
double3(0.806850000000,0.443150000000,0.193150000000),
double3(0.840900000000,0.090900000000,0.159100000000),
double3(0.806850000000,0.056850000000,0.193150000000),
double3(0.659100000000,0.090900000000,0.159100000000),
double3(0.693150000000,0.056850000000,0.193150000000),
double3(0.659100000000,0.409100000000,0.159100000000),
double3(0.693150000000,0.443150000000,0.193150000000),
double3(0.750000000000,0.068250000000,0.318250000000),
double3(0.681750000000,0.000000000000,0.318250000000),
double3(0.750000000000,0.431750000000,0.318250000000),
double3(0.818250000000,0.000000000000,0.318250000000),
double3(0.750000000000,0.431750000000,0.181750000000),
double3(0.818250000000,0.000000000000,0.181750000000),
double3(0.750000000000,0.068250000000,0.181750000000),
double3(0.681750000000,0.000000000000,0.181750000000),
double3(0.818250000000,0.318250000000,0.000000000000),
double3(0.840900000000,0.340900000000,0.090900000000),
double3(0.806850000000,0.306850000000,0.056850000000),
double3(0.681750000000,0.318250000000,0.000000000000),
double3(0.659100000000,0.340900000000,0.090900000000),
double3(0.693150000000,0.306850000000,0.056850000000),
double3(0.681750000000,0.181750000000,0.000000000000),
double3(0.659100000000,0.159100000000,0.090900000000),
double3(0.693150000000,0.193150000000,0.056850000000),
double3(0.818250000000,0.181750000000,0.000000000000),
double3(0.840900000000,0.159100000000,0.090900000000),
double3(0.806850000000,0.193150000000,0.056850000000),
double3(0.840900000000,0.159100000000,0.409100000000),
double3(0.806850000000,0.193150000000,0.443150000000),
double3(0.840900000000,0.340900000000,0.409100000000),
double3(0.806850000000,0.306850000000,0.443150000000),
double3(0.659100000000,0.340900000000,0.409100000000),
double3(0.693150000000,0.306850000000,0.443150000000),
double3(0.659100000000,0.159100000000,0.409100000000),
double3(0.693150000000,0.193150000000,0.443150000000),
double3(0.750000000000,0.318250000000,0.068250000000),
double3(0.681750000000,0.250000000000,0.068250000000),
double3(0.750000000000,0.181750000000,0.068250000000),
double3(0.818250000000,0.250000000000,0.068250000000),
double3(0.750000000000,0.181750000000,0.431750000000),
double3(0.818250000000,0.250000000000,0.431750000000),
double3(0.750000000000,0.318250000000,0.431750000000),
double3(0.681750000000,0.250000000000,0.431750000000),
double3(0.568250000000,0.068250000000,0.500000000000),
double3(0.590900000000,0.090900000000,0.590900000000),
double3(0.556850000000,0.056850000000,0.556850000000),
double3(0.875000000000,0.125000000000,0.625000000000),
double3(0.931750000000,0.068250000000,0.500000000000),
double3(0.909100000000,0.090900000000,0.590900000000),
double3(0.943150000000,0.056850000000,0.556850000000),
double3(0.875000000000,0.375000000000,0.625000000000),
double3(0.931750000000,0.431750000000,0.500000000000),
double3(0.909100000000,0.409100000000,0.590900000000),
double3(0.943150000000,0.443150000000,0.556850000000),
double3(0.625000000000,0.375000000000,0.625000000000),
double3(0.568250000000,0.431750000000,0.500000000000),
double3(0.590900000000,0.409100000000,0.590900000000),
double3(0.556850000000,0.443150000000,0.556850000000),
double3(0.625000000000,0.125000000000,0.625000000000),
double3(0.590900000000,0.409100000000,0.909100000000),
double3(0.556850000000,0.443150000000,0.943150000000),
double3(0.875000000000,0.375000000000,0.875000000000),
double3(0.590900000000,0.090900000000,0.909100000000),
double3(0.556850000000,0.056850000000,0.943150000000),
double3(0.625000000000,0.375000000000,0.875000000000),
double3(0.909100000000,0.090900000000,0.909100000000),
double3(0.943150000000,0.056850000000,0.943150000000),
double3(0.625000000000,0.125000000000,0.875000000000),
double3(0.909100000000,0.409100000000,0.909100000000),
double3(0.943150000000,0.443150000000,0.943150000000),
double3(0.875000000000,0.125000000000,0.875000000000),
double3(0.500000000000,0.068250000000,0.568250000000),
double3(0.931750000000,0.000000000000,0.568250000000),
double3(0.500000000000,0.431750000000,0.568250000000),
double3(0.568250000000,0.000000000000,0.568250000000),
double3(0.500000000000,0.431750000000,0.931750000000),
double3(0.568250000000,0.000000000000,0.931750000000),
double3(0.500000000000,0.068250000000,0.931750000000),
double3(0.931750000000,0.000000000000,0.931750000000),
double3(0.568250000000,0.318250000000,0.750000000000),
double3(0.590900000000,0.340900000000,0.840900000000),
double3(0.556850000000,0.306850000000,0.806850000000),
double3(0.931750000000,0.318250000000,0.750000000000),
double3(0.909100000000,0.340900000000,0.840900000000),
double3(0.943150000000,0.306850000000,0.806850000000),
double3(0.931750000000,0.181750000000,0.750000000000),
double3(0.909100000000,0.159100000000,0.840900000000),
double3(0.943150000000,0.193150000000,0.806850000000),
double3(0.568250000000,0.181750000000,0.750000000000),
double3(0.590900000000,0.159100000000,0.840900000000),
double3(0.556850000000,0.193150000000,0.806850000000),
double3(0.590900000000,0.159100000000,0.659100000000),
double3(0.556850000000,0.193150000000,0.693150000000),
double3(0.590900000000,0.340900000000,0.659100000000),
double3(0.556850000000,0.306850000000,0.693150000000),
double3(0.909100000000,0.340900000000,0.659100000000),
double3(0.943150000000,0.306850000000,0.693150000000),
double3(0.909100000000,0.159100000000,0.659100000000),
double3(0.943150000000,0.193150000000,0.693150000000),
double3(0.500000000000,0.318250000000,0.818250000000),
double3(0.931750000000,0.250000000000,0.818250000000),
double3(0.500000000000,0.181750000000,0.818250000000),
double3(0.568250000000,0.250000000000,0.818250000000),
double3(0.500000000000,0.181750000000,0.681750000000),
double3(0.568250000000,0.250000000000,0.681750000000),
double3(0.500000000000,0.318250000000,0.681750000000),
double3(0.931750000000,0.250000000000,0.681750000000),
double3(0.818250000000,0.068250000000,0.750000000000),
double3(0.840900000000,0.090900000000,0.840900000000),
double3(0.806850000000,0.056850000000,0.806850000000),
double3(0.681750000000,0.068250000000,0.750000000000),
double3(0.659100000000,0.090900000000,0.840900000000),
double3(0.693150000000,0.056850000000,0.806850000000),
double3(0.681750000000,0.431750000000,0.750000000000),
double3(0.659100000000,0.409100000000,0.840900000000),
double3(0.693150000000,0.443150000000,0.806850000000),
double3(0.818250000000,0.431750000000,0.750000000000),
double3(0.840900000000,0.409100000000,0.840900000000),
double3(0.806850000000,0.443150000000,0.806850000000),
double3(0.840900000000,0.409100000000,0.659100000000),
double3(0.806850000000,0.443150000000,0.693150000000),
double3(0.840900000000,0.090900000000,0.659100000000),
double3(0.806850000000,0.056850000000,0.693150000000),
double3(0.659100000000,0.090900000000,0.659100000000),
double3(0.693150000000,0.056850000000,0.693150000000),
double3(0.659100000000,0.409100000000,0.659100000000),
double3(0.693150000000,0.443150000000,0.693150000000),
double3(0.750000000000,0.068250000000,0.818250000000),
double3(0.681750000000,0.000000000000,0.818250000000),
double3(0.750000000000,0.431750000000,0.818250000000),
double3(0.818250000000,0.000000000000,0.818250000000),
double3(0.750000000000,0.431750000000,0.681750000000),
double3(0.818250000000,0.000000000000,0.681750000000),
double3(0.750000000000,0.068250000000,0.681750000000),
double3(0.681750000000,0.000000000000,0.681750000000),
double3(0.818250000000,0.318250000000,0.500000000000),
double3(0.840900000000,0.340900000000,0.590900000000),
double3(0.806850000000,0.306850000000,0.556850000000),
double3(0.681750000000,0.318250000000,0.500000000000),
double3(0.659100000000,0.340900000000,0.590900000000),
double3(0.693150000000,0.306850000000,0.556850000000),
double3(0.681750000000,0.181750000000,0.500000000000),
double3(0.659100000000,0.159100000000,0.590900000000),
double3(0.693150000000,0.193150000000,0.556850000000),
double3(0.818250000000,0.181750000000,0.500000000000),
double3(0.840900000000,0.159100000000,0.590900000000),
double3(0.806850000000,0.193150000000,0.556850000000),
double3(0.840900000000,0.159100000000,0.909100000000),
double3(0.806850000000,0.193150000000,0.943150000000),
double3(0.840900000000,0.340900000000,0.909100000000),
double3(0.806850000000,0.306850000000,0.943150000000),
double3(0.659100000000,0.340900000000,0.909100000000),
double3(0.693150000000,0.306850000000,0.943150000000),
double3(0.659100000000,0.159100000000,0.909100000000),
double3(0.693150000000,0.193150000000,0.943150000000),
double3(0.750000000000,0.318250000000,0.568250000000),
double3(0.681750000000,0.250000000000,0.568250000000),
double3(0.750000000000,0.181750000000,0.568250000000),
double3(0.818250000000,0.250000000000,0.568250000000),
double3(0.750000000000,0.181750000000,0.931750000000),
double3(0.818250000000,0.250000000000,0.931750000000),
double3(0.750000000000,0.318250000000,0.931750000000),
double3(0.681750000000,0.250000000000,0.931750000000),
double3(0.568250000000,0.568250000000,0.000000000000),
double3(0.590900000000,0.590900000000,0.090900000000),
double3(0.556850000000,0.556850000000,0.056850000000),
double3(0.875000000000,0.625000000000,0.125000000000),
double3(0.931750000000,0.568250000000,0.000000000000),
double3(0.909100000000,0.590900000000,0.090900000000),
double3(0.943150000000,0.556850000000,0.056850000000),
double3(0.875000000000,0.875000000000,0.125000000000),
double3(0.931750000000,0.931750000000,0.000000000000),
double3(0.909100000000,0.909100000000,0.090900000000),
double3(0.943150000000,0.943150000000,0.056850000000),
double3(0.625000000000,0.875000000000,0.125000000000),
double3(0.568250000000,0.931750000000,0.000000000000),
double3(0.590900000000,0.909100000000,0.090900000000),
double3(0.556850000000,0.943150000000,0.056850000000),
double3(0.625000000000,0.625000000000,0.125000000000),
double3(0.590900000000,0.909100000000,0.409100000000),
double3(0.556850000000,0.943150000000,0.443150000000),
double3(0.875000000000,0.875000000000,0.375000000000),
double3(0.590900000000,0.590900000000,0.409100000000),
double3(0.556850000000,0.556850000000,0.443150000000),
double3(0.625000000000,0.875000000000,0.375000000000),
double3(0.909100000000,0.590900000000,0.409100000000),
double3(0.943150000000,0.556850000000,0.443150000000),
double3(0.625000000000,0.625000000000,0.375000000000),
double3(0.909100000000,0.909100000000,0.409100000000),
double3(0.943150000000,0.943150000000,0.443150000000),
double3(0.875000000000,0.625000000000,0.375000000000),
double3(0.500000000000,0.568250000000,0.068250000000),
double3(0.931750000000,0.500000000000,0.068250000000),
double3(0.500000000000,0.931750000000,0.068250000000),
double3(0.568250000000,0.500000000000,0.068250000000),
double3(0.500000000000,0.931750000000,0.431750000000),
double3(0.568250000000,0.500000000000,0.431750000000),
double3(0.500000000000,0.568250000000,0.431750000000),
double3(0.931750000000,0.500000000000,0.431750000000),
double3(0.568250000000,0.818250000000,0.250000000000),
double3(0.590900000000,0.840900000000,0.340900000000),
double3(0.556850000000,0.806850000000,0.306850000000),
double3(0.931750000000,0.818250000000,0.250000000000),
double3(0.909100000000,0.840900000000,0.340900000000),
double3(0.943150000000,0.806850000000,0.306850000000),
double3(0.931750000000,0.681750000000,0.250000000000),
double3(0.909100000000,0.659100000000,0.340900000000),
double3(0.943150000000,0.693150000000,0.306850000000),
double3(0.568250000000,0.681750000000,0.250000000000),
double3(0.590900000000,0.659100000000,0.340900000000),
double3(0.556850000000,0.693150000000,0.306850000000),
double3(0.590900000000,0.659100000000,0.159100000000),
double3(0.556850000000,0.693150000000,0.193150000000),
double3(0.590900000000,0.840900000000,0.159100000000),
double3(0.556850000000,0.806850000000,0.193150000000),
double3(0.909100000000,0.840900000000,0.159100000000),
double3(0.943150000000,0.806850000000,0.193150000000),
double3(0.909100000000,0.659100000000,0.159100000000),
double3(0.943150000000,0.693150000000,0.193150000000),
double3(0.500000000000,0.818250000000,0.318250000000),
double3(0.931750000000,0.750000000000,0.318250000000),
double3(0.500000000000,0.681750000000,0.318250000000),
double3(0.568250000000,0.750000000000,0.318250000000),
double3(0.500000000000,0.681750000000,0.181750000000),
double3(0.568250000000,0.750000000000,0.181750000000),
double3(0.500000000000,0.818250000000,0.181750000000),
double3(0.931750000000,0.750000000000,0.181750000000),
double3(0.818250000000,0.568250000000,0.250000000000),
double3(0.840900000000,0.590900000000,0.340900000000),
double3(0.806850000000,0.556850000000,0.306850000000),
double3(0.681750000000,0.568250000000,0.250000000000),
double3(0.659100000000,0.590900000000,0.340900000000),
double3(0.693150000000,0.556850000000,0.306850000000),
double3(0.681750000000,0.931750000000,0.250000000000),
double3(0.659100000000,0.909100000000,0.340900000000),
double3(0.693150000000,0.943150000000,0.306850000000),
double3(0.818250000000,0.931750000000,0.250000000000),
double3(0.840900000000,0.909100000000,0.340900000000),
double3(0.806850000000,0.943150000000,0.306850000000),
double3(0.840900000000,0.909100000000,0.159100000000),
double3(0.806850000000,0.943150000000,0.193150000000),
double3(0.840900000000,0.590900000000,0.159100000000),
double3(0.806850000000,0.556850000000,0.193150000000),
double3(0.659100000000,0.590900000000,0.159100000000),
double3(0.693150000000,0.556850000000,0.193150000000),
double3(0.659100000000,0.909100000000,0.159100000000),
double3(0.693150000000,0.943150000000,0.193150000000),
double3(0.750000000000,0.568250000000,0.318250000000),
double3(0.681750000000,0.500000000000,0.318250000000),
double3(0.750000000000,0.931750000000,0.318250000000),
double3(0.818250000000,0.500000000000,0.318250000000),
double3(0.750000000000,0.931750000000,0.181750000000),
double3(0.818250000000,0.500000000000,0.181750000000),
double3(0.750000000000,0.568250000000,0.181750000000),
double3(0.681750000000,0.500000000000,0.181750000000),
double3(0.818250000000,0.818250000000,0.000000000000),
double3(0.840900000000,0.840900000000,0.090900000000),
double3(0.806850000000,0.806850000000,0.056850000000),
double3(0.681750000000,0.818250000000,0.000000000000),
double3(0.659100000000,0.840900000000,0.090900000000),
double3(0.693150000000,0.806850000000,0.056850000000),
double3(0.681750000000,0.681750000000,0.000000000000),
double3(0.659100000000,0.659100000000,0.090900000000),
double3(0.693150000000,0.693150000000,0.056850000000),
double3(0.818250000000,0.681750000000,0.000000000000),
double3(0.840900000000,0.659100000000,0.090900000000),
double3(0.806850000000,0.693150000000,0.056850000000),
double3(0.840900000000,0.659100000000,0.409100000000),
double3(0.806850000000,0.693150000000,0.443150000000),
double3(0.840900000000,0.840900000000,0.409100000000),
double3(0.806850000000,0.806850000000,0.443150000000),
double3(0.659100000000,0.840900000000,0.409100000000),
double3(0.693150000000,0.806850000000,0.443150000000),
double3(0.659100000000,0.659100000000,0.409100000000),
double3(0.693150000000,0.693150000000,0.443150000000),
double3(0.750000000000,0.818250000000,0.068250000000),
double3(0.681750000000,0.750000000000,0.068250000000),
double3(0.750000000000,0.681750000000,0.068250000000),
double3(0.818250000000,0.750000000000,0.068250000000),
double3(0.750000000000,0.681750000000,0.431750000000),
double3(0.818250000000,0.750000000000,0.431750000000),
double3(0.750000000000,0.818250000000,0.431750000000),
double3(0.681750000000,0.750000000000,0.431750000000),
double3(0.568250000000,0.568250000000,0.500000000000),
double3(0.590900000000,0.590900000000,0.590900000000),
double3(0.556850000000,0.556850000000,0.556850000000),
double3(0.875000000000,0.625000000000,0.625000000000),
double3(0.931750000000,0.568250000000,0.500000000000),
double3(0.909100000000,0.590900000000,0.590900000000),
double3(0.943150000000,0.556850000000,0.556850000000),
double3(0.875000000000,0.875000000000,0.625000000000),
double3(0.931750000000,0.931750000000,0.500000000000),
double3(0.909100000000,0.909100000000,0.590900000000),
double3(0.943150000000,0.943150000000,0.556850000000),
double3(0.625000000000,0.875000000000,0.625000000000),
double3(0.568250000000,0.931750000000,0.500000000000),
double3(0.590900000000,0.909100000000,0.590900000000),
double3(0.556850000000,0.943150000000,0.556850000000),
double3(0.625000000000,0.625000000000,0.625000000000),
double3(0.590900000000,0.909100000000,0.909100000000),
double3(0.556850000000,0.943150000000,0.943150000000),
double3(0.875000000000,0.875000000000,0.875000000000),
double3(0.590900000000,0.590900000000,0.909100000000),
double3(0.556850000000,0.556850000000,0.943150000000),
double3(0.625000000000,0.875000000000,0.875000000000),
double3(0.909100000000,0.590900000000,0.909100000000),
double3(0.943150000000,0.556850000000,0.943150000000),
double3(0.625000000000,0.625000000000,0.875000000000),
double3(0.909100000000,0.909100000000,0.909100000000),
double3(0.943150000000,0.943150000000,0.943150000000),
double3(0.875000000000,0.625000000000,0.875000000000),
double3(0.500000000000,0.568250000000,0.568250000000),
double3(0.931750000000,0.500000000000,0.568250000000),
double3(0.500000000000,0.931750000000,0.568250000000),
double3(0.568250000000,0.500000000000,0.568250000000),
double3(0.500000000000,0.931750000000,0.931750000000),
double3(0.568250000000,0.500000000000,0.931750000000),
double3(0.500000000000,0.568250000000,0.931750000000),
double3(0.931750000000,0.500000000000,0.931750000000),
double3(0.568250000000,0.818250000000,0.750000000000),
double3(0.590900000000,0.840900000000,0.840900000000),
double3(0.556850000000,0.806850000000,0.806850000000),
double3(0.931750000000,0.818250000000,0.750000000000),
double3(0.909100000000,0.840900000000,0.840900000000),
double3(0.943150000000,0.806850000000,0.806850000000),
double3(0.931750000000,0.681750000000,0.750000000000),
double3(0.909100000000,0.659100000000,0.840900000000),
double3(0.943150000000,0.693150000000,0.806850000000),
double3(0.568250000000,0.681750000000,0.750000000000),
double3(0.590900000000,0.659100000000,0.840900000000),
double3(0.556850000000,0.693150000000,0.806850000000),
double3(0.590900000000,0.659100000000,0.659100000000),
double3(0.556850000000,0.693150000000,0.693150000000),
double3(0.590900000000,0.840900000000,0.659100000000),
double3(0.556850000000,0.806850000000,0.693150000000),
double3(0.909100000000,0.840900000000,0.659100000000),
double3(0.943150000000,0.806850000000,0.693150000000),
double3(0.909100000000,0.659100000000,0.659100000000),
double3(0.943150000000,0.693150000000,0.693150000000),
double3(0.500000000000,0.818250000000,0.818250000000),
double3(0.931750000000,0.750000000000,0.818250000000),
double3(0.500000000000,0.681750000000,0.818250000000),
double3(0.568250000000,0.750000000000,0.818250000000),
double3(0.500000000000,0.681750000000,0.681750000000),
double3(0.568250000000,0.750000000000,0.681750000000),
double3(0.500000000000,0.818250000000,0.681750000000),
double3(0.931750000000,0.750000000000,0.681750000000),
double3(0.818250000000,0.568250000000,0.750000000000),
double3(0.840900000000,0.590900000000,0.840900000000),
double3(0.806850000000,0.556850000000,0.806850000000),
double3(0.681750000000,0.568250000000,0.750000000000),
double3(0.659100000000,0.590900000000,0.840900000000),
double3(0.693150000000,0.556850000000,0.806850000000),
double3(0.681750000000,0.931750000000,0.750000000000),
double3(0.659100000000,0.909100000000,0.840900000000),
double3(0.693150000000,0.943150000000,0.806850000000),
double3(0.818250000000,0.931750000000,0.750000000000),
double3(0.840900000000,0.909100000000,0.840900000000),
double3(0.806850000000,0.943150000000,0.806850000000),
double3(0.840900000000,0.909100000000,0.659100000000),
double3(0.806850000000,0.943150000000,0.693150000000),
double3(0.840900000000,0.590900000000,0.659100000000),
double3(0.806850000000,0.556850000000,0.693150000000),
double3(0.659100000000,0.590900000000,0.659100000000),
double3(0.693150000000,0.556850000000,0.693150000000),
double3(0.659100000000,0.909100000000,0.659100000000),
double3(0.693150000000,0.943150000000,0.693150000000),
double3(0.750000000000,0.568250000000,0.818250000000),
double3(0.681750000000,0.500000000000,0.818250000000),
double3(0.750000000000,0.931750000000,0.818250000000),
double3(0.818250000000,0.500000000000,0.818250000000),
double3(0.750000000000,0.931750000000,0.681750000000),
double3(0.818250000000,0.500000000000,0.681750000000),
double3(0.750000000000,0.568250000000,0.681750000000),
double3(0.681750000000,0.500000000000,0.681750000000),
double3(0.818250000000,0.818250000000,0.500000000000),
double3(0.840900000000,0.840900000000,0.590900000000),
double3(0.806850000000,0.806850000000,0.556850000000),
double3(0.681750000000,0.818250000000,0.500000000000),
double3(0.659100000000,0.840900000000,0.590900000000),
double3(0.693150000000,0.806850000000,0.556850000000),
double3(0.681750000000,0.681750000000,0.500000000000),
double3(0.659100000000,0.659100000000,0.590900000000),
double3(0.693150000000,0.693150000000,0.556850000000),
double3(0.818250000000,0.681750000000,0.500000000000),
double3(0.840900000000,0.659100000000,0.590900000000),
double3(0.806850000000,0.693150000000,0.556850000000),
double3(0.840900000000,0.659100000000,0.909100000000),
double3(0.806850000000,0.693150000000,0.943150000000),
double3(0.840900000000,0.840900000000,0.909100000000),
double3(0.806850000000,0.806850000000,0.943150000000),
double3(0.659100000000,0.840900000000,0.909100000000),
double3(0.693150000000,0.806850000000,0.943150000000),
double3(0.659100000000,0.659100000000,0.909100000000),
double3(0.693150000000,0.693150000000,0.943150000000),
double3(0.750000000000,0.818250000000,0.568250000000),
double3(0.681750000000,0.750000000000,0.568250000000),
double3(0.750000000000,0.681750000000,0.568250000000),
double3(0.818250000000,0.750000000000,0.568250000000),
double3(0.750000000000,0.681750000000,0.931750000000),
double3(0.818250000000,0.750000000000,0.931750000000),
double3(0.750000000000,0.818250000000,0.931750000000),
double3(0.681750000000,0.750000000000,0.931750000000),
