[double3(9.086940000000,0.000000000000,0.000000000000),double3(0.000000000000,7.554810000000,0.000000000000),double3(-3.295157047487,0.000000000000,9.944417998656)]

double3(0.104606666667,0.074215000000,0.103276666667),
double3(0.110350000000,0.074230000000,0.202460000000),
double3(0.293226666667,0.000000000000,0.116720000000),
double3(0.031023333333,0.000000000000,0.052743333333),
double3(0.089580000000,0.069757500000,0.148700000000),
double3(0.098493333333,0.125000000000,0.086953333333),
double3(0.163533333333,0.058672500000,0.112510000000),
double3(0.066813333333,0.043500000000,0.064993333333),
double3(0.105953333333,0.125000000000,0.216363333333),
double3(0.075973333333,0.043467500000,0.223873333333),
double3(0.000000000000,0.000000000000,0.166666666667),
double3(0.323986666667,0.000000000000,0.080643333333),
double3(0.000000000000,0.000000000000,0.000000000000),
double3(0.228726666667,0.074215000000,0.230056666667),
double3(0.222983333333,0.074230000000,0.130873333333),
double3(0.040106666667,0.000000000000,0.216613333333),
double3(0.302310000000,0.000000000000,0.280590000000),
double3(0.243753333333,0.069757500000,0.184633333333),
double3(0.234840000000,0.125000000000,0.246380000000),
double3(0.169800000000,0.058672500000,0.220823333333),
double3(0.266520000000,0.043500000000,0.268340000000),
double3(0.227380000000,0.125000000000,0.116970000000),
double3(0.257360000000,0.043467500000,0.109460000000),
double3(0.009346666667,0.000000000000,0.252690000000),
double3(0.228726666667,0.175785000000,0.230056666667),
double3(0.222983333333,0.175770000000,0.130873333333),
double3(0.243753333333,0.180242500000,0.184633333333),
double3(0.169800000000,0.191327500000,0.220823333333),
double3(0.266520000000,0.206500000000,0.268340000000),
double3(0.257360000000,0.206532500000,0.109460000000),
double3(0.104606666667,0.175785000000,0.103276666667),
double3(0.110350000000,0.175770000000,0.202460000000),
double3(0.089580000000,0.180242500000,0.148700000000),
double3(0.163533333333,0.191327500000,0.112510000000),
double3(0.066813333333,0.206500000000,0.064993333333),
double3(0.075973333333,0.206532500000,0.223873333333),
double3(0.104606666667,0.074215000000,0.436610000000),
double3(0.110350000000,0.074230000000,0.535793333333),
double3(0.293226666667,0.000000000000,0.450053333333),
double3(0.031023333333,0.000000000000,0.386076666667),
double3(0.089580000000,0.069757500000,0.482033333333),
double3(0.098493333333,0.125000000000,0.420286666667),
double3(0.163533333333,0.058672500000,0.445843333333),
double3(0.066813333333,0.043500000000,0.398326666667),
double3(0.105953333333,0.125000000000,0.549696666667),
double3(0.075973333333,0.043467500000,0.557206666667),
double3(0.000000000000,0.000000000000,0.500000000000),
double3(0.323986666667,0.000000000000,0.413976666667),
double3(0.000000000000,0.000000000000,0.333333333333),
double3(0.228726666667,0.074215000000,0.563390000000),
double3(0.222983333333,0.074230000000,0.464206666667),
double3(0.040106666667,0.000000000000,0.549946666667),
double3(0.302310000000,0.000000000000,0.613923333333),
double3(0.243753333333,0.069757500000,0.517966666667),
double3(0.234840000000,0.125000000000,0.579713333333),
double3(0.169800000000,0.058672500000,0.554156666667),
double3(0.266520000000,0.043500000000,0.601673333333),
double3(0.227380000000,0.125000000000,0.450303333333),
double3(0.257360000000,0.043467500000,0.442793333333),
double3(0.009346666667,0.000000000000,0.586023333333),
double3(0.228726666667,0.175785000000,0.563390000000),
double3(0.222983333333,0.175770000000,0.464206666667),
double3(0.243753333333,0.180242500000,0.517966666667),
double3(0.169800000000,0.191327500000,0.554156666667),
double3(0.266520000000,0.206500000000,0.601673333333),
double3(0.257360000000,0.206532500000,0.442793333333),
double3(0.104606666667,0.175785000000,0.436610000000),
double3(0.110350000000,0.175770000000,0.535793333333),
double3(0.089580000000,0.180242500000,0.482033333333),
double3(0.163533333333,0.191327500000,0.445843333333),
double3(0.066813333333,0.206500000000,0.398326666667),
double3(0.075973333333,0.206532500000,0.557206666667),
double3(0.104606666667,0.074215000000,0.769943333333),
double3(0.110350000000,0.074230000000,0.869126666667),
double3(0.293226666667,0.000000000000,0.783386666667),
double3(0.031023333333,0.000000000000,0.719410000000),
double3(0.089580000000,0.069757500000,0.815366666667),
double3(0.098493333333,0.125000000000,0.753620000000),
double3(0.163533333333,0.058672500000,0.779176666667),
double3(0.066813333333,0.043500000000,0.731660000000),
double3(0.105953333333,0.125000000000,0.883030000000),
double3(0.075973333333,0.043467500000,0.890540000000),
double3(0.000000000000,0.000000000000,0.833333333333),
double3(0.323986666667,0.000000000000,0.747310000000),
double3(0.000000000000,0.000000000000,0.666666666667),
double3(0.228726666667,0.074215000000,0.896723333333),
double3(0.222983333333,0.074230000000,0.797540000000),
double3(0.040106666667,0.000000000000,0.883280000000),
double3(0.302310000000,0.000000000000,0.947256666667),
double3(0.243753333333,0.069757500000,0.851300000000),
double3(0.234840000000,0.125000000000,0.913046666667),
double3(0.169800000000,0.058672500000,0.887490000000),
double3(0.266520000000,0.043500000000,0.935006666667),
double3(0.227380000000,0.125000000000,0.783636666667),
double3(0.257360000000,0.043467500000,0.776126666667),
double3(0.009346666667,0.000000000000,0.919356666667),
double3(0.228726666667,0.175785000000,0.896723333333),
double3(0.222983333333,0.175770000000,0.797540000000),
double3(0.243753333333,0.180242500000,0.851300000000),
double3(0.169800000000,0.191327500000,0.887490000000),
double3(0.266520000000,0.206500000000,0.935006666667),
double3(0.257360000000,0.206532500000,0.776126666667),
double3(0.104606666667,0.175785000000,0.769943333333),
double3(0.110350000000,0.175770000000,0.869126666667),
double3(0.089580000000,0.180242500000,0.815366666667),
double3(0.163533333333,0.191327500000,0.779176666667),
double3(0.066813333333,0.206500000000,0.731660000000),
double3(0.075973333333,0.206532500000,0.890540000000),
double3(0.104606666667,0.324215000000,0.103276666667),
double3(0.110350000000,0.324230000000,0.202460000000),
double3(0.293226666667,0.250000000000,0.116720000000),
double3(0.031023333333,0.250000000000,0.052743333333),
double3(0.089580000000,0.319757500000,0.148700000000),
double3(0.098493333333,0.375000000000,0.086953333333),
double3(0.163533333333,0.308672500000,0.112510000000),
double3(0.066813333333,0.293500000000,0.064993333333),
double3(0.105953333333,0.375000000000,0.216363333333),
double3(0.075973333333,0.293467500000,0.223873333333),
double3(0.000000000000,0.250000000000,0.166666666667),
double3(0.323986666667,0.250000000000,0.080643333333),
double3(0.000000000000,0.250000000000,0.000000000000),
double3(0.228726666667,0.324215000000,0.230056666667),
double3(0.222983333333,0.324230000000,0.130873333333),
double3(0.040106666667,0.250000000000,0.216613333333),
double3(0.302310000000,0.250000000000,0.280590000000),
double3(0.243753333333,0.319757500000,0.184633333333),
double3(0.234840000000,0.375000000000,0.246380000000),
double3(0.169800000000,0.308672500000,0.220823333333),
double3(0.266520000000,0.293500000000,0.268340000000),
double3(0.227380000000,0.375000000000,0.116970000000),
double3(0.257360000000,0.293467500000,0.109460000000),
double3(0.009346666667,0.250000000000,0.252690000000),
double3(0.228726666667,0.425785000000,0.230056666667),
double3(0.222983333333,0.425770000000,0.130873333333),
double3(0.243753333333,0.430242500000,0.184633333333),
double3(0.169800000000,0.441327500000,0.220823333333),
double3(0.266520000000,0.456500000000,0.268340000000),
double3(0.257360000000,0.456532500000,0.109460000000),
double3(0.104606666667,0.425785000000,0.103276666667),
double3(0.110350000000,0.425770000000,0.202460000000),
double3(0.089580000000,0.430242500000,0.148700000000),
double3(0.163533333333,0.441327500000,0.112510000000),
double3(0.066813333333,0.456500000000,0.064993333333),
double3(0.075973333333,0.456532500000,0.223873333333),
double3(0.104606666667,0.324215000000,0.436610000000),
double3(0.110350000000,0.324230000000,0.535793333333),
double3(0.293226666667,0.250000000000,0.450053333333),
double3(0.031023333333,0.250000000000,0.386076666667),
double3(0.089580000000,0.319757500000,0.482033333333),
double3(0.098493333333,0.375000000000,0.420286666667),
double3(0.163533333333,0.308672500000,0.445843333333),
double3(0.066813333333,0.293500000000,0.398326666667),
double3(0.105953333333,0.375000000000,0.549696666667),
double3(0.075973333333,0.293467500000,0.557206666667),
double3(0.000000000000,0.250000000000,0.500000000000),
double3(0.323986666667,0.250000000000,0.413976666667),
double3(0.000000000000,0.250000000000,0.333333333333),
double3(0.228726666667,0.324215000000,0.563390000000),
double3(0.222983333333,0.324230000000,0.464206666667),
double3(0.040106666667,0.250000000000,0.549946666667),
double3(0.302310000000,0.250000000000,0.613923333333),
double3(0.243753333333,0.319757500000,0.517966666667),
double3(0.234840000000,0.375000000000,0.579713333333),
double3(0.169800000000,0.308672500000,0.554156666667),
double3(0.266520000000,0.293500000000,0.601673333333),
double3(0.227380000000,0.375000000000,0.450303333333),
double3(0.257360000000,0.293467500000,0.442793333333),
double3(0.009346666667,0.250000000000,0.586023333333),
double3(0.228726666667,0.425785000000,0.563390000000),
double3(0.222983333333,0.425770000000,0.464206666667),
double3(0.243753333333,0.430242500000,0.517966666667),
double3(0.169800000000,0.441327500000,0.554156666667),
double3(0.266520000000,0.456500000000,0.601673333333),
double3(0.257360000000,0.456532500000,0.442793333333),
double3(0.104606666667,0.425785000000,0.436610000000),
double3(0.110350000000,0.425770000000,0.535793333333),
double3(0.089580000000,0.430242500000,0.482033333333),
double3(0.163533333333,0.441327500000,0.445843333333),
double3(0.066813333333,0.456500000000,0.398326666667),
double3(0.075973333333,0.456532500000,0.557206666667),
double3(0.104606666667,0.324215000000,0.769943333333),
double3(0.110350000000,0.324230000000,0.869126666667),
double3(0.293226666667,0.250000000000,0.783386666667),
double3(0.031023333333,0.250000000000,0.719410000000),
double3(0.089580000000,0.319757500000,0.815366666667),
double3(0.098493333333,0.375000000000,0.753620000000),
double3(0.163533333333,0.308672500000,0.779176666667),
double3(0.066813333333,0.293500000000,0.731660000000),
double3(0.105953333333,0.375000000000,0.883030000000),
double3(0.075973333333,0.293467500000,0.890540000000),
double3(0.000000000000,0.250000000000,0.833333333333),
double3(0.323986666667,0.250000000000,0.747310000000),
double3(0.000000000000,0.250000000000,0.666666666667),
double3(0.228726666667,0.324215000000,0.896723333333),
double3(0.222983333333,0.324230000000,0.797540000000),
double3(0.040106666667,0.250000000000,0.883280000000),
double3(0.302310000000,0.250000000000,0.947256666667),
double3(0.243753333333,0.319757500000,0.851300000000),
double3(0.234840000000,0.375000000000,0.913046666667),
double3(0.169800000000,0.308672500000,0.887490000000),
double3(0.266520000000,0.293500000000,0.935006666667),
double3(0.227380000000,0.375000000000,0.783636666667),
double3(0.257360000000,0.293467500000,0.776126666667),
double3(0.009346666667,0.250000000000,0.919356666667),
double3(0.228726666667,0.425785000000,0.896723333333),
double3(0.222983333333,0.425770000000,0.797540000000),
double3(0.243753333333,0.430242500000,0.851300000000),
double3(0.169800000000,0.441327500000,0.887490000000),
double3(0.266520000000,0.456500000000,0.935006666667),
double3(0.257360000000,0.456532500000,0.776126666667),
double3(0.104606666667,0.425785000000,0.769943333333),
double3(0.110350000000,0.425770000000,0.869126666667),
double3(0.089580000000,0.430242500000,0.815366666667),
double3(0.163533333333,0.441327500000,0.779176666667),
double3(0.066813333333,0.456500000000,0.731660000000),
double3(0.075973333333,0.456532500000,0.890540000000),
double3(0.104606666667,0.574215000000,0.103276666667),
double3(0.110350000000,0.574230000000,0.202460000000),
double3(0.293226666667,0.500000000000,0.116720000000),
double3(0.031023333333,0.500000000000,0.052743333333),
double3(0.089580000000,0.569757500000,0.148700000000),
double3(0.098493333333,0.625000000000,0.086953333333),
double3(0.163533333333,0.558672500000,0.112510000000),
double3(0.066813333333,0.543500000000,0.064993333333),
double3(0.105953333333,0.625000000000,0.216363333333),
double3(0.075973333333,0.543467500000,0.223873333333),
double3(0.000000000000,0.500000000000,0.166666666667),
double3(0.323986666667,0.500000000000,0.080643333333),
double3(0.000000000000,0.500000000000,0.000000000000),
double3(0.228726666667,0.574215000000,0.230056666667),
double3(0.222983333333,0.574230000000,0.130873333333),
double3(0.040106666667,0.500000000000,0.216613333333),
double3(0.302310000000,0.500000000000,0.280590000000),
double3(0.243753333333,0.569757500000,0.184633333333),
double3(0.234840000000,0.625000000000,0.246380000000),
double3(0.169800000000,0.558672500000,0.220823333333),
double3(0.266520000000,0.543500000000,0.268340000000),
double3(0.227380000000,0.625000000000,0.116970000000),
double3(0.257360000000,0.543467500000,0.109460000000),
double3(0.009346666667,0.500000000000,0.252690000000),
double3(0.228726666667,0.675785000000,0.230056666667),
double3(0.222983333333,0.675770000000,0.130873333333),
double3(0.243753333333,0.680242500000,0.184633333333),
double3(0.169800000000,0.691327500000,0.220823333333),
double3(0.266520000000,0.706500000000,0.268340000000),
double3(0.257360000000,0.706532500000,0.109460000000),
double3(0.104606666667,0.675785000000,0.103276666667),
double3(0.110350000000,0.675770000000,0.202460000000),
double3(0.089580000000,0.680242500000,0.148700000000),
double3(0.163533333333,0.691327500000,0.112510000000),
double3(0.066813333333,0.706500000000,0.064993333333),
double3(0.075973333333,0.706532500000,0.223873333333),
double3(0.104606666667,0.574215000000,0.436610000000),
double3(0.110350000000,0.574230000000,0.535793333333),
double3(0.293226666667,0.500000000000,0.450053333333),
double3(0.031023333333,0.500000000000,0.386076666667),
double3(0.089580000000,0.569757500000,0.482033333333),
double3(0.098493333333,0.625000000000,0.420286666667),
double3(0.163533333333,0.558672500000,0.445843333333),
double3(0.066813333333,0.543500000000,0.398326666667),
double3(0.105953333333,0.625000000000,0.549696666667),
double3(0.075973333333,0.543467500000,0.557206666667),
double3(0.000000000000,0.500000000000,0.500000000000),
double3(0.323986666667,0.500000000000,0.413976666667),
double3(0.000000000000,0.500000000000,0.333333333333),
double3(0.228726666667,0.574215000000,0.563390000000),
double3(0.222983333333,0.574230000000,0.464206666667),
double3(0.040106666667,0.500000000000,0.549946666667),
double3(0.302310000000,0.500000000000,0.613923333333),
double3(0.243753333333,0.569757500000,0.517966666667),
double3(0.234840000000,0.625000000000,0.579713333333),
double3(0.169800000000,0.558672500000,0.554156666667),
double3(0.266520000000,0.543500000000,0.601673333333),
double3(0.227380000000,0.625000000000,0.450303333333),
double3(0.257360000000,0.543467500000,0.442793333333),
double3(0.009346666667,0.500000000000,0.586023333333),
double3(0.228726666667,0.675785000000,0.563390000000),
double3(0.222983333333,0.675770000000,0.464206666667),
double3(0.243753333333,0.680242500000,0.517966666667),
double3(0.169800000000,0.691327500000,0.554156666667),
double3(0.266520000000,0.706500000000,0.601673333333),
double3(0.257360000000,0.706532500000,0.442793333333),
double3(0.104606666667,0.675785000000,0.436610000000),
double3(0.110350000000,0.675770000000,0.535793333333),
double3(0.089580000000,0.680242500000,0.482033333333),
double3(0.163533333333,0.691327500000,0.445843333333),
double3(0.066813333333,0.706500000000,0.398326666667),
double3(0.075973333333,0.706532500000,0.557206666667),
double3(0.104606666667,0.574215000000,0.769943333333),
double3(0.110350000000,0.574230000000,0.869126666667),
double3(0.293226666667,0.500000000000,0.783386666667),
double3(0.031023333333,0.500000000000,0.719410000000),
double3(0.089580000000,0.569757500000,0.815366666667),
double3(0.098493333333,0.625000000000,0.753620000000),
double3(0.163533333333,0.558672500000,0.779176666667),
double3(0.066813333333,0.543500000000,0.731660000000),
double3(0.105953333333,0.625000000000,0.883030000000),
double3(0.075973333333,0.543467500000,0.890540000000),
double3(0.000000000000,0.500000000000,0.833333333333),
double3(0.323986666667,0.500000000000,0.747310000000),
double3(0.000000000000,0.500000000000,0.666666666667),
double3(0.228726666667,0.574215000000,0.896723333333),
double3(0.222983333333,0.574230000000,0.797540000000),
double3(0.040106666667,0.500000000000,0.883280000000),
double3(0.302310000000,0.500000000000,0.947256666667),
double3(0.243753333333,0.569757500000,0.851300000000),
double3(0.234840000000,0.625000000000,0.913046666667),
double3(0.169800000000,0.558672500000,0.887490000000),
double3(0.266520000000,0.543500000000,0.935006666667),
double3(0.227380000000,0.625000000000,0.783636666667),
double3(0.257360000000,0.543467500000,0.776126666667),
double3(0.009346666667,0.500000000000,0.919356666667),
double3(0.228726666667,0.675785000000,0.896723333333),
double3(0.222983333333,0.675770000000,0.797540000000),
double3(0.243753333333,0.680242500000,0.851300000000),
double3(0.169800000000,0.691327500000,0.887490000000),
double3(0.266520000000,0.706500000000,0.935006666667),
double3(0.257360000000,0.706532500000,0.776126666667),
double3(0.104606666667,0.675785000000,0.769943333333),
double3(0.110350000000,0.675770000000,0.869126666667),
double3(0.089580000000,0.680242500000,0.815366666667),
double3(0.163533333333,0.691327500000,0.779176666667),
double3(0.066813333333,0.706500000000,0.731660000000),
double3(0.075973333333,0.706532500000,0.890540000000),
double3(0.104606666667,0.824215000000,0.103276666667),
double3(0.110350000000,0.824230000000,0.202460000000),
double3(0.293226666667,0.750000000000,0.116720000000),
double3(0.031023333333,0.750000000000,0.052743333333),
double3(0.089580000000,0.819757500000,0.148700000000),
double3(0.098493333333,0.875000000000,0.086953333333),
double3(0.163533333333,0.808672500000,0.112510000000),
double3(0.066813333333,0.793500000000,0.064993333333),
double3(0.105953333333,0.875000000000,0.216363333333),
double3(0.075973333333,0.793467500000,0.223873333333),
double3(0.000000000000,0.750000000000,0.166666666667),
double3(0.323986666667,0.750000000000,0.080643333333),
double3(0.000000000000,0.750000000000,0.000000000000),
double3(0.228726666667,0.824215000000,0.230056666667),
double3(0.222983333333,0.824230000000,0.130873333333),
double3(0.040106666667,0.750000000000,0.216613333333),
double3(0.302310000000,0.750000000000,0.280590000000),
double3(0.243753333333,0.819757500000,0.184633333333),
double3(0.234840000000,0.875000000000,0.246380000000),
double3(0.169800000000,0.808672500000,0.220823333333),
double3(0.266520000000,0.793500000000,0.268340000000),
double3(0.227380000000,0.875000000000,0.116970000000),
double3(0.257360000000,0.793467500000,0.109460000000),
double3(0.009346666667,0.750000000000,0.252690000000),
double3(0.228726666667,0.925785000000,0.230056666667),
double3(0.222983333333,0.925770000000,0.130873333333),
double3(0.243753333333,0.930242500000,0.184633333333),
double3(0.169800000000,0.941327500000,0.220823333333),
double3(0.266520000000,0.956500000000,0.268340000000),
double3(0.257360000000,0.956532500000,0.109460000000),
double3(0.104606666667,0.925785000000,0.103276666667),
double3(0.110350000000,0.925770000000,0.202460000000),
double3(0.089580000000,0.930242500000,0.148700000000),
double3(0.163533333333,0.941327500000,0.112510000000),
double3(0.066813333333,0.956500000000,0.064993333333),
double3(0.075973333333,0.956532500000,0.223873333333),
double3(0.104606666667,0.824215000000,0.436610000000),
double3(0.110350000000,0.824230000000,0.535793333333),
double3(0.293226666667,0.750000000000,0.450053333333),
double3(0.031023333333,0.750000000000,0.386076666667),
double3(0.089580000000,0.819757500000,0.482033333333),
double3(0.098493333333,0.875000000000,0.420286666667),
double3(0.163533333333,0.808672500000,0.445843333333),
double3(0.066813333333,0.793500000000,0.398326666667),
double3(0.105953333333,0.875000000000,0.549696666667),
double3(0.075973333333,0.793467500000,0.557206666667),
double3(0.000000000000,0.750000000000,0.500000000000),
double3(0.323986666667,0.750000000000,0.413976666667),
double3(0.000000000000,0.750000000000,0.333333333333),
double3(0.228726666667,0.824215000000,0.563390000000),
double3(0.222983333333,0.824230000000,0.464206666667),
double3(0.040106666667,0.750000000000,0.549946666667),
double3(0.302310000000,0.750000000000,0.613923333333),
double3(0.243753333333,0.819757500000,0.517966666667),
double3(0.234840000000,0.875000000000,0.579713333333),
double3(0.169800000000,0.808672500000,0.554156666667),
double3(0.266520000000,0.793500000000,0.601673333333),
double3(0.227380000000,0.875000000000,0.450303333333),
double3(0.257360000000,0.793467500000,0.442793333333),
double3(0.009346666667,0.750000000000,0.586023333333),
double3(0.228726666667,0.925785000000,0.563390000000),
double3(0.222983333333,0.925770000000,0.464206666667),
double3(0.243753333333,0.930242500000,0.517966666667),
double3(0.169800000000,0.941327500000,0.554156666667),
double3(0.266520000000,0.956500000000,0.601673333333),
double3(0.257360000000,0.956532500000,0.442793333333),
double3(0.104606666667,0.925785000000,0.436610000000),
double3(0.110350000000,0.925770000000,0.535793333333),
double3(0.089580000000,0.930242500000,0.482033333333),
double3(0.163533333333,0.941327500000,0.445843333333),
double3(0.066813333333,0.956500000000,0.398326666667),
double3(0.075973333333,0.956532500000,0.557206666667),
double3(0.104606666667,0.824215000000,0.769943333333),
double3(0.110350000000,0.824230000000,0.869126666667),
double3(0.293226666667,0.750000000000,0.783386666667),
double3(0.031023333333,0.750000000000,0.719410000000),
double3(0.089580000000,0.819757500000,0.815366666667),
double3(0.098493333333,0.875000000000,0.753620000000),
double3(0.163533333333,0.808672500000,0.779176666667),
double3(0.066813333333,0.793500000000,0.731660000000),
double3(0.105953333333,0.875000000000,0.883030000000),
double3(0.075973333333,0.793467500000,0.890540000000),
double3(0.000000000000,0.750000000000,0.833333333333),
double3(0.323986666667,0.750000000000,0.747310000000),
double3(0.000000000000,0.750000000000,0.666666666667),
double3(0.228726666667,0.824215000000,0.896723333333),
double3(0.222983333333,0.824230000000,0.797540000000),
double3(0.040106666667,0.750000000000,0.883280000000),
double3(0.302310000000,0.750000000000,0.947256666667),
double3(0.243753333333,0.819757500000,0.851300000000),
double3(0.234840000000,0.875000000000,0.913046666667),
double3(0.169800000000,0.808672500000,0.887490000000),
double3(0.266520000000,0.793500000000,0.935006666667),
double3(0.227380000000,0.875000000000,0.783636666667),
double3(0.257360000000,0.793467500000,0.776126666667),
double3(0.009346666667,0.750000000000,0.919356666667),
double3(0.228726666667,0.925785000000,0.896723333333),
double3(0.222983333333,0.925770000000,0.797540000000),
double3(0.243753333333,0.930242500000,0.851300000000),
double3(0.169800000000,0.941327500000,0.887490000000),
double3(0.266520000000,0.956500000000,0.935006666667),
double3(0.257360000000,0.956532500000,0.776126666667),
double3(0.104606666667,0.925785000000,0.769943333333),
double3(0.110350000000,0.925770000000,0.869126666667),
double3(0.089580000000,0.930242500000,0.815366666667),
double3(0.163533333333,0.941327500000,0.779176666667),
double3(0.066813333333,0.956500000000,0.731660000000),
double3(0.075973333333,0.956532500000,0.890540000000),
double3(0.437940000000,0.074215000000,0.103276666667),
double3(0.443683333333,0.074230000000,0.202460000000),
double3(0.626560000000,0.000000000000,0.116720000000),
double3(0.364356666667,0.000000000000,0.052743333333),
double3(0.422913333333,0.069757500000,0.148700000000),
double3(0.431826666667,0.125000000000,0.086953333333),
double3(0.496866666667,0.058672500000,0.112510000000),
double3(0.400146666667,0.043500000000,0.064993333333),
double3(0.439286666667,0.125000000000,0.216363333333),
double3(0.409306666667,0.043467500000,0.223873333333),
double3(0.333333333333,0.000000000000,0.166666666667),
double3(0.657320000000,0.000000000000,0.080643333333),
double3(0.333333333333,0.000000000000,0.000000000000),
double3(0.562060000000,0.074215000000,0.230056666667),
double3(0.556316666667,0.074230000000,0.130873333333),
double3(0.373440000000,0.000000000000,0.216613333333),
double3(0.635643333333,0.000000000000,0.280590000000),
double3(0.577086666667,0.069757500000,0.184633333333),
double3(0.568173333333,0.125000000000,0.246380000000),
double3(0.503133333333,0.058672500000,0.220823333333),
double3(0.599853333333,0.043500000000,0.268340000000),
double3(0.560713333333,0.125000000000,0.116970000000),
double3(0.590693333333,0.043467500000,0.109460000000),
double3(0.342680000000,0.000000000000,0.252690000000),
double3(0.562060000000,0.175785000000,0.230056666667),
double3(0.556316666667,0.175770000000,0.130873333333),
double3(0.577086666667,0.180242500000,0.184633333333),
double3(0.503133333333,0.191327500000,0.220823333333),
double3(0.599853333333,0.206500000000,0.268340000000),
double3(0.590693333333,0.206532500000,0.109460000000),
double3(0.437940000000,0.175785000000,0.103276666667),
double3(0.443683333333,0.175770000000,0.202460000000),
double3(0.422913333333,0.180242500000,0.148700000000),
double3(0.496866666667,0.191327500000,0.112510000000),
double3(0.400146666667,0.206500000000,0.064993333333),
double3(0.409306666667,0.206532500000,0.223873333333),
double3(0.437940000000,0.074215000000,0.436610000000),
double3(0.443683333333,0.074230000000,0.535793333333),
double3(0.626560000000,0.000000000000,0.450053333333),
double3(0.364356666667,0.000000000000,0.386076666667),
double3(0.422913333333,0.069757500000,0.482033333333),
double3(0.431826666667,0.125000000000,0.420286666667),
double3(0.496866666667,0.058672500000,0.445843333333),
double3(0.400146666667,0.043500000000,0.398326666667),
double3(0.439286666667,0.125000000000,0.549696666667),
double3(0.409306666667,0.043467500000,0.557206666667),
double3(0.333333333333,0.000000000000,0.500000000000),
double3(0.657320000000,0.000000000000,0.413976666667),
double3(0.333333333333,0.000000000000,0.333333333333),
double3(0.562060000000,0.074215000000,0.563390000000),
double3(0.556316666667,0.074230000000,0.464206666667),
double3(0.373440000000,0.000000000000,0.549946666667),
double3(0.635643333333,0.000000000000,0.613923333333),
double3(0.577086666667,0.069757500000,0.517966666667),
double3(0.568173333333,0.125000000000,0.579713333333),
double3(0.503133333333,0.058672500000,0.554156666667),
double3(0.599853333333,0.043500000000,0.601673333333),
double3(0.560713333333,0.125000000000,0.450303333333),
double3(0.590693333333,0.043467500000,0.442793333333),
double3(0.342680000000,0.000000000000,0.586023333333),
double3(0.562060000000,0.175785000000,0.563390000000),
double3(0.556316666667,0.175770000000,0.464206666667),
double3(0.577086666667,0.180242500000,0.517966666667),
double3(0.503133333333,0.191327500000,0.554156666667),
double3(0.599853333333,0.206500000000,0.601673333333),
double3(0.590693333333,0.206532500000,0.442793333333),
double3(0.437940000000,0.175785000000,0.436610000000),
double3(0.443683333333,0.175770000000,0.535793333333),
double3(0.422913333333,0.180242500000,0.482033333333),
double3(0.496866666667,0.191327500000,0.445843333333),
double3(0.400146666667,0.206500000000,0.398326666667),
double3(0.409306666667,0.206532500000,0.557206666667),
double3(0.437940000000,0.074215000000,0.769943333333),
double3(0.443683333333,0.074230000000,0.869126666667),
double3(0.626560000000,0.000000000000,0.783386666667),
double3(0.364356666667,0.000000000000,0.719410000000),
double3(0.422913333333,0.069757500000,0.815366666667),
double3(0.431826666667,0.125000000000,0.753620000000),
double3(0.496866666667,0.058672500000,0.779176666667),
double3(0.400146666667,0.043500000000,0.731660000000),
double3(0.439286666667,0.125000000000,0.883030000000),
double3(0.409306666667,0.043467500000,0.890540000000),
double3(0.333333333333,0.000000000000,0.833333333333),
double3(0.657320000000,0.000000000000,0.747310000000),
double3(0.333333333333,0.000000000000,0.666666666667),
double3(0.562060000000,0.074215000000,0.896723333333),
double3(0.556316666667,0.074230000000,0.797540000000),
double3(0.373440000000,0.000000000000,0.883280000000),
double3(0.635643333333,0.000000000000,0.947256666667),
double3(0.577086666667,0.069757500000,0.851300000000),
double3(0.568173333333,0.125000000000,0.913046666667),
double3(0.503133333333,0.058672500000,0.887490000000),
double3(0.599853333333,0.043500000000,0.935006666667),
double3(0.560713333333,0.125000000000,0.783636666667),
double3(0.590693333333,0.043467500000,0.776126666667),
double3(0.342680000000,0.000000000000,0.919356666667),
double3(0.562060000000,0.175785000000,0.896723333333),
double3(0.556316666667,0.175770000000,0.797540000000),
double3(0.577086666667,0.180242500000,0.851300000000),
double3(0.503133333333,0.191327500000,0.887490000000),
double3(0.599853333333,0.206500000000,0.935006666667),
double3(0.590693333333,0.206532500000,0.776126666667),
double3(0.437940000000,0.175785000000,0.769943333333),
double3(0.443683333333,0.175770000000,0.869126666667),
double3(0.422913333333,0.180242500000,0.815366666667),
double3(0.496866666667,0.191327500000,0.779176666667),
double3(0.400146666667,0.206500000000,0.731660000000),
double3(0.409306666667,0.206532500000,0.890540000000),
double3(0.437940000000,0.324215000000,0.103276666667),
double3(0.443683333333,0.324230000000,0.202460000000),
double3(0.626560000000,0.250000000000,0.116720000000),
double3(0.364356666667,0.250000000000,0.052743333333),
double3(0.422913333333,0.319757500000,0.148700000000),
double3(0.431826666667,0.375000000000,0.086953333333),
double3(0.496866666667,0.308672500000,0.112510000000),
double3(0.400146666667,0.293500000000,0.064993333333),
double3(0.439286666667,0.375000000000,0.216363333333),
double3(0.409306666667,0.293467500000,0.223873333333),
double3(0.333333333333,0.250000000000,0.166666666667),
double3(0.657320000000,0.250000000000,0.080643333333),
double3(0.333333333333,0.250000000000,0.000000000000),
double3(0.562060000000,0.324215000000,0.230056666667),
double3(0.556316666667,0.324230000000,0.130873333333),
double3(0.373440000000,0.250000000000,0.216613333333),
double3(0.635643333333,0.250000000000,0.280590000000),
double3(0.577086666667,0.319757500000,0.184633333333),
double3(0.568173333333,0.375000000000,0.246380000000),
double3(0.503133333333,0.308672500000,0.220823333333),
double3(0.599853333333,0.293500000000,0.268340000000),
double3(0.560713333333,0.375000000000,0.116970000000),
double3(0.590693333333,0.293467500000,0.109460000000),
double3(0.342680000000,0.250000000000,0.252690000000),
double3(0.562060000000,0.425785000000,0.230056666667),
double3(0.556316666667,0.425770000000,0.130873333333),
double3(0.577086666667,0.430242500000,0.184633333333),
double3(0.503133333333,0.441327500000,0.220823333333),
double3(0.599853333333,0.456500000000,0.268340000000),
double3(0.590693333333,0.456532500000,0.109460000000),
double3(0.437940000000,0.425785000000,0.103276666667),
double3(0.443683333333,0.425770000000,0.202460000000),
double3(0.422913333333,0.430242500000,0.148700000000),
double3(0.496866666667,0.441327500000,0.112510000000),
double3(0.400146666667,0.456500000000,0.064993333333),
double3(0.409306666667,0.456532500000,0.223873333333),
double3(0.437940000000,0.324215000000,0.436610000000),
double3(0.443683333333,0.324230000000,0.535793333333),
double3(0.626560000000,0.250000000000,0.450053333333),
double3(0.364356666667,0.250000000000,0.386076666667),
double3(0.422913333333,0.319757500000,0.482033333333),
double3(0.431826666667,0.375000000000,0.420286666667),
double3(0.496866666667,0.308672500000,0.445843333333),
double3(0.400146666667,0.293500000000,0.398326666667),
double3(0.439286666667,0.375000000000,0.549696666667),
double3(0.409306666667,0.293467500000,0.557206666667),
double3(0.333333333333,0.250000000000,0.500000000000),
double3(0.657320000000,0.250000000000,0.413976666667),
double3(0.333333333333,0.250000000000,0.333333333333),
double3(0.562060000000,0.324215000000,0.563390000000),
double3(0.556316666667,0.324230000000,0.464206666667),
double3(0.373440000000,0.250000000000,0.549946666667),
double3(0.635643333333,0.250000000000,0.613923333333),
double3(0.577086666667,0.319757500000,0.517966666667),
double3(0.568173333333,0.375000000000,0.579713333333),
double3(0.503133333333,0.308672500000,0.554156666667),
double3(0.599853333333,0.293500000000,0.601673333333),
double3(0.560713333333,0.375000000000,0.450303333333),
double3(0.590693333333,0.293467500000,0.442793333333),
double3(0.342680000000,0.250000000000,0.586023333333),
double3(0.562060000000,0.425785000000,0.563390000000),
double3(0.556316666667,0.425770000000,0.464206666667),
double3(0.577086666667,0.430242500000,0.517966666667),
double3(0.503133333333,0.441327500000,0.554156666667),
double3(0.599853333333,0.456500000000,0.601673333333),
double3(0.590693333333,0.456532500000,0.442793333333),
double3(0.437940000000,0.425785000000,0.436610000000),
double3(0.443683333333,0.425770000000,0.535793333333),
double3(0.422913333333,0.430242500000,0.482033333333),
double3(0.496866666667,0.441327500000,0.445843333333),
double3(0.400146666667,0.456500000000,0.398326666667),
double3(0.409306666667,0.456532500000,0.557206666667),
double3(0.437940000000,0.324215000000,0.769943333333),
double3(0.443683333333,0.324230000000,0.869126666667),
double3(0.626560000000,0.250000000000,0.783386666667),
double3(0.364356666667,0.250000000000,0.719410000000),
double3(0.422913333333,0.319757500000,0.815366666667),
double3(0.431826666667,0.375000000000,0.753620000000),
double3(0.496866666667,0.308672500000,0.779176666667),
double3(0.400146666667,0.293500000000,0.731660000000),
double3(0.439286666667,0.375000000000,0.883030000000),
double3(0.409306666667,0.293467500000,0.890540000000),
double3(0.333333333333,0.250000000000,0.833333333333),
double3(0.657320000000,0.250000000000,0.747310000000),
double3(0.333333333333,0.250000000000,0.666666666667),
double3(0.562060000000,0.324215000000,0.896723333333),
double3(0.556316666667,0.324230000000,0.797540000000),
double3(0.373440000000,0.250000000000,0.883280000000),
double3(0.635643333333,0.250000000000,0.947256666667),
double3(0.577086666667,0.319757500000,0.851300000000),
double3(0.568173333333,0.375000000000,0.913046666667),
double3(0.503133333333,0.308672500000,0.887490000000),
double3(0.599853333333,0.293500000000,0.935006666667),
double3(0.560713333333,0.375000000000,0.783636666667),
double3(0.590693333333,0.293467500000,0.776126666667),
double3(0.342680000000,0.250000000000,0.919356666667),
double3(0.562060000000,0.425785000000,0.896723333333),
double3(0.556316666667,0.425770000000,0.797540000000),
double3(0.577086666667,0.430242500000,0.851300000000),
double3(0.503133333333,0.441327500000,0.887490000000),
double3(0.599853333333,0.456500000000,0.935006666667),
double3(0.590693333333,0.456532500000,0.776126666667),
double3(0.437940000000,0.425785000000,0.769943333333),
double3(0.443683333333,0.425770000000,0.869126666667),
double3(0.422913333333,0.430242500000,0.815366666667),
double3(0.496866666667,0.441327500000,0.779176666667),
double3(0.400146666667,0.456500000000,0.731660000000),
double3(0.409306666667,0.456532500000,0.890540000000),
double3(0.437940000000,0.574215000000,0.103276666667),
double3(0.443683333333,0.574230000000,0.202460000000),
double3(0.626560000000,0.500000000000,0.116720000000),
double3(0.364356666667,0.500000000000,0.052743333333),
double3(0.422913333333,0.569757500000,0.148700000000),
double3(0.431826666667,0.625000000000,0.086953333333),
double3(0.496866666667,0.558672500000,0.112510000000),
double3(0.400146666667,0.543500000000,0.064993333333),
double3(0.439286666667,0.625000000000,0.216363333333),
double3(0.409306666667,0.543467500000,0.223873333333),
double3(0.333333333333,0.500000000000,0.166666666667),
double3(0.657320000000,0.500000000000,0.080643333333),
double3(0.333333333333,0.500000000000,0.000000000000),
double3(0.562060000000,0.574215000000,0.230056666667),
double3(0.556316666667,0.574230000000,0.130873333333),
double3(0.373440000000,0.500000000000,0.216613333333),
double3(0.635643333333,0.500000000000,0.280590000000),
double3(0.577086666667,0.569757500000,0.184633333333),
double3(0.568173333333,0.625000000000,0.246380000000),
double3(0.503133333333,0.558672500000,0.220823333333),
double3(0.599853333333,0.543500000000,0.268340000000),
double3(0.560713333333,0.625000000000,0.116970000000),
double3(0.590693333333,0.543467500000,0.109460000000),
double3(0.342680000000,0.500000000000,0.252690000000),
double3(0.562060000000,0.675785000000,0.230056666667),
double3(0.556316666667,0.675770000000,0.130873333333),
double3(0.577086666667,0.680242500000,0.184633333333),
double3(0.503133333333,0.691327500000,0.220823333333),
double3(0.599853333333,0.706500000000,0.268340000000),
double3(0.590693333333,0.706532500000,0.109460000000),
double3(0.437940000000,0.675785000000,0.103276666667),
double3(0.443683333333,0.675770000000,0.202460000000),
double3(0.422913333333,0.680242500000,0.148700000000),
double3(0.496866666667,0.691327500000,0.112510000000),
double3(0.400146666667,0.706500000000,0.064993333333),
double3(0.409306666667,0.706532500000,0.223873333333),
double3(0.437940000000,0.574215000000,0.436610000000),
double3(0.443683333333,0.574230000000,0.535793333333),
double3(0.626560000000,0.500000000000,0.450053333333),
double3(0.364356666667,0.500000000000,0.386076666667),
double3(0.422913333333,0.569757500000,0.482033333333),
double3(0.431826666667,0.625000000000,0.420286666667),
double3(0.496866666667,0.558672500000,0.445843333333),
double3(0.400146666667,0.543500000000,0.398326666667),
double3(0.439286666667,0.625000000000,0.549696666667),
double3(0.409306666667,0.543467500000,0.557206666667),
double3(0.333333333333,0.500000000000,0.500000000000),
double3(0.657320000000,0.500000000000,0.413976666667),
double3(0.333333333333,0.500000000000,0.333333333333),
double3(0.562060000000,0.574215000000,0.563390000000),
double3(0.556316666667,0.574230000000,0.464206666667),
double3(0.373440000000,0.500000000000,0.549946666667),
double3(0.635643333333,0.500000000000,0.613923333333),
double3(0.577086666667,0.569757500000,0.517966666667),
double3(0.568173333333,0.625000000000,0.579713333333),
double3(0.503133333333,0.558672500000,0.554156666667),
double3(0.599853333333,0.543500000000,0.601673333333),
double3(0.560713333333,0.625000000000,0.450303333333),
double3(0.590693333333,0.543467500000,0.442793333333),
double3(0.342680000000,0.500000000000,0.586023333333),
double3(0.562060000000,0.675785000000,0.563390000000),
double3(0.556316666667,0.675770000000,0.464206666667),
double3(0.577086666667,0.680242500000,0.517966666667),
double3(0.503133333333,0.691327500000,0.554156666667),
double3(0.599853333333,0.706500000000,0.601673333333),
double3(0.590693333333,0.706532500000,0.442793333333),
double3(0.437940000000,0.675785000000,0.436610000000),
double3(0.443683333333,0.675770000000,0.535793333333),
double3(0.422913333333,0.680242500000,0.482033333333),
double3(0.496866666667,0.691327500000,0.445843333333),
double3(0.400146666667,0.706500000000,0.398326666667),
double3(0.409306666667,0.706532500000,0.557206666667),
double3(0.437940000000,0.574215000000,0.769943333333),
double3(0.443683333333,0.574230000000,0.869126666667),
double3(0.626560000000,0.500000000000,0.783386666667),
double3(0.364356666667,0.500000000000,0.719410000000),
double3(0.422913333333,0.569757500000,0.815366666667),
double3(0.431826666667,0.625000000000,0.753620000000),
double3(0.496866666667,0.558672500000,0.779176666667),
double3(0.400146666667,0.543500000000,0.731660000000),
double3(0.439286666667,0.625000000000,0.883030000000),
double3(0.409306666667,0.543467500000,0.890540000000),
double3(0.333333333333,0.500000000000,0.833333333333),
double3(0.657320000000,0.500000000000,0.747310000000),
double3(0.333333333333,0.500000000000,0.666666666667),
double3(0.562060000000,0.574215000000,0.896723333333),
double3(0.556316666667,0.574230000000,0.797540000000),
double3(0.373440000000,0.500000000000,0.883280000000),
double3(0.635643333333,0.500000000000,0.947256666667),
double3(0.577086666667,0.569757500000,0.851300000000),
double3(0.568173333333,0.625000000000,0.913046666667),
double3(0.503133333333,0.558672500000,0.887490000000),
double3(0.599853333333,0.543500000000,0.935006666667),
double3(0.560713333333,0.625000000000,0.783636666667),
double3(0.590693333333,0.543467500000,0.776126666667),
double3(0.342680000000,0.500000000000,0.919356666667),
double3(0.562060000000,0.675785000000,0.896723333333),
double3(0.556316666667,0.675770000000,0.797540000000),
double3(0.577086666667,0.680242500000,0.851300000000),
double3(0.503133333333,0.691327500000,0.887490000000),
double3(0.599853333333,0.706500000000,0.935006666667),
double3(0.590693333333,0.706532500000,0.776126666667),
double3(0.437940000000,0.675785000000,0.769943333333),
double3(0.443683333333,0.675770000000,0.869126666667),
double3(0.422913333333,0.680242500000,0.815366666667),
double3(0.496866666667,0.691327500000,0.779176666667),
double3(0.400146666667,0.706500000000,0.731660000000),
double3(0.409306666667,0.706532500000,0.890540000000),
double3(0.437940000000,0.824215000000,0.103276666667),
double3(0.443683333333,0.824230000000,0.202460000000),
double3(0.626560000000,0.750000000000,0.116720000000),
double3(0.364356666667,0.750000000000,0.052743333333),
double3(0.422913333333,0.819757500000,0.148700000000),
double3(0.431826666667,0.875000000000,0.086953333333),
double3(0.496866666667,0.808672500000,0.112510000000),
double3(0.400146666667,0.793500000000,0.064993333333),
double3(0.439286666667,0.875000000000,0.216363333333),
double3(0.409306666667,0.793467500000,0.223873333333),
double3(0.333333333333,0.750000000000,0.166666666667),
double3(0.657320000000,0.750000000000,0.080643333333),
double3(0.333333333333,0.750000000000,0.000000000000),
double3(0.562060000000,0.824215000000,0.230056666667),
double3(0.556316666667,0.824230000000,0.130873333333),
double3(0.373440000000,0.750000000000,0.216613333333),
double3(0.635643333333,0.750000000000,0.280590000000),
double3(0.577086666667,0.819757500000,0.184633333333),
double3(0.568173333333,0.875000000000,0.246380000000),
double3(0.503133333333,0.808672500000,0.220823333333),
double3(0.599853333333,0.793500000000,0.268340000000),
double3(0.560713333333,0.875000000000,0.116970000000),
double3(0.590693333333,0.793467500000,0.109460000000),
double3(0.342680000000,0.750000000000,0.252690000000),
double3(0.562060000000,0.925785000000,0.230056666667),
double3(0.556316666667,0.925770000000,0.130873333333),
double3(0.577086666667,0.930242500000,0.184633333333),
double3(0.503133333333,0.941327500000,0.220823333333),
double3(0.599853333333,0.956500000000,0.268340000000),
double3(0.590693333333,0.956532500000,0.109460000000),
double3(0.437940000000,0.925785000000,0.103276666667),
double3(0.443683333333,0.925770000000,0.202460000000),
double3(0.422913333333,0.930242500000,0.148700000000),
double3(0.496866666667,0.941327500000,0.112510000000),
double3(0.400146666667,0.956500000000,0.064993333333),
double3(0.409306666667,0.956532500000,0.223873333333),
double3(0.437940000000,0.824215000000,0.436610000000),
double3(0.443683333333,0.824230000000,0.535793333333),
double3(0.626560000000,0.750000000000,0.450053333333),
double3(0.364356666667,0.750000000000,0.386076666667),
double3(0.422913333333,0.819757500000,0.482033333333),
double3(0.431826666667,0.875000000000,0.420286666667),
double3(0.496866666667,0.808672500000,0.445843333333),
double3(0.400146666667,0.793500000000,0.398326666667),
double3(0.439286666667,0.875000000000,0.549696666667),
double3(0.409306666667,0.793467500000,0.557206666667),
double3(0.333333333333,0.750000000000,0.500000000000),
double3(0.657320000000,0.750000000000,0.413976666667),
double3(0.333333333333,0.750000000000,0.333333333333),
double3(0.562060000000,0.824215000000,0.563390000000),
double3(0.556316666667,0.824230000000,0.464206666667),
double3(0.373440000000,0.750000000000,0.549946666667),
double3(0.635643333333,0.750000000000,0.613923333333),
double3(0.577086666667,0.819757500000,0.517966666667),
double3(0.568173333333,0.875000000000,0.579713333333),
double3(0.503133333333,0.808672500000,0.554156666667),
double3(0.599853333333,0.793500000000,0.601673333333),
double3(0.560713333333,0.875000000000,0.450303333333),
double3(0.590693333333,0.793467500000,0.442793333333),
double3(0.342680000000,0.750000000000,0.586023333333),
double3(0.562060000000,0.925785000000,0.563390000000),
double3(0.556316666667,0.925770000000,0.464206666667),
double3(0.577086666667,0.930242500000,0.517966666667),
double3(0.503133333333,0.941327500000,0.554156666667),
double3(0.599853333333,0.956500000000,0.601673333333),
double3(0.590693333333,0.956532500000,0.442793333333),
double3(0.437940000000,0.925785000000,0.436610000000),
double3(0.443683333333,0.925770000000,0.535793333333),
double3(0.422913333333,0.930242500000,0.482033333333),
double3(0.496866666667,0.941327500000,0.445843333333),
double3(0.400146666667,0.956500000000,0.398326666667),
double3(0.409306666667,0.956532500000,0.557206666667),
double3(0.437940000000,0.824215000000,0.769943333333),
double3(0.443683333333,0.824230000000,0.869126666667),
double3(0.626560000000,0.750000000000,0.783386666667),
double3(0.364356666667,0.750000000000,0.719410000000),
double3(0.422913333333,0.819757500000,0.815366666667),
double3(0.431826666667,0.875000000000,0.753620000000),
double3(0.496866666667,0.808672500000,0.779176666667),
double3(0.400146666667,0.793500000000,0.731660000000),
double3(0.439286666667,0.875000000000,0.883030000000),
double3(0.409306666667,0.793467500000,0.890540000000),
double3(0.333333333333,0.750000000000,0.833333333333),
double3(0.657320000000,0.750000000000,0.747310000000),
double3(0.333333333333,0.750000000000,0.666666666667),
double3(0.562060000000,0.824215000000,0.896723333333),
double3(0.556316666667,0.824230000000,0.797540000000),
double3(0.373440000000,0.750000000000,0.883280000000),
double3(0.635643333333,0.750000000000,0.947256666667),
double3(0.577086666667,0.819757500000,0.851300000000),
double3(0.568173333333,0.875000000000,0.913046666667),
double3(0.503133333333,0.808672500000,0.887490000000),
double3(0.599853333333,0.793500000000,0.935006666667),
double3(0.560713333333,0.875000000000,0.783636666667),
double3(0.590693333333,0.793467500000,0.776126666667),
double3(0.342680000000,0.750000000000,0.919356666667),
double3(0.562060000000,0.925785000000,0.896723333333),
double3(0.556316666667,0.925770000000,0.797540000000),
double3(0.577086666667,0.930242500000,0.851300000000),
double3(0.503133333333,0.941327500000,0.887490000000),
double3(0.599853333333,0.956500000000,0.935006666667),
double3(0.590693333333,0.956532500000,0.776126666667),
double3(0.437940000000,0.925785000000,0.769943333333),
double3(0.443683333333,0.925770000000,0.869126666667),
double3(0.422913333333,0.930242500000,0.815366666667),
double3(0.496866666667,0.941327500000,0.779176666667),
double3(0.400146666667,0.956500000000,0.731660000000),
double3(0.409306666667,0.956532500000,0.890540000000),
double3(0.771273333333,0.074215000000,0.103276666667),
double3(0.777016666667,0.074230000000,0.202460000000),
double3(0.959893333333,0.000000000000,0.116720000000),
double3(0.697690000000,0.000000000000,0.052743333333),
double3(0.756246666667,0.069757500000,0.148700000000),
double3(0.765160000000,0.125000000000,0.086953333333),
double3(0.830200000000,0.058672500000,0.112510000000),
double3(0.733480000000,0.043500000000,0.064993333333),
double3(0.772620000000,0.125000000000,0.216363333333),
double3(0.742640000000,0.043467500000,0.223873333333),
double3(0.666666666667,0.000000000000,0.166666666667),
double3(0.990653333333,0.000000000000,0.080643333333),
double3(0.666666666667,0.000000000000,0.000000000000),
double3(0.895393333333,0.074215000000,0.230056666667),
double3(0.889650000000,0.074230000000,0.130873333333),
double3(0.706773333333,0.000000000000,0.216613333333),
double3(0.968976666667,0.000000000000,0.280590000000),
double3(0.910420000000,0.069757500000,0.184633333333),
double3(0.901506666667,0.125000000000,0.246380000000),
double3(0.836466666667,0.058672500000,0.220823333333),
double3(0.933186666667,0.043500000000,0.268340000000),
double3(0.894046666667,0.125000000000,0.116970000000),
double3(0.924026666667,0.043467500000,0.109460000000),
double3(0.676013333333,0.000000000000,0.252690000000),
double3(0.895393333333,0.175785000000,0.230056666667),
double3(0.889650000000,0.175770000000,0.130873333333),
double3(0.910420000000,0.180242500000,0.184633333333),
double3(0.836466666667,0.191327500000,0.220823333333),
double3(0.933186666667,0.206500000000,0.268340000000),
double3(0.924026666667,0.206532500000,0.109460000000),
double3(0.771273333333,0.175785000000,0.103276666667),
double3(0.777016666667,0.175770000000,0.202460000000),
double3(0.756246666667,0.180242500000,0.148700000000),
double3(0.830200000000,0.191327500000,0.112510000000),
double3(0.733480000000,0.206500000000,0.064993333333),
double3(0.742640000000,0.206532500000,0.223873333333),
double3(0.771273333333,0.074215000000,0.436610000000),
double3(0.777016666667,0.074230000000,0.535793333333),
double3(0.959893333333,0.000000000000,0.450053333333),
double3(0.697690000000,0.000000000000,0.386076666667),
double3(0.756246666667,0.069757500000,0.482033333333),
double3(0.765160000000,0.125000000000,0.420286666667),
double3(0.830200000000,0.058672500000,0.445843333333),
double3(0.733480000000,0.043500000000,0.398326666667),
double3(0.772620000000,0.125000000000,0.549696666667),
double3(0.742640000000,0.043467500000,0.557206666667),
double3(0.666666666667,0.000000000000,0.500000000000),
double3(0.990653333333,0.000000000000,0.413976666667),
double3(0.666666666667,0.000000000000,0.333333333333),
double3(0.895393333333,0.074215000000,0.563390000000),
double3(0.889650000000,0.074230000000,0.464206666667),
double3(0.706773333333,0.000000000000,0.549946666667),
double3(0.968976666667,0.000000000000,0.613923333333),
double3(0.910420000000,0.069757500000,0.517966666667),
double3(0.901506666667,0.125000000000,0.579713333333),
double3(0.836466666667,0.058672500000,0.554156666667),
double3(0.933186666667,0.043500000000,0.601673333333),
double3(0.894046666667,0.125000000000,0.450303333333),
double3(0.924026666667,0.043467500000,0.442793333333),
double3(0.676013333333,0.000000000000,0.586023333333),
double3(0.895393333333,0.175785000000,0.563390000000),
double3(0.889650000000,0.175770000000,0.464206666667),
double3(0.910420000000,0.180242500000,0.517966666667),
double3(0.836466666667,0.191327500000,0.554156666667),
double3(0.933186666667,0.206500000000,0.601673333333),
double3(0.924026666667,0.206532500000,0.442793333333),
double3(0.771273333333,0.175785000000,0.436610000000),
double3(0.777016666667,0.175770000000,0.535793333333),
double3(0.756246666667,0.180242500000,0.482033333333),
double3(0.830200000000,0.191327500000,0.445843333333),
double3(0.733480000000,0.206500000000,0.398326666667),
double3(0.742640000000,0.206532500000,0.557206666667),
double3(0.771273333333,0.074215000000,0.769943333333),
double3(0.777016666667,0.074230000000,0.869126666667),
double3(0.959893333333,0.000000000000,0.783386666667),
double3(0.697690000000,0.000000000000,0.719410000000),
double3(0.756246666667,0.069757500000,0.815366666667),
double3(0.765160000000,0.125000000000,0.753620000000),
double3(0.830200000000,0.058672500000,0.779176666667),
double3(0.733480000000,0.043500000000,0.731660000000),
double3(0.772620000000,0.125000000000,0.883030000000),
double3(0.742640000000,0.043467500000,0.890540000000),
double3(0.666666666667,0.000000000000,0.833333333333),
double3(0.990653333333,0.000000000000,0.747310000000),
double3(0.666666666667,0.000000000000,0.666666666667),
double3(0.895393333333,0.074215000000,0.896723333333),
double3(0.889650000000,0.074230000000,0.797540000000),
double3(0.706773333333,0.000000000000,0.883280000000),
double3(0.968976666667,0.000000000000,0.947256666667),
double3(0.910420000000,0.069757500000,0.851300000000),
double3(0.901506666667,0.125000000000,0.913046666667),
double3(0.836466666667,0.058672500000,0.887490000000),
double3(0.933186666667,0.043500000000,0.935006666667),
double3(0.894046666667,0.125000000000,0.783636666667),
double3(0.924026666667,0.043467500000,0.776126666667),
double3(0.676013333333,0.000000000000,0.919356666667),
double3(0.895393333333,0.175785000000,0.896723333333),
double3(0.889650000000,0.175770000000,0.797540000000),
double3(0.910420000000,0.180242500000,0.851300000000),
double3(0.836466666667,0.191327500000,0.887490000000),
double3(0.933186666667,0.206500000000,0.935006666667),
double3(0.924026666667,0.206532500000,0.776126666667),
double3(0.771273333333,0.175785000000,0.769943333333),
double3(0.777016666667,0.175770000000,0.869126666667),
double3(0.756246666667,0.180242500000,0.815366666667),
double3(0.830200000000,0.191327500000,0.779176666667),
double3(0.733480000000,0.206500000000,0.731660000000),
double3(0.742640000000,0.206532500000,0.890540000000),
double3(0.771273333333,0.324215000000,0.103276666667),
double3(0.777016666667,0.324230000000,0.202460000000),
double3(0.959893333333,0.250000000000,0.116720000000),
double3(0.697690000000,0.250000000000,0.052743333333),
double3(0.756246666667,0.319757500000,0.148700000000),
double3(0.765160000000,0.375000000000,0.086953333333),
double3(0.830200000000,0.308672500000,0.112510000000),
double3(0.733480000000,0.293500000000,0.064993333333),
double3(0.772620000000,0.375000000000,0.216363333333),
double3(0.742640000000,0.293467500000,0.223873333333),
double3(0.666666666667,0.250000000000,0.166666666667),
double3(0.990653333333,0.250000000000,0.080643333333),
double3(0.666666666667,0.250000000000,0.000000000000),
double3(0.895393333333,0.324215000000,0.230056666667),
double3(0.889650000000,0.324230000000,0.130873333333),
double3(0.706773333333,0.250000000000,0.216613333333),
double3(0.968976666667,0.250000000000,0.280590000000),
double3(0.910420000000,0.319757500000,0.184633333333),
double3(0.901506666667,0.375000000000,0.246380000000),
double3(0.836466666667,0.308672500000,0.220823333333),
double3(0.933186666667,0.293500000000,0.268340000000),
double3(0.894046666667,0.375000000000,0.116970000000),
double3(0.924026666667,0.293467500000,0.109460000000),
double3(0.676013333333,0.250000000000,0.252690000000),
double3(0.895393333333,0.425785000000,0.230056666667),
double3(0.889650000000,0.425770000000,0.130873333333),
double3(0.910420000000,0.430242500000,0.184633333333),
double3(0.836466666667,0.441327500000,0.220823333333),
double3(0.933186666667,0.456500000000,0.268340000000),
double3(0.924026666667,0.456532500000,0.109460000000),
double3(0.771273333333,0.425785000000,0.103276666667),
double3(0.777016666667,0.425770000000,0.202460000000),
double3(0.756246666667,0.430242500000,0.148700000000),
double3(0.830200000000,0.441327500000,0.112510000000),
double3(0.733480000000,0.456500000000,0.064993333333),
double3(0.742640000000,0.456532500000,0.223873333333),
double3(0.771273333333,0.324215000000,0.436610000000),
double3(0.777016666667,0.324230000000,0.535793333333),
double3(0.959893333333,0.250000000000,0.450053333333),
double3(0.697690000000,0.250000000000,0.386076666667),
double3(0.756246666667,0.319757500000,0.482033333333),
double3(0.765160000000,0.375000000000,0.420286666667),
double3(0.830200000000,0.308672500000,0.445843333333),
double3(0.733480000000,0.293500000000,0.398326666667),
double3(0.772620000000,0.375000000000,0.549696666667),
double3(0.742640000000,0.293467500000,0.557206666667),
double3(0.666666666667,0.250000000000,0.500000000000),
double3(0.990653333333,0.250000000000,0.413976666667),
double3(0.666666666667,0.250000000000,0.333333333333),
double3(0.895393333333,0.324215000000,0.563390000000),
double3(0.889650000000,0.324230000000,0.464206666667),
double3(0.706773333333,0.250000000000,0.549946666667),
double3(0.968976666667,0.250000000000,0.613923333333),
double3(0.910420000000,0.319757500000,0.517966666667),
double3(0.901506666667,0.375000000000,0.579713333333),
double3(0.836466666667,0.308672500000,0.554156666667),
double3(0.933186666667,0.293500000000,0.601673333333),
double3(0.894046666667,0.375000000000,0.450303333333),
double3(0.924026666667,0.293467500000,0.442793333333),
double3(0.676013333333,0.250000000000,0.586023333333),
double3(0.895393333333,0.425785000000,0.563390000000),
double3(0.889650000000,0.425770000000,0.464206666667),
double3(0.910420000000,0.430242500000,0.517966666667),
double3(0.836466666667,0.441327500000,0.554156666667),
double3(0.933186666667,0.456500000000,0.601673333333),
double3(0.924026666667,0.456532500000,0.442793333333),
double3(0.771273333333,0.425785000000,0.436610000000),
double3(0.777016666667,0.425770000000,0.535793333333),
double3(0.756246666667,0.430242500000,0.482033333333),
double3(0.830200000000,0.441327500000,0.445843333333),
double3(0.733480000000,0.456500000000,0.398326666667),
double3(0.742640000000,0.456532500000,0.557206666667),
double3(0.771273333333,0.324215000000,0.769943333333),
double3(0.777016666667,0.324230000000,0.869126666667),
double3(0.959893333333,0.250000000000,0.783386666667),
double3(0.697690000000,0.250000000000,0.719410000000),
double3(0.756246666667,0.319757500000,0.815366666667),
double3(0.765160000000,0.375000000000,0.753620000000),
double3(0.830200000000,0.308672500000,0.779176666667),
double3(0.733480000000,0.293500000000,0.731660000000),
double3(0.772620000000,0.375000000000,0.883030000000),
double3(0.742640000000,0.293467500000,0.890540000000),
double3(0.666666666667,0.250000000000,0.833333333333),
double3(0.990653333333,0.250000000000,0.747310000000),
double3(0.666666666667,0.250000000000,0.666666666667),
double3(0.895393333333,0.324215000000,0.896723333333),
double3(0.889650000000,0.324230000000,0.797540000000),
double3(0.706773333333,0.250000000000,0.883280000000),
double3(0.968976666667,0.250000000000,0.947256666667),
double3(0.910420000000,0.319757500000,0.851300000000),
double3(0.901506666667,0.375000000000,0.913046666667),
double3(0.836466666667,0.308672500000,0.887490000000),
double3(0.933186666667,0.293500000000,0.935006666667),
double3(0.894046666667,0.375000000000,0.783636666667),
double3(0.924026666667,0.293467500000,0.776126666667),
double3(0.676013333333,0.250000000000,0.919356666667),
double3(0.895393333333,0.425785000000,0.896723333333),
double3(0.889650000000,0.425770000000,0.797540000000),
double3(0.910420000000,0.430242500000,0.851300000000),
double3(0.836466666667,0.441327500000,0.887490000000),
double3(0.933186666667,0.456500000000,0.935006666667),
double3(0.924026666667,0.456532500000,0.776126666667),
double3(0.771273333333,0.425785000000,0.769943333333),
double3(0.777016666667,0.425770000000,0.869126666667),
double3(0.756246666667,0.430242500000,0.815366666667),
double3(0.830200000000,0.441327500000,0.779176666667),
double3(0.733480000000,0.456500000000,0.731660000000),
double3(0.742640000000,0.456532500000,0.890540000000),
double3(0.771273333333,0.574215000000,0.103276666667),
double3(0.777016666667,0.574230000000,0.202460000000),
double3(0.959893333333,0.500000000000,0.116720000000),
double3(0.697690000000,0.500000000000,0.052743333333),
double3(0.756246666667,0.569757500000,0.148700000000),
double3(0.765160000000,0.625000000000,0.086953333333),
double3(0.830200000000,0.558672500000,0.112510000000),
double3(0.733480000000,0.543500000000,0.064993333333),
double3(0.772620000000,0.625000000000,0.216363333333),
double3(0.742640000000,0.543467500000,0.223873333333),
double3(0.666666666667,0.500000000000,0.166666666667),
double3(0.990653333333,0.500000000000,0.080643333333),
double3(0.666666666667,0.500000000000,0.000000000000),
double3(0.895393333333,0.574215000000,0.230056666667),
double3(0.889650000000,0.574230000000,0.130873333333),
double3(0.706773333333,0.500000000000,0.216613333333),
double3(0.968976666667,0.500000000000,0.280590000000),
double3(0.910420000000,0.569757500000,0.184633333333),
double3(0.901506666667,0.625000000000,0.246380000000),
double3(0.836466666667,0.558672500000,0.220823333333),
double3(0.933186666667,0.543500000000,0.268340000000),
double3(0.894046666667,0.625000000000,0.116970000000),
double3(0.924026666667,0.543467500000,0.109460000000),
double3(0.676013333333,0.500000000000,0.252690000000),
double3(0.895393333333,0.675785000000,0.230056666667),
double3(0.889650000000,0.675770000000,0.130873333333),
double3(0.910420000000,0.680242500000,0.184633333333),
double3(0.836466666667,0.691327500000,0.220823333333),
double3(0.933186666667,0.706500000000,0.268340000000),
double3(0.924026666667,0.706532500000,0.109460000000),
double3(0.771273333333,0.675785000000,0.103276666667),
double3(0.777016666667,0.675770000000,0.202460000000),
double3(0.756246666667,0.680242500000,0.148700000000),
double3(0.830200000000,0.691327500000,0.112510000000),
double3(0.733480000000,0.706500000000,0.064993333333),
double3(0.742640000000,0.706532500000,0.223873333333),
double3(0.771273333333,0.574215000000,0.436610000000),
double3(0.777016666667,0.574230000000,0.535793333333),
double3(0.959893333333,0.500000000000,0.450053333333),
double3(0.697690000000,0.500000000000,0.386076666667),
double3(0.756246666667,0.569757500000,0.482033333333),
double3(0.765160000000,0.625000000000,0.420286666667),
double3(0.830200000000,0.558672500000,0.445843333333),
double3(0.733480000000,0.543500000000,0.398326666667),
double3(0.772620000000,0.625000000000,0.549696666667),
double3(0.742640000000,0.543467500000,0.557206666667),
double3(0.666666666667,0.500000000000,0.500000000000),
double3(0.990653333333,0.500000000000,0.413976666667),
double3(0.666666666667,0.500000000000,0.333333333333),
double3(0.895393333333,0.574215000000,0.563390000000),
double3(0.889650000000,0.574230000000,0.464206666667),
double3(0.706773333333,0.500000000000,0.549946666667),
double3(0.968976666667,0.500000000000,0.613923333333),
double3(0.910420000000,0.569757500000,0.517966666667),
double3(0.901506666667,0.625000000000,0.579713333333),
double3(0.836466666667,0.558672500000,0.554156666667),
double3(0.933186666667,0.543500000000,0.601673333333),
double3(0.894046666667,0.625000000000,0.450303333333),
double3(0.924026666667,0.543467500000,0.442793333333),
double3(0.676013333333,0.500000000000,0.586023333333),
double3(0.895393333333,0.675785000000,0.563390000000),
double3(0.889650000000,0.675770000000,0.464206666667),
double3(0.910420000000,0.680242500000,0.517966666667),
double3(0.836466666667,0.691327500000,0.554156666667),
double3(0.933186666667,0.706500000000,0.601673333333),
double3(0.924026666667,0.706532500000,0.442793333333),
double3(0.771273333333,0.675785000000,0.436610000000),
double3(0.777016666667,0.675770000000,0.535793333333),
double3(0.756246666667,0.680242500000,0.482033333333),
double3(0.830200000000,0.691327500000,0.445843333333),
double3(0.733480000000,0.706500000000,0.398326666667),
double3(0.742640000000,0.706532500000,0.557206666667),
double3(0.771273333333,0.574215000000,0.769943333333),
double3(0.777016666667,0.574230000000,0.869126666667),
double3(0.959893333333,0.500000000000,0.783386666667),
double3(0.697690000000,0.500000000000,0.719410000000),
double3(0.756246666667,0.569757500000,0.815366666667),
double3(0.765160000000,0.625000000000,0.753620000000),
double3(0.830200000000,0.558672500000,0.779176666667),
double3(0.733480000000,0.543500000000,0.731660000000),
double3(0.772620000000,0.625000000000,0.883030000000),
double3(0.742640000000,0.543467500000,0.890540000000),
double3(0.666666666667,0.500000000000,0.833333333333),
double3(0.990653333333,0.500000000000,0.747310000000),
double3(0.666666666667,0.500000000000,0.666666666667),
double3(0.895393333333,0.574215000000,0.896723333333),
double3(0.889650000000,0.574230000000,0.797540000000),
double3(0.706773333333,0.500000000000,0.883280000000),
double3(0.968976666667,0.500000000000,0.947256666667),
double3(0.910420000000,0.569757500000,0.851300000000),
double3(0.901506666667,0.625000000000,0.913046666667),
double3(0.836466666667,0.558672500000,0.887490000000),
double3(0.933186666667,0.543500000000,0.935006666667),
double3(0.894046666667,0.625000000000,0.783636666667),
double3(0.924026666667,0.543467500000,0.776126666667),
double3(0.676013333333,0.500000000000,0.919356666667),
double3(0.895393333333,0.675785000000,0.896723333333),
double3(0.889650000000,0.675770000000,0.797540000000),
double3(0.910420000000,0.680242500000,0.851300000000),
double3(0.836466666667,0.691327500000,0.887490000000),
double3(0.933186666667,0.706500000000,0.935006666667),
double3(0.924026666667,0.706532500000,0.776126666667),
double3(0.771273333333,0.675785000000,0.769943333333),
double3(0.777016666667,0.675770000000,0.869126666667),
double3(0.756246666667,0.680242500000,0.815366666667),
double3(0.830200000000,0.691327500000,0.779176666667),
double3(0.733480000000,0.706500000000,0.731660000000),
double3(0.742640000000,0.706532500000,0.890540000000),
double3(0.771273333333,0.824215000000,0.103276666667),
double3(0.777016666667,0.824230000000,0.202460000000),
double3(0.959893333333,0.750000000000,0.116720000000),
double3(0.697690000000,0.750000000000,0.052743333333),
double3(0.756246666667,0.819757500000,0.148700000000),
double3(0.765160000000,0.875000000000,0.086953333333),
double3(0.830200000000,0.808672500000,0.112510000000),
double3(0.733480000000,0.793500000000,0.064993333333),
double3(0.772620000000,0.875000000000,0.216363333333),
double3(0.742640000000,0.793467500000,0.223873333333),
double3(0.666666666667,0.750000000000,0.166666666667),
double3(0.990653333333,0.750000000000,0.080643333333),
double3(0.666666666667,0.750000000000,0.000000000000),
double3(0.895393333333,0.824215000000,0.230056666667),
double3(0.889650000000,0.824230000000,0.130873333333),
double3(0.706773333333,0.750000000000,0.216613333333),
double3(0.968976666667,0.750000000000,0.280590000000),
double3(0.910420000000,0.819757500000,0.184633333333),
double3(0.901506666667,0.875000000000,0.246380000000),
double3(0.836466666667,0.808672500000,0.220823333333),
double3(0.933186666667,0.793500000000,0.268340000000),
double3(0.894046666667,0.875000000000,0.116970000000),
double3(0.924026666667,0.793467500000,0.109460000000),
double3(0.676013333333,0.750000000000,0.252690000000),
double3(0.895393333333,0.925785000000,0.230056666667),
double3(0.889650000000,0.925770000000,0.130873333333),
double3(0.910420000000,0.930242500000,0.184633333333),
double3(0.836466666667,0.941327500000,0.220823333333),
double3(0.933186666667,0.956500000000,0.268340000000),
double3(0.924026666667,0.956532500000,0.109460000000),
double3(0.771273333333,0.925785000000,0.103276666667),
double3(0.777016666667,0.925770000000,0.202460000000),
double3(0.756246666667,0.930242500000,0.148700000000),
double3(0.830200000000,0.941327500000,0.112510000000),
double3(0.733480000000,0.956500000000,0.064993333333),
double3(0.742640000000,0.956532500000,0.223873333333),
double3(0.771273333333,0.824215000000,0.436610000000),
double3(0.777016666667,0.824230000000,0.535793333333),
double3(0.959893333333,0.750000000000,0.450053333333),
double3(0.697690000000,0.750000000000,0.386076666667),
double3(0.756246666667,0.819757500000,0.482033333333),
double3(0.765160000000,0.875000000000,0.420286666667),
double3(0.830200000000,0.808672500000,0.445843333333),
double3(0.733480000000,0.793500000000,0.398326666667),
double3(0.772620000000,0.875000000000,0.549696666667),
double3(0.742640000000,0.793467500000,0.557206666667),
double3(0.666666666667,0.750000000000,0.500000000000),
double3(0.990653333333,0.750000000000,0.413976666667),
double3(0.666666666667,0.750000000000,0.333333333333),
double3(0.895393333333,0.824215000000,0.563390000000),
double3(0.889650000000,0.824230000000,0.464206666667),
double3(0.706773333333,0.750000000000,0.549946666667),
double3(0.968976666667,0.750000000000,0.613923333333),
double3(0.910420000000,0.819757500000,0.517966666667),
double3(0.901506666667,0.875000000000,0.579713333333),
double3(0.836466666667,0.808672500000,0.554156666667),
double3(0.933186666667,0.793500000000,0.601673333333),
double3(0.894046666667,0.875000000000,0.450303333333),
double3(0.924026666667,0.793467500000,0.442793333333),
double3(0.676013333333,0.750000000000,0.586023333333),
double3(0.895393333333,0.925785000000,0.563390000000),
double3(0.889650000000,0.925770000000,0.464206666667),
double3(0.910420000000,0.930242500000,0.517966666667),
double3(0.836466666667,0.941327500000,0.554156666667),
double3(0.933186666667,0.956500000000,0.601673333333),
double3(0.924026666667,0.956532500000,0.442793333333),
double3(0.771273333333,0.925785000000,0.436610000000),
double3(0.777016666667,0.925770000000,0.535793333333),
double3(0.756246666667,0.930242500000,0.482033333333),
double3(0.830200000000,0.941327500000,0.445843333333),
double3(0.733480000000,0.956500000000,0.398326666667),
double3(0.742640000000,0.956532500000,0.557206666667),
double3(0.771273333333,0.824215000000,0.769943333333),
double3(0.777016666667,0.824230000000,0.869126666667),
double3(0.959893333333,0.750000000000,0.783386666667),
double3(0.697690000000,0.750000000000,0.719410000000),
double3(0.756246666667,0.819757500000,0.815366666667),
double3(0.765160000000,0.875000000000,0.753620000000),
double3(0.830200000000,0.808672500000,0.779176666667),
double3(0.733480000000,0.793500000000,0.731660000000),
double3(0.772620000000,0.875000000000,0.883030000000),
double3(0.742640000000,0.793467500000,0.890540000000),
double3(0.666666666667,0.750000000000,0.833333333333),
double3(0.990653333333,0.750000000000,0.747310000000),
double3(0.666666666667,0.750000000000,0.666666666667),
double3(0.895393333333,0.824215000000,0.896723333333),
double3(0.889650000000,0.824230000000,0.797540000000),
double3(0.706773333333,0.750000000000,0.883280000000),
double3(0.968976666667,0.750000000000,0.947256666667),
double3(0.910420000000,0.819757500000,0.851300000000),
double3(0.901506666667,0.875000000000,0.913046666667),
double3(0.836466666667,0.808672500000,0.887490000000),
double3(0.933186666667,0.793500000000,0.935006666667),
double3(0.894046666667,0.875000000000,0.783636666667),
double3(0.924026666667,0.793467500000,0.776126666667),
double3(0.676013333333,0.750000000000,0.919356666667),
double3(0.895393333333,0.925785000000,0.896723333333),
double3(0.889650000000,0.925770000000,0.797540000000),
double3(0.910420000000,0.930242500000,0.851300000000),
double3(0.836466666667,0.941327500000,0.887490000000),
double3(0.933186666667,0.956500000000,0.935006666667),
double3(0.924026666667,0.956532500000,0.776126666667),
double3(0.771273333333,0.925785000000,0.769943333333),
double3(0.777016666667,0.925770000000,0.869126666667),
double3(0.756246666667,0.930242500000,0.815366666667),
double3(0.830200000000,0.941327500000,0.779176666667),
double3(0.733480000000,0.956500000000,0.731660000000),
double3(0.742640000000,0.956532500000,0.890540000000),
