[double3(13.883000000000,0.000000000000,0.000000000000),double3(0.000000000000,13.883000000000,0.000000000000),double3(0.000000000000,0.000000000000,13.883000000000)]

double3(0.138000000000,0.138000000000,0.250000000000),
double3(0.167400000000,0.100950000000,0.167400000000),
double3(0.080900000000,0.080900000000,0.202800000000),
double3(0.067200000000,0.000000000000,0.250000000000),
double3(0.121750000000,0.121750000000,0.196650000000),
double3(0.056950000000,0.056950000000,0.250000000000),
double3(0.362000000000,0.138000000000,0.250000000000),
double3(0.399050000000,0.167400000000,0.167400000000),
double3(0.419100000000,0.080900000000,0.202800000000),
double3(0.000000000000,0.067200000000,0.250000000000),
double3(0.378250000000,0.121750000000,0.196650000000),
double3(0.443050000000,0.056950000000,0.250000000000),
double3(0.362000000000,0.362000000000,0.250000000000),
double3(0.332600000000,0.399050000000,0.167400000000),
double3(0.419100000000,0.419100000000,0.202800000000),
double3(0.432800000000,0.000000000000,0.250000000000),
double3(0.378250000000,0.378250000000,0.196650000000),
double3(0.443050000000,0.443050000000,0.250000000000),
double3(0.138000000000,0.362000000000,0.250000000000),
double3(0.100950000000,0.332600000000,0.167400000000),
double3(0.080900000000,0.419100000000,0.202800000000),
double3(0.000000000000,0.432800000000,0.250000000000),
double3(0.121750000000,0.378250000000,0.196650000000),
double3(0.056950000000,0.443050000000,0.250000000000),
double3(0.167400000000,0.399050000000,0.332600000000),
double3(0.080900000000,0.419100000000,0.297200000000),
double3(0.121750000000,0.378250000000,0.303350000000),
double3(0.100950000000,0.167400000000,0.332600000000),
double3(0.080900000000,0.080900000000,0.297200000000),
double3(0.121750000000,0.121750000000,0.303350000000),
double3(0.332600000000,0.100950000000,0.332600000000),
double3(0.419100000000,0.080900000000,0.297200000000),
double3(0.378250000000,0.121750000000,0.303350000000),
double3(0.399050000000,0.332600000000,0.332600000000),
double3(0.419100000000,0.419100000000,0.297200000000),
double3(0.378250000000,0.378250000000,0.303350000000),
double3(0.250000000000,0.138000000000,0.138000000000),
double3(0.167400000000,0.167400000000,0.100950000000),
double3(0.202800000000,0.080900000000,0.080900000000),
double3(0.250000000000,0.067200000000,0.000000000000),
double3(0.196650000000,0.121750000000,0.121750000000),
double3(0.250000000000,0.056950000000,0.056950000000),
double3(0.362000000000,0.250000000000,0.138000000000),
double3(0.332600000000,0.167400000000,0.100950000000),
double3(0.419100000000,0.202800000000,0.080900000000),
double3(0.432800000000,0.250000000000,0.000000000000),
double3(0.378250000000,0.196650000000,0.121750000000),
double3(0.443050000000,0.250000000000,0.056950000000),
double3(0.250000000000,0.362000000000,0.138000000000),
double3(0.332600000000,0.332600000000,0.100950000000),
double3(0.297200000000,0.419100000000,0.080900000000),
double3(0.250000000000,0.432800000000,0.000000000000),
double3(0.303350000000,0.378250000000,0.121750000000),
double3(0.250000000000,0.443050000000,0.056950000000),
double3(0.138000000000,0.250000000000,0.138000000000),
double3(0.167400000000,0.332600000000,0.100950000000),
double3(0.080900000000,0.297200000000,0.080900000000),
double3(0.067200000000,0.250000000000,0.000000000000),
double3(0.121750000000,0.303350000000,0.121750000000),
double3(0.056950000000,0.250000000000,0.056950000000),
double3(0.250000000000,0.362000000000,0.362000000000),
double3(0.167400000000,0.332600000000,0.399050000000),
double3(0.202800000000,0.419100000000,0.419100000000),
double3(0.196650000000,0.378250000000,0.378250000000),
double3(0.250000000000,0.443050000000,0.443050000000),
double3(0.138000000000,0.250000000000,0.362000000000),
double3(0.167400000000,0.167400000000,0.399050000000),
double3(0.080900000000,0.202800000000,0.419100000000),
double3(0.121750000000,0.196650000000,0.378250000000),
double3(0.056950000000,0.250000000000,0.443050000000),
double3(0.250000000000,0.138000000000,0.362000000000),
double3(0.332600000000,0.167400000000,0.399050000000),
double3(0.297200000000,0.080900000000,0.419100000000),
double3(0.303350000000,0.121750000000,0.378250000000),
double3(0.250000000000,0.056950000000,0.443050000000),
double3(0.362000000000,0.250000000000,0.362000000000),
double3(0.332600000000,0.332600000000,0.399050000000),
double3(0.419100000000,0.297200000000,0.419100000000),
double3(0.378250000000,0.303350000000,0.378250000000),
double3(0.443050000000,0.250000000000,0.443050000000),
double3(0.100950000000,0.167400000000,0.167400000000),
double3(0.080900000000,0.202800000000,0.080900000000),
double3(0.000000000000,0.250000000000,0.067200000000),
double3(0.121750000000,0.196650000000,0.121750000000),
double3(0.100950000000,0.332600000000,0.332600000000),
double3(0.080900000000,0.297200000000,0.419100000000),
double3(0.000000000000,0.250000000000,0.432800000000),
double3(0.121750000000,0.303350000000,0.378250000000),
double3(0.167400000000,0.100950000000,0.332600000000),
double3(0.202800000000,0.080900000000,0.419100000000),
double3(0.250000000000,0.000000000000,0.432800000000),
double3(0.196650000000,0.121750000000,0.378250000000),
double3(0.399050000000,0.167400000000,0.332600000000),
double3(0.419100000000,0.202800000000,0.419100000000),
double3(0.378250000000,0.196650000000,0.378250000000),
double3(0.332600000000,0.399050000000,0.332600000000),
double3(0.297200000000,0.419100000000,0.419100000000),
double3(0.303350000000,0.378250000000,0.378250000000),
double3(0.399050000000,0.332600000000,0.167400000000),
double3(0.419100000000,0.297200000000,0.080900000000),
double3(0.378250000000,0.303350000000,0.121750000000),
double3(0.167400000000,0.399050000000,0.167400000000),
double3(0.202800000000,0.419100000000,0.080900000000),
double3(0.250000000000,0.000000000000,0.067200000000),
double3(0.196650000000,0.378250000000,0.121750000000),
double3(0.332600000000,0.100950000000,0.167400000000),
double3(0.297200000000,0.080900000000,0.080900000000),
double3(0.303350000000,0.121750000000,0.121750000000),
double3(0.138000000000,0.138000000000,0.750000000000),
double3(0.167400000000,0.100950000000,0.667400000000),
double3(0.080900000000,0.080900000000,0.702800000000),
double3(0.067200000000,0.000000000000,0.750000000000),
double3(0.121750000000,0.121750000000,0.696650000000),
double3(0.056950000000,0.056950000000,0.750000000000),
double3(0.362000000000,0.138000000000,0.750000000000),
double3(0.399050000000,0.167400000000,0.667400000000),
double3(0.419100000000,0.080900000000,0.702800000000),
double3(0.000000000000,0.067200000000,0.750000000000),
double3(0.378250000000,0.121750000000,0.696650000000),
double3(0.443050000000,0.056950000000,0.750000000000),
double3(0.362000000000,0.362000000000,0.750000000000),
double3(0.332600000000,0.399050000000,0.667400000000),
double3(0.419100000000,0.419100000000,0.702800000000),
double3(0.432800000000,0.000000000000,0.750000000000),
double3(0.378250000000,0.378250000000,0.696650000000),
double3(0.443050000000,0.443050000000,0.750000000000),
double3(0.138000000000,0.362000000000,0.750000000000),
double3(0.100950000000,0.332600000000,0.667400000000),
double3(0.080900000000,0.419100000000,0.702800000000),
double3(0.000000000000,0.432800000000,0.750000000000),
double3(0.121750000000,0.378250000000,0.696650000000),
double3(0.056950000000,0.443050000000,0.750000000000),
double3(0.167400000000,0.399050000000,0.832600000000),
double3(0.080900000000,0.419100000000,0.797200000000),
double3(0.121750000000,0.378250000000,0.803350000000),
double3(0.100950000000,0.167400000000,0.832600000000),
double3(0.080900000000,0.080900000000,0.797200000000),
double3(0.121750000000,0.121750000000,0.803350000000),
double3(0.332600000000,0.100950000000,0.832600000000),
double3(0.419100000000,0.080900000000,0.797200000000),
double3(0.378250000000,0.121750000000,0.803350000000),
double3(0.399050000000,0.332600000000,0.832600000000),
double3(0.419100000000,0.419100000000,0.797200000000),
double3(0.378250000000,0.378250000000,0.803350000000),
double3(0.250000000000,0.138000000000,0.638000000000),
double3(0.167400000000,0.167400000000,0.600950000000),
double3(0.202800000000,0.080900000000,0.580900000000),
double3(0.250000000000,0.067200000000,0.500000000000),
double3(0.196650000000,0.121750000000,0.621750000000),
double3(0.250000000000,0.056950000000,0.556950000000),
double3(0.362000000000,0.250000000000,0.638000000000),
double3(0.332600000000,0.167400000000,0.600950000000),
double3(0.419100000000,0.202800000000,0.580900000000),
double3(0.432800000000,0.250000000000,0.500000000000),
double3(0.378250000000,0.196650000000,0.621750000000),
double3(0.443050000000,0.250000000000,0.556950000000),
double3(0.250000000000,0.362000000000,0.638000000000),
double3(0.332600000000,0.332600000000,0.600950000000),
double3(0.297200000000,0.419100000000,0.580900000000),
double3(0.250000000000,0.432800000000,0.500000000000),
double3(0.303350000000,0.378250000000,0.621750000000),
double3(0.250000000000,0.443050000000,0.556950000000),
double3(0.138000000000,0.250000000000,0.638000000000),
double3(0.167400000000,0.332600000000,0.600950000000),
double3(0.080900000000,0.297200000000,0.580900000000),
double3(0.067200000000,0.250000000000,0.500000000000),
double3(0.121750000000,0.303350000000,0.621750000000),
double3(0.056950000000,0.250000000000,0.556950000000),
double3(0.250000000000,0.362000000000,0.862000000000),
double3(0.167400000000,0.332600000000,0.899050000000),
double3(0.202800000000,0.419100000000,0.919100000000),
double3(0.196650000000,0.378250000000,0.878250000000),
double3(0.250000000000,0.443050000000,0.943050000000),
double3(0.138000000000,0.250000000000,0.862000000000),
double3(0.167400000000,0.167400000000,0.899050000000),
double3(0.080900000000,0.202800000000,0.919100000000),
double3(0.121750000000,0.196650000000,0.878250000000),
double3(0.056950000000,0.250000000000,0.943050000000),
double3(0.250000000000,0.138000000000,0.862000000000),
double3(0.332600000000,0.167400000000,0.899050000000),
double3(0.297200000000,0.080900000000,0.919100000000),
double3(0.303350000000,0.121750000000,0.878250000000),
double3(0.250000000000,0.056950000000,0.943050000000),
double3(0.362000000000,0.250000000000,0.862000000000),
double3(0.332600000000,0.332600000000,0.899050000000),
double3(0.419100000000,0.297200000000,0.919100000000),
double3(0.378250000000,0.303350000000,0.878250000000),
double3(0.443050000000,0.250000000000,0.943050000000),
double3(0.100950000000,0.167400000000,0.667400000000),
double3(0.080900000000,0.202800000000,0.580900000000),
double3(0.000000000000,0.250000000000,0.567200000000),
double3(0.121750000000,0.196650000000,0.621750000000),
double3(0.100950000000,0.332600000000,0.832600000000),
double3(0.080900000000,0.297200000000,0.919100000000),
double3(0.000000000000,0.250000000000,0.932800000000),
double3(0.121750000000,0.303350000000,0.878250000000),
double3(0.167400000000,0.100950000000,0.832600000000),
double3(0.202800000000,0.080900000000,0.919100000000),
double3(0.250000000000,0.000000000000,0.932800000000),
double3(0.196650000000,0.121750000000,0.878250000000),
double3(0.399050000000,0.167400000000,0.832600000000),
double3(0.419100000000,0.202800000000,0.919100000000),
double3(0.378250000000,0.196650000000,0.878250000000),
double3(0.332600000000,0.399050000000,0.832600000000),
double3(0.297200000000,0.419100000000,0.919100000000),
double3(0.303350000000,0.378250000000,0.878250000000),
double3(0.399050000000,0.332600000000,0.667400000000),
double3(0.419100000000,0.297200000000,0.580900000000),
double3(0.378250000000,0.303350000000,0.621750000000),
double3(0.167400000000,0.399050000000,0.667400000000),
double3(0.202800000000,0.419100000000,0.580900000000),
double3(0.250000000000,0.000000000000,0.567200000000),
double3(0.196650000000,0.378250000000,0.621750000000),
double3(0.332600000000,0.100950000000,0.667400000000),
double3(0.297200000000,0.080900000000,0.580900000000),
double3(0.303350000000,0.121750000000,0.621750000000),
double3(0.138000000000,0.638000000000,0.250000000000),
double3(0.167400000000,0.600950000000,0.167400000000),
double3(0.080900000000,0.580900000000,0.202800000000),
double3(0.067200000000,0.500000000000,0.250000000000),
double3(0.121750000000,0.621750000000,0.196650000000),
double3(0.056950000000,0.556950000000,0.250000000000),
double3(0.362000000000,0.638000000000,0.250000000000),
double3(0.399050000000,0.667400000000,0.167400000000),
double3(0.419100000000,0.580900000000,0.202800000000),
double3(0.000000000000,0.567200000000,0.250000000000),
double3(0.378250000000,0.621750000000,0.196650000000),
double3(0.443050000000,0.556950000000,0.250000000000),
double3(0.362000000000,0.862000000000,0.250000000000),
double3(0.332600000000,0.899050000000,0.167400000000),
double3(0.419100000000,0.919100000000,0.202800000000),
double3(0.432800000000,0.500000000000,0.250000000000),
double3(0.378250000000,0.878250000000,0.196650000000),
double3(0.443050000000,0.943050000000,0.250000000000),
double3(0.138000000000,0.862000000000,0.250000000000),
double3(0.100950000000,0.832600000000,0.167400000000),
double3(0.080900000000,0.919100000000,0.202800000000),
double3(0.000000000000,0.932800000000,0.250000000000),
double3(0.121750000000,0.878250000000,0.196650000000),
double3(0.056950000000,0.943050000000,0.250000000000),
double3(0.167400000000,0.899050000000,0.332600000000),
double3(0.080900000000,0.919100000000,0.297200000000),
double3(0.121750000000,0.878250000000,0.303350000000),
double3(0.100950000000,0.667400000000,0.332600000000),
double3(0.080900000000,0.580900000000,0.297200000000),
double3(0.121750000000,0.621750000000,0.303350000000),
double3(0.332600000000,0.600950000000,0.332600000000),
double3(0.419100000000,0.580900000000,0.297200000000),
double3(0.378250000000,0.621750000000,0.303350000000),
double3(0.399050000000,0.832600000000,0.332600000000),
double3(0.419100000000,0.919100000000,0.297200000000),
double3(0.378250000000,0.878250000000,0.303350000000),
double3(0.250000000000,0.638000000000,0.138000000000),
double3(0.167400000000,0.667400000000,0.100950000000),
double3(0.202800000000,0.580900000000,0.080900000000),
double3(0.250000000000,0.567200000000,0.000000000000),
double3(0.196650000000,0.621750000000,0.121750000000),
double3(0.250000000000,0.556950000000,0.056950000000),
double3(0.362000000000,0.750000000000,0.138000000000),
double3(0.332600000000,0.667400000000,0.100950000000),
double3(0.419100000000,0.702800000000,0.080900000000),
double3(0.432800000000,0.750000000000,0.000000000000),
double3(0.378250000000,0.696650000000,0.121750000000),
double3(0.443050000000,0.750000000000,0.056950000000),
double3(0.250000000000,0.862000000000,0.138000000000),
double3(0.332600000000,0.832600000000,0.100950000000),
double3(0.297200000000,0.919100000000,0.080900000000),
double3(0.250000000000,0.932800000000,0.000000000000),
double3(0.303350000000,0.878250000000,0.121750000000),
double3(0.250000000000,0.943050000000,0.056950000000),
double3(0.138000000000,0.750000000000,0.138000000000),
double3(0.167400000000,0.832600000000,0.100950000000),
double3(0.080900000000,0.797200000000,0.080900000000),
double3(0.067200000000,0.750000000000,0.000000000000),
double3(0.121750000000,0.803350000000,0.121750000000),
double3(0.056950000000,0.750000000000,0.056950000000),
double3(0.250000000000,0.862000000000,0.362000000000),
double3(0.167400000000,0.832600000000,0.399050000000),
double3(0.202800000000,0.919100000000,0.419100000000),
double3(0.196650000000,0.878250000000,0.378250000000),
double3(0.250000000000,0.943050000000,0.443050000000),
double3(0.138000000000,0.750000000000,0.362000000000),
double3(0.167400000000,0.667400000000,0.399050000000),
double3(0.080900000000,0.702800000000,0.419100000000),
double3(0.121750000000,0.696650000000,0.378250000000),
double3(0.056950000000,0.750000000000,0.443050000000),
double3(0.250000000000,0.638000000000,0.362000000000),
double3(0.332600000000,0.667400000000,0.399050000000),
double3(0.297200000000,0.580900000000,0.419100000000),
double3(0.303350000000,0.621750000000,0.378250000000),
double3(0.250000000000,0.556950000000,0.443050000000),
double3(0.362000000000,0.750000000000,0.362000000000),
double3(0.332600000000,0.832600000000,0.399050000000),
double3(0.419100000000,0.797200000000,0.419100000000),
double3(0.378250000000,0.803350000000,0.378250000000),
double3(0.443050000000,0.750000000000,0.443050000000),
double3(0.100950000000,0.667400000000,0.167400000000),
double3(0.080900000000,0.702800000000,0.080900000000),
double3(0.000000000000,0.750000000000,0.067200000000),
double3(0.121750000000,0.696650000000,0.121750000000),
double3(0.100950000000,0.832600000000,0.332600000000),
double3(0.080900000000,0.797200000000,0.419100000000),
double3(0.000000000000,0.750000000000,0.432800000000),
double3(0.121750000000,0.803350000000,0.378250000000),
double3(0.167400000000,0.600950000000,0.332600000000),
double3(0.202800000000,0.580900000000,0.419100000000),
double3(0.250000000000,0.500000000000,0.432800000000),
double3(0.196650000000,0.621750000000,0.378250000000),
double3(0.399050000000,0.667400000000,0.332600000000),
double3(0.419100000000,0.702800000000,0.419100000000),
double3(0.378250000000,0.696650000000,0.378250000000),
double3(0.332600000000,0.899050000000,0.332600000000),
double3(0.297200000000,0.919100000000,0.419100000000),
double3(0.303350000000,0.878250000000,0.378250000000),
double3(0.399050000000,0.832600000000,0.167400000000),
double3(0.419100000000,0.797200000000,0.080900000000),
double3(0.378250000000,0.803350000000,0.121750000000),
double3(0.167400000000,0.899050000000,0.167400000000),
double3(0.202800000000,0.919100000000,0.080900000000),
double3(0.250000000000,0.500000000000,0.067200000000),
double3(0.196650000000,0.878250000000,0.121750000000),
double3(0.332600000000,0.600950000000,0.167400000000),
double3(0.297200000000,0.580900000000,0.080900000000),
double3(0.303350000000,0.621750000000,0.121750000000),
double3(0.138000000000,0.638000000000,0.750000000000),
double3(0.167400000000,0.600950000000,0.667400000000),
double3(0.080900000000,0.580900000000,0.702800000000),
double3(0.067200000000,0.500000000000,0.750000000000),
double3(0.121750000000,0.621750000000,0.696650000000),
double3(0.056950000000,0.556950000000,0.750000000000),
double3(0.362000000000,0.638000000000,0.750000000000),
double3(0.399050000000,0.667400000000,0.667400000000),
double3(0.419100000000,0.580900000000,0.702800000000),
double3(0.000000000000,0.567200000000,0.750000000000),
double3(0.378250000000,0.621750000000,0.696650000000),
double3(0.443050000000,0.556950000000,0.750000000000),
double3(0.362000000000,0.862000000000,0.750000000000),
double3(0.332600000000,0.899050000000,0.667400000000),
double3(0.419100000000,0.919100000000,0.702800000000),
double3(0.432800000000,0.500000000000,0.750000000000),
double3(0.378250000000,0.878250000000,0.696650000000),
double3(0.443050000000,0.943050000000,0.750000000000),
double3(0.138000000000,0.862000000000,0.750000000000),
double3(0.100950000000,0.832600000000,0.667400000000),
double3(0.080900000000,0.919100000000,0.702800000000),
double3(0.000000000000,0.932800000000,0.750000000000),
double3(0.121750000000,0.878250000000,0.696650000000),
double3(0.056950000000,0.943050000000,0.750000000000),
double3(0.167400000000,0.899050000000,0.832600000000),
double3(0.080900000000,0.919100000000,0.797200000000),
double3(0.121750000000,0.878250000000,0.803350000000),
double3(0.100950000000,0.667400000000,0.832600000000),
double3(0.080900000000,0.580900000000,0.797200000000),
double3(0.121750000000,0.621750000000,0.803350000000),
double3(0.332600000000,0.600950000000,0.832600000000),
double3(0.419100000000,0.580900000000,0.797200000000),
double3(0.378250000000,0.621750000000,0.803350000000),
double3(0.399050000000,0.832600000000,0.832600000000),
double3(0.419100000000,0.919100000000,0.797200000000),
double3(0.378250000000,0.878250000000,0.803350000000),
double3(0.250000000000,0.638000000000,0.638000000000),
double3(0.167400000000,0.667400000000,0.600950000000),
double3(0.202800000000,0.580900000000,0.580900000000),
double3(0.250000000000,0.567200000000,0.500000000000),
double3(0.196650000000,0.621750000000,0.621750000000),
double3(0.250000000000,0.556950000000,0.556950000000),
double3(0.362000000000,0.750000000000,0.638000000000),
double3(0.332600000000,0.667400000000,0.600950000000),
double3(0.419100000000,0.702800000000,0.580900000000),
double3(0.432800000000,0.750000000000,0.500000000000),
double3(0.378250000000,0.696650000000,0.621750000000),
double3(0.443050000000,0.750000000000,0.556950000000),
double3(0.250000000000,0.862000000000,0.638000000000),
double3(0.332600000000,0.832600000000,0.600950000000),
double3(0.297200000000,0.919100000000,0.580900000000),
double3(0.250000000000,0.932800000000,0.500000000000),
double3(0.303350000000,0.878250000000,0.621750000000),
double3(0.250000000000,0.943050000000,0.556950000000),
double3(0.138000000000,0.750000000000,0.638000000000),
double3(0.167400000000,0.832600000000,0.600950000000),
double3(0.080900000000,0.797200000000,0.580900000000),
double3(0.067200000000,0.750000000000,0.500000000000),
double3(0.121750000000,0.803350000000,0.621750000000),
double3(0.056950000000,0.750000000000,0.556950000000),
double3(0.250000000000,0.862000000000,0.862000000000),
double3(0.167400000000,0.832600000000,0.899050000000),
double3(0.202800000000,0.919100000000,0.919100000000),
double3(0.196650000000,0.878250000000,0.878250000000),
double3(0.250000000000,0.943050000000,0.943050000000),
double3(0.138000000000,0.750000000000,0.862000000000),
double3(0.167400000000,0.667400000000,0.899050000000),
double3(0.080900000000,0.702800000000,0.919100000000),
double3(0.121750000000,0.696650000000,0.878250000000),
double3(0.056950000000,0.750000000000,0.943050000000),
double3(0.250000000000,0.638000000000,0.862000000000),
double3(0.332600000000,0.667400000000,0.899050000000),
double3(0.297200000000,0.580900000000,0.919100000000),
double3(0.303350000000,0.621750000000,0.878250000000),
double3(0.250000000000,0.556950000000,0.943050000000),
double3(0.362000000000,0.750000000000,0.862000000000),
double3(0.332600000000,0.832600000000,0.899050000000),
double3(0.419100000000,0.797200000000,0.919100000000),
double3(0.378250000000,0.803350000000,0.878250000000),
double3(0.443050000000,0.750000000000,0.943050000000),
double3(0.100950000000,0.667400000000,0.667400000000),
double3(0.080900000000,0.702800000000,0.580900000000),
double3(0.000000000000,0.750000000000,0.567200000000),
double3(0.121750000000,0.696650000000,0.621750000000),
double3(0.100950000000,0.832600000000,0.832600000000),
double3(0.080900000000,0.797200000000,0.919100000000),
double3(0.000000000000,0.750000000000,0.932800000000),
double3(0.121750000000,0.803350000000,0.878250000000),
double3(0.167400000000,0.600950000000,0.832600000000),
double3(0.202800000000,0.580900000000,0.919100000000),
double3(0.250000000000,0.500000000000,0.932800000000),
double3(0.196650000000,0.621750000000,0.878250000000),
double3(0.399050000000,0.667400000000,0.832600000000),
double3(0.419100000000,0.702800000000,0.919100000000),
double3(0.378250000000,0.696650000000,0.878250000000),
double3(0.332600000000,0.899050000000,0.832600000000),
double3(0.297200000000,0.919100000000,0.919100000000),
double3(0.303350000000,0.878250000000,0.878250000000),
double3(0.399050000000,0.832600000000,0.667400000000),
double3(0.419100000000,0.797200000000,0.580900000000),
double3(0.378250000000,0.803350000000,0.621750000000),
double3(0.167400000000,0.899050000000,0.667400000000),
double3(0.202800000000,0.919100000000,0.580900000000),
double3(0.250000000000,0.500000000000,0.567200000000),
double3(0.196650000000,0.878250000000,0.621750000000),
double3(0.332600000000,0.600950000000,0.667400000000),
double3(0.297200000000,0.580900000000,0.580900000000),
double3(0.303350000000,0.621750000000,0.621750000000),
double3(0.638000000000,0.138000000000,0.250000000000),
double3(0.667400000000,0.100950000000,0.167400000000),
double3(0.580900000000,0.080900000000,0.202800000000),
double3(0.567200000000,0.000000000000,0.250000000000),
double3(0.621750000000,0.121750000000,0.196650000000),
double3(0.556950000000,0.056950000000,0.250000000000),
double3(0.862000000000,0.138000000000,0.250000000000),
double3(0.899050000000,0.167400000000,0.167400000000),
double3(0.919100000000,0.080900000000,0.202800000000),
double3(0.500000000000,0.067200000000,0.250000000000),
double3(0.878250000000,0.121750000000,0.196650000000),
double3(0.943050000000,0.056950000000,0.250000000000),
double3(0.862000000000,0.362000000000,0.250000000000),
double3(0.832600000000,0.399050000000,0.167400000000),
double3(0.919100000000,0.419100000000,0.202800000000),
double3(0.932800000000,0.000000000000,0.250000000000),
double3(0.878250000000,0.378250000000,0.196650000000),
double3(0.943050000000,0.443050000000,0.250000000000),
double3(0.638000000000,0.362000000000,0.250000000000),
double3(0.600950000000,0.332600000000,0.167400000000),
double3(0.580900000000,0.419100000000,0.202800000000),
double3(0.500000000000,0.432800000000,0.250000000000),
double3(0.621750000000,0.378250000000,0.196650000000),
double3(0.556950000000,0.443050000000,0.250000000000),
double3(0.667400000000,0.399050000000,0.332600000000),
double3(0.580900000000,0.419100000000,0.297200000000),
double3(0.621750000000,0.378250000000,0.303350000000),
double3(0.600950000000,0.167400000000,0.332600000000),
double3(0.580900000000,0.080900000000,0.297200000000),
double3(0.621750000000,0.121750000000,0.303350000000),
double3(0.832600000000,0.100950000000,0.332600000000),
double3(0.919100000000,0.080900000000,0.297200000000),
double3(0.878250000000,0.121750000000,0.303350000000),
double3(0.899050000000,0.332600000000,0.332600000000),
double3(0.919100000000,0.419100000000,0.297200000000),
double3(0.878250000000,0.378250000000,0.303350000000),
double3(0.750000000000,0.138000000000,0.138000000000),
double3(0.667400000000,0.167400000000,0.100950000000),
double3(0.702800000000,0.080900000000,0.080900000000),
double3(0.750000000000,0.067200000000,0.000000000000),
double3(0.696650000000,0.121750000000,0.121750000000),
double3(0.750000000000,0.056950000000,0.056950000000),
double3(0.862000000000,0.250000000000,0.138000000000),
double3(0.832600000000,0.167400000000,0.100950000000),
double3(0.919100000000,0.202800000000,0.080900000000),
double3(0.932800000000,0.250000000000,0.000000000000),
double3(0.878250000000,0.196650000000,0.121750000000),
double3(0.943050000000,0.250000000000,0.056950000000),
double3(0.750000000000,0.362000000000,0.138000000000),
double3(0.832600000000,0.332600000000,0.100950000000),
double3(0.797200000000,0.419100000000,0.080900000000),
double3(0.750000000000,0.432800000000,0.000000000000),
double3(0.803350000000,0.378250000000,0.121750000000),
double3(0.750000000000,0.443050000000,0.056950000000),
double3(0.638000000000,0.250000000000,0.138000000000),
double3(0.667400000000,0.332600000000,0.100950000000),
double3(0.580900000000,0.297200000000,0.080900000000),
double3(0.567200000000,0.250000000000,0.000000000000),
double3(0.621750000000,0.303350000000,0.121750000000),
double3(0.556950000000,0.250000000000,0.056950000000),
double3(0.750000000000,0.362000000000,0.362000000000),
double3(0.667400000000,0.332600000000,0.399050000000),
double3(0.702800000000,0.419100000000,0.419100000000),
double3(0.696650000000,0.378250000000,0.378250000000),
double3(0.750000000000,0.443050000000,0.443050000000),
double3(0.638000000000,0.250000000000,0.362000000000),
double3(0.667400000000,0.167400000000,0.399050000000),
double3(0.580900000000,0.202800000000,0.419100000000),
double3(0.621750000000,0.196650000000,0.378250000000),
double3(0.556950000000,0.250000000000,0.443050000000),
double3(0.750000000000,0.138000000000,0.362000000000),
double3(0.832600000000,0.167400000000,0.399050000000),
double3(0.797200000000,0.080900000000,0.419100000000),
double3(0.803350000000,0.121750000000,0.378250000000),
double3(0.750000000000,0.056950000000,0.443050000000),
double3(0.862000000000,0.250000000000,0.362000000000),
double3(0.832600000000,0.332600000000,0.399050000000),
double3(0.919100000000,0.297200000000,0.419100000000),
double3(0.878250000000,0.303350000000,0.378250000000),
double3(0.943050000000,0.250000000000,0.443050000000),
double3(0.600950000000,0.167400000000,0.167400000000),
double3(0.580900000000,0.202800000000,0.080900000000),
double3(0.500000000000,0.250000000000,0.067200000000),
double3(0.621750000000,0.196650000000,0.121750000000),
double3(0.600950000000,0.332600000000,0.332600000000),
double3(0.580900000000,0.297200000000,0.419100000000),
double3(0.500000000000,0.250000000000,0.432800000000),
double3(0.621750000000,0.303350000000,0.378250000000),
double3(0.667400000000,0.100950000000,0.332600000000),
double3(0.702800000000,0.080900000000,0.419100000000),
double3(0.750000000000,0.000000000000,0.432800000000),
double3(0.696650000000,0.121750000000,0.378250000000),
double3(0.899050000000,0.167400000000,0.332600000000),
double3(0.919100000000,0.202800000000,0.419100000000),
double3(0.878250000000,0.196650000000,0.378250000000),
double3(0.832600000000,0.399050000000,0.332600000000),
double3(0.797200000000,0.419100000000,0.419100000000),
double3(0.803350000000,0.378250000000,0.378250000000),
double3(0.899050000000,0.332600000000,0.167400000000),
double3(0.919100000000,0.297200000000,0.080900000000),
double3(0.878250000000,0.303350000000,0.121750000000),
double3(0.667400000000,0.399050000000,0.167400000000),
double3(0.702800000000,0.419100000000,0.080900000000),
double3(0.750000000000,0.000000000000,0.067200000000),
double3(0.696650000000,0.378250000000,0.121750000000),
double3(0.832600000000,0.100950000000,0.167400000000),
double3(0.797200000000,0.080900000000,0.080900000000),
double3(0.803350000000,0.121750000000,0.121750000000),
double3(0.638000000000,0.138000000000,0.750000000000),
double3(0.667400000000,0.100950000000,0.667400000000),
double3(0.580900000000,0.080900000000,0.702800000000),
double3(0.567200000000,0.000000000000,0.750000000000),
double3(0.621750000000,0.121750000000,0.696650000000),
double3(0.556950000000,0.056950000000,0.750000000000),
double3(0.862000000000,0.138000000000,0.750000000000),
double3(0.899050000000,0.167400000000,0.667400000000),
double3(0.919100000000,0.080900000000,0.702800000000),
double3(0.500000000000,0.067200000000,0.750000000000),
double3(0.878250000000,0.121750000000,0.696650000000),
double3(0.943050000000,0.056950000000,0.750000000000),
double3(0.862000000000,0.362000000000,0.750000000000),
double3(0.832600000000,0.399050000000,0.667400000000),
double3(0.919100000000,0.419100000000,0.702800000000),
double3(0.932800000000,0.000000000000,0.750000000000),
double3(0.878250000000,0.378250000000,0.696650000000),
double3(0.943050000000,0.443050000000,0.750000000000),
double3(0.638000000000,0.362000000000,0.750000000000),
double3(0.600950000000,0.332600000000,0.667400000000),
double3(0.580900000000,0.419100000000,0.702800000000),
double3(0.500000000000,0.432800000000,0.750000000000),
double3(0.621750000000,0.378250000000,0.696650000000),
double3(0.556950000000,0.443050000000,0.750000000000),
double3(0.667400000000,0.399050000000,0.832600000000),
double3(0.580900000000,0.419100000000,0.797200000000),
double3(0.621750000000,0.378250000000,0.803350000000),
double3(0.600950000000,0.167400000000,0.832600000000),
double3(0.580900000000,0.080900000000,0.797200000000),
double3(0.621750000000,0.121750000000,0.803350000000),
double3(0.832600000000,0.100950000000,0.832600000000),
double3(0.919100000000,0.080900000000,0.797200000000),
double3(0.878250000000,0.121750000000,0.803350000000),
double3(0.899050000000,0.332600000000,0.832600000000),
double3(0.919100000000,0.419100000000,0.797200000000),
double3(0.878250000000,0.378250000000,0.803350000000),
double3(0.750000000000,0.138000000000,0.638000000000),
double3(0.667400000000,0.167400000000,0.600950000000),
double3(0.702800000000,0.080900000000,0.580900000000),
double3(0.750000000000,0.067200000000,0.500000000000),
double3(0.696650000000,0.121750000000,0.621750000000),
double3(0.750000000000,0.056950000000,0.556950000000),
double3(0.862000000000,0.250000000000,0.638000000000),
double3(0.832600000000,0.167400000000,0.600950000000),
double3(0.919100000000,0.202800000000,0.580900000000),
double3(0.932800000000,0.250000000000,0.500000000000),
double3(0.878250000000,0.196650000000,0.621750000000),
double3(0.943050000000,0.250000000000,0.556950000000),
double3(0.750000000000,0.362000000000,0.638000000000),
double3(0.832600000000,0.332600000000,0.600950000000),
double3(0.797200000000,0.419100000000,0.580900000000),
double3(0.750000000000,0.432800000000,0.500000000000),
double3(0.803350000000,0.378250000000,0.621750000000),
double3(0.750000000000,0.443050000000,0.556950000000),
double3(0.638000000000,0.250000000000,0.638000000000),
double3(0.667400000000,0.332600000000,0.600950000000),
double3(0.580900000000,0.297200000000,0.580900000000),
double3(0.567200000000,0.250000000000,0.500000000000),
double3(0.621750000000,0.303350000000,0.621750000000),
double3(0.556950000000,0.250000000000,0.556950000000),
double3(0.750000000000,0.362000000000,0.862000000000),
double3(0.667400000000,0.332600000000,0.899050000000),
double3(0.702800000000,0.419100000000,0.919100000000),
double3(0.696650000000,0.378250000000,0.878250000000),
double3(0.750000000000,0.443050000000,0.943050000000),
double3(0.638000000000,0.250000000000,0.862000000000),
double3(0.667400000000,0.167400000000,0.899050000000),
double3(0.580900000000,0.202800000000,0.919100000000),
double3(0.621750000000,0.196650000000,0.878250000000),
double3(0.556950000000,0.250000000000,0.943050000000),
double3(0.750000000000,0.138000000000,0.862000000000),
double3(0.832600000000,0.167400000000,0.899050000000),
double3(0.797200000000,0.080900000000,0.919100000000),
double3(0.803350000000,0.121750000000,0.878250000000),
double3(0.750000000000,0.056950000000,0.943050000000),
double3(0.862000000000,0.250000000000,0.862000000000),
double3(0.832600000000,0.332600000000,0.899050000000),
double3(0.919100000000,0.297200000000,0.919100000000),
double3(0.878250000000,0.303350000000,0.878250000000),
double3(0.943050000000,0.250000000000,0.943050000000),
double3(0.600950000000,0.167400000000,0.667400000000),
double3(0.580900000000,0.202800000000,0.580900000000),
double3(0.500000000000,0.250000000000,0.567200000000),
double3(0.621750000000,0.196650000000,0.621750000000),
double3(0.600950000000,0.332600000000,0.832600000000),
double3(0.580900000000,0.297200000000,0.919100000000),
double3(0.500000000000,0.250000000000,0.932800000000),
double3(0.621750000000,0.303350000000,0.878250000000),
double3(0.667400000000,0.100950000000,0.832600000000),
double3(0.702800000000,0.080900000000,0.919100000000),
double3(0.750000000000,0.000000000000,0.932800000000),
double3(0.696650000000,0.121750000000,0.878250000000),
double3(0.899050000000,0.167400000000,0.832600000000),
double3(0.919100000000,0.202800000000,0.919100000000),
double3(0.878250000000,0.196650000000,0.878250000000),
double3(0.832600000000,0.399050000000,0.832600000000),
double3(0.797200000000,0.419100000000,0.919100000000),
double3(0.803350000000,0.378250000000,0.878250000000),
double3(0.899050000000,0.332600000000,0.667400000000),
double3(0.919100000000,0.297200000000,0.580900000000),
double3(0.878250000000,0.303350000000,0.621750000000),
double3(0.667400000000,0.399050000000,0.667400000000),
double3(0.702800000000,0.419100000000,0.580900000000),
double3(0.750000000000,0.000000000000,0.567200000000),
double3(0.696650000000,0.378250000000,0.621750000000),
double3(0.832600000000,0.100950000000,0.667400000000),
double3(0.797200000000,0.080900000000,0.580900000000),
double3(0.803350000000,0.121750000000,0.621750000000),
double3(0.638000000000,0.638000000000,0.250000000000),
double3(0.667400000000,0.600950000000,0.167400000000),
double3(0.580900000000,0.580900000000,0.202800000000),
double3(0.567200000000,0.500000000000,0.250000000000),
double3(0.621750000000,0.621750000000,0.196650000000),
double3(0.556950000000,0.556950000000,0.250000000000),
double3(0.862000000000,0.638000000000,0.250000000000),
double3(0.899050000000,0.667400000000,0.167400000000),
double3(0.919100000000,0.580900000000,0.202800000000),
double3(0.500000000000,0.567200000000,0.250000000000),
double3(0.878250000000,0.621750000000,0.196650000000),
double3(0.943050000000,0.556950000000,0.250000000000),
double3(0.862000000000,0.862000000000,0.250000000000),
double3(0.832600000000,0.899050000000,0.167400000000),
double3(0.919100000000,0.919100000000,0.202800000000),
double3(0.932800000000,0.500000000000,0.250000000000),
double3(0.878250000000,0.878250000000,0.196650000000),
double3(0.943050000000,0.943050000000,0.250000000000),
double3(0.638000000000,0.862000000000,0.250000000000),
double3(0.600950000000,0.832600000000,0.167400000000),
double3(0.580900000000,0.919100000000,0.202800000000),
double3(0.500000000000,0.932800000000,0.250000000000),
double3(0.621750000000,0.878250000000,0.196650000000),
double3(0.556950000000,0.943050000000,0.250000000000),
double3(0.667400000000,0.899050000000,0.332600000000),
double3(0.580900000000,0.919100000000,0.297200000000),
double3(0.621750000000,0.878250000000,0.303350000000),
double3(0.600950000000,0.667400000000,0.332600000000),
double3(0.580900000000,0.580900000000,0.297200000000),
double3(0.621750000000,0.621750000000,0.303350000000),
double3(0.832600000000,0.600950000000,0.332600000000),
double3(0.919100000000,0.580900000000,0.297200000000),
double3(0.878250000000,0.621750000000,0.303350000000),
double3(0.899050000000,0.832600000000,0.332600000000),
double3(0.919100000000,0.919100000000,0.297200000000),
double3(0.878250000000,0.878250000000,0.303350000000),
double3(0.750000000000,0.638000000000,0.138000000000),
double3(0.667400000000,0.667400000000,0.100950000000),
double3(0.702800000000,0.580900000000,0.080900000000),
double3(0.750000000000,0.567200000000,0.000000000000),
double3(0.696650000000,0.621750000000,0.121750000000),
double3(0.750000000000,0.556950000000,0.056950000000),
double3(0.862000000000,0.750000000000,0.138000000000),
double3(0.832600000000,0.667400000000,0.100950000000),
double3(0.919100000000,0.702800000000,0.080900000000),
double3(0.932800000000,0.750000000000,0.000000000000),
double3(0.878250000000,0.696650000000,0.121750000000),
double3(0.943050000000,0.750000000000,0.056950000000),
double3(0.750000000000,0.862000000000,0.138000000000),
double3(0.832600000000,0.832600000000,0.100950000000),
double3(0.797200000000,0.919100000000,0.080900000000),
double3(0.750000000000,0.932800000000,0.000000000000),
double3(0.803350000000,0.878250000000,0.121750000000),
double3(0.750000000000,0.943050000000,0.056950000000),
double3(0.638000000000,0.750000000000,0.138000000000),
double3(0.667400000000,0.832600000000,0.100950000000),
double3(0.580900000000,0.797200000000,0.080900000000),
double3(0.567200000000,0.750000000000,0.000000000000),
double3(0.621750000000,0.803350000000,0.121750000000),
double3(0.556950000000,0.750000000000,0.056950000000),
double3(0.750000000000,0.862000000000,0.362000000000),
double3(0.667400000000,0.832600000000,0.399050000000),
double3(0.702800000000,0.919100000000,0.419100000000),
double3(0.696650000000,0.878250000000,0.378250000000),
double3(0.750000000000,0.943050000000,0.443050000000),
double3(0.638000000000,0.750000000000,0.362000000000),
double3(0.667400000000,0.667400000000,0.399050000000),
double3(0.580900000000,0.702800000000,0.419100000000),
double3(0.621750000000,0.696650000000,0.378250000000),
double3(0.556950000000,0.750000000000,0.443050000000),
double3(0.750000000000,0.638000000000,0.362000000000),
double3(0.832600000000,0.667400000000,0.399050000000),
double3(0.797200000000,0.580900000000,0.419100000000),
double3(0.803350000000,0.621750000000,0.378250000000),
double3(0.750000000000,0.556950000000,0.443050000000),
double3(0.862000000000,0.750000000000,0.362000000000),
double3(0.832600000000,0.832600000000,0.399050000000),
double3(0.919100000000,0.797200000000,0.419100000000),
double3(0.878250000000,0.803350000000,0.378250000000),
double3(0.943050000000,0.750000000000,0.443050000000),
double3(0.600950000000,0.667400000000,0.167400000000),
double3(0.580900000000,0.702800000000,0.080900000000),
double3(0.500000000000,0.750000000000,0.067200000000),
double3(0.621750000000,0.696650000000,0.121750000000),
double3(0.600950000000,0.832600000000,0.332600000000),
double3(0.580900000000,0.797200000000,0.419100000000),
double3(0.500000000000,0.750000000000,0.432800000000),
double3(0.621750000000,0.803350000000,0.378250000000),
double3(0.667400000000,0.600950000000,0.332600000000),
double3(0.702800000000,0.580900000000,0.419100000000),
double3(0.750000000000,0.500000000000,0.432800000000),
double3(0.696650000000,0.621750000000,0.378250000000),
double3(0.899050000000,0.667400000000,0.332600000000),
double3(0.919100000000,0.702800000000,0.419100000000),
double3(0.878250000000,0.696650000000,0.378250000000),
double3(0.832600000000,0.899050000000,0.332600000000),
double3(0.797200000000,0.919100000000,0.419100000000),
double3(0.803350000000,0.878250000000,0.378250000000),
double3(0.899050000000,0.832600000000,0.167400000000),
double3(0.919100000000,0.797200000000,0.080900000000),
double3(0.878250000000,0.803350000000,0.121750000000),
double3(0.667400000000,0.899050000000,0.167400000000),
double3(0.702800000000,0.919100000000,0.080900000000),
double3(0.750000000000,0.500000000000,0.067200000000),
double3(0.696650000000,0.878250000000,0.121750000000),
double3(0.832600000000,0.600950000000,0.167400000000),
double3(0.797200000000,0.580900000000,0.080900000000),
double3(0.803350000000,0.621750000000,0.121750000000),
double3(0.638000000000,0.638000000000,0.750000000000),
double3(0.667400000000,0.600950000000,0.667400000000),
double3(0.580900000000,0.580900000000,0.702800000000),
double3(0.567200000000,0.500000000000,0.750000000000),
double3(0.621750000000,0.621750000000,0.696650000000),
double3(0.556950000000,0.556950000000,0.750000000000),
double3(0.862000000000,0.638000000000,0.750000000000),
double3(0.899050000000,0.667400000000,0.667400000000),
double3(0.919100000000,0.580900000000,0.702800000000),
double3(0.500000000000,0.567200000000,0.750000000000),
double3(0.878250000000,0.621750000000,0.696650000000),
double3(0.943050000000,0.556950000000,0.750000000000),
double3(0.862000000000,0.862000000000,0.750000000000),
double3(0.832600000000,0.899050000000,0.667400000000),
double3(0.919100000000,0.919100000000,0.702800000000),
double3(0.932800000000,0.500000000000,0.750000000000),
double3(0.878250000000,0.878250000000,0.696650000000),
double3(0.943050000000,0.943050000000,0.750000000000),
double3(0.638000000000,0.862000000000,0.750000000000),
double3(0.600950000000,0.832600000000,0.667400000000),
double3(0.580900000000,0.919100000000,0.702800000000),
double3(0.500000000000,0.932800000000,0.750000000000),
double3(0.621750000000,0.878250000000,0.696650000000),
double3(0.556950000000,0.943050000000,0.750000000000),
double3(0.667400000000,0.899050000000,0.832600000000),
double3(0.580900000000,0.919100000000,0.797200000000),
double3(0.621750000000,0.878250000000,0.803350000000),
double3(0.600950000000,0.667400000000,0.832600000000),
double3(0.580900000000,0.580900000000,0.797200000000),
double3(0.621750000000,0.621750000000,0.803350000000),
double3(0.832600000000,0.600950000000,0.832600000000),
double3(0.919100000000,0.580900000000,0.797200000000),
double3(0.878250000000,0.621750000000,0.803350000000),
double3(0.899050000000,0.832600000000,0.832600000000),
double3(0.919100000000,0.919100000000,0.797200000000),
double3(0.878250000000,0.878250000000,0.803350000000),
double3(0.750000000000,0.638000000000,0.638000000000),
double3(0.667400000000,0.667400000000,0.600950000000),
double3(0.702800000000,0.580900000000,0.580900000000),
double3(0.750000000000,0.567200000000,0.500000000000),
double3(0.696650000000,0.621750000000,0.621750000000),
double3(0.750000000000,0.556950000000,0.556950000000),
double3(0.862000000000,0.750000000000,0.638000000000),
double3(0.832600000000,0.667400000000,0.600950000000),
double3(0.919100000000,0.702800000000,0.580900000000),
double3(0.932800000000,0.750000000000,0.500000000000),
double3(0.878250000000,0.696650000000,0.621750000000),
double3(0.943050000000,0.750000000000,0.556950000000),
double3(0.750000000000,0.862000000000,0.638000000000),
double3(0.832600000000,0.832600000000,0.600950000000),
double3(0.797200000000,0.919100000000,0.580900000000),
double3(0.750000000000,0.932800000000,0.500000000000),
double3(0.803350000000,0.878250000000,0.621750000000),
double3(0.750000000000,0.943050000000,0.556950000000),
double3(0.638000000000,0.750000000000,0.638000000000),
double3(0.667400000000,0.832600000000,0.600950000000),
double3(0.580900000000,0.797200000000,0.580900000000),
double3(0.567200000000,0.750000000000,0.500000000000),
double3(0.621750000000,0.803350000000,0.621750000000),
double3(0.556950000000,0.750000000000,0.556950000000),
double3(0.750000000000,0.862000000000,0.862000000000),
double3(0.667400000000,0.832600000000,0.899050000000),
double3(0.702800000000,0.919100000000,0.919100000000),
double3(0.696650000000,0.878250000000,0.878250000000),
double3(0.750000000000,0.943050000000,0.943050000000),
double3(0.638000000000,0.750000000000,0.862000000000),
double3(0.667400000000,0.667400000000,0.899050000000),
double3(0.580900000000,0.702800000000,0.919100000000),
double3(0.621750000000,0.696650000000,0.878250000000),
double3(0.556950000000,0.750000000000,0.943050000000),
double3(0.750000000000,0.638000000000,0.862000000000),
double3(0.832600000000,0.667400000000,0.899050000000),
double3(0.797200000000,0.580900000000,0.919100000000),
double3(0.803350000000,0.621750000000,0.878250000000),
double3(0.750000000000,0.556950000000,0.943050000000),
double3(0.862000000000,0.750000000000,0.862000000000),
double3(0.832600000000,0.832600000000,0.899050000000),
double3(0.919100000000,0.797200000000,0.919100000000),
double3(0.878250000000,0.803350000000,0.878250000000),
double3(0.943050000000,0.750000000000,0.943050000000),
double3(0.600950000000,0.667400000000,0.667400000000),
double3(0.580900000000,0.702800000000,0.580900000000),
double3(0.500000000000,0.750000000000,0.567200000000),
double3(0.621750000000,0.696650000000,0.621750000000),
double3(0.600950000000,0.832600000000,0.832600000000),
double3(0.580900000000,0.797200000000,0.919100000000),
double3(0.500000000000,0.750000000000,0.932800000000),
double3(0.621750000000,0.803350000000,0.878250000000),
double3(0.667400000000,0.600950000000,0.832600000000),
double3(0.702800000000,0.580900000000,0.919100000000),
double3(0.750000000000,0.500000000000,0.932800000000),
double3(0.696650000000,0.621750000000,0.878250000000),
double3(0.899050000000,0.667400000000,0.832600000000),
double3(0.919100000000,0.702800000000,0.919100000000),
double3(0.878250000000,0.696650000000,0.878250000000),
double3(0.832600000000,0.899050000000,0.832600000000),
double3(0.797200000000,0.919100000000,0.919100000000),
double3(0.803350000000,0.878250000000,0.878250000000),
double3(0.899050000000,0.832600000000,0.667400000000),
double3(0.919100000000,0.797200000000,0.580900000000),
double3(0.878250000000,0.803350000000,0.621750000000),
double3(0.667400000000,0.899050000000,0.667400000000),
double3(0.702800000000,0.919100000000,0.580900000000),
double3(0.750000000000,0.500000000000,0.567200000000),
double3(0.696650000000,0.878250000000,0.621750000000),
double3(0.832600000000,0.600950000000,0.667400000000),
double3(0.797200000000,0.580900000000,0.580900000000),
double3(0.803350000000,0.621750000000,0.621750000000),
