 # Derivative distribution function -dV(r)/dr (or -dV(d)/dd) vs d
  0.1250000      0.0000000E+00
  0.3750000      0.0000000E+00
  0.6250000      0.0000000E+00
  0.8750000      0.0000000E+00
   1.125000      0.0000000E+00
   1.375000      0.0000000E+00
   1.625000      0.0000000E+00
   1.875000      0.0000000E+00
   2.125000      0.0000000E+00
   2.375000      0.0000000E+00
   2.625000      0.0000000E+00
   2.875000      0.0000000E+00
   3.125000      3.4250021E-03
   3.375000      1.0275126E-02
   3.625000      1.1873484E-02
   3.875000      1.0731816E-02
   4.125000      1.2558460E-02
   4.375000      1.5526891E-02
   4.625000      1.5526891E-02
   4.875000      1.1873484E-02
   5.125000      1.4613628E-02
   5.375000      1.9408584E-02
   5.625000      2.0093560E-02
   5.875000      2.0550251E-02
   6.125000      2.1006942E-02
   6.375000      3.4935594E-02
   6.625000      4.4297338E-02
   6.875000      4.2698860E-02
   7.125000      4.8407316E-02
   7.375000      6.2792540E-02
   7.625000      6.7359328E-02
   7.875000      6.0280919E-02
   8.125000      6.0280800E-02
   8.375000      7.1241021E-02
   8.625000      8.6311221E-02
   8.875000      0.7391254    
   9.125000      0.7156068    
   9.375000      6.7130983E-02
   9.625000      0.1509305    
   9.875000      0.2694371    
   10.12500      0.7277086    
   10.37500      0.5639913    
   10.62500      0.0000000E+00
   10.87500      0.0000000E+00
   11.12500      0.0000000E+00
   11.37500      0.0000000E+00
   11.62500      0.0000000E+00
   11.87500      0.0000000E+00
   12.12500      0.0000000E+00
   12.37500      0.0000000E+00
   12.62500      0.0000000E+00
   12.87500      0.0000000E+00
   13.12500      0.0000000E+00
   13.37500      0.0000000E+00
   13.62500      0.0000000E+00
   13.87500      0.0000000E+00
   14.12500      0.0000000E+00
   14.37500      0.0000000E+00
   14.62500      0.0000000E+00
   14.87500      0.0000000E+00
   15.12500      0.0000000E+00
   15.37500      0.0000000E+00
   15.62500      0.0000000E+00
   15.87500      0.0000000E+00
   16.12500      0.0000000E+00
   16.37500      0.0000000E+00
   16.62500      0.0000000E+00
   16.87500      0.0000000E+00
   17.12500      0.0000000E+00
   17.37500      0.0000000E+00
   17.62500      0.0000000E+00
   17.87500      0.0000000E+00
   18.12500      0.0000000E+00
   18.37500      0.0000000E+00
   18.62500      0.0000000E+00
   18.87500      0.0000000E+00
   19.12500      0.0000000E+00
   19.37500      0.0000000E+00
