 # Derivative distribution function -dV(r)/dr (or -dV(d)/dd) vs d
  0.1250000      0.0000000E+00
  0.3750000      0.0000000E+00
  0.6250000      0.0000000E+00
  0.8750000      0.0000000E+00
   1.125000      0.0000000E+00
   1.375000      0.0000000E+00
   1.625000      0.0000000E+00
   1.875000      0.0000000E+00
   2.125000      0.0000000E+00
   2.375000      0.0000000E+00
   2.625000      0.0000000E+00
   2.875000      0.0000000E+00
   3.125000      2.2807121E-03
   3.375000      8.6668730E-03
   3.625000      1.3000369E-02
   3.875000      1.2088060E-02
   4.125000      1.1859894E-02
   4.375000      1.3684511E-02
   4.625000      1.3228416E-02
   4.875000      1.1860013E-02
   5.125000      1.2316108E-02
   5.375000      1.4596820E-02
   5.625000      2.1667242E-02
   5.875000      2.5088429E-02
   6.125000      2.2579551E-02
   6.375000      3.7860632E-02
   6.625000      4.8124075E-02
   6.875000      3.9000988E-02
   7.125000      4.2194128E-02
   7.375000      6.0896397E-02
   7.625000      6.9107056E-02
   7.875000      5.7931304E-02
   8.125000      5.7703257E-02
   8.375000      6.4089417E-02
   8.625000      7.6633573E-02
   8.875000      0.7576690    
   9.125000      0.7330369    
   9.375000      6.1580539E-02
   9.625000      0.1507583    
   9.875000      0.2554453    
   10.12500      0.7255103    
   10.37500      0.5795416    
   10.62500      0.0000000E+00
   10.87500      0.0000000E+00
   11.12500      0.0000000E+00
   11.37500      0.0000000E+00
   11.62500      0.0000000E+00
   11.87500      0.0000000E+00
   12.12500      0.0000000E+00
   12.37500      0.0000000E+00
   12.62500      0.0000000E+00
   12.87500      0.0000000E+00
   13.12500      0.0000000E+00
   13.37500      0.0000000E+00
   13.62500      0.0000000E+00
   13.87500      0.0000000E+00
   14.12500      0.0000000E+00
   14.37500      0.0000000E+00
   14.62500      0.0000000E+00
   14.87500      0.0000000E+00
   15.12500      0.0000000E+00
   15.37500      0.0000000E+00
   15.62500      0.0000000E+00
   15.87500      0.0000000E+00
   16.12500      0.0000000E+00
   16.37500      0.0000000E+00
   16.62500      0.0000000E+00
   16.87500      0.0000000E+00
   17.12500      0.0000000E+00
   17.37500      0.0000000E+00
   17.62500      0.0000000E+00
   17.87500      0.0000000E+00
   18.12500      0.0000000E+00
   18.37500      0.0000000E+00
   18.62500      0.0000000E+00
   18.87500      0.0000000E+00
   19.12500      0.0000000E+00
   19.37500      0.0000000E+00
