 # Derivative distribution function -dV(r)/dr (or -dV(d)/dd) vs d
  0.1250000      0.0000000E+00
  0.3750000      0.0000000E+00
  0.6250000      0.0000000E+00
  0.8750000      0.0000000E+00
   1.125000      0.0000000E+00
   1.375000      0.0000000E+00
   1.625000      0.0000000E+00
   1.875000      0.0000000E+00
   2.125000      0.0000000E+00
   2.375000      0.0000000E+00
   2.625000      0.0000000E+00
   2.875000      0.0000000E+00
   3.125000      2.0259619E-03
   3.375000      8.6107254E-03
   3.625000      1.4689088E-02
   3.875000      1.5702248E-02
   4.125000      1.3676167E-02
   4.375000      9.8770857E-03
   4.625000      1.0130405E-02
   4.875000      1.3169527E-02
   5.125000      1.2663007E-02
   5.375000      1.2409806E-02
   5.625000      1.2409806E-02
   5.875000      2.0007610E-02
   6.125000      3.1910777E-02
   6.375000      4.4320703E-02
   6.625000      9.4972849E-02
   6.875000      0.1263771    
   7.125000      0.1051033    
   7.375000      0.3386096    
   7.625000      0.3102443    
   7.875000      4.1281462E-02
   8.125000      4.6853304E-02
   8.375000      4.3307662E-02
   8.625000      4.0521741E-02
   8.875000      4.2801023E-02
   9.125000      4.2294502E-02
   9.375000      4.2041302E-02
   9.625000      4.1281462E-02
   9.875000      4.1281462E-02
   10.12500      3.4696698E-02
   10.37500      9.2946768E-02
   10.62500       1.186527    
   10.87500       1.107256    
   11.12500      0.0000000E+00
   11.37500      0.0000000E+00
   11.62500      0.0000000E+00
   11.87500      0.0000000E+00
   12.12500      0.0000000E+00
   12.37500      0.0000000E+00
   12.62500      0.0000000E+00
   12.87500      0.0000000E+00
   13.12500      0.0000000E+00
   13.37500      0.0000000E+00
   13.62500      0.0000000E+00
   13.87500      0.0000000E+00
   14.12500      0.0000000E+00
   14.37500      0.0000000E+00
   14.62500      0.0000000E+00
   14.87500      0.0000000E+00
   15.12500      0.0000000E+00
   15.37500      0.0000000E+00
   15.62500      0.0000000E+00
   15.87500      0.0000000E+00
   16.12500      0.0000000E+00
   16.37500      0.0000000E+00
   16.62500      0.0000000E+00
   16.87500      0.0000000E+00
   17.12500      0.0000000E+00
   17.37500      0.0000000E+00
   17.62500      0.0000000E+00
   17.87500      0.0000000E+00
   18.12500      0.0000000E+00
   18.37500      0.0000000E+00
   18.62500      0.0000000E+00
   18.87500      0.0000000E+00
   19.12500      0.0000000E+00
   19.37500      0.0000000E+00
