 # Derivative distribution function -dV(r)/dr (or -dV(d)/dd) vs d
  0.1250000      0.0000000E+00
  0.3750000      0.0000000E+00
  0.6250000      0.0000000E+00
  0.8750000      0.0000000E+00
   1.125000      0.0000000E+00
   1.375000      0.0000000E+00
   1.625000      0.0000000E+00
   1.875000      0.0000000E+00
   2.125000      0.0000000E+00
   2.375000      0.0000000E+00
   2.625000      0.0000000E+00
   2.875000      0.0000000E+00
   3.125000      2.2744179E-02
   3.375000      7.8230381E-02
   3.625000      0.1252187    
   3.875000      0.1372157    
   4.125000      0.1212198    
   4.375000      0.1017245    
   4.625000      0.1002249    
   4.875000      0.1112223    
   5.125000      0.1124719    
   5.375000      0.1019745    
   5.625000      8.7728024E-02
   5.875000      0.5576106    
   6.125000      0.5258686    
   6.375000      1.3996542E-02
   6.625000      1.2996733E-02
   6.875000      1.1497080E-02
   7.125000      1.0997295E-02
   7.375000      1.2246966E-02
   7.625000      9.9974871E-03
   7.875000      6.7483187E-03
   8.125000      8.7478161E-03
   8.375000      7.9979897E-03
   8.625000      6.7483187E-03
   8.875000      8.7478161E-03
   9.125000      1.3996482E-02
   9.375000      2.6493371E-02
   9.625000      3.1742096E-02
   9.875000      0.8242940    
   10.12500      0.8092977    
   10.37500      0.0000000E+00
   10.62500      0.0000000E+00
   10.87500      0.0000000E+00
   11.12500      0.0000000E+00
   11.37500      0.0000000E+00
   11.62500      0.0000000E+00
   11.87500      0.0000000E+00
   12.12500      0.0000000E+00
   12.37500      0.0000000E+00
   12.62500      0.0000000E+00
   12.87500      0.0000000E+00
   13.12500      0.0000000E+00
   13.37500      0.0000000E+00
   13.62500      0.0000000E+00
   13.87500      0.0000000E+00
   14.12500      0.0000000E+00
   14.37500      0.0000000E+00
   14.62500      0.0000000E+00
   14.87500      0.0000000E+00
   15.12500      0.0000000E+00
   15.37500      0.0000000E+00
   15.62500      0.0000000E+00
   15.87500      0.0000000E+00
   16.12500      0.0000000E+00
   16.37500      0.0000000E+00
   16.62500      0.0000000E+00
   16.87500      0.0000000E+00
   17.12500      0.0000000E+00
   17.37500      0.0000000E+00
   17.62500      0.0000000E+00
   17.87500      0.0000000E+00
   18.12500      0.0000000E+00
   18.37500      0.0000000E+00
   18.62500      0.0000000E+00
   18.87500      0.0000000E+00
   19.12500      0.0000000E+00
   19.37500      0.0000000E+00
