 # Derivative distribution function -dV(r)/dr (or -dV(d)/dd) vs d
  0.1250000      0.0000000E+00
  0.3750000      0.0000000E+00
  0.6250000      0.0000000E+00
  0.8750000      0.0000000E+00
   1.125000      0.0000000E+00
   1.375000      0.0000000E+00
   1.625000      0.0000000E+00
   1.875000      0.0000000E+00
   2.125000      0.0000000E+00
   2.375000      0.0000000E+00
   2.625000      0.0000000E+00
   2.875000      0.0000000E+00
   3.125000      5.3559542E-03
   3.375000      1.7853141E-02
   3.625000      2.7449250E-02
   3.875000      3.5929441E-02
   4.125000      4.1062236E-02
   4.375000      3.4813643E-02
   4.625000      2.9011369E-02
   4.875000      2.5887132E-02
   5.125000      2.8565049E-02
   5.375000      3.2358885E-02
   5.625000      3.0573487E-02
   5.875000      2.9680848E-02
   6.125000      3.2135725E-02
   6.375000      3.9276958E-02
   6.625000      5.7576418E-02
   6.875000      7.5206399E-02
   7.125000      0.1149297    
   7.375000      0.1731756    
   7.625000      0.1559920    
   7.875000      0.4474448    
   8.125000      0.4396340    
   8.375000      0.1031020    
   8.625000      0.1046641    
   8.875000      9.9977672E-02
   9.125000      8.7257326E-02
   9.375000      7.8553915E-02
   9.625000      0.8457934    
   9.875000      0.8067396    
   10.12500      0.0000000E+00
   10.37500      0.0000000E+00
   10.62500      0.0000000E+00
   10.87500      0.0000000E+00
   11.12500      0.0000000E+00
   11.37500      0.0000000E+00
   11.62500      0.0000000E+00
   11.87500      0.0000000E+00
   12.12500      0.0000000E+00
   12.37500      0.0000000E+00
   12.62500      0.0000000E+00
   12.87500      0.0000000E+00
   13.12500      0.0000000E+00
   13.37500      0.0000000E+00
   13.62500      0.0000000E+00
   13.87500      0.0000000E+00
   14.12500      0.0000000E+00
   14.37500      0.0000000E+00
   14.62500      0.0000000E+00
   14.87500      0.0000000E+00
   15.12500      0.0000000E+00
   15.37500      0.0000000E+00
   15.62500      0.0000000E+00
   15.87500      0.0000000E+00
   16.12500      0.0000000E+00
   16.37500      0.0000000E+00
   16.62500      0.0000000E+00
   16.87500      0.0000000E+00
   17.12500      0.0000000E+00
   17.37500      0.0000000E+00
   17.62500      0.0000000E+00
   17.87500      0.0000000E+00
   18.12500      0.0000000E+00
   18.37500      0.0000000E+00
   18.62500      0.0000000E+00
   18.87500      0.0000000E+00
   19.12500      0.0000000E+00
   19.37500      0.0000000E+00
