 # Derivative distribution function -dV(r)/dr (or -dV(d)/dd) vs d
  0.1250000      0.0000000E+00
  0.3750000      0.0000000E+00
  0.6250000      0.0000000E+00
  0.8750000      0.0000000E+00
   1.125000      0.0000000E+00
   1.375000      0.0000000E+00
   1.625000      0.0000000E+00
   1.875000      0.0000000E+00
   2.125000      0.0000000E+00
   2.375000      0.0000000E+00
   2.625000      0.0000000E+00
   2.875000      0.0000000E+00
   3.125000      4.7138929E-03
   3.375000      1.9304156E-02
   3.625000      2.7384877E-02
   3.875000      3.7934899E-02
   4.125000      4.3322086E-02
   4.375000      3.2996655E-02
   4.625000      3.0078650E-02
   4.875000      2.4915814E-02
   5.125000      2.6487112E-02
   5.375000      3.1425357E-02
   5.625000      2.8956175E-02
   5.875000      2.7160525E-02
   6.125000      2.8956175E-02
   6.375000      4.1301966E-02
   6.625000      5.7014704E-02
   6.875000      6.8013430E-02
   7.125000      0.1111110    
   7.375000      0.1687990    
   7.625000      0.1521885    
   7.875000      0.4543210    
   8.125000      0.4511784    
   8.375000      0.1095398    
   8.625000      0.1086420    
   8.875000      0.1007857    
   9.125000      8.7991059E-02
   9.375000      8.1481457E-02
   9.625000      0.8419753    
   9.875000      0.8020202    
   10.12500      0.0000000E+00
   10.37500      0.0000000E+00
   10.62500      0.0000000E+00
   10.87500      0.0000000E+00
   11.12500      0.0000000E+00
   11.37500      0.0000000E+00
   11.62500      0.0000000E+00
   11.87500      0.0000000E+00
   12.12500      0.0000000E+00
   12.37500      0.0000000E+00
   12.62500      0.0000000E+00
   12.87500      0.0000000E+00
   13.12500      0.0000000E+00
   13.37500      0.0000000E+00
   13.62500      0.0000000E+00
   13.87500      0.0000000E+00
   14.12500      0.0000000E+00
   14.37500      0.0000000E+00
   14.62500      0.0000000E+00
   14.87500      0.0000000E+00
   15.12500      0.0000000E+00
   15.37500      0.0000000E+00
   15.62500      0.0000000E+00
   15.87500      0.0000000E+00
   16.12500      0.0000000E+00
   16.37500      0.0000000E+00
   16.62500      0.0000000E+00
   16.87500      0.0000000E+00
   17.12500      0.0000000E+00
   17.37500      0.0000000E+00
   17.62500      0.0000000E+00
   17.87500      0.0000000E+00
   18.12500      0.0000000E+00
   18.37500      0.0000000E+00
   18.62500      0.0000000E+00
   18.87500      0.0000000E+00
   19.12500      0.0000000E+00
   19.37500      0.0000000E+00
