[double3(18.870002500000,0.000000000000,0.000000000000),double3(0.000000000000,14.401001700000,0.000000000000),double3(-0.000000918008,0.000000000000,7.514001200000)]

double3(0.000000000000,0.107250000000,0.061600000000),
double3(0.051450000000,0.045600000000,0.061850000000),
double3(0.110050000000,0.000000000000,0.043775000000),
double3(0.125000000000,0.125000000000,0.000000000000),
double3(0.159300000000,0.045550000000,0.000000000000),
double3(0.065100000000,0.133150000000,0.043775000000),
double3(0.084950000000,0.000000000000,0.125000000000),
double3(0.048100000000,0.108800000000,0.125000000000),
double3(0.041100000000,0.098550000000,0.073125000000),
double3(0.086500000000,0.148850000000,0.000000000000),
double3(0.074400000000,0.000000000000,0.073125000000),
double3(0.134600000000,0.000000000000,0.000000000000),
double3(0.000000000000,0.392750000000,0.061600000000),
double3(0.448550000000,0.454400000000,0.061850000000),
double3(0.389950000000,0.000000000000,0.043775000000),
double3(0.375000000000,0.375000000000,0.000000000000),
double3(0.340700000000,0.454450000000,0.000000000000),
double3(0.434900000000,0.366850000000,0.043775000000),
double3(0.415050000000,0.000000000000,0.125000000000),
double3(0.451900000000,0.391200000000,0.125000000000),
double3(0.458900000000,0.401450000000,0.073125000000),
double3(0.413500000000,0.351150000000,0.000000000000),
double3(0.425600000000,0.000000000000,0.073125000000),
double3(0.365400000000,0.000000000000,0.000000000000),
double3(0.000000000000,0.392750000000,0.188400000000),
double3(0.051450000000,0.454400000000,0.188150000000),
double3(0.110050000000,0.000000000000,0.206225000000),
double3(0.125000000000,0.375000000000,0.000000000000),
double3(0.159300000000,0.454450000000,0.000000000000),
double3(0.065100000000,0.366850000000,0.206225000000),
double3(0.048100000000,0.391200000000,0.125000000000),
double3(0.041100000000,0.401450000000,0.176875000000),
double3(0.086500000000,0.351150000000,0.000000000000),
double3(0.074400000000,0.000000000000,0.176875000000),
double3(0.000000000000,0.107250000000,0.188400000000),
double3(0.448550000000,0.045600000000,0.188150000000),
double3(0.389950000000,0.000000000000,0.206225000000),
double3(0.375000000000,0.125000000000,0.000000000000),
double3(0.340700000000,0.045550000000,0.000000000000),
double3(0.434900000000,0.133150000000,0.206225000000),
double3(0.451900000000,0.108800000000,0.125000000000),
double3(0.458900000000,0.098550000000,0.176875000000),
double3(0.413500000000,0.148850000000,0.000000000000),
double3(0.425600000000,0.000000000000,0.176875000000),
double3(0.448550000000,0.454400000000,0.188150000000),
double3(0.434900000000,0.366850000000,0.206225000000),
double3(0.458900000000,0.401450000000,0.176875000000),
double3(0.051450000000,0.045600000000,0.188150000000),
double3(0.065100000000,0.133150000000,0.206225000000),
double3(0.041100000000,0.098550000000,0.176875000000),
double3(0.448550000000,0.045600000000,0.061850000000),
double3(0.434900000000,0.133150000000,0.043775000000),
double3(0.458900000000,0.098550000000,0.073125000000),
double3(0.051450000000,0.454400000000,0.061850000000),
double3(0.065100000000,0.366850000000,0.043775000000),
double3(0.041100000000,0.401450000000,0.073125000000),
double3(0.250000000000,0.357250000000,0.061600000000),
double3(0.301450000000,0.295600000000,0.061850000000),
double3(0.360050000000,0.250000000000,0.043775000000),
double3(0.409300000000,0.295550000000,0.000000000000),
double3(0.315100000000,0.383150000000,0.043775000000),
double3(0.334950000000,0.250000000000,0.125000000000),
double3(0.298100000000,0.358800000000,0.125000000000),
double3(0.291100000000,0.348550000000,0.073125000000),
double3(0.336500000000,0.398850000000,0.000000000000),
double3(0.324400000000,0.250000000000,0.073125000000),
double3(0.384600000000,0.250000000000,0.000000000000),
double3(0.250000000000,0.142750000000,0.061600000000),
double3(0.198550000000,0.204400000000,0.061850000000),
double3(0.139950000000,0.250000000000,0.043775000000),
double3(0.090700000000,0.204450000000,0.000000000000),
double3(0.184900000000,0.116850000000,0.043775000000),
double3(0.165050000000,0.250000000000,0.125000000000),
double3(0.201900000000,0.141200000000,0.125000000000),
double3(0.208900000000,0.151450000000,0.073125000000),
double3(0.163500000000,0.101150000000,0.000000000000),
double3(0.175600000000,0.250000000000,0.073125000000),
double3(0.115400000000,0.250000000000,0.000000000000),
double3(0.250000000000,0.142750000000,0.188400000000),
double3(0.301450000000,0.204400000000,0.188150000000),
double3(0.360050000000,0.250000000000,0.206225000000),
double3(0.409300000000,0.204450000000,0.000000000000),
double3(0.315100000000,0.116850000000,0.206225000000),
double3(0.298100000000,0.141200000000,0.125000000000),
double3(0.291100000000,0.151450000000,0.176875000000),
double3(0.336500000000,0.101150000000,0.000000000000),
double3(0.324400000000,0.250000000000,0.176875000000),
double3(0.250000000000,0.357250000000,0.188400000000),
double3(0.198550000000,0.295600000000,0.188150000000),
double3(0.139950000000,0.250000000000,0.206225000000),
double3(0.090700000000,0.295550000000,0.000000000000),
double3(0.184900000000,0.383150000000,0.206225000000),
double3(0.201900000000,0.358800000000,0.125000000000),
double3(0.208900000000,0.348550000000,0.176875000000),
double3(0.163500000000,0.398850000000,0.000000000000),
double3(0.175600000000,0.250000000000,0.176875000000),
double3(0.198550000000,0.204400000000,0.188150000000),
double3(0.184900000000,0.116850000000,0.206225000000),
double3(0.208900000000,0.151450000000,0.176875000000),
double3(0.301450000000,0.295600000000,0.188150000000),
double3(0.315100000000,0.383150000000,0.206225000000),
double3(0.291100000000,0.348550000000,0.176875000000),
double3(0.198550000000,0.295600000000,0.061850000000),
double3(0.184900000000,0.383150000000,0.043775000000),
double3(0.208900000000,0.348550000000,0.073125000000),
double3(0.301450000000,0.204400000000,0.061850000000),
double3(0.315100000000,0.116850000000,0.043775000000),
double3(0.291100000000,0.151450000000,0.073125000000),
double3(0.000000000000,0.107250000000,0.311600000000),
double3(0.051450000000,0.045600000000,0.311850000000),
double3(0.110050000000,0.000000000000,0.293775000000),
double3(0.125000000000,0.125000000000,0.250000000000),
double3(0.159300000000,0.045550000000,0.250000000000),
double3(0.065100000000,0.133150000000,0.293775000000),
double3(0.084950000000,0.000000000000,0.375000000000),
double3(0.048100000000,0.108800000000,0.375000000000),
double3(0.041100000000,0.098550000000,0.323125000000),
double3(0.086500000000,0.148850000000,0.250000000000),
double3(0.074400000000,0.000000000000,0.323125000000),
double3(0.134600000000,0.000000000000,0.250000000000),
double3(0.000000000000,0.392750000000,0.311600000000),
double3(0.448550000000,0.454400000000,0.311850000000),
double3(0.389950000000,0.000000000000,0.293775000000),
double3(0.375000000000,0.375000000000,0.250000000000),
double3(0.340700000000,0.454450000000,0.250000000000),
double3(0.434900000000,0.366850000000,0.293775000000),
double3(0.415050000000,0.000000000000,0.375000000000),
double3(0.451900000000,0.391200000000,0.375000000000),
double3(0.458900000000,0.401450000000,0.323125000000),
double3(0.413500000000,0.351150000000,0.250000000000),
double3(0.425600000000,0.000000000000,0.323125000000),
double3(0.365400000000,0.000000000000,0.250000000000),
double3(0.000000000000,0.392750000000,0.438400000000),
double3(0.051450000000,0.454400000000,0.438150000000),
double3(0.110050000000,0.000000000000,0.456225000000),
double3(0.125000000000,0.375000000000,0.250000000000),
double3(0.159300000000,0.454450000000,0.250000000000),
double3(0.065100000000,0.366850000000,0.456225000000),
double3(0.048100000000,0.391200000000,0.375000000000),
double3(0.041100000000,0.401450000000,0.426875000000),
double3(0.086500000000,0.351150000000,0.250000000000),
double3(0.074400000000,0.000000000000,0.426875000000),
double3(0.000000000000,0.107250000000,0.438400000000),
double3(0.448550000000,0.045600000000,0.438150000000),
double3(0.389950000000,0.000000000000,0.456225000000),
double3(0.375000000000,0.125000000000,0.250000000000),
double3(0.340700000000,0.045550000000,0.250000000000),
double3(0.434900000000,0.133150000000,0.456225000000),
double3(0.451900000000,0.108800000000,0.375000000000),
double3(0.458900000000,0.098550000000,0.426875000000),
double3(0.413500000000,0.148850000000,0.250000000000),
double3(0.425600000000,0.000000000000,0.426875000000),
double3(0.448550000000,0.454400000000,0.438150000000),
double3(0.434900000000,0.366850000000,0.456225000000),
double3(0.458900000000,0.401450000000,0.426875000000),
double3(0.051450000000,0.045600000000,0.438150000000),
double3(0.065100000000,0.133150000000,0.456225000000),
double3(0.041100000000,0.098550000000,0.426875000000),
double3(0.448550000000,0.045600000000,0.311850000000),
double3(0.434900000000,0.133150000000,0.293775000000),
double3(0.458900000000,0.098550000000,0.323125000000),
double3(0.051450000000,0.454400000000,0.311850000000),
double3(0.065100000000,0.366850000000,0.293775000000),
double3(0.041100000000,0.401450000000,0.323125000000),
double3(0.250000000000,0.357250000000,0.311600000000),
double3(0.301450000000,0.295600000000,0.311850000000),
double3(0.360050000000,0.250000000000,0.293775000000),
double3(0.409300000000,0.295550000000,0.250000000000),
double3(0.315100000000,0.383150000000,0.293775000000),
double3(0.334950000000,0.250000000000,0.375000000000),
double3(0.298100000000,0.358800000000,0.375000000000),
double3(0.291100000000,0.348550000000,0.323125000000),
double3(0.336500000000,0.398850000000,0.250000000000),
double3(0.324400000000,0.250000000000,0.323125000000),
double3(0.384600000000,0.250000000000,0.250000000000),
double3(0.250000000000,0.142750000000,0.311600000000),
double3(0.198550000000,0.204400000000,0.311850000000),
double3(0.139950000000,0.250000000000,0.293775000000),
double3(0.090700000000,0.204450000000,0.250000000000),
double3(0.184900000000,0.116850000000,0.293775000000),
double3(0.165050000000,0.250000000000,0.375000000000),
double3(0.201900000000,0.141200000000,0.375000000000),
double3(0.208900000000,0.151450000000,0.323125000000),
double3(0.163500000000,0.101150000000,0.250000000000),
double3(0.175600000000,0.250000000000,0.323125000000),
double3(0.115400000000,0.250000000000,0.250000000000),
double3(0.250000000000,0.142750000000,0.438400000000),
double3(0.301450000000,0.204400000000,0.438150000000),
double3(0.360050000000,0.250000000000,0.456225000000),
double3(0.409300000000,0.204450000000,0.250000000000),
double3(0.315100000000,0.116850000000,0.456225000000),
double3(0.298100000000,0.141200000000,0.375000000000),
double3(0.291100000000,0.151450000000,0.426875000000),
double3(0.336500000000,0.101150000000,0.250000000000),
double3(0.324400000000,0.250000000000,0.426875000000),
double3(0.250000000000,0.357250000000,0.438400000000),
double3(0.198550000000,0.295600000000,0.438150000000),
double3(0.139950000000,0.250000000000,0.456225000000),
double3(0.090700000000,0.295550000000,0.250000000000),
double3(0.184900000000,0.383150000000,0.456225000000),
double3(0.201900000000,0.358800000000,0.375000000000),
double3(0.208900000000,0.348550000000,0.426875000000),
double3(0.163500000000,0.398850000000,0.250000000000),
double3(0.175600000000,0.250000000000,0.426875000000),
double3(0.198550000000,0.204400000000,0.438150000000),
double3(0.184900000000,0.116850000000,0.456225000000),
double3(0.208900000000,0.151450000000,0.426875000000),
double3(0.301450000000,0.295600000000,0.438150000000),
double3(0.315100000000,0.383150000000,0.456225000000),
double3(0.291100000000,0.348550000000,0.426875000000),
double3(0.198550000000,0.295600000000,0.311850000000),
double3(0.184900000000,0.383150000000,0.293775000000),
double3(0.208900000000,0.348550000000,0.323125000000),
double3(0.301450000000,0.204400000000,0.311850000000),
double3(0.315100000000,0.116850000000,0.293775000000),
double3(0.291100000000,0.151450000000,0.323125000000),
double3(0.000000000000,0.107250000000,0.561600000000),
double3(0.051450000000,0.045600000000,0.561850000000),
double3(0.110050000000,0.000000000000,0.543775000000),
double3(0.125000000000,0.125000000000,0.500000000000),
double3(0.159300000000,0.045550000000,0.500000000000),
double3(0.065100000000,0.133150000000,0.543775000000),
double3(0.084950000000,0.000000000000,0.625000000000),
double3(0.048100000000,0.108800000000,0.625000000000),
double3(0.041100000000,0.098550000000,0.573125000000),
double3(0.086500000000,0.148850000000,0.500000000000),
double3(0.074400000000,0.000000000000,0.573125000000),
double3(0.134600000000,0.000000000000,0.500000000000),
double3(0.000000000000,0.392750000000,0.561600000000),
double3(0.448550000000,0.454400000000,0.561850000000),
double3(0.389950000000,0.000000000000,0.543775000000),
double3(0.375000000000,0.375000000000,0.500000000000),
double3(0.340700000000,0.454450000000,0.500000000000),
double3(0.434900000000,0.366850000000,0.543775000000),
double3(0.415050000000,0.000000000000,0.625000000000),
double3(0.451900000000,0.391200000000,0.625000000000),
double3(0.458900000000,0.401450000000,0.573125000000),
double3(0.413500000000,0.351150000000,0.500000000000),
double3(0.425600000000,0.000000000000,0.573125000000),
double3(0.365400000000,0.000000000000,0.500000000000),
double3(0.000000000000,0.392750000000,0.688400000000),
double3(0.051450000000,0.454400000000,0.688150000000),
double3(0.110050000000,0.000000000000,0.706225000000),
double3(0.125000000000,0.375000000000,0.500000000000),
double3(0.159300000000,0.454450000000,0.500000000000),
double3(0.065100000000,0.366850000000,0.706225000000),
double3(0.048100000000,0.391200000000,0.625000000000),
double3(0.041100000000,0.401450000000,0.676875000000),
double3(0.086500000000,0.351150000000,0.500000000000),
double3(0.074400000000,0.000000000000,0.676875000000),
double3(0.000000000000,0.107250000000,0.688400000000),
double3(0.448550000000,0.045600000000,0.688150000000),
double3(0.389950000000,0.000000000000,0.706225000000),
double3(0.375000000000,0.125000000000,0.500000000000),
double3(0.340700000000,0.045550000000,0.500000000000),
double3(0.434900000000,0.133150000000,0.706225000000),
double3(0.451900000000,0.108800000000,0.625000000000),
double3(0.458900000000,0.098550000000,0.676875000000),
double3(0.413500000000,0.148850000000,0.500000000000),
double3(0.425600000000,0.000000000000,0.676875000000),
double3(0.448550000000,0.454400000000,0.688150000000),
double3(0.434900000000,0.366850000000,0.706225000000),
double3(0.458900000000,0.401450000000,0.676875000000),
double3(0.051450000000,0.045600000000,0.688150000000),
double3(0.065100000000,0.133150000000,0.706225000000),
double3(0.041100000000,0.098550000000,0.676875000000),
double3(0.448550000000,0.045600000000,0.561850000000),
double3(0.434900000000,0.133150000000,0.543775000000),
double3(0.458900000000,0.098550000000,0.573125000000),
double3(0.051450000000,0.454400000000,0.561850000000),
double3(0.065100000000,0.366850000000,0.543775000000),
double3(0.041100000000,0.401450000000,0.573125000000),
double3(0.250000000000,0.357250000000,0.561600000000),
double3(0.301450000000,0.295600000000,0.561850000000),
double3(0.360050000000,0.250000000000,0.543775000000),
double3(0.409300000000,0.295550000000,0.500000000000),
double3(0.315100000000,0.383150000000,0.543775000000),
double3(0.334950000000,0.250000000000,0.625000000000),
double3(0.298100000000,0.358800000000,0.625000000000),
double3(0.291100000000,0.348550000000,0.573125000000),
double3(0.336500000000,0.398850000000,0.500000000000),
double3(0.324400000000,0.250000000000,0.573125000000),
double3(0.384600000000,0.250000000000,0.500000000000),
double3(0.250000000000,0.142750000000,0.561600000000),
double3(0.198550000000,0.204400000000,0.561850000000),
double3(0.139950000000,0.250000000000,0.543775000000),
double3(0.090700000000,0.204450000000,0.500000000000),
double3(0.184900000000,0.116850000000,0.543775000000),
double3(0.165050000000,0.250000000000,0.625000000000),
double3(0.201900000000,0.141200000000,0.625000000000),
double3(0.208900000000,0.151450000000,0.573125000000),
double3(0.163500000000,0.101150000000,0.500000000000),
double3(0.175600000000,0.250000000000,0.573125000000),
double3(0.115400000000,0.250000000000,0.500000000000),
double3(0.250000000000,0.142750000000,0.688400000000),
double3(0.301450000000,0.204400000000,0.688150000000),
double3(0.360050000000,0.250000000000,0.706225000000),
double3(0.409300000000,0.204450000000,0.500000000000),
double3(0.315100000000,0.116850000000,0.706225000000),
double3(0.298100000000,0.141200000000,0.625000000000),
double3(0.291100000000,0.151450000000,0.676875000000),
double3(0.336500000000,0.101150000000,0.500000000000),
double3(0.324400000000,0.250000000000,0.676875000000),
double3(0.250000000000,0.357250000000,0.688400000000),
double3(0.198550000000,0.295600000000,0.688150000000),
double3(0.139950000000,0.250000000000,0.706225000000),
double3(0.090700000000,0.295550000000,0.500000000000),
double3(0.184900000000,0.383150000000,0.706225000000),
double3(0.201900000000,0.358800000000,0.625000000000),
double3(0.208900000000,0.348550000000,0.676875000000),
double3(0.163500000000,0.398850000000,0.500000000000),
double3(0.175600000000,0.250000000000,0.676875000000),
double3(0.198550000000,0.204400000000,0.688150000000),
double3(0.184900000000,0.116850000000,0.706225000000),
double3(0.208900000000,0.151450000000,0.676875000000),
double3(0.301450000000,0.295600000000,0.688150000000),
double3(0.315100000000,0.383150000000,0.706225000000),
double3(0.291100000000,0.348550000000,0.676875000000),
double3(0.198550000000,0.295600000000,0.561850000000),
double3(0.184900000000,0.383150000000,0.543775000000),
double3(0.208900000000,0.348550000000,0.573125000000),
double3(0.301450000000,0.204400000000,0.561850000000),
double3(0.315100000000,0.116850000000,0.543775000000),
double3(0.291100000000,0.151450000000,0.573125000000),
double3(0.000000000000,0.107250000000,0.811600000000),
double3(0.051450000000,0.045600000000,0.811850000000),
double3(0.110050000000,0.000000000000,0.793775000000),
double3(0.125000000000,0.125000000000,0.750000000000),
double3(0.159300000000,0.045550000000,0.750000000000),
double3(0.065100000000,0.133150000000,0.793775000000),
double3(0.084950000000,0.000000000000,0.875000000000),
double3(0.048100000000,0.108800000000,0.875000000000),
double3(0.041100000000,0.098550000000,0.823125000000),
double3(0.086500000000,0.148850000000,0.750000000000),
double3(0.074400000000,0.000000000000,0.823125000000),
double3(0.134600000000,0.000000000000,0.750000000000),
double3(0.000000000000,0.392750000000,0.811600000000),
double3(0.448550000000,0.454400000000,0.811850000000),
double3(0.389950000000,0.000000000000,0.793775000000),
double3(0.375000000000,0.375000000000,0.750000000000),
double3(0.340700000000,0.454450000000,0.750000000000),
double3(0.434900000000,0.366850000000,0.793775000000),
double3(0.415050000000,0.000000000000,0.875000000000),
double3(0.451900000000,0.391200000000,0.875000000000),
double3(0.458900000000,0.401450000000,0.823125000000),
double3(0.413500000000,0.351150000000,0.750000000000),
double3(0.425600000000,0.000000000000,0.823125000000),
double3(0.365400000000,0.000000000000,0.750000000000),
double3(0.000000000000,0.392750000000,0.938400000000),
double3(0.051450000000,0.454400000000,0.938150000000),
double3(0.110050000000,0.000000000000,0.956225000000),
double3(0.125000000000,0.375000000000,0.750000000000),
double3(0.159300000000,0.454450000000,0.750000000000),
double3(0.065100000000,0.366850000000,0.956225000000),
double3(0.048100000000,0.391200000000,0.875000000000),
double3(0.041100000000,0.401450000000,0.926875000000),
double3(0.086500000000,0.351150000000,0.750000000000),
double3(0.074400000000,0.000000000000,0.926875000000),
double3(0.000000000000,0.107250000000,0.938400000000),
double3(0.448550000000,0.045600000000,0.938150000000),
double3(0.389950000000,0.000000000000,0.956225000000),
double3(0.375000000000,0.125000000000,0.750000000000),
double3(0.340700000000,0.045550000000,0.750000000000),
double3(0.434900000000,0.133150000000,0.956225000000),
double3(0.451900000000,0.108800000000,0.875000000000),
double3(0.458900000000,0.098550000000,0.926875000000),
double3(0.413500000000,0.148850000000,0.750000000000),
double3(0.425600000000,0.000000000000,0.926875000000),
double3(0.448550000000,0.454400000000,0.938150000000),
double3(0.434900000000,0.366850000000,0.956225000000),
double3(0.458900000000,0.401450000000,0.926875000000),
double3(0.051450000000,0.045600000000,0.938150000000),
double3(0.065100000000,0.133150000000,0.956225000000),
double3(0.041100000000,0.098550000000,0.926875000000),
double3(0.448550000000,0.045600000000,0.811850000000),
double3(0.434900000000,0.133150000000,0.793775000000),
double3(0.458900000000,0.098550000000,0.823125000000),
double3(0.051450000000,0.454400000000,0.811850000000),
double3(0.065100000000,0.366850000000,0.793775000000),
double3(0.041100000000,0.401450000000,0.823125000000),
double3(0.250000000000,0.357250000000,0.811600000000),
double3(0.301450000000,0.295600000000,0.811850000000),
double3(0.360050000000,0.250000000000,0.793775000000),
double3(0.409300000000,0.295550000000,0.750000000000),
double3(0.315100000000,0.383150000000,0.793775000000),
double3(0.334950000000,0.250000000000,0.875000000000),
double3(0.298100000000,0.358800000000,0.875000000000),
double3(0.291100000000,0.348550000000,0.823125000000),
double3(0.336500000000,0.398850000000,0.750000000000),
double3(0.324400000000,0.250000000000,0.823125000000),
double3(0.384600000000,0.250000000000,0.750000000000),
double3(0.250000000000,0.142750000000,0.811600000000),
double3(0.198550000000,0.204400000000,0.811850000000),
double3(0.139950000000,0.250000000000,0.793775000000),
double3(0.090700000000,0.204450000000,0.750000000000),
double3(0.184900000000,0.116850000000,0.793775000000),
double3(0.165050000000,0.250000000000,0.875000000000),
double3(0.201900000000,0.141200000000,0.875000000000),
double3(0.208900000000,0.151450000000,0.823125000000),
double3(0.163500000000,0.101150000000,0.750000000000),
double3(0.175600000000,0.250000000000,0.823125000000),
double3(0.115400000000,0.250000000000,0.750000000000),
double3(0.250000000000,0.142750000000,0.938400000000),
double3(0.301450000000,0.204400000000,0.938150000000),
double3(0.360050000000,0.250000000000,0.956225000000),
double3(0.409300000000,0.204450000000,0.750000000000),
double3(0.315100000000,0.116850000000,0.956225000000),
double3(0.298100000000,0.141200000000,0.875000000000),
double3(0.291100000000,0.151450000000,0.926875000000),
double3(0.336500000000,0.101150000000,0.750000000000),
double3(0.324400000000,0.250000000000,0.926875000000),
double3(0.250000000000,0.357250000000,0.938400000000),
double3(0.198550000000,0.295600000000,0.938150000000),
double3(0.139950000000,0.250000000000,0.956225000000),
double3(0.090700000000,0.295550000000,0.750000000000),
double3(0.184900000000,0.383150000000,0.956225000000),
double3(0.201900000000,0.358800000000,0.875000000000),
double3(0.208900000000,0.348550000000,0.926875000000),
double3(0.163500000000,0.398850000000,0.750000000000),
double3(0.175600000000,0.250000000000,0.926875000000),
double3(0.198550000000,0.204400000000,0.938150000000),
double3(0.184900000000,0.116850000000,0.956225000000),
double3(0.208900000000,0.151450000000,0.926875000000),
double3(0.301450000000,0.295600000000,0.938150000000),
double3(0.315100000000,0.383150000000,0.956225000000),
double3(0.291100000000,0.348550000000,0.926875000000),
double3(0.198550000000,0.295600000000,0.811850000000),
double3(0.184900000000,0.383150000000,0.793775000000),
double3(0.208900000000,0.348550000000,0.823125000000),
double3(0.301450000000,0.204400000000,0.811850000000),
double3(0.315100000000,0.116850000000,0.793775000000),
double3(0.291100000000,0.151450000000,0.823125000000),
double3(0.000000000000,0.607250000000,0.061600000000),
double3(0.051450000000,0.545600000000,0.061850000000),
double3(0.110050000000,0.500000000000,0.043775000000),
double3(0.125000000000,0.625000000000,0.000000000000),
double3(0.159300000000,0.545550000000,0.000000000000),
double3(0.065100000000,0.633150000000,0.043775000000),
double3(0.084950000000,0.500000000000,0.125000000000),
double3(0.048100000000,0.608800000000,0.125000000000),
double3(0.041100000000,0.598550000000,0.073125000000),
double3(0.086500000000,0.648850000000,0.000000000000),
double3(0.074400000000,0.500000000000,0.073125000000),
double3(0.134600000000,0.500000000000,0.000000000000),
double3(0.000000000000,0.892750000000,0.061600000000),
double3(0.448550000000,0.954400000000,0.061850000000),
double3(0.389950000000,0.500000000000,0.043775000000),
double3(0.375000000000,0.875000000000,0.000000000000),
double3(0.340700000000,0.954450000000,0.000000000000),
double3(0.434900000000,0.866850000000,0.043775000000),
double3(0.415050000000,0.500000000000,0.125000000000),
double3(0.451900000000,0.891200000000,0.125000000000),
double3(0.458900000000,0.901450000000,0.073125000000),
double3(0.413500000000,0.851150000000,0.000000000000),
double3(0.425600000000,0.500000000000,0.073125000000),
double3(0.365400000000,0.500000000000,0.000000000000),
double3(0.000000000000,0.892750000000,0.188400000000),
double3(0.051450000000,0.954400000000,0.188150000000),
double3(0.110050000000,0.500000000000,0.206225000000),
double3(0.125000000000,0.875000000000,0.000000000000),
double3(0.159300000000,0.954450000000,0.000000000000),
double3(0.065100000000,0.866850000000,0.206225000000),
double3(0.048100000000,0.891200000000,0.125000000000),
double3(0.041100000000,0.901450000000,0.176875000000),
double3(0.086500000000,0.851150000000,0.000000000000),
double3(0.074400000000,0.500000000000,0.176875000000),
double3(0.000000000000,0.607250000000,0.188400000000),
double3(0.448550000000,0.545600000000,0.188150000000),
double3(0.389950000000,0.500000000000,0.206225000000),
double3(0.375000000000,0.625000000000,0.000000000000),
double3(0.340700000000,0.545550000000,0.000000000000),
double3(0.434900000000,0.633150000000,0.206225000000),
double3(0.451900000000,0.608800000000,0.125000000000),
double3(0.458900000000,0.598550000000,0.176875000000),
double3(0.413500000000,0.648850000000,0.000000000000),
double3(0.425600000000,0.500000000000,0.176875000000),
double3(0.448550000000,0.954400000000,0.188150000000),
double3(0.434900000000,0.866850000000,0.206225000000),
double3(0.458900000000,0.901450000000,0.176875000000),
double3(0.051450000000,0.545600000000,0.188150000000),
double3(0.065100000000,0.633150000000,0.206225000000),
double3(0.041100000000,0.598550000000,0.176875000000),
double3(0.448550000000,0.545600000000,0.061850000000),
double3(0.434900000000,0.633150000000,0.043775000000),
double3(0.458900000000,0.598550000000,0.073125000000),
double3(0.051450000000,0.954400000000,0.061850000000),
double3(0.065100000000,0.866850000000,0.043775000000),
double3(0.041100000000,0.901450000000,0.073125000000),
double3(0.250000000000,0.857250000000,0.061600000000),
double3(0.301450000000,0.795600000000,0.061850000000),
double3(0.360050000000,0.750000000000,0.043775000000),
double3(0.409300000000,0.795550000000,0.000000000000),
double3(0.315100000000,0.883150000000,0.043775000000),
double3(0.334950000000,0.750000000000,0.125000000000),
double3(0.298100000000,0.858800000000,0.125000000000),
double3(0.291100000000,0.848550000000,0.073125000000),
double3(0.336500000000,0.898850000000,0.000000000000),
double3(0.324400000000,0.750000000000,0.073125000000),
double3(0.384600000000,0.750000000000,0.000000000000),
double3(0.250000000000,0.642750000000,0.061600000000),
double3(0.198550000000,0.704400000000,0.061850000000),
double3(0.139950000000,0.750000000000,0.043775000000),
double3(0.090700000000,0.704450000000,0.000000000000),
double3(0.184900000000,0.616850000000,0.043775000000),
double3(0.165050000000,0.750000000000,0.125000000000),
double3(0.201900000000,0.641200000000,0.125000000000),
double3(0.208900000000,0.651450000000,0.073125000000),
double3(0.163500000000,0.601150000000,0.000000000000),
double3(0.175600000000,0.750000000000,0.073125000000),
double3(0.115400000000,0.750000000000,0.000000000000),
double3(0.250000000000,0.642750000000,0.188400000000),
double3(0.301450000000,0.704400000000,0.188150000000),
double3(0.360050000000,0.750000000000,0.206225000000),
double3(0.409300000000,0.704450000000,0.000000000000),
double3(0.315100000000,0.616850000000,0.206225000000),
double3(0.298100000000,0.641200000000,0.125000000000),
double3(0.291100000000,0.651450000000,0.176875000000),
double3(0.336500000000,0.601150000000,0.000000000000),
double3(0.324400000000,0.750000000000,0.176875000000),
double3(0.250000000000,0.857250000000,0.188400000000),
double3(0.198550000000,0.795600000000,0.188150000000),
double3(0.139950000000,0.750000000000,0.206225000000),
double3(0.090700000000,0.795550000000,0.000000000000),
double3(0.184900000000,0.883150000000,0.206225000000),
double3(0.201900000000,0.858800000000,0.125000000000),
double3(0.208900000000,0.848550000000,0.176875000000),
double3(0.163500000000,0.898850000000,0.000000000000),
double3(0.175600000000,0.750000000000,0.176875000000),
double3(0.198550000000,0.704400000000,0.188150000000),
double3(0.184900000000,0.616850000000,0.206225000000),
double3(0.208900000000,0.651450000000,0.176875000000),
double3(0.301450000000,0.795600000000,0.188150000000),
double3(0.315100000000,0.883150000000,0.206225000000),
double3(0.291100000000,0.848550000000,0.176875000000),
double3(0.198550000000,0.795600000000,0.061850000000),
double3(0.184900000000,0.883150000000,0.043775000000),
double3(0.208900000000,0.848550000000,0.073125000000),
double3(0.301450000000,0.704400000000,0.061850000000),
double3(0.315100000000,0.616850000000,0.043775000000),
double3(0.291100000000,0.651450000000,0.073125000000),
double3(0.000000000000,0.607250000000,0.311600000000),
double3(0.051450000000,0.545600000000,0.311850000000),
double3(0.110050000000,0.500000000000,0.293775000000),
double3(0.125000000000,0.625000000000,0.250000000000),
double3(0.159300000000,0.545550000000,0.250000000000),
double3(0.065100000000,0.633150000000,0.293775000000),
double3(0.084950000000,0.500000000000,0.375000000000),
double3(0.048100000000,0.608800000000,0.375000000000),
double3(0.041100000000,0.598550000000,0.323125000000),
double3(0.086500000000,0.648850000000,0.250000000000),
double3(0.074400000000,0.500000000000,0.323125000000),
double3(0.134600000000,0.500000000000,0.250000000000),
double3(0.000000000000,0.892750000000,0.311600000000),
double3(0.448550000000,0.954400000000,0.311850000000),
double3(0.389950000000,0.500000000000,0.293775000000),
double3(0.375000000000,0.875000000000,0.250000000000),
double3(0.340700000000,0.954450000000,0.250000000000),
double3(0.434900000000,0.866850000000,0.293775000000),
double3(0.415050000000,0.500000000000,0.375000000000),
double3(0.451900000000,0.891200000000,0.375000000000),
double3(0.458900000000,0.901450000000,0.323125000000),
double3(0.413500000000,0.851150000000,0.250000000000),
double3(0.425600000000,0.500000000000,0.323125000000),
double3(0.365400000000,0.500000000000,0.250000000000),
double3(0.000000000000,0.892750000000,0.438400000000),
double3(0.051450000000,0.954400000000,0.438150000000),
double3(0.110050000000,0.500000000000,0.456225000000),
double3(0.125000000000,0.875000000000,0.250000000000),
double3(0.159300000000,0.954450000000,0.250000000000),
double3(0.065100000000,0.866850000000,0.456225000000),
double3(0.048100000000,0.891200000000,0.375000000000),
double3(0.041100000000,0.901450000000,0.426875000000),
double3(0.086500000000,0.851150000000,0.250000000000),
double3(0.074400000000,0.500000000000,0.426875000000),
double3(0.000000000000,0.607250000000,0.438400000000),
double3(0.448550000000,0.545600000000,0.438150000000),
double3(0.389950000000,0.500000000000,0.456225000000),
double3(0.375000000000,0.625000000000,0.250000000000),
double3(0.340700000000,0.545550000000,0.250000000000),
double3(0.434900000000,0.633150000000,0.456225000000),
double3(0.451900000000,0.608800000000,0.375000000000),
double3(0.458900000000,0.598550000000,0.426875000000),
double3(0.413500000000,0.648850000000,0.250000000000),
double3(0.425600000000,0.500000000000,0.426875000000),
double3(0.448550000000,0.954400000000,0.438150000000),
double3(0.434900000000,0.866850000000,0.456225000000),
double3(0.458900000000,0.901450000000,0.426875000000),
double3(0.051450000000,0.545600000000,0.438150000000),
double3(0.065100000000,0.633150000000,0.456225000000),
double3(0.041100000000,0.598550000000,0.426875000000),
double3(0.448550000000,0.545600000000,0.311850000000),
double3(0.434900000000,0.633150000000,0.293775000000),
double3(0.458900000000,0.598550000000,0.323125000000),
double3(0.051450000000,0.954400000000,0.311850000000),
double3(0.065100000000,0.866850000000,0.293775000000),
double3(0.041100000000,0.901450000000,0.323125000000),
double3(0.250000000000,0.857250000000,0.311600000000),
double3(0.301450000000,0.795600000000,0.311850000000),
double3(0.360050000000,0.750000000000,0.293775000000),
double3(0.409300000000,0.795550000000,0.250000000000),
double3(0.315100000000,0.883150000000,0.293775000000),
double3(0.334950000000,0.750000000000,0.375000000000),
double3(0.298100000000,0.858800000000,0.375000000000),
double3(0.291100000000,0.848550000000,0.323125000000),
double3(0.336500000000,0.898850000000,0.250000000000),
double3(0.324400000000,0.750000000000,0.323125000000),
double3(0.384600000000,0.750000000000,0.250000000000),
double3(0.250000000000,0.642750000000,0.311600000000),
double3(0.198550000000,0.704400000000,0.311850000000),
double3(0.139950000000,0.750000000000,0.293775000000),
double3(0.090700000000,0.704450000000,0.250000000000),
double3(0.184900000000,0.616850000000,0.293775000000),
double3(0.165050000000,0.750000000000,0.375000000000),
double3(0.201900000000,0.641200000000,0.375000000000),
double3(0.208900000000,0.651450000000,0.323125000000),
double3(0.163500000000,0.601150000000,0.250000000000),
double3(0.175600000000,0.750000000000,0.323125000000),
double3(0.115400000000,0.750000000000,0.250000000000),
double3(0.250000000000,0.642750000000,0.438400000000),
double3(0.301450000000,0.704400000000,0.438150000000),
double3(0.360050000000,0.750000000000,0.456225000000),
double3(0.409300000000,0.704450000000,0.250000000000),
double3(0.315100000000,0.616850000000,0.456225000000),
double3(0.298100000000,0.641200000000,0.375000000000),
double3(0.291100000000,0.651450000000,0.426875000000),
double3(0.336500000000,0.601150000000,0.250000000000),
double3(0.324400000000,0.750000000000,0.426875000000),
double3(0.250000000000,0.857250000000,0.438400000000),
double3(0.198550000000,0.795600000000,0.438150000000),
double3(0.139950000000,0.750000000000,0.456225000000),
double3(0.090700000000,0.795550000000,0.250000000000),
double3(0.184900000000,0.883150000000,0.456225000000),
double3(0.201900000000,0.858800000000,0.375000000000),
double3(0.208900000000,0.848550000000,0.426875000000),
double3(0.163500000000,0.898850000000,0.250000000000),
double3(0.175600000000,0.750000000000,0.426875000000),
double3(0.198550000000,0.704400000000,0.438150000000),
double3(0.184900000000,0.616850000000,0.456225000000),
double3(0.208900000000,0.651450000000,0.426875000000),
double3(0.301450000000,0.795600000000,0.438150000000),
double3(0.315100000000,0.883150000000,0.456225000000),
double3(0.291100000000,0.848550000000,0.426875000000),
double3(0.198550000000,0.795600000000,0.311850000000),
double3(0.184900000000,0.883150000000,0.293775000000),
double3(0.208900000000,0.848550000000,0.323125000000),
double3(0.301450000000,0.704400000000,0.311850000000),
double3(0.315100000000,0.616850000000,0.293775000000),
double3(0.291100000000,0.651450000000,0.323125000000),
double3(0.000000000000,0.607250000000,0.561600000000),
double3(0.051450000000,0.545600000000,0.561850000000),
double3(0.110050000000,0.500000000000,0.543775000000),
double3(0.125000000000,0.625000000000,0.500000000000),
double3(0.159300000000,0.545550000000,0.500000000000),
double3(0.065100000000,0.633150000000,0.543775000000),
double3(0.084950000000,0.500000000000,0.625000000000),
double3(0.048100000000,0.608800000000,0.625000000000),
double3(0.041100000000,0.598550000000,0.573125000000),
double3(0.086500000000,0.648850000000,0.500000000000),
double3(0.074400000000,0.500000000000,0.573125000000),
double3(0.134600000000,0.500000000000,0.500000000000),
double3(0.000000000000,0.892750000000,0.561600000000),
double3(0.448550000000,0.954400000000,0.561850000000),
double3(0.389950000000,0.500000000000,0.543775000000),
double3(0.375000000000,0.875000000000,0.500000000000),
double3(0.340700000000,0.954450000000,0.500000000000),
double3(0.434900000000,0.866850000000,0.543775000000),
double3(0.415050000000,0.500000000000,0.625000000000),
double3(0.451900000000,0.891200000000,0.625000000000),
double3(0.458900000000,0.901450000000,0.573125000000),
double3(0.413500000000,0.851150000000,0.500000000000),
double3(0.425600000000,0.500000000000,0.573125000000),
double3(0.365400000000,0.500000000000,0.500000000000),
double3(0.000000000000,0.892750000000,0.688400000000),
double3(0.051450000000,0.954400000000,0.688150000000),
double3(0.110050000000,0.500000000000,0.706225000000),
double3(0.125000000000,0.875000000000,0.500000000000),
double3(0.159300000000,0.954450000000,0.500000000000),
double3(0.065100000000,0.866850000000,0.706225000000),
double3(0.048100000000,0.891200000000,0.625000000000),
double3(0.041100000000,0.901450000000,0.676875000000),
double3(0.086500000000,0.851150000000,0.500000000000),
double3(0.074400000000,0.500000000000,0.676875000000),
double3(0.000000000000,0.607250000000,0.688400000000),
double3(0.448550000000,0.545600000000,0.688150000000),
double3(0.389950000000,0.500000000000,0.706225000000),
double3(0.375000000000,0.625000000000,0.500000000000),
double3(0.340700000000,0.545550000000,0.500000000000),
double3(0.434900000000,0.633150000000,0.706225000000),
double3(0.451900000000,0.608800000000,0.625000000000),
double3(0.458900000000,0.598550000000,0.676875000000),
double3(0.413500000000,0.648850000000,0.500000000000),
double3(0.425600000000,0.500000000000,0.676875000000),
double3(0.448550000000,0.954400000000,0.688150000000),
double3(0.434900000000,0.866850000000,0.706225000000),
double3(0.458900000000,0.901450000000,0.676875000000),
double3(0.051450000000,0.545600000000,0.688150000000),
double3(0.065100000000,0.633150000000,0.706225000000),
double3(0.041100000000,0.598550000000,0.676875000000),
double3(0.448550000000,0.545600000000,0.561850000000),
double3(0.434900000000,0.633150000000,0.543775000000),
double3(0.458900000000,0.598550000000,0.573125000000),
double3(0.051450000000,0.954400000000,0.561850000000),
double3(0.065100000000,0.866850000000,0.543775000000),
double3(0.041100000000,0.901450000000,0.573125000000),
double3(0.250000000000,0.857250000000,0.561600000000),
double3(0.301450000000,0.795600000000,0.561850000000),
double3(0.360050000000,0.750000000000,0.543775000000),
double3(0.409300000000,0.795550000000,0.500000000000),
double3(0.315100000000,0.883150000000,0.543775000000),
double3(0.334950000000,0.750000000000,0.625000000000),
double3(0.298100000000,0.858800000000,0.625000000000),
double3(0.291100000000,0.848550000000,0.573125000000),
double3(0.336500000000,0.898850000000,0.500000000000),
double3(0.324400000000,0.750000000000,0.573125000000),
double3(0.384600000000,0.750000000000,0.500000000000),
double3(0.250000000000,0.642750000000,0.561600000000),
double3(0.198550000000,0.704400000000,0.561850000000),
double3(0.139950000000,0.750000000000,0.543775000000),
double3(0.090700000000,0.704450000000,0.500000000000),
double3(0.184900000000,0.616850000000,0.543775000000),
double3(0.165050000000,0.750000000000,0.625000000000),
double3(0.201900000000,0.641200000000,0.625000000000),
double3(0.208900000000,0.651450000000,0.573125000000),
double3(0.163500000000,0.601150000000,0.500000000000),
double3(0.175600000000,0.750000000000,0.573125000000),
double3(0.115400000000,0.750000000000,0.500000000000),
double3(0.250000000000,0.642750000000,0.688400000000),
double3(0.301450000000,0.704400000000,0.688150000000),
double3(0.360050000000,0.750000000000,0.706225000000),
double3(0.409300000000,0.704450000000,0.500000000000),
double3(0.315100000000,0.616850000000,0.706225000000),
double3(0.298100000000,0.641200000000,0.625000000000),
double3(0.291100000000,0.651450000000,0.676875000000),
double3(0.336500000000,0.601150000000,0.500000000000),
double3(0.324400000000,0.750000000000,0.676875000000),
double3(0.250000000000,0.857250000000,0.688400000000),
double3(0.198550000000,0.795600000000,0.688150000000),
double3(0.139950000000,0.750000000000,0.706225000000),
double3(0.090700000000,0.795550000000,0.500000000000),
double3(0.184900000000,0.883150000000,0.706225000000),
double3(0.201900000000,0.858800000000,0.625000000000),
double3(0.208900000000,0.848550000000,0.676875000000),
double3(0.163500000000,0.898850000000,0.500000000000),
double3(0.175600000000,0.750000000000,0.676875000000),
double3(0.198550000000,0.704400000000,0.688150000000),
double3(0.184900000000,0.616850000000,0.706225000000),
double3(0.208900000000,0.651450000000,0.676875000000),
double3(0.301450000000,0.795600000000,0.688150000000),
double3(0.315100000000,0.883150000000,0.706225000000),
double3(0.291100000000,0.848550000000,0.676875000000),
double3(0.198550000000,0.795600000000,0.561850000000),
double3(0.184900000000,0.883150000000,0.543775000000),
double3(0.208900000000,0.848550000000,0.573125000000),
double3(0.301450000000,0.704400000000,0.561850000000),
double3(0.315100000000,0.616850000000,0.543775000000),
double3(0.291100000000,0.651450000000,0.573125000000),
double3(0.000000000000,0.607250000000,0.811600000000),
double3(0.051450000000,0.545600000000,0.811850000000),
double3(0.110050000000,0.500000000000,0.793775000000),
double3(0.125000000000,0.625000000000,0.750000000000),
double3(0.159300000000,0.545550000000,0.750000000000),
double3(0.065100000000,0.633150000000,0.793775000000),
double3(0.084950000000,0.500000000000,0.875000000000),
double3(0.048100000000,0.608800000000,0.875000000000),
double3(0.041100000000,0.598550000000,0.823125000000),
double3(0.086500000000,0.648850000000,0.750000000000),
double3(0.074400000000,0.500000000000,0.823125000000),
double3(0.134600000000,0.500000000000,0.750000000000),
double3(0.000000000000,0.892750000000,0.811600000000),
double3(0.448550000000,0.954400000000,0.811850000000),
double3(0.389950000000,0.500000000000,0.793775000000),
double3(0.375000000000,0.875000000000,0.750000000000),
double3(0.340700000000,0.954450000000,0.750000000000),
double3(0.434900000000,0.866850000000,0.793775000000),
double3(0.415050000000,0.500000000000,0.875000000000),
double3(0.451900000000,0.891200000000,0.875000000000),
double3(0.458900000000,0.901450000000,0.823125000000),
double3(0.413500000000,0.851150000000,0.750000000000),
double3(0.425600000000,0.500000000000,0.823125000000),
double3(0.365400000000,0.500000000000,0.750000000000),
double3(0.000000000000,0.892750000000,0.938400000000),
double3(0.051450000000,0.954400000000,0.938150000000),
double3(0.110050000000,0.500000000000,0.956225000000),
double3(0.125000000000,0.875000000000,0.750000000000),
double3(0.159300000000,0.954450000000,0.750000000000),
double3(0.065100000000,0.866850000000,0.956225000000),
double3(0.048100000000,0.891200000000,0.875000000000),
double3(0.041100000000,0.901450000000,0.926875000000),
double3(0.086500000000,0.851150000000,0.750000000000),
double3(0.074400000000,0.500000000000,0.926875000000),
double3(0.000000000000,0.607250000000,0.938400000000),
double3(0.448550000000,0.545600000000,0.938150000000),
double3(0.389950000000,0.500000000000,0.956225000000),
double3(0.375000000000,0.625000000000,0.750000000000),
double3(0.340700000000,0.545550000000,0.750000000000),
double3(0.434900000000,0.633150000000,0.956225000000),
double3(0.451900000000,0.608800000000,0.875000000000),
double3(0.458900000000,0.598550000000,0.926875000000),
double3(0.413500000000,0.648850000000,0.750000000000),
double3(0.425600000000,0.500000000000,0.926875000000),
double3(0.448550000000,0.954400000000,0.938150000000),
double3(0.434900000000,0.866850000000,0.956225000000),
double3(0.458900000000,0.901450000000,0.926875000000),
double3(0.051450000000,0.545600000000,0.938150000000),
double3(0.065100000000,0.633150000000,0.956225000000),
double3(0.041100000000,0.598550000000,0.926875000000),
double3(0.448550000000,0.545600000000,0.811850000000),
double3(0.434900000000,0.633150000000,0.793775000000),
double3(0.458900000000,0.598550000000,0.823125000000),
double3(0.051450000000,0.954400000000,0.811850000000),
double3(0.065100000000,0.866850000000,0.793775000000),
double3(0.041100000000,0.901450000000,0.823125000000),
double3(0.250000000000,0.857250000000,0.811600000000),
double3(0.301450000000,0.795600000000,0.811850000000),
double3(0.360050000000,0.750000000000,0.793775000000),
double3(0.409300000000,0.795550000000,0.750000000000),
double3(0.315100000000,0.883150000000,0.793775000000),
double3(0.334950000000,0.750000000000,0.875000000000),
double3(0.298100000000,0.858800000000,0.875000000000),
double3(0.291100000000,0.848550000000,0.823125000000),
double3(0.336500000000,0.898850000000,0.750000000000),
double3(0.324400000000,0.750000000000,0.823125000000),
double3(0.384600000000,0.750000000000,0.750000000000),
double3(0.250000000000,0.642750000000,0.811600000000),
double3(0.198550000000,0.704400000000,0.811850000000),
double3(0.139950000000,0.750000000000,0.793775000000),
double3(0.090700000000,0.704450000000,0.750000000000),
double3(0.184900000000,0.616850000000,0.793775000000),
double3(0.165050000000,0.750000000000,0.875000000000),
double3(0.201900000000,0.641200000000,0.875000000000),
double3(0.208900000000,0.651450000000,0.823125000000),
double3(0.163500000000,0.601150000000,0.750000000000),
double3(0.175600000000,0.750000000000,0.823125000000),
double3(0.115400000000,0.750000000000,0.750000000000),
double3(0.250000000000,0.642750000000,0.938400000000),
double3(0.301450000000,0.704400000000,0.938150000000),
double3(0.360050000000,0.750000000000,0.956225000000),
double3(0.409300000000,0.704450000000,0.750000000000),
double3(0.315100000000,0.616850000000,0.956225000000),
double3(0.298100000000,0.641200000000,0.875000000000),
double3(0.291100000000,0.651450000000,0.926875000000),
double3(0.336500000000,0.601150000000,0.750000000000),
double3(0.324400000000,0.750000000000,0.926875000000),
double3(0.250000000000,0.857250000000,0.938400000000),
double3(0.198550000000,0.795600000000,0.938150000000),
double3(0.139950000000,0.750000000000,0.956225000000),
double3(0.090700000000,0.795550000000,0.750000000000),
double3(0.184900000000,0.883150000000,0.956225000000),
double3(0.201900000000,0.858800000000,0.875000000000),
double3(0.208900000000,0.848550000000,0.926875000000),
double3(0.163500000000,0.898850000000,0.750000000000),
double3(0.175600000000,0.750000000000,0.926875000000),
double3(0.198550000000,0.704400000000,0.938150000000),
double3(0.184900000000,0.616850000000,0.956225000000),
double3(0.208900000000,0.651450000000,0.926875000000),
double3(0.301450000000,0.795600000000,0.938150000000),
double3(0.315100000000,0.883150000000,0.956225000000),
double3(0.291100000000,0.848550000000,0.926875000000),
double3(0.198550000000,0.795600000000,0.811850000000),
double3(0.184900000000,0.883150000000,0.793775000000),
double3(0.208900000000,0.848550000000,0.823125000000),
double3(0.301450000000,0.704400000000,0.811850000000),
double3(0.315100000000,0.616850000000,0.793775000000),
double3(0.291100000000,0.651450000000,0.823125000000),
double3(0.500000000000,0.107250000000,0.061600000000),
double3(0.551450000000,0.045600000000,0.061850000000),
double3(0.610050000000,0.000000000000,0.043775000000),
double3(0.625000000000,0.125000000000,0.000000000000),
double3(0.659300000000,0.045550000000,0.000000000000),
double3(0.565100000000,0.133150000000,0.043775000000),
double3(0.584950000000,0.000000000000,0.125000000000),
double3(0.548100000000,0.108800000000,0.125000000000),
double3(0.541100000000,0.098550000000,0.073125000000),
double3(0.586500000000,0.148850000000,0.000000000000),
double3(0.574400000000,0.000000000000,0.073125000000),
double3(0.634600000000,0.000000000000,0.000000000000),
double3(0.500000000000,0.392750000000,0.061600000000),
double3(0.948550000000,0.454400000000,0.061850000000),
double3(0.889950000000,0.000000000000,0.043775000000),
double3(0.875000000000,0.375000000000,0.000000000000),
double3(0.840700000000,0.454450000000,0.000000000000),
double3(0.934900000000,0.366850000000,0.043775000000),
double3(0.915050000000,0.000000000000,0.125000000000),
double3(0.951900000000,0.391200000000,0.125000000000),
double3(0.958900000000,0.401450000000,0.073125000000),
double3(0.913500000000,0.351150000000,0.000000000000),
double3(0.925600000000,0.000000000000,0.073125000000),
double3(0.865400000000,0.000000000000,0.000000000000),
double3(0.500000000000,0.392750000000,0.188400000000),
double3(0.551450000000,0.454400000000,0.188150000000),
double3(0.610050000000,0.000000000000,0.206225000000),
double3(0.625000000000,0.375000000000,0.000000000000),
double3(0.659300000000,0.454450000000,0.000000000000),
double3(0.565100000000,0.366850000000,0.206225000000),
double3(0.548100000000,0.391200000000,0.125000000000),
double3(0.541100000000,0.401450000000,0.176875000000),
double3(0.586500000000,0.351150000000,0.000000000000),
double3(0.574400000000,0.000000000000,0.176875000000),
double3(0.500000000000,0.107250000000,0.188400000000),
double3(0.948550000000,0.045600000000,0.188150000000),
double3(0.889950000000,0.000000000000,0.206225000000),
double3(0.875000000000,0.125000000000,0.000000000000),
double3(0.840700000000,0.045550000000,0.000000000000),
double3(0.934900000000,0.133150000000,0.206225000000),
double3(0.951900000000,0.108800000000,0.125000000000),
double3(0.958900000000,0.098550000000,0.176875000000),
double3(0.913500000000,0.148850000000,0.000000000000),
double3(0.925600000000,0.000000000000,0.176875000000),
double3(0.948550000000,0.454400000000,0.188150000000),
double3(0.934900000000,0.366850000000,0.206225000000),
double3(0.958900000000,0.401450000000,0.176875000000),
double3(0.551450000000,0.045600000000,0.188150000000),
double3(0.565100000000,0.133150000000,0.206225000000),
double3(0.541100000000,0.098550000000,0.176875000000),
double3(0.948550000000,0.045600000000,0.061850000000),
double3(0.934900000000,0.133150000000,0.043775000000),
double3(0.958900000000,0.098550000000,0.073125000000),
double3(0.551450000000,0.454400000000,0.061850000000),
double3(0.565100000000,0.366850000000,0.043775000000),
double3(0.541100000000,0.401450000000,0.073125000000),
double3(0.750000000000,0.357250000000,0.061600000000),
double3(0.801450000000,0.295600000000,0.061850000000),
double3(0.860050000000,0.250000000000,0.043775000000),
double3(0.909300000000,0.295550000000,0.000000000000),
double3(0.815100000000,0.383150000000,0.043775000000),
double3(0.834950000000,0.250000000000,0.125000000000),
double3(0.798100000000,0.358800000000,0.125000000000),
double3(0.791100000000,0.348550000000,0.073125000000),
double3(0.836500000000,0.398850000000,0.000000000000),
double3(0.824400000000,0.250000000000,0.073125000000),
double3(0.884600000000,0.250000000000,0.000000000000),
double3(0.750000000000,0.142750000000,0.061600000000),
double3(0.698550000000,0.204400000000,0.061850000000),
double3(0.639950000000,0.250000000000,0.043775000000),
double3(0.590700000000,0.204450000000,0.000000000000),
double3(0.684900000000,0.116850000000,0.043775000000),
double3(0.665050000000,0.250000000000,0.125000000000),
double3(0.701900000000,0.141200000000,0.125000000000),
double3(0.708900000000,0.151450000000,0.073125000000),
double3(0.663500000000,0.101150000000,0.000000000000),
double3(0.675600000000,0.250000000000,0.073125000000),
double3(0.615400000000,0.250000000000,0.000000000000),
double3(0.750000000000,0.142750000000,0.188400000000),
double3(0.801450000000,0.204400000000,0.188150000000),
double3(0.860050000000,0.250000000000,0.206225000000),
double3(0.909300000000,0.204450000000,0.000000000000),
double3(0.815100000000,0.116850000000,0.206225000000),
double3(0.798100000000,0.141200000000,0.125000000000),
double3(0.791100000000,0.151450000000,0.176875000000),
double3(0.836500000000,0.101150000000,0.000000000000),
double3(0.824400000000,0.250000000000,0.176875000000),
double3(0.750000000000,0.357250000000,0.188400000000),
double3(0.698550000000,0.295600000000,0.188150000000),
double3(0.639950000000,0.250000000000,0.206225000000),
double3(0.590700000000,0.295550000000,0.000000000000),
double3(0.684900000000,0.383150000000,0.206225000000),
double3(0.701900000000,0.358800000000,0.125000000000),
double3(0.708900000000,0.348550000000,0.176875000000),
double3(0.663500000000,0.398850000000,0.000000000000),
double3(0.675600000000,0.250000000000,0.176875000000),
double3(0.698550000000,0.204400000000,0.188150000000),
double3(0.684900000000,0.116850000000,0.206225000000),
double3(0.708900000000,0.151450000000,0.176875000000),
double3(0.801450000000,0.295600000000,0.188150000000),
double3(0.815100000000,0.383150000000,0.206225000000),
double3(0.791100000000,0.348550000000,0.176875000000),
double3(0.698550000000,0.295600000000,0.061850000000),
double3(0.684900000000,0.383150000000,0.043775000000),
double3(0.708900000000,0.348550000000,0.073125000000),
double3(0.801450000000,0.204400000000,0.061850000000),
double3(0.815100000000,0.116850000000,0.043775000000),
double3(0.791100000000,0.151450000000,0.073125000000),
double3(0.500000000000,0.107250000000,0.311600000000),
double3(0.551450000000,0.045600000000,0.311850000000),
double3(0.610050000000,0.000000000000,0.293775000000),
double3(0.625000000000,0.125000000000,0.250000000000),
double3(0.659300000000,0.045550000000,0.250000000000),
double3(0.565100000000,0.133150000000,0.293775000000),
double3(0.584950000000,0.000000000000,0.375000000000),
double3(0.548100000000,0.108800000000,0.375000000000),
double3(0.541100000000,0.098550000000,0.323125000000),
double3(0.586500000000,0.148850000000,0.250000000000),
double3(0.574400000000,0.000000000000,0.323125000000),
double3(0.634600000000,0.000000000000,0.250000000000),
double3(0.500000000000,0.392750000000,0.311600000000),
double3(0.948550000000,0.454400000000,0.311850000000),
double3(0.889950000000,0.000000000000,0.293775000000),
double3(0.875000000000,0.375000000000,0.250000000000),
double3(0.840700000000,0.454450000000,0.250000000000),
double3(0.934900000000,0.366850000000,0.293775000000),
double3(0.915050000000,0.000000000000,0.375000000000),
double3(0.951900000000,0.391200000000,0.375000000000),
double3(0.958900000000,0.401450000000,0.323125000000),
double3(0.913500000000,0.351150000000,0.250000000000),
double3(0.925600000000,0.000000000000,0.323125000000),
double3(0.865400000000,0.000000000000,0.250000000000),
double3(0.500000000000,0.392750000000,0.438400000000),
double3(0.551450000000,0.454400000000,0.438150000000),
double3(0.610050000000,0.000000000000,0.456225000000),
double3(0.625000000000,0.375000000000,0.250000000000),
double3(0.659300000000,0.454450000000,0.250000000000),
double3(0.565100000000,0.366850000000,0.456225000000),
double3(0.548100000000,0.391200000000,0.375000000000),
double3(0.541100000000,0.401450000000,0.426875000000),
double3(0.586500000000,0.351150000000,0.250000000000),
double3(0.574400000000,0.000000000000,0.426875000000),
double3(0.500000000000,0.107250000000,0.438400000000),
double3(0.948550000000,0.045600000000,0.438150000000),
double3(0.889950000000,0.000000000000,0.456225000000),
double3(0.875000000000,0.125000000000,0.250000000000),
double3(0.840700000000,0.045550000000,0.250000000000),
double3(0.934900000000,0.133150000000,0.456225000000),
double3(0.951900000000,0.108800000000,0.375000000000),
double3(0.958900000000,0.098550000000,0.426875000000),
double3(0.913500000000,0.148850000000,0.250000000000),
double3(0.925600000000,0.000000000000,0.426875000000),
double3(0.948550000000,0.454400000000,0.438150000000),
double3(0.934900000000,0.366850000000,0.456225000000),
double3(0.958900000000,0.401450000000,0.426875000000),
double3(0.551450000000,0.045600000000,0.438150000000),
double3(0.565100000000,0.133150000000,0.456225000000),
double3(0.541100000000,0.098550000000,0.426875000000),
double3(0.948550000000,0.045600000000,0.311850000000),
double3(0.934900000000,0.133150000000,0.293775000000),
double3(0.958900000000,0.098550000000,0.323125000000),
double3(0.551450000000,0.454400000000,0.311850000000),
double3(0.565100000000,0.366850000000,0.293775000000),
double3(0.541100000000,0.401450000000,0.323125000000),
double3(0.750000000000,0.357250000000,0.311600000000),
double3(0.801450000000,0.295600000000,0.311850000000),
double3(0.860050000000,0.250000000000,0.293775000000),
double3(0.909300000000,0.295550000000,0.250000000000),
double3(0.815100000000,0.383150000000,0.293775000000),
double3(0.834950000000,0.250000000000,0.375000000000),
double3(0.798100000000,0.358800000000,0.375000000000),
double3(0.791100000000,0.348550000000,0.323125000000),
double3(0.836500000000,0.398850000000,0.250000000000),
double3(0.824400000000,0.250000000000,0.323125000000),
double3(0.884600000000,0.250000000000,0.250000000000),
double3(0.750000000000,0.142750000000,0.311600000000),
double3(0.698550000000,0.204400000000,0.311850000000),
double3(0.639950000000,0.250000000000,0.293775000000),
double3(0.590700000000,0.204450000000,0.250000000000),
double3(0.684900000000,0.116850000000,0.293775000000),
double3(0.665050000000,0.250000000000,0.375000000000),
double3(0.701900000000,0.141200000000,0.375000000000),
double3(0.708900000000,0.151450000000,0.323125000000),
double3(0.663500000000,0.101150000000,0.250000000000),
double3(0.675600000000,0.250000000000,0.323125000000),
double3(0.615400000000,0.250000000000,0.250000000000),
double3(0.750000000000,0.142750000000,0.438400000000),
double3(0.801450000000,0.204400000000,0.438150000000),
double3(0.860050000000,0.250000000000,0.456225000000),
double3(0.909300000000,0.204450000000,0.250000000000),
double3(0.815100000000,0.116850000000,0.456225000000),
double3(0.798100000000,0.141200000000,0.375000000000),
double3(0.791100000000,0.151450000000,0.426875000000),
double3(0.836500000000,0.101150000000,0.250000000000),
double3(0.824400000000,0.250000000000,0.426875000000),
double3(0.750000000000,0.357250000000,0.438400000000),
double3(0.698550000000,0.295600000000,0.438150000000),
double3(0.639950000000,0.250000000000,0.456225000000),
double3(0.590700000000,0.295550000000,0.250000000000),
double3(0.684900000000,0.383150000000,0.456225000000),
double3(0.701900000000,0.358800000000,0.375000000000),
double3(0.708900000000,0.348550000000,0.426875000000),
double3(0.663500000000,0.398850000000,0.250000000000),
double3(0.675600000000,0.250000000000,0.426875000000),
double3(0.698550000000,0.204400000000,0.438150000000),
double3(0.684900000000,0.116850000000,0.456225000000),
double3(0.708900000000,0.151450000000,0.426875000000),
double3(0.801450000000,0.295600000000,0.438150000000),
double3(0.815100000000,0.383150000000,0.456225000000),
double3(0.791100000000,0.348550000000,0.426875000000),
double3(0.698550000000,0.295600000000,0.311850000000),
double3(0.684900000000,0.383150000000,0.293775000000),
double3(0.708900000000,0.348550000000,0.323125000000),
double3(0.801450000000,0.204400000000,0.311850000000),
double3(0.815100000000,0.116850000000,0.293775000000),
double3(0.791100000000,0.151450000000,0.323125000000),
double3(0.500000000000,0.107250000000,0.561600000000),
double3(0.551450000000,0.045600000000,0.561850000000),
double3(0.610050000000,0.000000000000,0.543775000000),
double3(0.625000000000,0.125000000000,0.500000000000),
double3(0.659300000000,0.045550000000,0.500000000000),
double3(0.565100000000,0.133150000000,0.543775000000),
double3(0.584950000000,0.000000000000,0.625000000000),
double3(0.548100000000,0.108800000000,0.625000000000),
double3(0.541100000000,0.098550000000,0.573125000000),
double3(0.586500000000,0.148850000000,0.500000000000),
double3(0.574400000000,0.000000000000,0.573125000000),
double3(0.634600000000,0.000000000000,0.500000000000),
double3(0.500000000000,0.392750000000,0.561600000000),
double3(0.948550000000,0.454400000000,0.561850000000),
double3(0.889950000000,0.000000000000,0.543775000000),
double3(0.875000000000,0.375000000000,0.500000000000),
double3(0.840700000000,0.454450000000,0.500000000000),
double3(0.934900000000,0.366850000000,0.543775000000),
double3(0.915050000000,0.000000000000,0.625000000000),
double3(0.951900000000,0.391200000000,0.625000000000),
double3(0.958900000000,0.401450000000,0.573125000000),
double3(0.913500000000,0.351150000000,0.500000000000),
double3(0.925600000000,0.000000000000,0.573125000000),
double3(0.865400000000,0.000000000000,0.500000000000),
double3(0.500000000000,0.392750000000,0.688400000000),
double3(0.551450000000,0.454400000000,0.688150000000),
double3(0.610050000000,0.000000000000,0.706225000000),
double3(0.625000000000,0.375000000000,0.500000000000),
double3(0.659300000000,0.454450000000,0.500000000000),
double3(0.565100000000,0.366850000000,0.706225000000),
double3(0.548100000000,0.391200000000,0.625000000000),
double3(0.541100000000,0.401450000000,0.676875000000),
double3(0.586500000000,0.351150000000,0.500000000000),
double3(0.574400000000,0.000000000000,0.676875000000),
double3(0.500000000000,0.107250000000,0.688400000000),
double3(0.948550000000,0.045600000000,0.688150000000),
double3(0.889950000000,0.000000000000,0.706225000000),
double3(0.875000000000,0.125000000000,0.500000000000),
double3(0.840700000000,0.045550000000,0.500000000000),
double3(0.934900000000,0.133150000000,0.706225000000),
double3(0.951900000000,0.108800000000,0.625000000000),
double3(0.958900000000,0.098550000000,0.676875000000),
double3(0.913500000000,0.148850000000,0.500000000000),
double3(0.925600000000,0.000000000000,0.676875000000),
double3(0.948550000000,0.454400000000,0.688150000000),
double3(0.934900000000,0.366850000000,0.706225000000),
double3(0.958900000000,0.401450000000,0.676875000000),
double3(0.551450000000,0.045600000000,0.688150000000),
double3(0.565100000000,0.133150000000,0.706225000000),
double3(0.541100000000,0.098550000000,0.676875000000),
double3(0.948550000000,0.045600000000,0.561850000000),
double3(0.934900000000,0.133150000000,0.543775000000),
double3(0.958900000000,0.098550000000,0.573125000000),
double3(0.551450000000,0.454400000000,0.561850000000),
double3(0.565100000000,0.366850000000,0.543775000000),
double3(0.541100000000,0.401450000000,0.573125000000),
double3(0.750000000000,0.357250000000,0.561600000000),
double3(0.801450000000,0.295600000000,0.561850000000),
double3(0.860050000000,0.250000000000,0.543775000000),
double3(0.909300000000,0.295550000000,0.500000000000),
double3(0.815100000000,0.383150000000,0.543775000000),
double3(0.834950000000,0.250000000000,0.625000000000),
double3(0.798100000000,0.358800000000,0.625000000000),
double3(0.791100000000,0.348550000000,0.573125000000),
double3(0.836500000000,0.398850000000,0.500000000000),
double3(0.824400000000,0.250000000000,0.573125000000),
double3(0.884600000000,0.250000000000,0.500000000000),
double3(0.750000000000,0.142750000000,0.561600000000),
double3(0.698550000000,0.204400000000,0.561850000000),
double3(0.639950000000,0.250000000000,0.543775000000),
double3(0.590700000000,0.204450000000,0.500000000000),
double3(0.684900000000,0.116850000000,0.543775000000),
double3(0.665050000000,0.250000000000,0.625000000000),
double3(0.701900000000,0.141200000000,0.625000000000),
double3(0.708900000000,0.151450000000,0.573125000000),
double3(0.663500000000,0.101150000000,0.500000000000),
double3(0.675600000000,0.250000000000,0.573125000000),
double3(0.615400000000,0.250000000000,0.500000000000),
double3(0.750000000000,0.142750000000,0.688400000000),
double3(0.801450000000,0.204400000000,0.688150000000),
double3(0.860050000000,0.250000000000,0.706225000000),
double3(0.909300000000,0.204450000000,0.500000000000),
double3(0.815100000000,0.116850000000,0.706225000000),
double3(0.798100000000,0.141200000000,0.625000000000),
double3(0.791100000000,0.151450000000,0.676875000000),
double3(0.836500000000,0.101150000000,0.500000000000),
double3(0.824400000000,0.250000000000,0.676875000000),
double3(0.750000000000,0.357250000000,0.688400000000),
double3(0.698550000000,0.295600000000,0.688150000000),
double3(0.639950000000,0.250000000000,0.706225000000),
double3(0.590700000000,0.295550000000,0.500000000000),
double3(0.684900000000,0.383150000000,0.706225000000),
double3(0.701900000000,0.358800000000,0.625000000000),
double3(0.708900000000,0.348550000000,0.676875000000),
double3(0.663500000000,0.398850000000,0.500000000000),
double3(0.675600000000,0.250000000000,0.676875000000),
double3(0.698550000000,0.204400000000,0.688150000000),
double3(0.684900000000,0.116850000000,0.706225000000),
double3(0.708900000000,0.151450000000,0.676875000000),
double3(0.801450000000,0.295600000000,0.688150000000),
double3(0.815100000000,0.383150000000,0.706225000000),
double3(0.791100000000,0.348550000000,0.676875000000),
double3(0.698550000000,0.295600000000,0.561850000000),
double3(0.684900000000,0.383150000000,0.543775000000),
double3(0.708900000000,0.348550000000,0.573125000000),
double3(0.801450000000,0.204400000000,0.561850000000),
double3(0.815100000000,0.116850000000,0.543775000000),
double3(0.791100000000,0.151450000000,0.573125000000),
double3(0.500000000000,0.107250000000,0.811600000000),
double3(0.551450000000,0.045600000000,0.811850000000),
double3(0.610050000000,0.000000000000,0.793775000000),
double3(0.625000000000,0.125000000000,0.750000000000),
double3(0.659300000000,0.045550000000,0.750000000000),
double3(0.565100000000,0.133150000000,0.793775000000),
double3(0.584950000000,0.000000000000,0.875000000000),
double3(0.548100000000,0.108800000000,0.875000000000),
double3(0.541100000000,0.098550000000,0.823125000000),
double3(0.586500000000,0.148850000000,0.750000000000),
double3(0.574400000000,0.000000000000,0.823125000000),
double3(0.634600000000,0.000000000000,0.750000000000),
double3(0.500000000000,0.392750000000,0.811600000000),
double3(0.948550000000,0.454400000000,0.811850000000),
double3(0.889950000000,0.000000000000,0.793775000000),
double3(0.875000000000,0.375000000000,0.750000000000),
double3(0.840700000000,0.454450000000,0.750000000000),
double3(0.934900000000,0.366850000000,0.793775000000),
double3(0.915050000000,0.000000000000,0.875000000000),
double3(0.951900000000,0.391200000000,0.875000000000),
double3(0.958900000000,0.401450000000,0.823125000000),
double3(0.913500000000,0.351150000000,0.750000000000),
double3(0.925600000000,0.000000000000,0.823125000000),
double3(0.865400000000,0.000000000000,0.750000000000),
double3(0.500000000000,0.392750000000,0.938400000000),
double3(0.551450000000,0.454400000000,0.938150000000),
double3(0.610050000000,0.000000000000,0.956225000000),
double3(0.625000000000,0.375000000000,0.750000000000),
double3(0.659300000000,0.454450000000,0.750000000000),
double3(0.565100000000,0.366850000000,0.956225000000),
double3(0.548100000000,0.391200000000,0.875000000000),
double3(0.541100000000,0.401450000000,0.926875000000),
double3(0.586500000000,0.351150000000,0.750000000000),
double3(0.574400000000,0.000000000000,0.926875000000),
double3(0.500000000000,0.107250000000,0.938400000000),
double3(0.948550000000,0.045600000000,0.938150000000),
double3(0.889950000000,0.000000000000,0.956225000000),
double3(0.875000000000,0.125000000000,0.750000000000),
double3(0.840700000000,0.045550000000,0.750000000000),
double3(0.934900000000,0.133150000000,0.956225000000),
double3(0.951900000000,0.108800000000,0.875000000000),
double3(0.958900000000,0.098550000000,0.926875000000),
double3(0.913500000000,0.148850000000,0.750000000000),
double3(0.925600000000,0.000000000000,0.926875000000),
double3(0.948550000000,0.454400000000,0.938150000000),
double3(0.934900000000,0.366850000000,0.956225000000),
double3(0.958900000000,0.401450000000,0.926875000000),
double3(0.551450000000,0.045600000000,0.938150000000),
double3(0.565100000000,0.133150000000,0.956225000000),
double3(0.541100000000,0.098550000000,0.926875000000),
double3(0.948550000000,0.045600000000,0.811850000000),
double3(0.934900000000,0.133150000000,0.793775000000),
double3(0.958900000000,0.098550000000,0.823125000000),
double3(0.551450000000,0.454400000000,0.811850000000),
double3(0.565100000000,0.366850000000,0.793775000000),
double3(0.541100000000,0.401450000000,0.823125000000),
double3(0.750000000000,0.357250000000,0.811600000000),
double3(0.801450000000,0.295600000000,0.811850000000),
double3(0.860050000000,0.250000000000,0.793775000000),
double3(0.909300000000,0.295550000000,0.750000000000),
double3(0.815100000000,0.383150000000,0.793775000000),
double3(0.834950000000,0.250000000000,0.875000000000),
double3(0.798100000000,0.358800000000,0.875000000000),
double3(0.791100000000,0.348550000000,0.823125000000),
double3(0.836500000000,0.398850000000,0.750000000000),
double3(0.824400000000,0.250000000000,0.823125000000),
double3(0.884600000000,0.250000000000,0.750000000000),
double3(0.750000000000,0.142750000000,0.811600000000),
double3(0.698550000000,0.204400000000,0.811850000000),
double3(0.639950000000,0.250000000000,0.793775000000),
double3(0.590700000000,0.204450000000,0.750000000000),
double3(0.684900000000,0.116850000000,0.793775000000),
double3(0.665050000000,0.250000000000,0.875000000000),
double3(0.701900000000,0.141200000000,0.875000000000),
double3(0.708900000000,0.151450000000,0.823125000000),
double3(0.663500000000,0.101150000000,0.750000000000),
double3(0.675600000000,0.250000000000,0.823125000000),
double3(0.615400000000,0.250000000000,0.750000000000),
double3(0.750000000000,0.142750000000,0.938400000000),
double3(0.801450000000,0.204400000000,0.938150000000),
double3(0.860050000000,0.250000000000,0.956225000000),
double3(0.909300000000,0.204450000000,0.750000000000),
double3(0.815100000000,0.116850000000,0.956225000000),
double3(0.798100000000,0.141200000000,0.875000000000),
double3(0.791100000000,0.151450000000,0.926875000000),
double3(0.836500000000,0.101150000000,0.750000000000),
double3(0.824400000000,0.250000000000,0.926875000000),
double3(0.750000000000,0.357250000000,0.938400000000),
double3(0.698550000000,0.295600000000,0.938150000000),
double3(0.639950000000,0.250000000000,0.956225000000),
double3(0.590700000000,0.295550000000,0.750000000000),
double3(0.684900000000,0.383150000000,0.956225000000),
double3(0.701900000000,0.358800000000,0.875000000000),
double3(0.708900000000,0.348550000000,0.926875000000),
double3(0.663500000000,0.398850000000,0.750000000000),
double3(0.675600000000,0.250000000000,0.926875000000),
double3(0.698550000000,0.204400000000,0.938150000000),
double3(0.684900000000,0.116850000000,0.956225000000),
double3(0.708900000000,0.151450000000,0.926875000000),
double3(0.801450000000,0.295600000000,0.938150000000),
double3(0.815100000000,0.383150000000,0.956225000000),
double3(0.791100000000,0.348550000000,0.926875000000),
double3(0.698550000000,0.295600000000,0.811850000000),
double3(0.684900000000,0.383150000000,0.793775000000),
double3(0.708900000000,0.348550000000,0.823125000000),
double3(0.801450000000,0.204400000000,0.811850000000),
double3(0.815100000000,0.116850000000,0.793775000000),
double3(0.791100000000,0.151450000000,0.823125000000),
double3(0.500000000000,0.607250000000,0.061600000000),
double3(0.551450000000,0.545600000000,0.061850000000),
double3(0.610050000000,0.500000000000,0.043775000000),
double3(0.625000000000,0.625000000000,0.000000000000),
double3(0.659300000000,0.545550000000,0.000000000000),
double3(0.565100000000,0.633150000000,0.043775000000),
double3(0.584950000000,0.500000000000,0.125000000000),
double3(0.548100000000,0.608800000000,0.125000000000),
double3(0.541100000000,0.598550000000,0.073125000000),
double3(0.586500000000,0.648850000000,0.000000000000),
double3(0.574400000000,0.500000000000,0.073125000000),
double3(0.634600000000,0.500000000000,0.000000000000),
double3(0.500000000000,0.892750000000,0.061600000000),
double3(0.948550000000,0.954400000000,0.061850000000),
double3(0.889950000000,0.500000000000,0.043775000000),
double3(0.875000000000,0.875000000000,0.000000000000),
double3(0.840700000000,0.954450000000,0.000000000000),
double3(0.934900000000,0.866850000000,0.043775000000),
double3(0.915050000000,0.500000000000,0.125000000000),
double3(0.951900000000,0.891200000000,0.125000000000),
double3(0.958900000000,0.901450000000,0.073125000000),
double3(0.913500000000,0.851150000000,0.000000000000),
double3(0.925600000000,0.500000000000,0.073125000000),
double3(0.865400000000,0.500000000000,0.000000000000),
double3(0.500000000000,0.892750000000,0.188400000000),
double3(0.551450000000,0.954400000000,0.188150000000),
double3(0.610050000000,0.500000000000,0.206225000000),
double3(0.625000000000,0.875000000000,0.000000000000),
double3(0.659300000000,0.954450000000,0.000000000000),
double3(0.565100000000,0.866850000000,0.206225000000),
double3(0.548100000000,0.891200000000,0.125000000000),
double3(0.541100000000,0.901450000000,0.176875000000),
double3(0.586500000000,0.851150000000,0.000000000000),
double3(0.574400000000,0.500000000000,0.176875000000),
double3(0.500000000000,0.607250000000,0.188400000000),
double3(0.948550000000,0.545600000000,0.188150000000),
double3(0.889950000000,0.500000000000,0.206225000000),
double3(0.875000000000,0.625000000000,0.000000000000),
double3(0.840700000000,0.545550000000,0.000000000000),
double3(0.934900000000,0.633150000000,0.206225000000),
double3(0.951900000000,0.608800000000,0.125000000000),
double3(0.958900000000,0.598550000000,0.176875000000),
double3(0.913500000000,0.648850000000,0.000000000000),
double3(0.925600000000,0.500000000000,0.176875000000),
double3(0.948550000000,0.954400000000,0.188150000000),
double3(0.934900000000,0.866850000000,0.206225000000),
double3(0.958900000000,0.901450000000,0.176875000000),
double3(0.551450000000,0.545600000000,0.188150000000),
double3(0.565100000000,0.633150000000,0.206225000000),
double3(0.541100000000,0.598550000000,0.176875000000),
double3(0.948550000000,0.545600000000,0.061850000000),
double3(0.934900000000,0.633150000000,0.043775000000),
double3(0.958900000000,0.598550000000,0.073125000000),
double3(0.551450000000,0.954400000000,0.061850000000),
double3(0.565100000000,0.866850000000,0.043775000000),
double3(0.541100000000,0.901450000000,0.073125000000),
double3(0.750000000000,0.857250000000,0.061600000000),
double3(0.801450000000,0.795600000000,0.061850000000),
double3(0.860050000000,0.750000000000,0.043775000000),
double3(0.909300000000,0.795550000000,0.000000000000),
double3(0.815100000000,0.883150000000,0.043775000000),
double3(0.834950000000,0.750000000000,0.125000000000),
double3(0.798100000000,0.858800000000,0.125000000000),
double3(0.791100000000,0.848550000000,0.073125000000),
double3(0.836500000000,0.898850000000,0.000000000000),
double3(0.824400000000,0.750000000000,0.073125000000),
double3(0.884600000000,0.750000000000,0.000000000000),
double3(0.750000000000,0.642750000000,0.061600000000),
double3(0.698550000000,0.704400000000,0.061850000000),
double3(0.639950000000,0.750000000000,0.043775000000),
double3(0.590700000000,0.704450000000,0.000000000000),
double3(0.684900000000,0.616850000000,0.043775000000),
double3(0.665050000000,0.750000000000,0.125000000000),
double3(0.701900000000,0.641200000000,0.125000000000),
double3(0.708900000000,0.651450000000,0.073125000000),
double3(0.663500000000,0.601150000000,0.000000000000),
double3(0.675600000000,0.750000000000,0.073125000000),
double3(0.615400000000,0.750000000000,0.000000000000),
double3(0.750000000000,0.642750000000,0.188400000000),
double3(0.801450000000,0.704400000000,0.188150000000),
double3(0.860050000000,0.750000000000,0.206225000000),
double3(0.909300000000,0.704450000000,0.000000000000),
double3(0.815100000000,0.616850000000,0.206225000000),
double3(0.798100000000,0.641200000000,0.125000000000),
double3(0.791100000000,0.651450000000,0.176875000000),
double3(0.836500000000,0.601150000000,0.000000000000),
double3(0.824400000000,0.750000000000,0.176875000000),
double3(0.750000000000,0.857250000000,0.188400000000),
double3(0.698550000000,0.795600000000,0.188150000000),
double3(0.639950000000,0.750000000000,0.206225000000),
double3(0.590700000000,0.795550000000,0.000000000000),
double3(0.684900000000,0.883150000000,0.206225000000),
double3(0.701900000000,0.858800000000,0.125000000000),
double3(0.708900000000,0.848550000000,0.176875000000),
double3(0.663500000000,0.898850000000,0.000000000000),
double3(0.675600000000,0.750000000000,0.176875000000),
double3(0.698550000000,0.704400000000,0.188150000000),
double3(0.684900000000,0.616850000000,0.206225000000),
double3(0.708900000000,0.651450000000,0.176875000000),
double3(0.801450000000,0.795600000000,0.188150000000),
double3(0.815100000000,0.883150000000,0.206225000000),
double3(0.791100000000,0.848550000000,0.176875000000),
double3(0.698550000000,0.795600000000,0.061850000000),
double3(0.684900000000,0.883150000000,0.043775000000),
double3(0.708900000000,0.848550000000,0.073125000000),
double3(0.801450000000,0.704400000000,0.061850000000),
double3(0.815100000000,0.616850000000,0.043775000000),
double3(0.791100000000,0.651450000000,0.073125000000),
double3(0.500000000000,0.607250000000,0.311600000000),
double3(0.551450000000,0.545600000000,0.311850000000),
double3(0.610050000000,0.500000000000,0.293775000000),
double3(0.625000000000,0.625000000000,0.250000000000),
double3(0.659300000000,0.545550000000,0.250000000000),
double3(0.565100000000,0.633150000000,0.293775000000),
double3(0.584950000000,0.500000000000,0.375000000000),
double3(0.548100000000,0.608800000000,0.375000000000),
double3(0.541100000000,0.598550000000,0.323125000000),
double3(0.586500000000,0.648850000000,0.250000000000),
double3(0.574400000000,0.500000000000,0.323125000000),
double3(0.634600000000,0.500000000000,0.250000000000),
double3(0.500000000000,0.892750000000,0.311600000000),
double3(0.948550000000,0.954400000000,0.311850000000),
double3(0.889950000000,0.500000000000,0.293775000000),
double3(0.875000000000,0.875000000000,0.250000000000),
double3(0.840700000000,0.954450000000,0.250000000000),
double3(0.934900000000,0.866850000000,0.293775000000),
double3(0.915050000000,0.500000000000,0.375000000000),
double3(0.951900000000,0.891200000000,0.375000000000),
double3(0.958900000000,0.901450000000,0.323125000000),
double3(0.913500000000,0.851150000000,0.250000000000),
double3(0.925600000000,0.500000000000,0.323125000000),
double3(0.865400000000,0.500000000000,0.250000000000),
double3(0.500000000000,0.892750000000,0.438400000000),
double3(0.551450000000,0.954400000000,0.438150000000),
double3(0.610050000000,0.500000000000,0.456225000000),
double3(0.625000000000,0.875000000000,0.250000000000),
double3(0.659300000000,0.954450000000,0.250000000000),
double3(0.565100000000,0.866850000000,0.456225000000),
double3(0.548100000000,0.891200000000,0.375000000000),
double3(0.541100000000,0.901450000000,0.426875000000),
double3(0.586500000000,0.851150000000,0.250000000000),
double3(0.574400000000,0.500000000000,0.426875000000),
double3(0.500000000000,0.607250000000,0.438400000000),
double3(0.948550000000,0.545600000000,0.438150000000),
double3(0.889950000000,0.500000000000,0.456225000000),
double3(0.875000000000,0.625000000000,0.250000000000),
double3(0.840700000000,0.545550000000,0.250000000000),
double3(0.934900000000,0.633150000000,0.456225000000),
double3(0.951900000000,0.608800000000,0.375000000000),
double3(0.958900000000,0.598550000000,0.426875000000),
double3(0.913500000000,0.648850000000,0.250000000000),
double3(0.925600000000,0.500000000000,0.426875000000),
double3(0.948550000000,0.954400000000,0.438150000000),
double3(0.934900000000,0.866850000000,0.456225000000),
double3(0.958900000000,0.901450000000,0.426875000000),
double3(0.551450000000,0.545600000000,0.438150000000),
double3(0.565100000000,0.633150000000,0.456225000000),
double3(0.541100000000,0.598550000000,0.426875000000),
double3(0.948550000000,0.545600000000,0.311850000000),
double3(0.934900000000,0.633150000000,0.293775000000),
double3(0.958900000000,0.598550000000,0.323125000000),
double3(0.551450000000,0.954400000000,0.311850000000),
double3(0.565100000000,0.866850000000,0.293775000000),
double3(0.541100000000,0.901450000000,0.323125000000),
double3(0.750000000000,0.857250000000,0.311600000000),
double3(0.801450000000,0.795600000000,0.311850000000),
double3(0.860050000000,0.750000000000,0.293775000000),
double3(0.909300000000,0.795550000000,0.250000000000),
double3(0.815100000000,0.883150000000,0.293775000000),
double3(0.834950000000,0.750000000000,0.375000000000),
double3(0.798100000000,0.858800000000,0.375000000000),
double3(0.791100000000,0.848550000000,0.323125000000),
double3(0.836500000000,0.898850000000,0.250000000000),
double3(0.824400000000,0.750000000000,0.323125000000),
double3(0.884600000000,0.750000000000,0.250000000000),
double3(0.750000000000,0.642750000000,0.311600000000),
double3(0.698550000000,0.704400000000,0.311850000000),
double3(0.639950000000,0.750000000000,0.293775000000),
double3(0.590700000000,0.704450000000,0.250000000000),
double3(0.684900000000,0.616850000000,0.293775000000),
double3(0.665050000000,0.750000000000,0.375000000000),
double3(0.701900000000,0.641200000000,0.375000000000),
double3(0.708900000000,0.651450000000,0.323125000000),
double3(0.663500000000,0.601150000000,0.250000000000),
double3(0.675600000000,0.750000000000,0.323125000000),
double3(0.615400000000,0.750000000000,0.250000000000),
double3(0.750000000000,0.642750000000,0.438400000000),
double3(0.801450000000,0.704400000000,0.438150000000),
double3(0.860050000000,0.750000000000,0.456225000000),
double3(0.909300000000,0.704450000000,0.250000000000),
double3(0.815100000000,0.616850000000,0.456225000000),
double3(0.798100000000,0.641200000000,0.375000000000),
double3(0.791100000000,0.651450000000,0.426875000000),
double3(0.836500000000,0.601150000000,0.250000000000),
double3(0.824400000000,0.750000000000,0.426875000000),
double3(0.750000000000,0.857250000000,0.438400000000),
double3(0.698550000000,0.795600000000,0.438150000000),
double3(0.639950000000,0.750000000000,0.456225000000),
double3(0.590700000000,0.795550000000,0.250000000000),
double3(0.684900000000,0.883150000000,0.456225000000),
double3(0.701900000000,0.858800000000,0.375000000000),
double3(0.708900000000,0.848550000000,0.426875000000),
double3(0.663500000000,0.898850000000,0.250000000000),
double3(0.675600000000,0.750000000000,0.426875000000),
double3(0.698550000000,0.704400000000,0.438150000000),
double3(0.684900000000,0.616850000000,0.456225000000),
double3(0.708900000000,0.651450000000,0.426875000000),
double3(0.801450000000,0.795600000000,0.438150000000),
double3(0.815100000000,0.883150000000,0.456225000000),
double3(0.791100000000,0.848550000000,0.426875000000),
double3(0.698550000000,0.795600000000,0.311850000000),
double3(0.684900000000,0.883150000000,0.293775000000),
double3(0.708900000000,0.848550000000,0.323125000000),
double3(0.801450000000,0.704400000000,0.311850000000),
double3(0.815100000000,0.616850000000,0.293775000000),
double3(0.791100000000,0.651450000000,0.323125000000),
double3(0.500000000000,0.607250000000,0.561600000000),
double3(0.551450000000,0.545600000000,0.561850000000),
double3(0.610050000000,0.500000000000,0.543775000000),
double3(0.625000000000,0.625000000000,0.500000000000),
double3(0.659300000000,0.545550000000,0.500000000000),
double3(0.565100000000,0.633150000000,0.543775000000),
double3(0.584950000000,0.500000000000,0.625000000000),
double3(0.548100000000,0.608800000000,0.625000000000),
double3(0.541100000000,0.598550000000,0.573125000000),
double3(0.586500000000,0.648850000000,0.500000000000),
double3(0.574400000000,0.500000000000,0.573125000000),
double3(0.634600000000,0.500000000000,0.500000000000),
double3(0.500000000000,0.892750000000,0.561600000000),
double3(0.948550000000,0.954400000000,0.561850000000),
double3(0.889950000000,0.500000000000,0.543775000000),
double3(0.875000000000,0.875000000000,0.500000000000),
double3(0.840700000000,0.954450000000,0.500000000000),
double3(0.934900000000,0.866850000000,0.543775000000),
double3(0.915050000000,0.500000000000,0.625000000000),
double3(0.951900000000,0.891200000000,0.625000000000),
double3(0.958900000000,0.901450000000,0.573125000000),
double3(0.913500000000,0.851150000000,0.500000000000),
double3(0.925600000000,0.500000000000,0.573125000000),
double3(0.865400000000,0.500000000000,0.500000000000),
double3(0.500000000000,0.892750000000,0.688400000000),
double3(0.551450000000,0.954400000000,0.688150000000),
double3(0.610050000000,0.500000000000,0.706225000000),
double3(0.625000000000,0.875000000000,0.500000000000),
double3(0.659300000000,0.954450000000,0.500000000000),
double3(0.565100000000,0.866850000000,0.706225000000),
double3(0.548100000000,0.891200000000,0.625000000000),
double3(0.541100000000,0.901450000000,0.676875000000),
double3(0.586500000000,0.851150000000,0.500000000000),
double3(0.574400000000,0.500000000000,0.676875000000),
double3(0.500000000000,0.607250000000,0.688400000000),
double3(0.948550000000,0.545600000000,0.688150000000),
double3(0.889950000000,0.500000000000,0.706225000000),
double3(0.875000000000,0.625000000000,0.500000000000),
double3(0.840700000000,0.545550000000,0.500000000000),
double3(0.934900000000,0.633150000000,0.706225000000),
double3(0.951900000000,0.608800000000,0.625000000000),
double3(0.958900000000,0.598550000000,0.676875000000),
double3(0.913500000000,0.648850000000,0.500000000000),
double3(0.925600000000,0.500000000000,0.676875000000),
double3(0.948550000000,0.954400000000,0.688150000000),
double3(0.934900000000,0.866850000000,0.706225000000),
double3(0.958900000000,0.901450000000,0.676875000000),
double3(0.551450000000,0.545600000000,0.688150000000),
double3(0.565100000000,0.633150000000,0.706225000000),
double3(0.541100000000,0.598550000000,0.676875000000),
double3(0.948550000000,0.545600000000,0.561850000000),
double3(0.934900000000,0.633150000000,0.543775000000),
double3(0.958900000000,0.598550000000,0.573125000000),
double3(0.551450000000,0.954400000000,0.561850000000),
double3(0.565100000000,0.866850000000,0.543775000000),
double3(0.541100000000,0.901450000000,0.573125000000),
double3(0.750000000000,0.857250000000,0.561600000000),
double3(0.801450000000,0.795600000000,0.561850000000),
double3(0.860050000000,0.750000000000,0.543775000000),
double3(0.909300000000,0.795550000000,0.500000000000),
double3(0.815100000000,0.883150000000,0.543775000000),
double3(0.834950000000,0.750000000000,0.625000000000),
double3(0.798100000000,0.858800000000,0.625000000000),
double3(0.791100000000,0.848550000000,0.573125000000),
double3(0.836500000000,0.898850000000,0.500000000000),
double3(0.824400000000,0.750000000000,0.573125000000),
double3(0.884600000000,0.750000000000,0.500000000000),
double3(0.750000000000,0.642750000000,0.561600000000),
double3(0.698550000000,0.704400000000,0.561850000000),
double3(0.639950000000,0.750000000000,0.543775000000),
double3(0.590700000000,0.704450000000,0.500000000000),
double3(0.684900000000,0.616850000000,0.543775000000),
double3(0.665050000000,0.750000000000,0.625000000000),
double3(0.701900000000,0.641200000000,0.625000000000),
double3(0.708900000000,0.651450000000,0.573125000000),
double3(0.663500000000,0.601150000000,0.500000000000),
double3(0.675600000000,0.750000000000,0.573125000000),
double3(0.615400000000,0.750000000000,0.500000000000),
double3(0.750000000000,0.642750000000,0.688400000000),
double3(0.801450000000,0.704400000000,0.688150000000),
double3(0.860050000000,0.750000000000,0.706225000000),
double3(0.909300000000,0.704450000000,0.500000000000),
double3(0.815100000000,0.616850000000,0.706225000000),
double3(0.798100000000,0.641200000000,0.625000000000),
double3(0.791100000000,0.651450000000,0.676875000000),
double3(0.836500000000,0.601150000000,0.500000000000),
double3(0.824400000000,0.750000000000,0.676875000000),
double3(0.750000000000,0.857250000000,0.688400000000),
double3(0.698550000000,0.795600000000,0.688150000000),
double3(0.639950000000,0.750000000000,0.706225000000),
double3(0.590700000000,0.795550000000,0.500000000000),
double3(0.684900000000,0.883150000000,0.706225000000),
double3(0.701900000000,0.858800000000,0.625000000000),
double3(0.708900000000,0.848550000000,0.676875000000),
double3(0.663500000000,0.898850000000,0.500000000000),
double3(0.675600000000,0.750000000000,0.676875000000),
double3(0.698550000000,0.704400000000,0.688150000000),
double3(0.684900000000,0.616850000000,0.706225000000),
double3(0.708900000000,0.651450000000,0.676875000000),
double3(0.801450000000,0.795600000000,0.688150000000),
double3(0.815100000000,0.883150000000,0.706225000000),
double3(0.791100000000,0.848550000000,0.676875000000),
double3(0.698550000000,0.795600000000,0.561850000000),
double3(0.684900000000,0.883150000000,0.543775000000),
double3(0.708900000000,0.848550000000,0.573125000000),
double3(0.801450000000,0.704400000000,0.561850000000),
double3(0.815100000000,0.616850000000,0.543775000000),
double3(0.791100000000,0.651450000000,0.573125000000),
double3(0.500000000000,0.607250000000,0.811600000000),
double3(0.551450000000,0.545600000000,0.811850000000),
double3(0.610050000000,0.500000000000,0.793775000000),
double3(0.625000000000,0.625000000000,0.750000000000),
double3(0.659300000000,0.545550000000,0.750000000000),
double3(0.565100000000,0.633150000000,0.793775000000),
double3(0.584950000000,0.500000000000,0.875000000000),
double3(0.548100000000,0.608800000000,0.875000000000),
double3(0.541100000000,0.598550000000,0.823125000000),
double3(0.586500000000,0.648850000000,0.750000000000),
double3(0.574400000000,0.500000000000,0.823125000000),
double3(0.634600000000,0.500000000000,0.750000000000),
double3(0.500000000000,0.892750000000,0.811600000000),
double3(0.948550000000,0.954400000000,0.811850000000),
double3(0.889950000000,0.500000000000,0.793775000000),
double3(0.875000000000,0.875000000000,0.750000000000),
double3(0.840700000000,0.954450000000,0.750000000000),
double3(0.934900000000,0.866850000000,0.793775000000),
double3(0.915050000000,0.500000000000,0.875000000000),
double3(0.951900000000,0.891200000000,0.875000000000),
double3(0.958900000000,0.901450000000,0.823125000000),
double3(0.913500000000,0.851150000000,0.750000000000),
double3(0.925600000000,0.500000000000,0.823125000000),
double3(0.865400000000,0.500000000000,0.750000000000),
double3(0.500000000000,0.892750000000,0.938400000000),
double3(0.551450000000,0.954400000000,0.938150000000),
double3(0.610050000000,0.500000000000,0.956225000000),
double3(0.625000000000,0.875000000000,0.750000000000),
double3(0.659300000000,0.954450000000,0.750000000000),
double3(0.565100000000,0.866850000000,0.956225000000),
double3(0.548100000000,0.891200000000,0.875000000000),
double3(0.541100000000,0.901450000000,0.926875000000),
double3(0.586500000000,0.851150000000,0.750000000000),
double3(0.574400000000,0.500000000000,0.926875000000),
double3(0.500000000000,0.607250000000,0.938400000000),
double3(0.948550000000,0.545600000000,0.938150000000),
double3(0.889950000000,0.500000000000,0.956225000000),
double3(0.875000000000,0.625000000000,0.750000000000),
double3(0.840700000000,0.545550000000,0.750000000000),
double3(0.934900000000,0.633150000000,0.956225000000),
double3(0.951900000000,0.608800000000,0.875000000000),
double3(0.958900000000,0.598550000000,0.926875000000),
double3(0.913500000000,0.648850000000,0.750000000000),
double3(0.925600000000,0.500000000000,0.926875000000),
double3(0.948550000000,0.954400000000,0.938150000000),
double3(0.934900000000,0.866850000000,0.956225000000),
double3(0.958900000000,0.901450000000,0.926875000000),
double3(0.551450000000,0.545600000000,0.938150000000),
double3(0.565100000000,0.633150000000,0.956225000000),
double3(0.541100000000,0.598550000000,0.926875000000),
double3(0.948550000000,0.545600000000,0.811850000000),
double3(0.934900000000,0.633150000000,0.793775000000),
double3(0.958900000000,0.598550000000,0.823125000000),
double3(0.551450000000,0.954400000000,0.811850000000),
double3(0.565100000000,0.866850000000,0.793775000000),
double3(0.541100000000,0.901450000000,0.823125000000),
double3(0.750000000000,0.857250000000,0.811600000000),
double3(0.801450000000,0.795600000000,0.811850000000),
double3(0.860050000000,0.750000000000,0.793775000000),
double3(0.909300000000,0.795550000000,0.750000000000),
double3(0.815100000000,0.883150000000,0.793775000000),
double3(0.834950000000,0.750000000000,0.875000000000),
double3(0.798100000000,0.858800000000,0.875000000000),
double3(0.791100000000,0.848550000000,0.823125000000),
double3(0.836500000000,0.898850000000,0.750000000000),
double3(0.824400000000,0.750000000000,0.823125000000),
double3(0.884600000000,0.750000000000,0.750000000000),
double3(0.750000000000,0.642750000000,0.811600000000),
double3(0.698550000000,0.704400000000,0.811850000000),
double3(0.639950000000,0.750000000000,0.793775000000),
double3(0.590700000000,0.704450000000,0.750000000000),
double3(0.684900000000,0.616850000000,0.793775000000),
double3(0.665050000000,0.750000000000,0.875000000000),
double3(0.701900000000,0.641200000000,0.875000000000),
double3(0.708900000000,0.651450000000,0.823125000000),
double3(0.663500000000,0.601150000000,0.750000000000),
double3(0.675600000000,0.750000000000,0.823125000000),
double3(0.615400000000,0.750000000000,0.750000000000),
double3(0.750000000000,0.642750000000,0.938400000000),
double3(0.801450000000,0.704400000000,0.938150000000),
double3(0.860050000000,0.750000000000,0.956225000000),
double3(0.909300000000,0.704450000000,0.750000000000),
double3(0.815100000000,0.616850000000,0.956225000000),
double3(0.798100000000,0.641200000000,0.875000000000),
double3(0.791100000000,0.651450000000,0.926875000000),
double3(0.836500000000,0.601150000000,0.750000000000),
double3(0.824400000000,0.750000000000,0.926875000000),
double3(0.750000000000,0.857250000000,0.938400000000),
double3(0.698550000000,0.795600000000,0.938150000000),
double3(0.639950000000,0.750000000000,0.956225000000),
double3(0.590700000000,0.795550000000,0.750000000000),
double3(0.684900000000,0.883150000000,0.956225000000),
double3(0.701900000000,0.858800000000,0.875000000000),
double3(0.708900000000,0.848550000000,0.926875000000),
double3(0.663500000000,0.898850000000,0.750000000000),
double3(0.675600000000,0.750000000000,0.926875000000),
double3(0.698550000000,0.704400000000,0.938150000000),
double3(0.684900000000,0.616850000000,0.956225000000),
double3(0.708900000000,0.651450000000,0.926875000000),
double3(0.801450000000,0.795600000000,0.938150000000),
double3(0.815100000000,0.883150000000,0.956225000000),
double3(0.791100000000,0.848550000000,0.926875000000),
double3(0.698550000000,0.795600000000,0.811850000000),
double3(0.684900000000,0.883150000000,0.793775000000),
double3(0.708900000000,0.848550000000,0.823125000000),
double3(0.801450000000,0.704400000000,0.811850000000),
double3(0.815100000000,0.616850000000,0.793775000000),
double3(0.791100000000,0.651450000000,0.823125000000),
