 # Derivative distribution function -dV(r)/dr (or -dV(d)/dd) vs d
  0.1250000      0.0000000E+00
  0.3750000      0.0000000E+00
  0.6250000      0.0000000E+00
  0.8750000      0.0000000E+00
   1.125000      0.0000000E+00
   1.375000      0.0000000E+00
   1.625000      0.0000000E+00
   1.875000      0.0000000E+00
   2.125000      0.0000000E+00
   2.375000      0.0000000E+00
   2.625000      0.0000000E+00
   2.875000      0.0000000E+00
   3.125000      8.8373423E-03
   3.375000      3.5854101E-02
   3.625000      4.8478723E-02
   3.875000      5.1761150E-02
   4.125000      4.5448780E-02
   4.375000      3.0804157E-02
   4.625000      0.1004924    
   4.875000      9.4685078E-02
   5.125000      2.1714449E-02
   5.375000      2.2471905E-02
   5.625000      2.1966934E-02
   5.875000      2.0704389E-02
   6.125000      2.1966934E-02
   6.375000      2.4491906E-02
   6.625000      2.7016759E-02
   6.875000      3.4086585E-02
   7.125000      0.2487060    
   7.375000      0.2514834    
   7.625000      4.4186354E-02
   7.875000      3.7621498E-02
   8.125000      3.1309128E-02
   8.375000      3.0299187E-02
   8.625000      2.9036760E-02
   8.875000      3.1056643E-02
   9.125000      3.3329129E-02
   9.375000      3.0046701E-02
   9.625000      2.2219419E-02
   9.875000      2.1714449E-02
   10.12500      3.5601497E-02
   10.37500      8.9130163E-02
   10.62500      0.1189244    
   10.87500      0.1047847    
   11.12500      0.1189244    
   11.37500      0.1749780    
   11.62500      0.5918445    
   11.87500      0.9140260    
   12.12500      0.4299962    
   12.37500      0.0000000E+00
   12.62500      0.0000000E+00
   12.87500      0.0000000E+00
   13.12500      0.0000000E+00
   13.37500      0.0000000E+00
   13.62500      0.0000000E+00
   13.87500      0.0000000E+00
   14.12500      0.0000000E+00
   14.37500      0.0000000E+00
   14.62500      0.0000000E+00
   14.87500      0.0000000E+00
   15.12500      0.0000000E+00
   15.37500      0.0000000E+00
   15.62500      0.0000000E+00
   15.87500      0.0000000E+00
   16.12500      0.0000000E+00
   16.37500      0.0000000E+00
   16.62500      0.0000000E+00
   16.87500      0.0000000E+00
   17.12500      0.0000000E+00
   17.37500      0.0000000E+00
   17.62500      0.0000000E+00
   17.87500      0.0000000E+00
   18.12500      0.0000000E+00
   18.37500      0.0000000E+00
   18.62500      0.0000000E+00
   18.87500      0.0000000E+00
   19.12500      0.0000000E+00
   19.37500      0.0000000E+00
