 # Derivative distribution function -dV(r)/dr (or -dV(d)/dd) vs d
  0.1250000      0.0000000E+00
  0.3750000      0.0000000E+00
  0.6250000      0.0000000E+00
  0.8750000      0.0000000E+00
   1.125000      0.0000000E+00
   1.375000      0.0000000E+00
   1.625000      0.0000000E+00
   1.875000      0.0000000E+00
   2.125000      0.0000000E+00
   2.375000      0.0000000E+00
   2.625000      0.0000000E+00
   2.875000      2.4175644E-04
   3.125000      1.2327790E-02
   3.375000      3.4324408E-02
   3.625000      4.6652198E-02
   3.875000      7.3241472E-02
   4.125000      6.8890452E-02
   4.375000      3.9400578E-02
   4.625000      0.1580856    
   4.875000      0.1513174    
   5.125000      2.2238374E-02
   5.375000      2.1029711E-02
   5.625000      2.1996617E-02
   5.875000      1.7887354E-02
   6.125000      1.4261484E-02
   6.375000      1.9579411E-02
   6.625000      2.8281450E-02
   6.875000      3.7708521E-02
   7.125000      0.2289097    
   7.375000      0.2289097    
   7.625000      4.2301178E-02
   7.875000      3.8192034E-02
   8.125000      3.1907201E-02
   8.375000      2.7556181E-02
   8.625000      2.8523088E-02
   8.875000      2.4897218E-02
   9.125000      2.3205280E-02
   9.375000      2.4413824E-02
   9.625000      2.3205161E-02
   9.875000      2.2480011E-02
   10.12500      3.3115864E-02
   10.37500      8.7261319E-02
   10.62500      0.1167512    
   10.87500      0.1039401    
   11.12500      0.1225526    
   11.37500      0.1721054    
   11.62500      0.5518492    
   11.87500      0.8755136    
   12.12500      0.4249456    
   12.37500      0.0000000E+00
   12.62500      0.0000000E+00
   12.87500      0.0000000E+00
   13.12500      0.0000000E+00
   13.37500      0.0000000E+00
   13.62500      0.0000000E+00
   13.87500      0.0000000E+00
   14.12500      0.0000000E+00
   14.37500      0.0000000E+00
   14.62500      0.0000000E+00
   14.87500      0.0000000E+00
   15.12500      0.0000000E+00
   15.37500      0.0000000E+00
   15.62500      0.0000000E+00
   15.87500      0.0000000E+00
   16.12500      0.0000000E+00
   16.37500      0.0000000E+00
   16.62500      0.0000000E+00
   16.87500      0.0000000E+00
   17.12500      0.0000000E+00
   17.37500      0.0000000E+00
   17.62500      0.0000000E+00
   17.87500      0.0000000E+00
   18.12500      0.0000000E+00
   18.37500      0.0000000E+00
   18.62500      0.0000000E+00
   18.87500      0.0000000E+00
   19.12500      0.0000000E+00
   19.37500      0.0000000E+00
