[double3(30.742000000000,0.000000000000,0.000000000000),double3(0.000000000000,30.742000000000,0.000000000000),double3(0.000000000000,0.000000000000,30.742000000000)]

double3(0.069100000000,0.150800000000,0.233400000000),
double3(0.211200000000,0.211200000000,0.125300000000),
double3(0.209200000000,0.209200000000,0.405800000000),
double3(0.148700000000,0.148700000000,0.264700000000),
double3(0.148900000000,0.148900000000,0.055800000000),
double3(0.077300000000,0.077300000000,0.190400000000),
double3(0.111600000000,0.201900000000,0.000000000000),
double3(0.109300000000,0.179900000000,0.250100000000),
double3(0.050600000000,0.122200000000,0.193600000000),
double3(0.849200000000,0.069100000000,0.233400000000),
double3(0.788800000000,0.211200000000,0.125300000000),
double3(0.790800000000,0.209200000000,0.405800000000),
double3(0.851300000000,0.148700000000,0.264700000000),
double3(0.851100000000,0.148900000000,0.055800000000),
double3(0.922700000000,0.077300000000,0.190400000000),
double3(0.798100000000,0.111600000000,0.000000000000),
double3(0.820100000000,0.109300000000,0.250100000000),
double3(0.877800000000,0.050600000000,0.193600000000),
double3(0.930900000000,0.849200000000,0.233400000000),
double3(0.788800000000,0.788800000000,0.125300000000),
double3(0.790800000000,0.790800000000,0.405800000000),
double3(0.851300000000,0.851300000000,0.264700000000),
double3(0.851100000000,0.851100000000,0.055800000000),
double3(0.922700000000,0.922700000000,0.190400000000),
double3(0.888400000000,0.798100000000,0.000000000000),
double3(0.890700000000,0.820100000000,0.250100000000),
double3(0.949400000000,0.877800000000,0.193600000000),
double3(0.150800000000,0.930900000000,0.233400000000),
double3(0.211200000000,0.788800000000,0.125300000000),
double3(0.209200000000,0.790800000000,0.405800000000),
double3(0.148700000000,0.851300000000,0.264700000000),
double3(0.148900000000,0.851100000000,0.055800000000),
double3(0.077300000000,0.922700000000,0.190400000000),
double3(0.201900000000,0.888400000000,0.000000000000),
double3(0.179900000000,0.890700000000,0.250100000000),
double3(0.122200000000,0.949400000000,0.193600000000),
double3(0.069100000000,0.849200000000,0.766600000000),
double3(0.211200000000,0.788800000000,0.874700000000),
double3(0.209200000000,0.790800000000,0.594200000000),
double3(0.148700000000,0.851300000000,0.735300000000),
double3(0.148900000000,0.851100000000,0.944200000000),
double3(0.077300000000,0.922700000000,0.809600000000),
double3(0.111600000000,0.798100000000,0.000000000000),
double3(0.109300000000,0.820100000000,0.749900000000),
double3(0.050600000000,0.877800000000,0.806400000000),
double3(0.150800000000,0.069100000000,0.766600000000),
double3(0.211200000000,0.211200000000,0.874700000000),
double3(0.209200000000,0.209200000000,0.594200000000),
double3(0.148700000000,0.148700000000,0.735300000000),
double3(0.148900000000,0.148900000000,0.944200000000),
double3(0.077300000000,0.077300000000,0.809600000000),
double3(0.201900000000,0.111600000000,0.000000000000),
double3(0.179900000000,0.109300000000,0.749900000000),
double3(0.122200000000,0.050600000000,0.806400000000),
double3(0.930900000000,0.150800000000,0.766600000000),
double3(0.788800000000,0.211200000000,0.874700000000),
double3(0.790800000000,0.209200000000,0.594200000000),
double3(0.851300000000,0.148700000000,0.735300000000),
double3(0.851100000000,0.148900000000,0.944200000000),
double3(0.922700000000,0.077300000000,0.809600000000),
double3(0.888400000000,0.201900000000,0.000000000000),
double3(0.890700000000,0.179900000000,0.749900000000),
double3(0.949400000000,0.122200000000,0.806400000000),
double3(0.849200000000,0.930900000000,0.766600000000),
double3(0.788800000000,0.788800000000,0.874700000000),
double3(0.790800000000,0.790800000000,0.594200000000),
double3(0.851300000000,0.851300000000,0.735300000000),
double3(0.851100000000,0.851100000000,0.944200000000),
double3(0.922700000000,0.922700000000,0.809600000000),
double3(0.798100000000,0.888400000000,0.000000000000),
double3(0.820100000000,0.890700000000,0.749900000000),
double3(0.877800000000,0.949400000000,0.806400000000),
double3(0.233400000000,0.069100000000,0.150800000000),
double3(0.125300000000,0.211200000000,0.211200000000),
double3(0.405800000000,0.209200000000,0.209200000000),
double3(0.264700000000,0.148700000000,0.148700000000),
double3(0.055800000000,0.148900000000,0.148900000000),
double3(0.190400000000,0.077300000000,0.077300000000),
double3(0.000000000000,0.111600000000,0.201900000000),
double3(0.250100000000,0.109300000000,0.179900000000),
double3(0.193600000000,0.050600000000,0.122200000000),
double3(0.930900000000,0.233400000000,0.150800000000),
double3(0.788800000000,0.125300000000,0.211200000000),
double3(0.790800000000,0.405800000000,0.209200000000),
double3(0.851300000000,0.264700000000,0.148700000000),
double3(0.851100000000,0.055800000000,0.148900000000),
double3(0.922700000000,0.190400000000,0.077300000000),
double3(0.888400000000,0.000000000000,0.201900000000),
double3(0.890700000000,0.250100000000,0.179900000000),
double3(0.949400000000,0.193600000000,0.122200000000),
double3(0.766600000000,0.930900000000,0.150800000000),
double3(0.874700000000,0.788800000000,0.211200000000),
double3(0.594200000000,0.790800000000,0.209200000000),
double3(0.735300000000,0.851300000000,0.148700000000),
double3(0.944200000000,0.851100000000,0.148900000000),
double3(0.809600000000,0.922700000000,0.077300000000),
double3(0.000000000000,0.888400000000,0.201900000000),
double3(0.749900000000,0.890700000000,0.179900000000),
double3(0.806400000000,0.949400000000,0.122200000000),
double3(0.069100000000,0.766600000000,0.150800000000),
double3(0.211200000000,0.874700000000,0.211200000000),
double3(0.209200000000,0.594200000000,0.209200000000),
double3(0.148700000000,0.735300000000,0.148700000000),
double3(0.148900000000,0.944200000000,0.148900000000),
double3(0.077300000000,0.809600000000,0.077300000000),
double3(0.111600000000,0.000000000000,0.201900000000),
double3(0.109300000000,0.749900000000,0.179900000000),
double3(0.050600000000,0.806400000000,0.122200000000),
double3(0.233400000000,0.930900000000,0.849200000000),
double3(0.125300000000,0.788800000000,0.788800000000),
double3(0.405800000000,0.790800000000,0.790800000000),
double3(0.264700000000,0.851300000000,0.851300000000),
double3(0.055800000000,0.851100000000,0.851100000000),
double3(0.190400000000,0.922700000000,0.922700000000),
double3(0.000000000000,0.888400000000,0.798100000000),
double3(0.250100000000,0.890700000000,0.820100000000),
double3(0.193600000000,0.949400000000,0.877800000000),
double3(0.069100000000,0.233400000000,0.849200000000),
double3(0.211200000000,0.125300000000,0.788800000000),
double3(0.209200000000,0.405800000000,0.790800000000),
double3(0.148700000000,0.264700000000,0.851300000000),
double3(0.148900000000,0.055800000000,0.851100000000),
double3(0.077300000000,0.190400000000,0.922700000000),
double3(0.111600000000,0.000000000000,0.798100000000),
double3(0.109300000000,0.250100000000,0.820100000000),
double3(0.050600000000,0.193600000000,0.877800000000),
double3(0.766600000000,0.069100000000,0.849200000000),
double3(0.874700000000,0.211200000000,0.788800000000),
double3(0.594200000000,0.209200000000,0.790800000000),
double3(0.735300000000,0.148700000000,0.851300000000),
double3(0.944200000000,0.148900000000,0.851100000000),
double3(0.809600000000,0.077300000000,0.922700000000),
double3(0.000000000000,0.111600000000,0.798100000000),
double3(0.749900000000,0.109300000000,0.820100000000),
double3(0.806400000000,0.050600000000,0.877800000000),
double3(0.930900000000,0.766600000000,0.849200000000),
double3(0.788800000000,0.874700000000,0.788800000000),
double3(0.790800000000,0.594200000000,0.790800000000),
double3(0.851300000000,0.735300000000,0.851300000000),
double3(0.851100000000,0.944200000000,0.851100000000),
double3(0.922700000000,0.809600000000,0.922700000000),
double3(0.888400000000,0.000000000000,0.798100000000),
double3(0.890700000000,0.749900000000,0.820100000000),
double3(0.949400000000,0.806400000000,0.877800000000),
double3(0.150800000000,0.233400000000,0.069100000000),
double3(0.211200000000,0.125300000000,0.211200000000),
double3(0.209200000000,0.405800000000,0.209200000000),
double3(0.148700000000,0.264700000000,0.148700000000),
double3(0.148900000000,0.055800000000,0.148900000000),
double3(0.077300000000,0.190400000000,0.077300000000),
double3(0.201900000000,0.000000000000,0.111600000000),
double3(0.179900000000,0.250100000000,0.109300000000),
double3(0.122200000000,0.193600000000,0.050600000000),
double3(0.150800000000,0.766600000000,0.930900000000),
double3(0.211200000000,0.874700000000,0.788800000000),
double3(0.209200000000,0.594200000000,0.790800000000),
double3(0.148700000000,0.735300000000,0.851300000000),
double3(0.148900000000,0.944200000000,0.851100000000),
double3(0.077300000000,0.809600000000,0.922700000000),
double3(0.201900000000,0.000000000000,0.888400000000),
double3(0.179900000000,0.749900000000,0.890700000000),
double3(0.122200000000,0.806400000000,0.949400000000),
double3(0.233400000000,0.150800000000,0.930900000000),
double3(0.125300000000,0.211200000000,0.788800000000),
double3(0.405800000000,0.209200000000,0.790800000000),
double3(0.264700000000,0.148700000000,0.851300000000),
double3(0.055800000000,0.148900000000,0.851100000000),
double3(0.190400000000,0.077300000000,0.922700000000),
double3(0.000000000000,0.201900000000,0.888400000000),
double3(0.250100000000,0.179900000000,0.890700000000),
double3(0.193600000000,0.122200000000,0.949400000000),
double3(0.849200000000,0.233400000000,0.930900000000),
double3(0.788800000000,0.125300000000,0.788800000000),
double3(0.790800000000,0.405800000000,0.790800000000),
double3(0.851300000000,0.264700000000,0.851300000000),
double3(0.851100000000,0.055800000000,0.851100000000),
double3(0.922700000000,0.190400000000,0.922700000000),
double3(0.798100000000,0.000000000000,0.888400000000),
double3(0.820100000000,0.250100000000,0.890700000000),
double3(0.877800000000,0.193600000000,0.949400000000),
double3(0.766600000000,0.849200000000,0.930900000000),
double3(0.874700000000,0.788800000000,0.788800000000),
double3(0.594200000000,0.790800000000,0.790800000000),
double3(0.735300000000,0.851300000000,0.851300000000),
double3(0.944200000000,0.851100000000,0.851100000000),
double3(0.809600000000,0.922700000000,0.922700000000),
double3(0.000000000000,0.798100000000,0.888400000000),
double3(0.749900000000,0.820100000000,0.890700000000),
double3(0.806400000000,0.877800000000,0.949400000000),
double3(0.849200000000,0.766600000000,0.069100000000),
double3(0.788800000000,0.874700000000,0.211200000000),
double3(0.790800000000,0.594200000000,0.209200000000),
double3(0.851300000000,0.735300000000,0.148700000000),
double3(0.851100000000,0.944200000000,0.148900000000),
double3(0.922700000000,0.809600000000,0.077300000000),
double3(0.798100000000,0.000000000000,0.111600000000),
double3(0.820100000000,0.749900000000,0.109300000000),
double3(0.877800000000,0.806400000000,0.050600000000),
double3(0.233400000000,0.849200000000,0.069100000000),
double3(0.125300000000,0.788800000000,0.211200000000),
double3(0.405800000000,0.790800000000,0.209200000000),
double3(0.264700000000,0.851300000000,0.148700000000),
double3(0.055800000000,0.851100000000,0.148900000000),
double3(0.190400000000,0.922700000000,0.077300000000),
double3(0.000000000000,0.798100000000,0.111600000000),
double3(0.250100000000,0.820100000000,0.109300000000),
double3(0.193600000000,0.877800000000,0.050600000000),
double3(0.766600000000,0.150800000000,0.069100000000),
double3(0.874700000000,0.211200000000,0.211200000000),
double3(0.594200000000,0.209200000000,0.209200000000),
double3(0.735300000000,0.148700000000,0.148700000000),
double3(0.944200000000,0.148900000000,0.148900000000),
double3(0.809600000000,0.077300000000,0.077300000000),
double3(0.000000000000,0.201900000000,0.111600000000),
double3(0.749900000000,0.179900000000,0.109300000000),
double3(0.806400000000,0.122200000000,0.050600000000),
double3(0.930900000000,0.849200000000,0.766600000000),
double3(0.890700000000,0.820100000000,0.749900000000),
double3(0.949400000000,0.877800000000,0.806400000000),
double3(0.150800000000,0.930900000000,0.766600000000),
double3(0.179900000000,0.890700000000,0.749900000000),
double3(0.122200000000,0.949400000000,0.806400000000),
double3(0.069100000000,0.150800000000,0.766600000000),
double3(0.109300000000,0.179900000000,0.749900000000),
double3(0.050600000000,0.122200000000,0.806400000000),
double3(0.849200000000,0.069100000000,0.766600000000),
double3(0.820100000000,0.109300000000,0.749900000000),
double3(0.877800000000,0.050600000000,0.806400000000),
double3(0.930900000000,0.150800000000,0.233400000000),
double3(0.890700000000,0.179900000000,0.250100000000),
double3(0.949400000000,0.122200000000,0.193600000000),
double3(0.849200000000,0.930900000000,0.233400000000),
double3(0.820100000000,0.890700000000,0.250100000000),
double3(0.877800000000,0.949400000000,0.193600000000),
double3(0.069100000000,0.849200000000,0.233400000000),
double3(0.109300000000,0.820100000000,0.250100000000),
double3(0.050600000000,0.877800000000,0.193600000000),
double3(0.150800000000,0.069100000000,0.233400000000),
double3(0.179900000000,0.109300000000,0.250100000000),
double3(0.122200000000,0.050600000000,0.193600000000),
double3(0.766600000000,0.930900000000,0.849200000000),
double3(0.749900000000,0.890700000000,0.820100000000),
double3(0.806400000000,0.949400000000,0.877800000000),
double3(0.069100000000,0.766600000000,0.849200000000),
double3(0.109300000000,0.749900000000,0.820100000000),
double3(0.050600000000,0.806400000000,0.877800000000),
double3(0.233400000000,0.069100000000,0.849200000000),
double3(0.250100000000,0.109300000000,0.820100000000),
double3(0.193600000000,0.050600000000,0.877800000000),
double3(0.930900000000,0.233400000000,0.849200000000),
double3(0.890700000000,0.250100000000,0.820100000000),
double3(0.949400000000,0.193600000000,0.877800000000),
double3(0.766600000000,0.069100000000,0.150800000000),
double3(0.749900000000,0.109300000000,0.179900000000),
double3(0.806400000000,0.050600000000,0.122200000000),
double3(0.930900000000,0.766600000000,0.150800000000),
double3(0.890700000000,0.749900000000,0.179900000000),
double3(0.949400000000,0.806400000000,0.122200000000),
double3(0.233400000000,0.930900000000,0.150800000000),
double3(0.250100000000,0.890700000000,0.179900000000),
double3(0.193600000000,0.949400000000,0.122200000000),
double3(0.069100000000,0.233400000000,0.150800000000),
double3(0.109300000000,0.250100000000,0.179900000000),
double3(0.050600000000,0.193600000000,0.122200000000),
double3(0.849200000000,0.766600000000,0.930900000000),
double3(0.820100000000,0.749900000000,0.890700000000),
double3(0.877800000000,0.806400000000,0.949400000000),
double3(0.849200000000,0.233400000000,0.069100000000),
double3(0.820100000000,0.250100000000,0.109300000000),
double3(0.877800000000,0.193600000000,0.050600000000),
double3(0.766600000000,0.849200000000,0.069100000000),
double3(0.749900000000,0.820100000000,0.109300000000),
double3(0.806400000000,0.877800000000,0.050600000000),
double3(0.150800000000,0.766600000000,0.069100000000),
double3(0.179900000000,0.749900000000,0.109300000000),
double3(0.122200000000,0.806400000000,0.050600000000),
double3(0.233400000000,0.150800000000,0.069100000000),
double3(0.250100000000,0.179900000000,0.109300000000),
double3(0.193600000000,0.122200000000,0.050600000000),
double3(0.150800000000,0.233400000000,0.930900000000),
double3(0.179900000000,0.250100000000,0.890700000000),
double3(0.122200000000,0.193600000000,0.949400000000),
double3(0.766600000000,0.150800000000,0.930900000000),
double3(0.749900000000,0.179900000000,0.890700000000),
double3(0.806400000000,0.122200000000,0.949400000000),
double3(0.233400000000,0.849200000000,0.930900000000),
double3(0.250100000000,0.820100000000,0.890700000000),
double3(0.193600000000,0.877800000000,0.949400000000),
double3(0.069100000000,0.650800000000,0.733400000000),
double3(0.211200000000,0.711200000000,0.625300000000),
double3(0.209200000000,0.709200000000,0.905800000000),
double3(0.148700000000,0.648700000000,0.764700000000),
double3(0.148900000000,0.648900000000,0.555800000000),
double3(0.077300000000,0.577300000000,0.690400000000),
double3(0.111600000000,0.701900000000,0.500000000000),
double3(0.109300000000,0.679900000000,0.750100000000),
double3(0.050600000000,0.622200000000,0.693600000000),
double3(0.849200000000,0.569100000000,0.733400000000),
double3(0.788800000000,0.711200000000,0.625300000000),
double3(0.790800000000,0.709200000000,0.905800000000),
double3(0.851300000000,0.648700000000,0.764700000000),
double3(0.851100000000,0.648900000000,0.555800000000),
double3(0.922700000000,0.577300000000,0.690400000000),
double3(0.798100000000,0.611600000000,0.500000000000),
double3(0.820100000000,0.609300000000,0.750100000000),
double3(0.877800000000,0.550600000000,0.693600000000),
double3(0.930900000000,0.349200000000,0.733400000000),
double3(0.788800000000,0.288800000000,0.625300000000),
double3(0.790800000000,0.290800000000,0.905800000000),
double3(0.851300000000,0.351300000000,0.764700000000),
double3(0.851100000000,0.351100000000,0.555800000000),
double3(0.922700000000,0.422700000000,0.690400000000),
double3(0.888400000000,0.298100000000,0.500000000000),
double3(0.890700000000,0.320100000000,0.750100000000),
double3(0.949400000000,0.377800000000,0.693600000000),
double3(0.150800000000,0.430900000000,0.733400000000),
double3(0.211200000000,0.288800000000,0.625300000000),
double3(0.209200000000,0.290800000000,0.905800000000),
double3(0.148700000000,0.351300000000,0.764700000000),
double3(0.148900000000,0.351100000000,0.555800000000),
double3(0.077300000000,0.422700000000,0.690400000000),
double3(0.201900000000,0.388400000000,0.500000000000),
double3(0.179900000000,0.390700000000,0.750100000000),
double3(0.122200000000,0.449400000000,0.693600000000),
double3(0.069100000000,0.349200000000,0.266600000000),
double3(0.211200000000,0.288800000000,0.374700000000),
double3(0.209200000000,0.290800000000,0.094200000000),
double3(0.148700000000,0.351300000000,0.235300000000),
double3(0.148900000000,0.351100000000,0.444200000000),
double3(0.077300000000,0.422700000000,0.309600000000),
double3(0.111600000000,0.298100000000,0.500000000000),
double3(0.109300000000,0.320100000000,0.249900000000),
double3(0.050600000000,0.377800000000,0.306400000000),
double3(0.150800000000,0.569100000000,0.266600000000),
double3(0.211200000000,0.711200000000,0.374700000000),
double3(0.209200000000,0.709200000000,0.094200000000),
double3(0.148700000000,0.648700000000,0.235300000000),
double3(0.148900000000,0.648900000000,0.444200000000),
double3(0.077300000000,0.577300000000,0.309600000000),
double3(0.201900000000,0.611600000000,0.500000000000),
double3(0.179900000000,0.609300000000,0.249900000000),
double3(0.122200000000,0.550600000000,0.306400000000),
double3(0.930900000000,0.650800000000,0.266600000000),
double3(0.788800000000,0.711200000000,0.374700000000),
double3(0.790800000000,0.709200000000,0.094200000000),
double3(0.851300000000,0.648700000000,0.235300000000),
double3(0.851100000000,0.648900000000,0.444200000000),
double3(0.922700000000,0.577300000000,0.309600000000),
double3(0.888400000000,0.701900000000,0.500000000000),
double3(0.890700000000,0.679900000000,0.249900000000),
double3(0.949400000000,0.622200000000,0.306400000000),
double3(0.849200000000,0.430900000000,0.266600000000),
double3(0.788800000000,0.288800000000,0.374700000000),
double3(0.790800000000,0.290800000000,0.094200000000),
double3(0.851300000000,0.351300000000,0.235300000000),
double3(0.851100000000,0.351100000000,0.444200000000),
double3(0.922700000000,0.422700000000,0.309600000000),
double3(0.798100000000,0.388400000000,0.500000000000),
double3(0.820100000000,0.390700000000,0.249900000000),
double3(0.877800000000,0.449400000000,0.306400000000),
double3(0.233400000000,0.569100000000,0.650800000000),
double3(0.125300000000,0.711200000000,0.711200000000),
double3(0.405800000000,0.709200000000,0.709200000000),
double3(0.264700000000,0.648700000000,0.648700000000),
double3(0.055800000000,0.648900000000,0.648900000000),
double3(0.190400000000,0.577300000000,0.577300000000),
double3(0.000000000000,0.611600000000,0.701900000000),
double3(0.250100000000,0.609300000000,0.679900000000),
double3(0.193600000000,0.550600000000,0.622200000000),
double3(0.930900000000,0.733400000000,0.650800000000),
double3(0.788800000000,0.625300000000,0.711200000000),
double3(0.790800000000,0.905800000000,0.709200000000),
double3(0.851300000000,0.764700000000,0.648700000000),
double3(0.851100000000,0.555800000000,0.648900000000),
double3(0.922700000000,0.690400000000,0.577300000000),
double3(0.888400000000,0.500000000000,0.701900000000),
double3(0.890700000000,0.750100000000,0.679900000000),
double3(0.949400000000,0.693600000000,0.622200000000),
double3(0.766600000000,0.430900000000,0.650800000000),
double3(0.874700000000,0.288800000000,0.711200000000),
double3(0.594200000000,0.290800000000,0.709200000000),
double3(0.735300000000,0.351300000000,0.648700000000),
double3(0.944200000000,0.351100000000,0.648900000000),
double3(0.809600000000,0.422700000000,0.577300000000),
double3(0.000000000000,0.388400000000,0.701900000000),
double3(0.749900000000,0.390700000000,0.679900000000),
double3(0.806400000000,0.449400000000,0.622200000000),
double3(0.069100000000,0.266600000000,0.650800000000),
double3(0.211200000000,0.374700000000,0.711200000000),
double3(0.209200000000,0.094200000000,0.709200000000),
double3(0.148700000000,0.235300000000,0.648700000000),
double3(0.148900000000,0.444200000000,0.648900000000),
double3(0.077300000000,0.309600000000,0.577300000000),
double3(0.111600000000,0.500000000000,0.701900000000),
double3(0.109300000000,0.249900000000,0.679900000000),
double3(0.050600000000,0.306400000000,0.622200000000),
double3(0.233400000000,0.430900000000,0.349200000000),
double3(0.125300000000,0.288800000000,0.288800000000),
double3(0.405800000000,0.290800000000,0.290800000000),
double3(0.264700000000,0.351300000000,0.351300000000),
double3(0.055800000000,0.351100000000,0.351100000000),
double3(0.190400000000,0.422700000000,0.422700000000),
double3(0.000000000000,0.388400000000,0.298100000000),
double3(0.250100000000,0.390700000000,0.320100000000),
double3(0.193600000000,0.449400000000,0.377800000000),
double3(0.069100000000,0.733400000000,0.349200000000),
double3(0.211200000000,0.625300000000,0.288800000000),
double3(0.209200000000,0.905800000000,0.290800000000),
double3(0.148700000000,0.764700000000,0.351300000000),
double3(0.148900000000,0.555800000000,0.351100000000),
double3(0.077300000000,0.690400000000,0.422700000000),
double3(0.111600000000,0.500000000000,0.298100000000),
double3(0.109300000000,0.750100000000,0.320100000000),
double3(0.050600000000,0.693600000000,0.377800000000),
double3(0.766600000000,0.569100000000,0.349200000000),
double3(0.874700000000,0.711200000000,0.288800000000),
double3(0.594200000000,0.709200000000,0.290800000000),
double3(0.735300000000,0.648700000000,0.351300000000),
double3(0.944200000000,0.648900000000,0.351100000000),
double3(0.809600000000,0.577300000000,0.422700000000),
double3(0.000000000000,0.611600000000,0.298100000000),
double3(0.749900000000,0.609300000000,0.320100000000),
double3(0.806400000000,0.550600000000,0.377800000000),
double3(0.930900000000,0.266600000000,0.349200000000),
double3(0.788800000000,0.374700000000,0.288800000000),
double3(0.790800000000,0.094200000000,0.290800000000),
double3(0.851300000000,0.235300000000,0.351300000000),
double3(0.851100000000,0.444200000000,0.351100000000),
double3(0.922700000000,0.309600000000,0.422700000000),
double3(0.888400000000,0.500000000000,0.298100000000),
double3(0.890700000000,0.249900000000,0.320100000000),
double3(0.949400000000,0.306400000000,0.377800000000),
double3(0.150800000000,0.733400000000,0.569100000000),
double3(0.211200000000,0.625300000000,0.711200000000),
double3(0.209200000000,0.905800000000,0.709200000000),
double3(0.148700000000,0.764700000000,0.648700000000),
double3(0.148900000000,0.555800000000,0.648900000000),
double3(0.077300000000,0.690400000000,0.577300000000),
double3(0.201900000000,0.500000000000,0.611600000000),
double3(0.179900000000,0.750100000000,0.609300000000),
double3(0.122200000000,0.693600000000,0.550600000000),
double3(0.150800000000,0.266600000000,0.430900000000),
double3(0.211200000000,0.374700000000,0.288800000000),
double3(0.209200000000,0.094200000000,0.290800000000),
double3(0.148700000000,0.235300000000,0.351300000000),
double3(0.148900000000,0.444200000000,0.351100000000),
double3(0.077300000000,0.309600000000,0.422700000000),
double3(0.201900000000,0.500000000000,0.388400000000),
double3(0.179900000000,0.249900000000,0.390700000000),
double3(0.122200000000,0.306400000000,0.449400000000),
double3(0.233400000000,0.650800000000,0.430900000000),
double3(0.125300000000,0.711200000000,0.288800000000),
double3(0.405800000000,0.709200000000,0.290800000000),
double3(0.264700000000,0.648700000000,0.351300000000),
double3(0.055800000000,0.648900000000,0.351100000000),
double3(0.190400000000,0.577300000000,0.422700000000),
double3(0.000000000000,0.701900000000,0.388400000000),
double3(0.250100000000,0.679900000000,0.390700000000),
double3(0.193600000000,0.622200000000,0.449400000000),
double3(0.849200000000,0.733400000000,0.430900000000),
double3(0.788800000000,0.625300000000,0.288800000000),
double3(0.790800000000,0.905800000000,0.290800000000),
double3(0.851300000000,0.764700000000,0.351300000000),
double3(0.851100000000,0.555800000000,0.351100000000),
double3(0.922700000000,0.690400000000,0.422700000000),
double3(0.798100000000,0.500000000000,0.388400000000),
double3(0.820100000000,0.750100000000,0.390700000000),
double3(0.877800000000,0.693600000000,0.449400000000),
double3(0.766600000000,0.349200000000,0.430900000000),
double3(0.874700000000,0.288800000000,0.288800000000),
double3(0.594200000000,0.290800000000,0.290800000000),
double3(0.735300000000,0.351300000000,0.351300000000),
double3(0.944200000000,0.351100000000,0.351100000000),
double3(0.809600000000,0.422700000000,0.422700000000),
double3(0.000000000000,0.298100000000,0.388400000000),
double3(0.749900000000,0.320100000000,0.390700000000),
double3(0.806400000000,0.377800000000,0.449400000000),
double3(0.849200000000,0.266600000000,0.569100000000),
double3(0.788800000000,0.374700000000,0.711200000000),
double3(0.790800000000,0.094200000000,0.709200000000),
double3(0.851300000000,0.235300000000,0.648700000000),
double3(0.851100000000,0.444200000000,0.648900000000),
double3(0.922700000000,0.309600000000,0.577300000000),
double3(0.798100000000,0.500000000000,0.611600000000),
double3(0.820100000000,0.249900000000,0.609300000000),
double3(0.877800000000,0.306400000000,0.550600000000),
double3(0.233400000000,0.349200000000,0.569100000000),
double3(0.125300000000,0.288800000000,0.711200000000),
double3(0.405800000000,0.290800000000,0.709200000000),
double3(0.264700000000,0.351300000000,0.648700000000),
double3(0.055800000000,0.351100000000,0.648900000000),
double3(0.190400000000,0.422700000000,0.577300000000),
double3(0.000000000000,0.298100000000,0.611600000000),
double3(0.250100000000,0.320100000000,0.609300000000),
double3(0.193600000000,0.377800000000,0.550600000000),
double3(0.766600000000,0.650800000000,0.569100000000),
double3(0.874700000000,0.711200000000,0.711200000000),
double3(0.594200000000,0.709200000000,0.709200000000),
double3(0.735300000000,0.648700000000,0.648700000000),
double3(0.944200000000,0.648900000000,0.648900000000),
double3(0.809600000000,0.577300000000,0.577300000000),
double3(0.000000000000,0.701900000000,0.611600000000),
double3(0.749900000000,0.679900000000,0.609300000000),
double3(0.806400000000,0.622200000000,0.550600000000),
double3(0.930900000000,0.349200000000,0.266600000000),
double3(0.890700000000,0.320100000000,0.249900000000),
double3(0.949400000000,0.377800000000,0.306400000000),
double3(0.150800000000,0.430900000000,0.266600000000),
double3(0.179900000000,0.390700000000,0.249900000000),
double3(0.122200000000,0.449400000000,0.306400000000),
double3(0.069100000000,0.650800000000,0.266600000000),
double3(0.109300000000,0.679900000000,0.249900000000),
double3(0.050600000000,0.622200000000,0.306400000000),
double3(0.849200000000,0.569100000000,0.266600000000),
double3(0.820100000000,0.609300000000,0.249900000000),
double3(0.877800000000,0.550600000000,0.306400000000),
double3(0.930900000000,0.650800000000,0.733400000000),
double3(0.890700000000,0.679900000000,0.750100000000),
double3(0.949400000000,0.622200000000,0.693600000000),
double3(0.849200000000,0.430900000000,0.733400000000),
double3(0.820100000000,0.390700000000,0.750100000000),
double3(0.877800000000,0.449400000000,0.693600000000),
double3(0.069100000000,0.349200000000,0.733400000000),
double3(0.109300000000,0.320100000000,0.750100000000),
double3(0.050600000000,0.377800000000,0.693600000000),
double3(0.150800000000,0.569100000000,0.733400000000),
double3(0.179900000000,0.609300000000,0.750100000000),
double3(0.122200000000,0.550600000000,0.693600000000),
double3(0.766600000000,0.430900000000,0.349200000000),
double3(0.749900000000,0.390700000000,0.320100000000),
double3(0.806400000000,0.449400000000,0.377800000000),
double3(0.069100000000,0.266600000000,0.349200000000),
double3(0.109300000000,0.249900000000,0.320100000000),
double3(0.050600000000,0.306400000000,0.377800000000),
double3(0.233400000000,0.569100000000,0.349200000000),
double3(0.250100000000,0.609300000000,0.320100000000),
double3(0.193600000000,0.550600000000,0.377800000000),
double3(0.930900000000,0.733400000000,0.349200000000),
double3(0.890700000000,0.750100000000,0.320100000000),
double3(0.949400000000,0.693600000000,0.377800000000),
double3(0.766600000000,0.569100000000,0.650800000000),
double3(0.749900000000,0.609300000000,0.679900000000),
double3(0.806400000000,0.550600000000,0.622200000000),
double3(0.930900000000,0.266600000000,0.650800000000),
double3(0.890700000000,0.249900000000,0.679900000000),
double3(0.949400000000,0.306400000000,0.622200000000),
double3(0.233400000000,0.430900000000,0.650800000000),
double3(0.250100000000,0.390700000000,0.679900000000),
double3(0.193600000000,0.449400000000,0.622200000000),
double3(0.069100000000,0.733400000000,0.650800000000),
double3(0.109300000000,0.750100000000,0.679900000000),
double3(0.050600000000,0.693600000000,0.622200000000),
double3(0.849200000000,0.266600000000,0.430900000000),
double3(0.820100000000,0.249900000000,0.390700000000),
double3(0.877800000000,0.306400000000,0.449400000000),
double3(0.849200000000,0.733400000000,0.569100000000),
double3(0.820100000000,0.750100000000,0.609300000000),
double3(0.877800000000,0.693600000000,0.550600000000),
double3(0.766600000000,0.349200000000,0.569100000000),
double3(0.749900000000,0.320100000000,0.609300000000),
double3(0.806400000000,0.377800000000,0.550600000000),
double3(0.150800000000,0.266600000000,0.569100000000),
double3(0.179900000000,0.249900000000,0.609300000000),
double3(0.122200000000,0.306400000000,0.550600000000),
double3(0.233400000000,0.650800000000,0.569100000000),
double3(0.250100000000,0.679900000000,0.609300000000),
double3(0.193600000000,0.622200000000,0.550600000000),
double3(0.150800000000,0.733400000000,0.430900000000),
double3(0.179900000000,0.750100000000,0.390700000000),
double3(0.122200000000,0.693600000000,0.449400000000),
double3(0.766600000000,0.650800000000,0.430900000000),
double3(0.749900000000,0.679900000000,0.390700000000),
double3(0.806400000000,0.622200000000,0.449400000000),
double3(0.233400000000,0.349200000000,0.430900000000),
double3(0.250100000000,0.320100000000,0.390700000000),
double3(0.193600000000,0.377800000000,0.449400000000),
double3(0.569100000000,0.150800000000,0.733400000000),
double3(0.711200000000,0.211200000000,0.625300000000),
double3(0.709200000000,0.209200000000,0.905800000000),
double3(0.648700000000,0.148700000000,0.764700000000),
double3(0.648900000000,0.148900000000,0.555800000000),
double3(0.577300000000,0.077300000000,0.690400000000),
double3(0.611600000000,0.201900000000,0.500000000000),
double3(0.609300000000,0.179900000000,0.750100000000),
double3(0.550600000000,0.122200000000,0.693600000000),
double3(0.349200000000,0.069100000000,0.733400000000),
double3(0.288800000000,0.211200000000,0.625300000000),
double3(0.290800000000,0.209200000000,0.905800000000),
double3(0.351300000000,0.148700000000,0.764700000000),
double3(0.351100000000,0.148900000000,0.555800000000),
double3(0.422700000000,0.077300000000,0.690400000000),
double3(0.298100000000,0.111600000000,0.500000000000),
double3(0.320100000000,0.109300000000,0.750100000000),
double3(0.377800000000,0.050600000000,0.693600000000),
double3(0.430900000000,0.849200000000,0.733400000000),
double3(0.288800000000,0.788800000000,0.625300000000),
double3(0.290800000000,0.790800000000,0.905800000000),
double3(0.351300000000,0.851300000000,0.764700000000),
double3(0.351100000000,0.851100000000,0.555800000000),
double3(0.422700000000,0.922700000000,0.690400000000),
double3(0.388400000000,0.798100000000,0.500000000000),
double3(0.390700000000,0.820100000000,0.750100000000),
double3(0.449400000000,0.877800000000,0.693600000000),
double3(0.650800000000,0.930900000000,0.733400000000),
double3(0.711200000000,0.788800000000,0.625300000000),
double3(0.709200000000,0.790800000000,0.905800000000),
double3(0.648700000000,0.851300000000,0.764700000000),
double3(0.648900000000,0.851100000000,0.555800000000),
double3(0.577300000000,0.922700000000,0.690400000000),
double3(0.701900000000,0.888400000000,0.500000000000),
double3(0.679900000000,0.890700000000,0.750100000000),
double3(0.622200000000,0.949400000000,0.693600000000),
double3(0.569100000000,0.849200000000,0.266600000000),
double3(0.711200000000,0.788800000000,0.374700000000),
double3(0.709200000000,0.790800000000,0.094200000000),
double3(0.648700000000,0.851300000000,0.235300000000),
double3(0.648900000000,0.851100000000,0.444200000000),
double3(0.577300000000,0.922700000000,0.309600000000),
double3(0.611600000000,0.798100000000,0.500000000000),
double3(0.609300000000,0.820100000000,0.249900000000),
double3(0.550600000000,0.877800000000,0.306400000000),
double3(0.650800000000,0.069100000000,0.266600000000),
double3(0.711200000000,0.211200000000,0.374700000000),
double3(0.709200000000,0.209200000000,0.094200000000),
double3(0.648700000000,0.148700000000,0.235300000000),
double3(0.648900000000,0.148900000000,0.444200000000),
double3(0.577300000000,0.077300000000,0.309600000000),
double3(0.701900000000,0.111600000000,0.500000000000),
double3(0.679900000000,0.109300000000,0.249900000000),
double3(0.622200000000,0.050600000000,0.306400000000),
double3(0.430900000000,0.150800000000,0.266600000000),
double3(0.288800000000,0.211200000000,0.374700000000),
double3(0.290800000000,0.209200000000,0.094200000000),
double3(0.351300000000,0.148700000000,0.235300000000),
double3(0.351100000000,0.148900000000,0.444200000000),
double3(0.422700000000,0.077300000000,0.309600000000),
double3(0.388400000000,0.201900000000,0.500000000000),
double3(0.390700000000,0.179900000000,0.249900000000),
double3(0.449400000000,0.122200000000,0.306400000000),
double3(0.349200000000,0.930900000000,0.266600000000),
double3(0.288800000000,0.788800000000,0.374700000000),
double3(0.290800000000,0.790800000000,0.094200000000),
double3(0.351300000000,0.851300000000,0.235300000000),
double3(0.351100000000,0.851100000000,0.444200000000),
double3(0.422700000000,0.922700000000,0.309600000000),
double3(0.298100000000,0.888400000000,0.500000000000),
double3(0.320100000000,0.890700000000,0.249900000000),
double3(0.377800000000,0.949400000000,0.306400000000),
double3(0.733400000000,0.069100000000,0.650800000000),
double3(0.625300000000,0.211200000000,0.711200000000),
double3(0.905800000000,0.209200000000,0.709200000000),
double3(0.764700000000,0.148700000000,0.648700000000),
double3(0.555800000000,0.148900000000,0.648900000000),
double3(0.690400000000,0.077300000000,0.577300000000),
double3(0.500000000000,0.111600000000,0.701900000000),
double3(0.750100000000,0.109300000000,0.679900000000),
double3(0.693600000000,0.050600000000,0.622200000000),
double3(0.430900000000,0.233400000000,0.650800000000),
double3(0.288800000000,0.125300000000,0.711200000000),
double3(0.290800000000,0.405800000000,0.709200000000),
double3(0.351300000000,0.264700000000,0.648700000000),
double3(0.351100000000,0.055800000000,0.648900000000),
double3(0.422700000000,0.190400000000,0.577300000000),
double3(0.388400000000,0.000000000000,0.701900000000),
double3(0.390700000000,0.250100000000,0.679900000000),
double3(0.449400000000,0.193600000000,0.622200000000),
double3(0.266600000000,0.930900000000,0.650800000000),
double3(0.374700000000,0.788800000000,0.711200000000),
double3(0.094200000000,0.790800000000,0.709200000000),
double3(0.235300000000,0.851300000000,0.648700000000),
double3(0.444200000000,0.851100000000,0.648900000000),
double3(0.309600000000,0.922700000000,0.577300000000),
double3(0.500000000000,0.888400000000,0.701900000000),
double3(0.249900000000,0.890700000000,0.679900000000),
double3(0.306400000000,0.949400000000,0.622200000000),
double3(0.569100000000,0.766600000000,0.650800000000),
double3(0.711200000000,0.874700000000,0.711200000000),
double3(0.709200000000,0.594200000000,0.709200000000),
double3(0.648700000000,0.735300000000,0.648700000000),
double3(0.648900000000,0.944200000000,0.648900000000),
double3(0.577300000000,0.809600000000,0.577300000000),
double3(0.611600000000,0.000000000000,0.701900000000),
double3(0.609300000000,0.749900000000,0.679900000000),
double3(0.550600000000,0.806400000000,0.622200000000),
double3(0.733400000000,0.930900000000,0.349200000000),
double3(0.625300000000,0.788800000000,0.288800000000),
double3(0.905800000000,0.790800000000,0.290800000000),
double3(0.764700000000,0.851300000000,0.351300000000),
double3(0.555800000000,0.851100000000,0.351100000000),
double3(0.690400000000,0.922700000000,0.422700000000),
double3(0.500000000000,0.888400000000,0.298100000000),
double3(0.750100000000,0.890700000000,0.320100000000),
double3(0.693600000000,0.949400000000,0.377800000000),
double3(0.569100000000,0.233400000000,0.349200000000),
double3(0.711200000000,0.125300000000,0.288800000000),
double3(0.709200000000,0.405800000000,0.290800000000),
double3(0.648700000000,0.264700000000,0.351300000000),
double3(0.648900000000,0.055800000000,0.351100000000),
double3(0.577300000000,0.190400000000,0.422700000000),
double3(0.611600000000,0.000000000000,0.298100000000),
double3(0.609300000000,0.250100000000,0.320100000000),
double3(0.550600000000,0.193600000000,0.377800000000),
double3(0.266600000000,0.069100000000,0.349200000000),
double3(0.374700000000,0.211200000000,0.288800000000),
double3(0.094200000000,0.209200000000,0.290800000000),
double3(0.235300000000,0.148700000000,0.351300000000),
double3(0.444200000000,0.148900000000,0.351100000000),
double3(0.309600000000,0.077300000000,0.422700000000),
double3(0.500000000000,0.111600000000,0.298100000000),
double3(0.249900000000,0.109300000000,0.320100000000),
double3(0.306400000000,0.050600000000,0.377800000000),
double3(0.430900000000,0.766600000000,0.349200000000),
double3(0.288800000000,0.874700000000,0.288800000000),
double3(0.290800000000,0.594200000000,0.290800000000),
double3(0.351300000000,0.735300000000,0.351300000000),
double3(0.351100000000,0.944200000000,0.351100000000),
double3(0.422700000000,0.809600000000,0.422700000000),
double3(0.388400000000,0.000000000000,0.298100000000),
double3(0.390700000000,0.749900000000,0.320100000000),
double3(0.449400000000,0.806400000000,0.377800000000),
double3(0.650800000000,0.233400000000,0.569100000000),
double3(0.711200000000,0.125300000000,0.711200000000),
double3(0.709200000000,0.405800000000,0.709200000000),
double3(0.648700000000,0.264700000000,0.648700000000),
double3(0.648900000000,0.055800000000,0.648900000000),
double3(0.577300000000,0.190400000000,0.577300000000),
double3(0.701900000000,0.000000000000,0.611600000000),
double3(0.679900000000,0.250100000000,0.609300000000),
double3(0.622200000000,0.193600000000,0.550600000000),
double3(0.650800000000,0.766600000000,0.430900000000),
double3(0.711200000000,0.874700000000,0.288800000000),
double3(0.709200000000,0.594200000000,0.290800000000),
double3(0.648700000000,0.735300000000,0.351300000000),
double3(0.648900000000,0.944200000000,0.351100000000),
double3(0.577300000000,0.809600000000,0.422700000000),
double3(0.701900000000,0.000000000000,0.388400000000),
double3(0.679900000000,0.749900000000,0.390700000000),
double3(0.622200000000,0.806400000000,0.449400000000),
double3(0.733400000000,0.150800000000,0.430900000000),
double3(0.625300000000,0.211200000000,0.288800000000),
double3(0.905800000000,0.209200000000,0.290800000000),
double3(0.764700000000,0.148700000000,0.351300000000),
double3(0.555800000000,0.148900000000,0.351100000000),
double3(0.690400000000,0.077300000000,0.422700000000),
double3(0.500000000000,0.201900000000,0.388400000000),
double3(0.750100000000,0.179900000000,0.390700000000),
double3(0.693600000000,0.122200000000,0.449400000000),
double3(0.349200000000,0.233400000000,0.430900000000),
double3(0.288800000000,0.125300000000,0.288800000000),
double3(0.290800000000,0.405800000000,0.290800000000),
double3(0.351300000000,0.264700000000,0.351300000000),
double3(0.351100000000,0.055800000000,0.351100000000),
double3(0.422700000000,0.190400000000,0.422700000000),
double3(0.298100000000,0.000000000000,0.388400000000),
double3(0.320100000000,0.250100000000,0.390700000000),
double3(0.377800000000,0.193600000000,0.449400000000),
double3(0.266600000000,0.849200000000,0.430900000000),
double3(0.374700000000,0.788800000000,0.288800000000),
double3(0.094200000000,0.790800000000,0.290800000000),
double3(0.235300000000,0.851300000000,0.351300000000),
double3(0.444200000000,0.851100000000,0.351100000000),
double3(0.309600000000,0.922700000000,0.422700000000),
double3(0.500000000000,0.798100000000,0.388400000000),
double3(0.249900000000,0.820100000000,0.390700000000),
double3(0.306400000000,0.877800000000,0.449400000000),
double3(0.349200000000,0.766600000000,0.569100000000),
double3(0.288800000000,0.874700000000,0.711200000000),
double3(0.290800000000,0.594200000000,0.709200000000),
double3(0.351300000000,0.735300000000,0.648700000000),
double3(0.351100000000,0.944200000000,0.648900000000),
double3(0.422700000000,0.809600000000,0.577300000000),
double3(0.298100000000,0.000000000000,0.611600000000),
double3(0.320100000000,0.749900000000,0.609300000000),
double3(0.377800000000,0.806400000000,0.550600000000),
double3(0.733400000000,0.849200000000,0.569100000000),
double3(0.625300000000,0.788800000000,0.711200000000),
double3(0.905800000000,0.790800000000,0.709200000000),
double3(0.764700000000,0.851300000000,0.648700000000),
double3(0.555800000000,0.851100000000,0.648900000000),
double3(0.690400000000,0.922700000000,0.577300000000),
double3(0.500000000000,0.798100000000,0.611600000000),
double3(0.750100000000,0.820100000000,0.609300000000),
double3(0.693600000000,0.877800000000,0.550600000000),
double3(0.266600000000,0.150800000000,0.569100000000),
double3(0.374700000000,0.211200000000,0.711200000000),
double3(0.094200000000,0.209200000000,0.709200000000),
double3(0.235300000000,0.148700000000,0.648700000000),
double3(0.444200000000,0.148900000000,0.648900000000),
double3(0.309600000000,0.077300000000,0.577300000000),
double3(0.500000000000,0.201900000000,0.611600000000),
double3(0.249900000000,0.179900000000,0.609300000000),
double3(0.306400000000,0.122200000000,0.550600000000),
double3(0.430900000000,0.849200000000,0.266600000000),
double3(0.390700000000,0.820100000000,0.249900000000),
double3(0.449400000000,0.877800000000,0.306400000000),
double3(0.650800000000,0.930900000000,0.266600000000),
double3(0.679900000000,0.890700000000,0.249900000000),
double3(0.622200000000,0.949400000000,0.306400000000),
double3(0.569100000000,0.150800000000,0.266600000000),
double3(0.609300000000,0.179900000000,0.249900000000),
double3(0.550600000000,0.122200000000,0.306400000000),
double3(0.349200000000,0.069100000000,0.266600000000),
double3(0.320100000000,0.109300000000,0.249900000000),
double3(0.377800000000,0.050600000000,0.306400000000),
double3(0.430900000000,0.150800000000,0.733400000000),
double3(0.390700000000,0.179900000000,0.750100000000),
double3(0.449400000000,0.122200000000,0.693600000000),
double3(0.349200000000,0.930900000000,0.733400000000),
double3(0.320100000000,0.890700000000,0.750100000000),
double3(0.377800000000,0.949400000000,0.693600000000),
double3(0.569100000000,0.849200000000,0.733400000000),
double3(0.609300000000,0.820100000000,0.750100000000),
double3(0.550600000000,0.877800000000,0.693600000000),
double3(0.650800000000,0.069100000000,0.733400000000),
double3(0.679900000000,0.109300000000,0.750100000000),
double3(0.622200000000,0.050600000000,0.693600000000),
double3(0.266600000000,0.930900000000,0.349200000000),
double3(0.249900000000,0.890700000000,0.320100000000),
double3(0.306400000000,0.949400000000,0.377800000000),
double3(0.569100000000,0.766600000000,0.349200000000),
double3(0.609300000000,0.749900000000,0.320100000000),
double3(0.550600000000,0.806400000000,0.377800000000),
double3(0.733400000000,0.069100000000,0.349200000000),
double3(0.750100000000,0.109300000000,0.320100000000),
double3(0.693600000000,0.050600000000,0.377800000000),
double3(0.430900000000,0.233400000000,0.349200000000),
double3(0.390700000000,0.250100000000,0.320100000000),
double3(0.449400000000,0.193600000000,0.377800000000),
double3(0.266600000000,0.069100000000,0.650800000000),
double3(0.249900000000,0.109300000000,0.679900000000),
double3(0.306400000000,0.050600000000,0.622200000000),
double3(0.430900000000,0.766600000000,0.650800000000),
double3(0.390700000000,0.749900000000,0.679900000000),
double3(0.449400000000,0.806400000000,0.622200000000),
double3(0.733400000000,0.930900000000,0.650800000000),
double3(0.750100000000,0.890700000000,0.679900000000),
double3(0.693600000000,0.949400000000,0.622200000000),
double3(0.569100000000,0.233400000000,0.650800000000),
double3(0.609300000000,0.250100000000,0.679900000000),
double3(0.550600000000,0.193600000000,0.622200000000),
double3(0.349200000000,0.766600000000,0.430900000000),
double3(0.320100000000,0.749900000000,0.390700000000),
double3(0.377800000000,0.806400000000,0.449400000000),
double3(0.349200000000,0.233400000000,0.569100000000),
double3(0.320100000000,0.250100000000,0.609300000000),
double3(0.377800000000,0.193600000000,0.550600000000),
double3(0.266600000000,0.849200000000,0.569100000000),
double3(0.249900000000,0.820100000000,0.609300000000),
double3(0.306400000000,0.877800000000,0.550600000000),
double3(0.650800000000,0.766600000000,0.569100000000),
double3(0.679900000000,0.749900000000,0.609300000000),
double3(0.622200000000,0.806400000000,0.550600000000),
double3(0.733400000000,0.150800000000,0.569100000000),
double3(0.750100000000,0.179900000000,0.609300000000),
double3(0.693600000000,0.122200000000,0.550600000000),
double3(0.650800000000,0.233400000000,0.430900000000),
double3(0.679900000000,0.250100000000,0.390700000000),
double3(0.622200000000,0.193600000000,0.449400000000),
double3(0.266600000000,0.150800000000,0.430900000000),
double3(0.249900000000,0.179900000000,0.390700000000),
double3(0.306400000000,0.122200000000,0.449400000000),
double3(0.733400000000,0.849200000000,0.430900000000),
double3(0.750100000000,0.820100000000,0.390700000000),
double3(0.693600000000,0.877800000000,0.449400000000),
double3(0.569100000000,0.650800000000,0.233400000000),
double3(0.711200000000,0.711200000000,0.125300000000),
double3(0.709200000000,0.709200000000,0.405800000000),
double3(0.648700000000,0.648700000000,0.264700000000),
double3(0.648900000000,0.648900000000,0.055800000000),
double3(0.577300000000,0.577300000000,0.190400000000),
double3(0.611600000000,0.701900000000,0.000000000000),
double3(0.609300000000,0.679900000000,0.250100000000),
double3(0.550600000000,0.622200000000,0.193600000000),
double3(0.349200000000,0.569100000000,0.233400000000),
double3(0.288800000000,0.711200000000,0.125300000000),
double3(0.290800000000,0.709200000000,0.405800000000),
double3(0.351300000000,0.648700000000,0.264700000000),
double3(0.351100000000,0.648900000000,0.055800000000),
double3(0.422700000000,0.577300000000,0.190400000000),
double3(0.298100000000,0.611600000000,0.000000000000),
double3(0.320100000000,0.609300000000,0.250100000000),
double3(0.377800000000,0.550600000000,0.193600000000),
double3(0.430900000000,0.349200000000,0.233400000000),
double3(0.288800000000,0.288800000000,0.125300000000),
double3(0.290800000000,0.290800000000,0.405800000000),
double3(0.351300000000,0.351300000000,0.264700000000),
double3(0.351100000000,0.351100000000,0.055800000000),
double3(0.422700000000,0.422700000000,0.190400000000),
double3(0.388400000000,0.298100000000,0.000000000000),
double3(0.390700000000,0.320100000000,0.250100000000),
double3(0.449400000000,0.377800000000,0.193600000000),
double3(0.650800000000,0.430900000000,0.233400000000),
double3(0.711200000000,0.288800000000,0.125300000000),
double3(0.709200000000,0.290800000000,0.405800000000),
double3(0.648700000000,0.351300000000,0.264700000000),
double3(0.648900000000,0.351100000000,0.055800000000),
double3(0.577300000000,0.422700000000,0.190400000000),
double3(0.701900000000,0.388400000000,0.000000000000),
double3(0.679900000000,0.390700000000,0.250100000000),
double3(0.622200000000,0.449400000000,0.193600000000),
double3(0.569100000000,0.349200000000,0.766600000000),
double3(0.711200000000,0.288800000000,0.874700000000),
double3(0.709200000000,0.290800000000,0.594200000000),
double3(0.648700000000,0.351300000000,0.735300000000),
double3(0.648900000000,0.351100000000,0.944200000000),
double3(0.577300000000,0.422700000000,0.809600000000),
double3(0.611600000000,0.298100000000,0.000000000000),
double3(0.609300000000,0.320100000000,0.749900000000),
double3(0.550600000000,0.377800000000,0.806400000000),
double3(0.650800000000,0.569100000000,0.766600000000),
double3(0.711200000000,0.711200000000,0.874700000000),
double3(0.709200000000,0.709200000000,0.594200000000),
double3(0.648700000000,0.648700000000,0.735300000000),
double3(0.648900000000,0.648900000000,0.944200000000),
double3(0.577300000000,0.577300000000,0.809600000000),
double3(0.701900000000,0.611600000000,0.000000000000),
double3(0.679900000000,0.609300000000,0.749900000000),
double3(0.622200000000,0.550600000000,0.806400000000),
double3(0.430900000000,0.650800000000,0.766600000000),
double3(0.288800000000,0.711200000000,0.874700000000),
double3(0.290800000000,0.709200000000,0.594200000000),
double3(0.351300000000,0.648700000000,0.735300000000),
double3(0.351100000000,0.648900000000,0.944200000000),
double3(0.422700000000,0.577300000000,0.809600000000),
double3(0.388400000000,0.701900000000,0.000000000000),
double3(0.390700000000,0.679900000000,0.749900000000),
double3(0.449400000000,0.622200000000,0.806400000000),
double3(0.349200000000,0.430900000000,0.766600000000),
double3(0.288800000000,0.288800000000,0.874700000000),
double3(0.290800000000,0.290800000000,0.594200000000),
double3(0.351300000000,0.351300000000,0.735300000000),
double3(0.351100000000,0.351100000000,0.944200000000),
double3(0.422700000000,0.422700000000,0.809600000000),
double3(0.298100000000,0.388400000000,0.000000000000),
double3(0.320100000000,0.390700000000,0.749900000000),
double3(0.377800000000,0.449400000000,0.806400000000),
double3(0.733400000000,0.569100000000,0.150800000000),
double3(0.625300000000,0.711200000000,0.211200000000),
double3(0.905800000000,0.709200000000,0.209200000000),
double3(0.764700000000,0.648700000000,0.148700000000),
double3(0.555800000000,0.648900000000,0.148900000000),
double3(0.690400000000,0.577300000000,0.077300000000),
double3(0.500000000000,0.611600000000,0.201900000000),
double3(0.750100000000,0.609300000000,0.179900000000),
double3(0.693600000000,0.550600000000,0.122200000000),
double3(0.430900000000,0.733400000000,0.150800000000),
double3(0.288800000000,0.625300000000,0.211200000000),
double3(0.290800000000,0.905800000000,0.209200000000),
double3(0.351300000000,0.764700000000,0.148700000000),
double3(0.351100000000,0.555800000000,0.148900000000),
double3(0.422700000000,0.690400000000,0.077300000000),
double3(0.388400000000,0.500000000000,0.201900000000),
double3(0.390700000000,0.750100000000,0.179900000000),
double3(0.449400000000,0.693600000000,0.122200000000),
double3(0.266600000000,0.430900000000,0.150800000000),
double3(0.374700000000,0.288800000000,0.211200000000),
double3(0.094200000000,0.290800000000,0.209200000000),
double3(0.235300000000,0.351300000000,0.148700000000),
double3(0.444200000000,0.351100000000,0.148900000000),
double3(0.309600000000,0.422700000000,0.077300000000),
double3(0.500000000000,0.388400000000,0.201900000000),
double3(0.249900000000,0.390700000000,0.179900000000),
double3(0.306400000000,0.449400000000,0.122200000000),
double3(0.569100000000,0.266600000000,0.150800000000),
double3(0.711200000000,0.374700000000,0.211200000000),
double3(0.709200000000,0.094200000000,0.209200000000),
double3(0.648700000000,0.235300000000,0.148700000000),
double3(0.648900000000,0.444200000000,0.148900000000),
double3(0.577300000000,0.309600000000,0.077300000000),
double3(0.611600000000,0.500000000000,0.201900000000),
double3(0.609300000000,0.249900000000,0.179900000000),
double3(0.550600000000,0.306400000000,0.122200000000),
double3(0.733400000000,0.430900000000,0.849200000000),
double3(0.625300000000,0.288800000000,0.788800000000),
double3(0.905800000000,0.290800000000,0.790800000000),
double3(0.764700000000,0.351300000000,0.851300000000),
double3(0.555800000000,0.351100000000,0.851100000000),
double3(0.690400000000,0.422700000000,0.922700000000),
double3(0.500000000000,0.388400000000,0.798100000000),
double3(0.750100000000,0.390700000000,0.820100000000),
double3(0.693600000000,0.449400000000,0.877800000000),
double3(0.569100000000,0.733400000000,0.849200000000),
double3(0.711200000000,0.625300000000,0.788800000000),
double3(0.709200000000,0.905800000000,0.790800000000),
double3(0.648700000000,0.764700000000,0.851300000000),
double3(0.648900000000,0.555800000000,0.851100000000),
double3(0.577300000000,0.690400000000,0.922700000000),
double3(0.611600000000,0.500000000000,0.798100000000),
double3(0.609300000000,0.750100000000,0.820100000000),
double3(0.550600000000,0.693600000000,0.877800000000),
double3(0.266600000000,0.569100000000,0.849200000000),
double3(0.374700000000,0.711200000000,0.788800000000),
double3(0.094200000000,0.709200000000,0.790800000000),
double3(0.235300000000,0.648700000000,0.851300000000),
double3(0.444200000000,0.648900000000,0.851100000000),
double3(0.309600000000,0.577300000000,0.922700000000),
double3(0.500000000000,0.611600000000,0.798100000000),
double3(0.249900000000,0.609300000000,0.820100000000),
double3(0.306400000000,0.550600000000,0.877800000000),
double3(0.430900000000,0.266600000000,0.849200000000),
double3(0.288800000000,0.374700000000,0.788800000000),
double3(0.290800000000,0.094200000000,0.790800000000),
double3(0.351300000000,0.235300000000,0.851300000000),
double3(0.351100000000,0.444200000000,0.851100000000),
double3(0.422700000000,0.309600000000,0.922700000000),
double3(0.388400000000,0.500000000000,0.798100000000),
double3(0.390700000000,0.249900000000,0.820100000000),
double3(0.449400000000,0.306400000000,0.877800000000),
double3(0.650800000000,0.733400000000,0.069100000000),
double3(0.711200000000,0.625300000000,0.211200000000),
double3(0.709200000000,0.905800000000,0.209200000000),
double3(0.648700000000,0.764700000000,0.148700000000),
double3(0.648900000000,0.555800000000,0.148900000000),
double3(0.577300000000,0.690400000000,0.077300000000),
double3(0.701900000000,0.500000000000,0.111600000000),
double3(0.679900000000,0.750100000000,0.109300000000),
double3(0.622200000000,0.693600000000,0.050600000000),
double3(0.650800000000,0.266600000000,0.930900000000),
double3(0.711200000000,0.374700000000,0.788800000000),
double3(0.709200000000,0.094200000000,0.790800000000),
double3(0.648700000000,0.235300000000,0.851300000000),
double3(0.648900000000,0.444200000000,0.851100000000),
double3(0.577300000000,0.309600000000,0.922700000000),
double3(0.701900000000,0.500000000000,0.888400000000),
double3(0.679900000000,0.249900000000,0.890700000000),
double3(0.622200000000,0.306400000000,0.949400000000),
double3(0.733400000000,0.650800000000,0.930900000000),
double3(0.625300000000,0.711200000000,0.788800000000),
double3(0.905800000000,0.709200000000,0.790800000000),
double3(0.764700000000,0.648700000000,0.851300000000),
double3(0.555800000000,0.648900000000,0.851100000000),
double3(0.690400000000,0.577300000000,0.922700000000),
double3(0.500000000000,0.701900000000,0.888400000000),
double3(0.750100000000,0.679900000000,0.890700000000),
double3(0.693600000000,0.622200000000,0.949400000000),
double3(0.349200000000,0.733400000000,0.930900000000),
double3(0.288800000000,0.625300000000,0.788800000000),
double3(0.290800000000,0.905800000000,0.790800000000),
double3(0.351300000000,0.764700000000,0.851300000000),
double3(0.351100000000,0.555800000000,0.851100000000),
double3(0.422700000000,0.690400000000,0.922700000000),
double3(0.298100000000,0.500000000000,0.888400000000),
double3(0.320100000000,0.750100000000,0.890700000000),
double3(0.377800000000,0.693600000000,0.949400000000),
double3(0.266600000000,0.349200000000,0.930900000000),
double3(0.374700000000,0.288800000000,0.788800000000),
double3(0.094200000000,0.290800000000,0.790800000000),
double3(0.235300000000,0.351300000000,0.851300000000),
double3(0.444200000000,0.351100000000,0.851100000000),
double3(0.309600000000,0.422700000000,0.922700000000),
double3(0.500000000000,0.298100000000,0.888400000000),
double3(0.249900000000,0.320100000000,0.890700000000),
double3(0.306400000000,0.377800000000,0.949400000000),
double3(0.349200000000,0.266600000000,0.069100000000),
double3(0.288800000000,0.374700000000,0.211200000000),
double3(0.290800000000,0.094200000000,0.209200000000),
double3(0.351300000000,0.235300000000,0.148700000000),
double3(0.351100000000,0.444200000000,0.148900000000),
double3(0.422700000000,0.309600000000,0.077300000000),
double3(0.298100000000,0.500000000000,0.111600000000),
double3(0.320100000000,0.249900000000,0.109300000000),
double3(0.377800000000,0.306400000000,0.050600000000),
double3(0.733400000000,0.349200000000,0.069100000000),
double3(0.625300000000,0.288800000000,0.211200000000),
double3(0.905800000000,0.290800000000,0.209200000000),
double3(0.764700000000,0.351300000000,0.148700000000),
double3(0.555800000000,0.351100000000,0.148900000000),
double3(0.690400000000,0.422700000000,0.077300000000),
double3(0.500000000000,0.298100000000,0.111600000000),
double3(0.750100000000,0.320100000000,0.109300000000),
double3(0.693600000000,0.377800000000,0.050600000000),
double3(0.266600000000,0.650800000000,0.069100000000),
double3(0.374700000000,0.711200000000,0.211200000000),
double3(0.094200000000,0.709200000000,0.209200000000),
double3(0.235300000000,0.648700000000,0.148700000000),
double3(0.444200000000,0.648900000000,0.148900000000),
double3(0.309600000000,0.577300000000,0.077300000000),
double3(0.500000000000,0.701900000000,0.111600000000),
double3(0.249900000000,0.679900000000,0.109300000000),
double3(0.306400000000,0.622200000000,0.050600000000),
double3(0.430900000000,0.349200000000,0.766600000000),
double3(0.390700000000,0.320100000000,0.749900000000),
double3(0.449400000000,0.377800000000,0.806400000000),
double3(0.650800000000,0.430900000000,0.766600000000),
double3(0.679900000000,0.390700000000,0.749900000000),
double3(0.622200000000,0.449400000000,0.806400000000),
double3(0.569100000000,0.650800000000,0.766600000000),
double3(0.609300000000,0.679900000000,0.749900000000),
double3(0.550600000000,0.622200000000,0.806400000000),
double3(0.349200000000,0.569100000000,0.766600000000),
double3(0.320100000000,0.609300000000,0.749900000000),
double3(0.377800000000,0.550600000000,0.806400000000),
double3(0.430900000000,0.650800000000,0.233400000000),
double3(0.390700000000,0.679900000000,0.250100000000),
double3(0.449400000000,0.622200000000,0.193600000000),
double3(0.349200000000,0.430900000000,0.233400000000),
double3(0.320100000000,0.390700000000,0.250100000000),
double3(0.377800000000,0.449400000000,0.193600000000),
double3(0.569100000000,0.349200000000,0.233400000000),
double3(0.609300000000,0.320100000000,0.250100000000),
double3(0.550600000000,0.377800000000,0.193600000000),
double3(0.650800000000,0.569100000000,0.233400000000),
double3(0.679900000000,0.609300000000,0.250100000000),
double3(0.622200000000,0.550600000000,0.193600000000),
double3(0.266600000000,0.430900000000,0.849200000000),
double3(0.249900000000,0.390700000000,0.820100000000),
double3(0.306400000000,0.449400000000,0.877800000000),
double3(0.569100000000,0.266600000000,0.849200000000),
double3(0.609300000000,0.249900000000,0.820100000000),
double3(0.550600000000,0.306400000000,0.877800000000),
double3(0.733400000000,0.569100000000,0.849200000000),
double3(0.750100000000,0.609300000000,0.820100000000),
double3(0.693600000000,0.550600000000,0.877800000000),
double3(0.430900000000,0.733400000000,0.849200000000),
double3(0.390700000000,0.750100000000,0.820100000000),
double3(0.449400000000,0.693600000000,0.877800000000),
double3(0.266600000000,0.569100000000,0.150800000000),
double3(0.249900000000,0.609300000000,0.179900000000),
double3(0.306400000000,0.550600000000,0.122200000000),
double3(0.430900000000,0.266600000000,0.150800000000),
double3(0.390700000000,0.249900000000,0.179900000000),
double3(0.449400000000,0.306400000000,0.122200000000),
double3(0.733400000000,0.430900000000,0.150800000000),
double3(0.750100000000,0.390700000000,0.179900000000),
double3(0.693600000000,0.449400000000,0.122200000000),
double3(0.569100000000,0.733400000000,0.150800000000),
double3(0.609300000000,0.750100000000,0.179900000000),
double3(0.550600000000,0.693600000000,0.122200000000),
double3(0.349200000000,0.266600000000,0.930900000000),
double3(0.320100000000,0.249900000000,0.890700000000),
double3(0.377800000000,0.306400000000,0.949400000000),
double3(0.349200000000,0.733400000000,0.069100000000),
double3(0.320100000000,0.750100000000,0.109300000000),
double3(0.377800000000,0.693600000000,0.050600000000),
double3(0.266600000000,0.349200000000,0.069100000000),
double3(0.249900000000,0.320100000000,0.109300000000),
double3(0.306400000000,0.377800000000,0.050600000000),
double3(0.650800000000,0.266600000000,0.069100000000),
double3(0.679900000000,0.249900000000,0.109300000000),
double3(0.622200000000,0.306400000000,0.050600000000),
double3(0.733400000000,0.650800000000,0.069100000000),
double3(0.750100000000,0.679900000000,0.109300000000),
double3(0.693600000000,0.622200000000,0.050600000000),
double3(0.650800000000,0.733400000000,0.930900000000),
double3(0.679900000000,0.750100000000,0.890700000000),
double3(0.622200000000,0.693600000000,0.949400000000),
double3(0.266600000000,0.650800000000,0.930900000000),
double3(0.249900000000,0.679900000000,0.890700000000),
double3(0.306400000000,0.622200000000,0.949400000000),
double3(0.733400000000,0.349200000000,0.930900000000),
double3(0.750100000000,0.320100000000,0.890700000000),
double3(0.693600000000,0.377800000000,0.949400000000),
