[double3(14.844000000000,0.000000000000,0.000000000000),double3(0.000000000000,8.594000000000,0.000000000000),double3(0.000000000000,0.000000000000,9.784000000000)]

double3(0.027750000000,0.319833333333,0.033000000000),
double3(0.019650000000,0.083333333333,0.059833333333),
double3(0.470300000000,0.010533333333,0.097833333333),
double3(0.057350000000,0.014433333333,0.113766666667),
double3(0.107800000000,0.153300000000,0.272166666667),
double3(0.089950000000,0.250000000000,0.250433333333),
double3(0.103400000000,0.180800000000,0.186033333333),
double3(0.080650000000,0.250000000000,0.124466666667),
double3(0.018750000000,0.023700000000,0.076100000000),
double3(0.082700000000,0.190333333333,0.236033333333),
double3(0.095900000000,0.190733333333,0.132400000000),
double3(0.222250000000,0.013500000000,0.199666666667),
double3(0.230350000000,0.250000000000,0.226500000000),
double3(0.279700000000,0.322800000000,0.264500000000),
double3(0.192650000000,0.318900000000,0.280433333333),
double3(0.142200000000,0.180033333333,0.105500000000),
double3(0.160050000000,0.083333333333,0.083766666667),
double3(0.146600000000,0.152533333333,0.019366666667),
double3(0.169350000000,0.083333333333,0.291133333333),
double3(0.231250000000,0.309633333333,0.242766666667),
double3(0.167300000000,0.143000000000,0.069366666667),
double3(0.154100000000,0.142600000000,0.299066666667),
double3(0.277750000000,0.180166666667,0.133666666667),
double3(0.269650000000,0.083333333333,0.106833333333),
double3(0.220300000000,0.156133333333,0.068833333333),
double3(0.307350000000,0.152233333333,0.052900000000),
double3(0.357800000000,0.013366666667,0.227833333333),
double3(0.339950000000,0.250000000000,0.249566666667),
double3(0.353400000000,0.319200000000,0.313966666667),
double3(0.330650000000,0.250000000000,0.042200000000),
double3(0.268750000000,0.142966666667,0.090566666667),
double3(0.332700000000,0.309666666667,0.263966666667),
double3(0.345900000000,0.309266666667,0.034266666667),
double3(0.472250000000,0.153166666667,0.300333333333),
double3(0.480350000000,0.250000000000,0.273500000000),
double3(0.029700000000,0.177200000000,0.235500000000),
double3(0.442650000000,0.181100000000,0.219566666667),
double3(0.392200000000,0.319966666667,0.061166666667),
double3(0.410050000000,0.083333333333,0.082900000000),
double3(0.396600000000,0.014133333333,0.147300000000),
double3(0.419350000000,0.083333333333,0.208866666667),
double3(0.481250000000,0.190366666667,0.257233333333),
double3(0.417300000000,0.023666666667,0.097300000000),
double3(0.404100000000,0.024066666667,0.200933333333),
double3(0.472250000000,0.013500000000,0.300333333333),
double3(0.029700000000,0.322800000000,0.235500000000),
double3(0.442650000000,0.318900000000,0.219566666667),
double3(0.392200000000,0.180033333333,0.061166666667),
double3(0.396600000000,0.152533333333,0.147300000000),
double3(0.481250000000,0.309633333333,0.257233333333),
double3(0.417300000000,0.143000000000,0.097300000000),
double3(0.404100000000,0.142600000000,0.200933333333),
double3(0.277750000000,0.319833333333,0.133666666667),
double3(0.220300000000,0.010533333333,0.068833333333),
double3(0.307350000000,0.014433333333,0.052900000000),
double3(0.357800000000,0.153300000000,0.227833333333),
double3(0.353400000000,0.180800000000,0.313966666667),
double3(0.268750000000,0.023700000000,0.090566666667),
double3(0.332700000000,0.190333333333,0.263966666667),
double3(0.345900000000,0.190733333333,0.034266666667),
double3(0.222250000000,0.153166666667,0.199666666667),
double3(0.279700000000,0.177200000000,0.264500000000),
double3(0.192650000000,0.181100000000,0.280433333333),
double3(0.142200000000,0.319966666667,0.105500000000),
double3(0.146600000000,0.014133333333,0.019366666667),
double3(0.231250000000,0.190366666667,0.242766666667),
double3(0.167300000000,0.023666666667,0.069366666667),
double3(0.154100000000,0.024066666667,0.299066666667),
double3(0.027750000000,0.180166666667,0.033000000000),
double3(0.470300000000,0.156133333333,0.097833333333),
double3(0.057350000000,0.152233333333,0.113766666667),
double3(0.107800000000,0.013366666667,0.272166666667),
double3(0.103400000000,0.319200000000,0.186033333333),
double3(0.018750000000,0.142966666667,0.076100000000),
double3(0.082700000000,0.309666666667,0.236033333333),
double3(0.095900000000,0.309266666667,0.132400000000),
double3(0.027750000000,0.319833333333,0.366333333333),
double3(0.019650000000,0.083333333333,0.393166666667),
double3(0.470300000000,0.010533333333,0.431166666667),
double3(0.057350000000,0.014433333333,0.447100000000),
double3(0.107800000000,0.153300000000,0.605500000000),
double3(0.089950000000,0.250000000000,0.583766666667),
double3(0.103400000000,0.180800000000,0.519366666667),
double3(0.080650000000,0.250000000000,0.457800000000),
double3(0.018750000000,0.023700000000,0.409433333333),
double3(0.082700000000,0.190333333333,0.569366666667),
double3(0.095900000000,0.190733333333,0.465733333333),
double3(0.222250000000,0.013500000000,0.533000000000),
double3(0.230350000000,0.250000000000,0.559833333333),
double3(0.279700000000,0.322800000000,0.597833333333),
double3(0.192650000000,0.318900000000,0.613766666667),
double3(0.142200000000,0.180033333333,0.438833333333),
double3(0.160050000000,0.083333333333,0.417100000000),
double3(0.146600000000,0.152533333333,0.352700000000),
double3(0.169350000000,0.083333333333,0.624466666667),
double3(0.231250000000,0.309633333333,0.576100000000),
double3(0.167300000000,0.143000000000,0.402700000000),
double3(0.154100000000,0.142600000000,0.632400000000),
double3(0.277750000000,0.180166666667,0.467000000000),
double3(0.269650000000,0.083333333333,0.440166666667),
double3(0.220300000000,0.156133333333,0.402166666667),
double3(0.307350000000,0.152233333333,0.386233333333),
double3(0.357800000000,0.013366666667,0.561166666667),
double3(0.339950000000,0.250000000000,0.582900000000),
double3(0.353400000000,0.319200000000,0.647300000000),
double3(0.330650000000,0.250000000000,0.375533333333),
double3(0.268750000000,0.142966666667,0.423900000000),
double3(0.332700000000,0.309666666667,0.597300000000),
double3(0.345900000000,0.309266666667,0.367600000000),
double3(0.472250000000,0.153166666667,0.633666666667),
double3(0.480350000000,0.250000000000,0.606833333333),
double3(0.029700000000,0.177200000000,0.568833333333),
double3(0.442650000000,0.181100000000,0.552900000000),
double3(0.392200000000,0.319966666667,0.394500000000),
double3(0.410050000000,0.083333333333,0.416233333333),
double3(0.396600000000,0.014133333333,0.480633333333),
double3(0.419350000000,0.083333333333,0.542200000000),
double3(0.481250000000,0.190366666667,0.590566666667),
double3(0.417300000000,0.023666666667,0.430633333333),
double3(0.404100000000,0.024066666667,0.534266666667),
double3(0.472250000000,0.013500000000,0.633666666667),
double3(0.029700000000,0.322800000000,0.568833333333),
double3(0.442650000000,0.318900000000,0.552900000000),
double3(0.392200000000,0.180033333333,0.394500000000),
double3(0.396600000000,0.152533333333,0.480633333333),
double3(0.481250000000,0.309633333333,0.590566666667),
double3(0.417300000000,0.143000000000,0.430633333333),
double3(0.404100000000,0.142600000000,0.534266666667),
double3(0.277750000000,0.319833333333,0.467000000000),
double3(0.220300000000,0.010533333333,0.402166666667),
double3(0.307350000000,0.014433333333,0.386233333333),
double3(0.357800000000,0.153300000000,0.561166666667),
double3(0.353400000000,0.180800000000,0.647300000000),
double3(0.268750000000,0.023700000000,0.423900000000),
double3(0.332700000000,0.190333333333,0.597300000000),
double3(0.345900000000,0.190733333333,0.367600000000),
double3(0.222250000000,0.153166666667,0.533000000000),
double3(0.279700000000,0.177200000000,0.597833333333),
double3(0.192650000000,0.181100000000,0.613766666667),
double3(0.142200000000,0.319966666667,0.438833333333),
double3(0.146600000000,0.014133333333,0.352700000000),
double3(0.231250000000,0.190366666667,0.576100000000),
double3(0.167300000000,0.023666666667,0.402700000000),
double3(0.154100000000,0.024066666667,0.632400000000),
double3(0.027750000000,0.180166666667,0.366333333333),
double3(0.470300000000,0.156133333333,0.431166666667),
double3(0.057350000000,0.152233333333,0.447100000000),
double3(0.107800000000,0.013366666667,0.605500000000),
double3(0.103400000000,0.319200000000,0.519366666667),
double3(0.018750000000,0.142966666667,0.409433333333),
double3(0.082700000000,0.309666666667,0.569366666667),
double3(0.095900000000,0.309266666667,0.465733333333),
double3(0.027750000000,0.319833333333,0.699666666667),
double3(0.019650000000,0.083333333333,0.726500000000),
double3(0.470300000000,0.010533333333,0.764500000000),
double3(0.057350000000,0.014433333333,0.780433333333),
double3(0.107800000000,0.153300000000,0.938833333333),
double3(0.089950000000,0.250000000000,0.917100000000),
double3(0.103400000000,0.180800000000,0.852700000000),
double3(0.080650000000,0.250000000000,0.791133333333),
double3(0.018750000000,0.023700000000,0.742766666667),
double3(0.082700000000,0.190333333333,0.902700000000),
double3(0.095900000000,0.190733333333,0.799066666667),
double3(0.222250000000,0.013500000000,0.866333333333),
double3(0.230350000000,0.250000000000,0.893166666667),
double3(0.279700000000,0.322800000000,0.931166666667),
double3(0.192650000000,0.318900000000,0.947100000000),
double3(0.142200000000,0.180033333333,0.772166666667),
double3(0.160050000000,0.083333333333,0.750433333333),
double3(0.146600000000,0.152533333333,0.686033333333),
double3(0.169350000000,0.083333333333,0.957800000000),
double3(0.231250000000,0.309633333333,0.909433333333),
double3(0.167300000000,0.143000000000,0.736033333333),
double3(0.154100000000,0.142600000000,0.965733333333),
double3(0.277750000000,0.180166666667,0.800333333333),
double3(0.269650000000,0.083333333333,0.773500000000),
double3(0.220300000000,0.156133333333,0.735500000000),
double3(0.307350000000,0.152233333333,0.719566666667),
double3(0.357800000000,0.013366666667,0.894500000000),
double3(0.339950000000,0.250000000000,0.916233333333),
double3(0.353400000000,0.319200000000,0.980633333333),
double3(0.330650000000,0.250000000000,0.708866666667),
double3(0.268750000000,0.142966666667,0.757233333333),
double3(0.332700000000,0.309666666667,0.930633333333),
double3(0.345900000000,0.309266666667,0.700933333333),
double3(0.472250000000,0.153166666667,0.967000000000),
double3(0.480350000000,0.250000000000,0.940166666667),
double3(0.029700000000,0.177200000000,0.902166666667),
double3(0.442650000000,0.181100000000,0.886233333333),
double3(0.392200000000,0.319966666667,0.727833333333),
double3(0.410050000000,0.083333333333,0.749566666667),
double3(0.396600000000,0.014133333333,0.813966666667),
double3(0.419350000000,0.083333333333,0.875533333333),
double3(0.481250000000,0.190366666667,0.923900000000),
double3(0.417300000000,0.023666666667,0.763966666667),
double3(0.404100000000,0.024066666667,0.867600000000),
double3(0.472250000000,0.013500000000,0.967000000000),
double3(0.029700000000,0.322800000000,0.902166666667),
double3(0.442650000000,0.318900000000,0.886233333333),
double3(0.392200000000,0.180033333333,0.727833333333),
double3(0.396600000000,0.152533333333,0.813966666667),
double3(0.481250000000,0.309633333333,0.923900000000),
double3(0.417300000000,0.143000000000,0.763966666667),
double3(0.404100000000,0.142600000000,0.867600000000),
double3(0.277750000000,0.319833333333,0.800333333333),
double3(0.220300000000,0.010533333333,0.735500000000),
double3(0.307350000000,0.014433333333,0.719566666667),
double3(0.357800000000,0.153300000000,0.894500000000),
double3(0.353400000000,0.180800000000,0.980633333333),
double3(0.268750000000,0.023700000000,0.757233333333),
double3(0.332700000000,0.190333333333,0.930633333333),
double3(0.345900000000,0.190733333333,0.700933333333),
double3(0.222250000000,0.153166666667,0.866333333333),
double3(0.279700000000,0.177200000000,0.931166666667),
double3(0.192650000000,0.181100000000,0.947100000000),
double3(0.142200000000,0.319966666667,0.772166666667),
double3(0.146600000000,0.014133333333,0.686033333333),
double3(0.231250000000,0.190366666667,0.909433333333),
double3(0.167300000000,0.023666666667,0.736033333333),
double3(0.154100000000,0.024066666667,0.965733333333),
double3(0.027750000000,0.180166666667,0.699666666667),
double3(0.470300000000,0.156133333333,0.764500000000),
double3(0.057350000000,0.152233333333,0.780433333333),
double3(0.107800000000,0.013366666667,0.938833333333),
double3(0.103400000000,0.319200000000,0.852700000000),
double3(0.018750000000,0.142966666667,0.742766666667),
double3(0.082700000000,0.309666666667,0.902700000000),
double3(0.095900000000,0.309266666667,0.799066666667),
double3(0.027750000000,0.653166666667,0.033000000000),
double3(0.019650000000,0.416666666667,0.059833333333),
double3(0.470300000000,0.343866666667,0.097833333333),
double3(0.057350000000,0.347766666667,0.113766666667),
double3(0.107800000000,0.486633333333,0.272166666667),
double3(0.089950000000,0.583333333333,0.250433333333),
double3(0.103400000000,0.514133333333,0.186033333333),
double3(0.080650000000,0.583333333333,0.124466666667),
double3(0.018750000000,0.357033333333,0.076100000000),
double3(0.082700000000,0.523666666667,0.236033333333),
double3(0.095900000000,0.524066666667,0.132400000000),
double3(0.222250000000,0.346833333333,0.199666666667),
double3(0.230350000000,0.583333333333,0.226500000000),
double3(0.279700000000,0.656133333333,0.264500000000),
double3(0.192650000000,0.652233333333,0.280433333333),
double3(0.142200000000,0.513366666667,0.105500000000),
double3(0.160050000000,0.416666666667,0.083766666667),
double3(0.146600000000,0.485866666667,0.019366666667),
double3(0.169350000000,0.416666666667,0.291133333333),
double3(0.231250000000,0.642966666667,0.242766666667),
double3(0.167300000000,0.476333333333,0.069366666667),
double3(0.154100000000,0.475933333333,0.299066666667),
double3(0.277750000000,0.513500000000,0.133666666667),
double3(0.269650000000,0.416666666667,0.106833333333),
double3(0.220300000000,0.489466666667,0.068833333333),
double3(0.307350000000,0.485566666667,0.052900000000),
double3(0.357800000000,0.346700000000,0.227833333333),
double3(0.339950000000,0.583333333333,0.249566666667),
double3(0.353400000000,0.652533333333,0.313966666667),
double3(0.330650000000,0.583333333333,0.042200000000),
double3(0.268750000000,0.476300000000,0.090566666667),
double3(0.332700000000,0.643000000000,0.263966666667),
double3(0.345900000000,0.642600000000,0.034266666667),
double3(0.472250000000,0.486500000000,0.300333333333),
double3(0.480350000000,0.583333333333,0.273500000000),
double3(0.029700000000,0.510533333333,0.235500000000),
double3(0.442650000000,0.514433333333,0.219566666667),
double3(0.392200000000,0.653300000000,0.061166666667),
double3(0.410050000000,0.416666666667,0.082900000000),
double3(0.396600000000,0.347466666667,0.147300000000),
double3(0.419350000000,0.416666666667,0.208866666667),
double3(0.481250000000,0.523700000000,0.257233333333),
double3(0.417300000000,0.357000000000,0.097300000000),
double3(0.404100000000,0.357400000000,0.200933333333),
double3(0.472250000000,0.346833333333,0.300333333333),
double3(0.029700000000,0.656133333333,0.235500000000),
double3(0.442650000000,0.652233333333,0.219566666667),
double3(0.392200000000,0.513366666667,0.061166666667),
double3(0.396600000000,0.485866666667,0.147300000000),
double3(0.481250000000,0.642966666667,0.257233333333),
double3(0.417300000000,0.476333333333,0.097300000000),
double3(0.404100000000,0.475933333333,0.200933333333),
double3(0.277750000000,0.653166666667,0.133666666667),
double3(0.220300000000,0.343866666667,0.068833333333),
double3(0.307350000000,0.347766666667,0.052900000000),
double3(0.357800000000,0.486633333333,0.227833333333),
double3(0.353400000000,0.514133333333,0.313966666667),
double3(0.268750000000,0.357033333333,0.090566666667),
double3(0.332700000000,0.523666666667,0.263966666667),
double3(0.345900000000,0.524066666667,0.034266666667),
double3(0.222250000000,0.486500000000,0.199666666667),
double3(0.279700000000,0.510533333333,0.264500000000),
double3(0.192650000000,0.514433333333,0.280433333333),
double3(0.142200000000,0.653300000000,0.105500000000),
double3(0.146600000000,0.347466666667,0.019366666667),
double3(0.231250000000,0.523700000000,0.242766666667),
double3(0.167300000000,0.357000000000,0.069366666667),
double3(0.154100000000,0.357400000000,0.299066666667),
double3(0.027750000000,0.513500000000,0.033000000000),
double3(0.470300000000,0.489466666667,0.097833333333),
double3(0.057350000000,0.485566666667,0.113766666667),
double3(0.107800000000,0.346700000000,0.272166666667),
double3(0.103400000000,0.652533333333,0.186033333333),
double3(0.018750000000,0.476300000000,0.076100000000),
double3(0.082700000000,0.643000000000,0.236033333333),
double3(0.095900000000,0.642600000000,0.132400000000),
double3(0.027750000000,0.653166666667,0.366333333333),
double3(0.019650000000,0.416666666667,0.393166666667),
double3(0.470300000000,0.343866666667,0.431166666667),
double3(0.057350000000,0.347766666667,0.447100000000),
double3(0.107800000000,0.486633333333,0.605500000000),
double3(0.089950000000,0.583333333333,0.583766666667),
double3(0.103400000000,0.514133333333,0.519366666667),
double3(0.080650000000,0.583333333333,0.457800000000),
double3(0.018750000000,0.357033333333,0.409433333333),
double3(0.082700000000,0.523666666667,0.569366666667),
double3(0.095900000000,0.524066666667,0.465733333333),
double3(0.222250000000,0.346833333333,0.533000000000),
double3(0.230350000000,0.583333333333,0.559833333333),
double3(0.279700000000,0.656133333333,0.597833333333),
double3(0.192650000000,0.652233333333,0.613766666667),
double3(0.142200000000,0.513366666667,0.438833333333),
double3(0.160050000000,0.416666666667,0.417100000000),
double3(0.146600000000,0.485866666667,0.352700000000),
double3(0.169350000000,0.416666666667,0.624466666667),
double3(0.231250000000,0.642966666667,0.576100000000),
double3(0.167300000000,0.476333333333,0.402700000000),
double3(0.154100000000,0.475933333333,0.632400000000),
double3(0.277750000000,0.513500000000,0.467000000000),
double3(0.269650000000,0.416666666667,0.440166666667),
double3(0.220300000000,0.489466666667,0.402166666667),
double3(0.307350000000,0.485566666667,0.386233333333),
double3(0.357800000000,0.346700000000,0.561166666667),
double3(0.339950000000,0.583333333333,0.582900000000),
double3(0.353400000000,0.652533333333,0.647300000000),
double3(0.330650000000,0.583333333333,0.375533333333),
double3(0.268750000000,0.476300000000,0.423900000000),
double3(0.332700000000,0.643000000000,0.597300000000),
double3(0.345900000000,0.642600000000,0.367600000000),
double3(0.472250000000,0.486500000000,0.633666666667),
double3(0.480350000000,0.583333333333,0.606833333333),
double3(0.029700000000,0.510533333333,0.568833333333),
double3(0.442650000000,0.514433333333,0.552900000000),
double3(0.392200000000,0.653300000000,0.394500000000),
double3(0.410050000000,0.416666666667,0.416233333333),
double3(0.396600000000,0.347466666667,0.480633333333),
double3(0.419350000000,0.416666666667,0.542200000000),
double3(0.481250000000,0.523700000000,0.590566666667),
double3(0.417300000000,0.357000000000,0.430633333333),
double3(0.404100000000,0.357400000000,0.534266666667),
double3(0.472250000000,0.346833333333,0.633666666667),
double3(0.029700000000,0.656133333333,0.568833333333),
double3(0.442650000000,0.652233333333,0.552900000000),
double3(0.392200000000,0.513366666667,0.394500000000),
double3(0.396600000000,0.485866666667,0.480633333333),
double3(0.481250000000,0.642966666667,0.590566666667),
double3(0.417300000000,0.476333333333,0.430633333333),
double3(0.404100000000,0.475933333333,0.534266666667),
double3(0.277750000000,0.653166666667,0.467000000000),
double3(0.220300000000,0.343866666667,0.402166666667),
double3(0.307350000000,0.347766666667,0.386233333333),
double3(0.357800000000,0.486633333333,0.561166666667),
double3(0.353400000000,0.514133333333,0.647300000000),
double3(0.268750000000,0.357033333333,0.423900000000),
double3(0.332700000000,0.523666666667,0.597300000000),
double3(0.345900000000,0.524066666667,0.367600000000),
double3(0.222250000000,0.486500000000,0.533000000000),
double3(0.279700000000,0.510533333333,0.597833333333),
double3(0.192650000000,0.514433333333,0.613766666667),
double3(0.142200000000,0.653300000000,0.438833333333),
double3(0.146600000000,0.347466666667,0.352700000000),
double3(0.231250000000,0.523700000000,0.576100000000),
double3(0.167300000000,0.357000000000,0.402700000000),
double3(0.154100000000,0.357400000000,0.632400000000),
double3(0.027750000000,0.513500000000,0.366333333333),
double3(0.470300000000,0.489466666667,0.431166666667),
double3(0.057350000000,0.485566666667,0.447100000000),
double3(0.107800000000,0.346700000000,0.605500000000),
double3(0.103400000000,0.652533333333,0.519366666667),
double3(0.018750000000,0.476300000000,0.409433333333),
double3(0.082700000000,0.643000000000,0.569366666667),
double3(0.095900000000,0.642600000000,0.465733333333),
double3(0.027750000000,0.653166666667,0.699666666667),
double3(0.019650000000,0.416666666667,0.726500000000),
double3(0.470300000000,0.343866666667,0.764500000000),
double3(0.057350000000,0.347766666667,0.780433333333),
double3(0.107800000000,0.486633333333,0.938833333333),
double3(0.089950000000,0.583333333333,0.917100000000),
double3(0.103400000000,0.514133333333,0.852700000000),
double3(0.080650000000,0.583333333333,0.791133333333),
double3(0.018750000000,0.357033333333,0.742766666667),
double3(0.082700000000,0.523666666667,0.902700000000),
double3(0.095900000000,0.524066666667,0.799066666667),
double3(0.222250000000,0.346833333333,0.866333333333),
double3(0.230350000000,0.583333333333,0.893166666667),
double3(0.279700000000,0.656133333333,0.931166666667),
double3(0.192650000000,0.652233333333,0.947100000000),
double3(0.142200000000,0.513366666667,0.772166666667),
double3(0.160050000000,0.416666666667,0.750433333333),
double3(0.146600000000,0.485866666667,0.686033333333),
double3(0.169350000000,0.416666666667,0.957800000000),
double3(0.231250000000,0.642966666667,0.909433333333),
double3(0.167300000000,0.476333333333,0.736033333333),
double3(0.154100000000,0.475933333333,0.965733333333),
double3(0.277750000000,0.513500000000,0.800333333333),
double3(0.269650000000,0.416666666667,0.773500000000),
double3(0.220300000000,0.489466666667,0.735500000000),
double3(0.307350000000,0.485566666667,0.719566666667),
double3(0.357800000000,0.346700000000,0.894500000000),
double3(0.339950000000,0.583333333333,0.916233333333),
double3(0.353400000000,0.652533333333,0.980633333333),
double3(0.330650000000,0.583333333333,0.708866666667),
double3(0.268750000000,0.476300000000,0.757233333333),
double3(0.332700000000,0.643000000000,0.930633333333),
double3(0.345900000000,0.642600000000,0.700933333333),
double3(0.472250000000,0.486500000000,0.967000000000),
double3(0.480350000000,0.583333333333,0.940166666667),
double3(0.029700000000,0.510533333333,0.902166666667),
double3(0.442650000000,0.514433333333,0.886233333333),
double3(0.392200000000,0.653300000000,0.727833333333),
double3(0.410050000000,0.416666666667,0.749566666667),
double3(0.396600000000,0.347466666667,0.813966666667),
double3(0.419350000000,0.416666666667,0.875533333333),
double3(0.481250000000,0.523700000000,0.923900000000),
double3(0.417300000000,0.357000000000,0.763966666667),
double3(0.404100000000,0.357400000000,0.867600000000),
double3(0.472250000000,0.346833333333,0.967000000000),
double3(0.029700000000,0.656133333333,0.902166666667),
double3(0.442650000000,0.652233333333,0.886233333333),
double3(0.392200000000,0.513366666667,0.727833333333),
double3(0.396600000000,0.485866666667,0.813966666667),
double3(0.481250000000,0.642966666667,0.923900000000),
double3(0.417300000000,0.476333333333,0.763966666667),
double3(0.404100000000,0.475933333333,0.867600000000),
double3(0.277750000000,0.653166666667,0.800333333333),
double3(0.220300000000,0.343866666667,0.735500000000),
double3(0.307350000000,0.347766666667,0.719566666667),
double3(0.357800000000,0.486633333333,0.894500000000),
double3(0.353400000000,0.514133333333,0.980633333333),
double3(0.268750000000,0.357033333333,0.757233333333),
double3(0.332700000000,0.523666666667,0.930633333333),
double3(0.345900000000,0.524066666667,0.700933333333),
double3(0.222250000000,0.486500000000,0.866333333333),
double3(0.279700000000,0.510533333333,0.931166666667),
double3(0.192650000000,0.514433333333,0.947100000000),
double3(0.142200000000,0.653300000000,0.772166666667),
double3(0.146600000000,0.347466666667,0.686033333333),
double3(0.231250000000,0.523700000000,0.909433333333),
double3(0.167300000000,0.357000000000,0.736033333333),
double3(0.154100000000,0.357400000000,0.965733333333),
double3(0.027750000000,0.513500000000,0.699666666667),
double3(0.470300000000,0.489466666667,0.764500000000),
double3(0.057350000000,0.485566666667,0.780433333333),
double3(0.107800000000,0.346700000000,0.938833333333),
double3(0.103400000000,0.652533333333,0.852700000000),
double3(0.018750000000,0.476300000000,0.742766666667),
double3(0.082700000000,0.643000000000,0.902700000000),
double3(0.095900000000,0.642600000000,0.799066666667),
double3(0.027750000000,0.986500000000,0.033000000000),
double3(0.019650000000,0.750000000000,0.059833333333),
double3(0.470300000000,0.677200000000,0.097833333333),
double3(0.057350000000,0.681100000000,0.113766666667),
double3(0.107800000000,0.819966666667,0.272166666667),
double3(0.089950000000,0.916666666667,0.250433333333),
double3(0.103400000000,0.847466666667,0.186033333333),
double3(0.080650000000,0.916666666667,0.124466666667),
double3(0.018750000000,0.690366666667,0.076100000000),
double3(0.082700000000,0.857000000000,0.236033333333),
double3(0.095900000000,0.857400000000,0.132400000000),
double3(0.222250000000,0.680166666667,0.199666666667),
double3(0.230350000000,0.916666666667,0.226500000000),
double3(0.279700000000,0.989466666667,0.264500000000),
double3(0.192650000000,0.985566666667,0.280433333333),
double3(0.142200000000,0.846700000000,0.105500000000),
double3(0.160050000000,0.750000000000,0.083766666667),
double3(0.146600000000,0.819200000000,0.019366666667),
double3(0.169350000000,0.750000000000,0.291133333333),
double3(0.231250000000,0.976300000000,0.242766666667),
double3(0.167300000000,0.809666666667,0.069366666667),
double3(0.154100000000,0.809266666667,0.299066666667),
double3(0.277750000000,0.846833333333,0.133666666667),
double3(0.269650000000,0.750000000000,0.106833333333),
double3(0.220300000000,0.822800000000,0.068833333333),
double3(0.307350000000,0.818900000000,0.052900000000),
double3(0.357800000000,0.680033333333,0.227833333333),
double3(0.339950000000,0.916666666667,0.249566666667),
double3(0.353400000000,0.985866666667,0.313966666667),
double3(0.330650000000,0.916666666667,0.042200000000),
double3(0.268750000000,0.809633333333,0.090566666667),
double3(0.332700000000,0.976333333333,0.263966666667),
double3(0.345900000000,0.975933333333,0.034266666667),
double3(0.472250000000,0.819833333333,0.300333333333),
double3(0.480350000000,0.916666666667,0.273500000000),
double3(0.029700000000,0.843866666667,0.235500000000),
double3(0.442650000000,0.847766666667,0.219566666667),
double3(0.392200000000,0.986633333333,0.061166666667),
double3(0.410050000000,0.750000000000,0.082900000000),
double3(0.396600000000,0.680800000000,0.147300000000),
double3(0.419350000000,0.750000000000,0.208866666667),
double3(0.481250000000,0.857033333333,0.257233333333),
double3(0.417300000000,0.690333333333,0.097300000000),
double3(0.404100000000,0.690733333333,0.200933333333),
double3(0.472250000000,0.680166666667,0.300333333333),
double3(0.029700000000,0.989466666667,0.235500000000),
double3(0.442650000000,0.985566666667,0.219566666667),
double3(0.392200000000,0.846700000000,0.061166666667),
double3(0.396600000000,0.819200000000,0.147300000000),
double3(0.481250000000,0.976300000000,0.257233333333),
double3(0.417300000000,0.809666666667,0.097300000000),
double3(0.404100000000,0.809266666667,0.200933333333),
double3(0.277750000000,0.986500000000,0.133666666667),
double3(0.220300000000,0.677200000000,0.068833333333),
double3(0.307350000000,0.681100000000,0.052900000000),
double3(0.357800000000,0.819966666667,0.227833333333),
double3(0.353400000000,0.847466666667,0.313966666667),
double3(0.268750000000,0.690366666667,0.090566666667),
double3(0.332700000000,0.857000000000,0.263966666667),
double3(0.345900000000,0.857400000000,0.034266666667),
double3(0.222250000000,0.819833333333,0.199666666667),
double3(0.279700000000,0.843866666667,0.264500000000),
double3(0.192650000000,0.847766666667,0.280433333333),
double3(0.142200000000,0.986633333333,0.105500000000),
double3(0.146600000000,0.680800000000,0.019366666667),
double3(0.231250000000,0.857033333333,0.242766666667),
double3(0.167300000000,0.690333333333,0.069366666667),
double3(0.154100000000,0.690733333333,0.299066666667),
double3(0.027750000000,0.846833333333,0.033000000000),
double3(0.470300000000,0.822800000000,0.097833333333),
double3(0.057350000000,0.818900000000,0.113766666667),
double3(0.107800000000,0.680033333333,0.272166666667),
double3(0.103400000000,0.985866666667,0.186033333333),
double3(0.018750000000,0.809633333333,0.076100000000),
double3(0.082700000000,0.976333333333,0.236033333333),
double3(0.095900000000,0.975933333333,0.132400000000),
double3(0.027750000000,0.986500000000,0.366333333333),
double3(0.019650000000,0.750000000000,0.393166666667),
double3(0.470300000000,0.677200000000,0.431166666667),
double3(0.057350000000,0.681100000000,0.447100000000),
double3(0.107800000000,0.819966666667,0.605500000000),
double3(0.089950000000,0.916666666667,0.583766666667),
double3(0.103400000000,0.847466666667,0.519366666667),
double3(0.080650000000,0.916666666667,0.457800000000),
double3(0.018750000000,0.690366666667,0.409433333333),
double3(0.082700000000,0.857000000000,0.569366666667),
double3(0.095900000000,0.857400000000,0.465733333333),
double3(0.222250000000,0.680166666667,0.533000000000),
double3(0.230350000000,0.916666666667,0.559833333333),
double3(0.279700000000,0.989466666667,0.597833333333),
double3(0.192650000000,0.985566666667,0.613766666667),
double3(0.142200000000,0.846700000000,0.438833333333),
double3(0.160050000000,0.750000000000,0.417100000000),
double3(0.146600000000,0.819200000000,0.352700000000),
double3(0.169350000000,0.750000000000,0.624466666667),
double3(0.231250000000,0.976300000000,0.576100000000),
double3(0.167300000000,0.809666666667,0.402700000000),
double3(0.154100000000,0.809266666667,0.632400000000),
double3(0.277750000000,0.846833333333,0.467000000000),
double3(0.269650000000,0.750000000000,0.440166666667),
double3(0.220300000000,0.822800000000,0.402166666667),
double3(0.307350000000,0.818900000000,0.386233333333),
double3(0.357800000000,0.680033333333,0.561166666667),
double3(0.339950000000,0.916666666667,0.582900000000),
double3(0.353400000000,0.985866666667,0.647300000000),
double3(0.330650000000,0.916666666667,0.375533333333),
double3(0.268750000000,0.809633333333,0.423900000000),
double3(0.332700000000,0.976333333333,0.597300000000),
double3(0.345900000000,0.975933333333,0.367600000000),
double3(0.472250000000,0.819833333333,0.633666666667),
double3(0.480350000000,0.916666666667,0.606833333333),
double3(0.029700000000,0.843866666667,0.568833333333),
double3(0.442650000000,0.847766666667,0.552900000000),
double3(0.392200000000,0.986633333333,0.394500000000),
double3(0.410050000000,0.750000000000,0.416233333333),
double3(0.396600000000,0.680800000000,0.480633333333),
double3(0.419350000000,0.750000000000,0.542200000000),
double3(0.481250000000,0.857033333333,0.590566666667),
double3(0.417300000000,0.690333333333,0.430633333333),
double3(0.404100000000,0.690733333333,0.534266666667),
double3(0.472250000000,0.680166666667,0.633666666667),
double3(0.029700000000,0.989466666667,0.568833333333),
double3(0.442650000000,0.985566666667,0.552900000000),
double3(0.392200000000,0.846700000000,0.394500000000),
double3(0.396600000000,0.819200000000,0.480633333333),
double3(0.481250000000,0.976300000000,0.590566666667),
double3(0.417300000000,0.809666666667,0.430633333333),
double3(0.404100000000,0.809266666667,0.534266666667),
double3(0.277750000000,0.986500000000,0.467000000000),
double3(0.220300000000,0.677200000000,0.402166666667),
double3(0.307350000000,0.681100000000,0.386233333333),
double3(0.357800000000,0.819966666667,0.561166666667),
double3(0.353400000000,0.847466666667,0.647300000000),
double3(0.268750000000,0.690366666667,0.423900000000),
double3(0.332700000000,0.857000000000,0.597300000000),
double3(0.345900000000,0.857400000000,0.367600000000),
double3(0.222250000000,0.819833333333,0.533000000000),
double3(0.279700000000,0.843866666667,0.597833333333),
double3(0.192650000000,0.847766666667,0.613766666667),
double3(0.142200000000,0.986633333333,0.438833333333),
double3(0.146600000000,0.680800000000,0.352700000000),
double3(0.231250000000,0.857033333333,0.576100000000),
double3(0.167300000000,0.690333333333,0.402700000000),
double3(0.154100000000,0.690733333333,0.632400000000),
double3(0.027750000000,0.846833333333,0.366333333333),
double3(0.470300000000,0.822800000000,0.431166666667),
double3(0.057350000000,0.818900000000,0.447100000000),
double3(0.107800000000,0.680033333333,0.605500000000),
double3(0.103400000000,0.985866666667,0.519366666667),
double3(0.018750000000,0.809633333333,0.409433333333),
double3(0.082700000000,0.976333333333,0.569366666667),
double3(0.095900000000,0.975933333333,0.465733333333),
double3(0.027750000000,0.986500000000,0.699666666667),
double3(0.019650000000,0.750000000000,0.726500000000),
double3(0.470300000000,0.677200000000,0.764500000000),
double3(0.057350000000,0.681100000000,0.780433333333),
double3(0.107800000000,0.819966666667,0.938833333333),
double3(0.089950000000,0.916666666667,0.917100000000),
double3(0.103400000000,0.847466666667,0.852700000000),
double3(0.080650000000,0.916666666667,0.791133333333),
double3(0.018750000000,0.690366666667,0.742766666667),
double3(0.082700000000,0.857000000000,0.902700000000),
double3(0.095900000000,0.857400000000,0.799066666667),
double3(0.222250000000,0.680166666667,0.866333333333),
double3(0.230350000000,0.916666666667,0.893166666667),
double3(0.279700000000,0.989466666667,0.931166666667),
double3(0.192650000000,0.985566666667,0.947100000000),
double3(0.142200000000,0.846700000000,0.772166666667),
double3(0.160050000000,0.750000000000,0.750433333333),
double3(0.146600000000,0.819200000000,0.686033333333),
double3(0.169350000000,0.750000000000,0.957800000000),
double3(0.231250000000,0.976300000000,0.909433333333),
double3(0.167300000000,0.809666666667,0.736033333333),
double3(0.154100000000,0.809266666667,0.965733333333),
double3(0.277750000000,0.846833333333,0.800333333333),
double3(0.269650000000,0.750000000000,0.773500000000),
double3(0.220300000000,0.822800000000,0.735500000000),
double3(0.307350000000,0.818900000000,0.719566666667),
double3(0.357800000000,0.680033333333,0.894500000000),
double3(0.339950000000,0.916666666667,0.916233333333),
double3(0.353400000000,0.985866666667,0.980633333333),
double3(0.330650000000,0.916666666667,0.708866666667),
double3(0.268750000000,0.809633333333,0.757233333333),
double3(0.332700000000,0.976333333333,0.930633333333),
double3(0.345900000000,0.975933333333,0.700933333333),
double3(0.472250000000,0.819833333333,0.967000000000),
double3(0.480350000000,0.916666666667,0.940166666667),
double3(0.029700000000,0.843866666667,0.902166666667),
double3(0.442650000000,0.847766666667,0.886233333333),
double3(0.392200000000,0.986633333333,0.727833333333),
double3(0.410050000000,0.750000000000,0.749566666667),
double3(0.396600000000,0.680800000000,0.813966666667),
double3(0.419350000000,0.750000000000,0.875533333333),
double3(0.481250000000,0.857033333333,0.923900000000),
double3(0.417300000000,0.690333333333,0.763966666667),
double3(0.404100000000,0.690733333333,0.867600000000),
double3(0.472250000000,0.680166666667,0.967000000000),
double3(0.029700000000,0.989466666667,0.902166666667),
double3(0.442650000000,0.985566666667,0.886233333333),
double3(0.392200000000,0.846700000000,0.727833333333),
double3(0.396600000000,0.819200000000,0.813966666667),
double3(0.481250000000,0.976300000000,0.923900000000),
double3(0.417300000000,0.809666666667,0.763966666667),
double3(0.404100000000,0.809266666667,0.867600000000),
double3(0.277750000000,0.986500000000,0.800333333333),
double3(0.220300000000,0.677200000000,0.735500000000),
double3(0.307350000000,0.681100000000,0.719566666667),
double3(0.357800000000,0.819966666667,0.894500000000),
double3(0.353400000000,0.847466666667,0.980633333333),
double3(0.268750000000,0.690366666667,0.757233333333),
double3(0.332700000000,0.857000000000,0.930633333333),
double3(0.345900000000,0.857400000000,0.700933333333),
double3(0.222250000000,0.819833333333,0.866333333333),
double3(0.279700000000,0.843866666667,0.931166666667),
double3(0.192650000000,0.847766666667,0.947100000000),
double3(0.142200000000,0.986633333333,0.772166666667),
double3(0.146600000000,0.680800000000,0.686033333333),
double3(0.231250000000,0.857033333333,0.909433333333),
double3(0.167300000000,0.690333333333,0.736033333333),
double3(0.154100000000,0.690733333333,0.965733333333),
double3(0.027750000000,0.846833333333,0.699666666667),
double3(0.470300000000,0.822800000000,0.764500000000),
double3(0.057350000000,0.818900000000,0.780433333333),
double3(0.107800000000,0.680033333333,0.938833333333),
double3(0.103400000000,0.985866666667,0.852700000000),
double3(0.018750000000,0.809633333333,0.742766666667),
double3(0.082700000000,0.976333333333,0.902700000000),
double3(0.095900000000,0.975933333333,0.799066666667),
double3(0.527750000000,0.319833333333,0.033000000000),
double3(0.519650000000,0.083333333333,0.059833333333),
double3(0.970300000000,0.010533333333,0.097833333333),
double3(0.557350000000,0.014433333333,0.113766666667),
double3(0.607800000000,0.153300000000,0.272166666667),
double3(0.589950000000,0.250000000000,0.250433333333),
double3(0.603400000000,0.180800000000,0.186033333333),
double3(0.580650000000,0.250000000000,0.124466666667),
double3(0.518750000000,0.023700000000,0.076100000000),
double3(0.582700000000,0.190333333333,0.236033333333),
double3(0.595900000000,0.190733333333,0.132400000000),
double3(0.722250000000,0.013500000000,0.199666666667),
double3(0.730350000000,0.250000000000,0.226500000000),
double3(0.779700000000,0.322800000000,0.264500000000),
double3(0.692650000000,0.318900000000,0.280433333333),
double3(0.642200000000,0.180033333333,0.105500000000),
double3(0.660050000000,0.083333333333,0.083766666667),
double3(0.646600000000,0.152533333333,0.019366666667),
double3(0.669350000000,0.083333333333,0.291133333333),
double3(0.731250000000,0.309633333333,0.242766666667),
double3(0.667300000000,0.143000000000,0.069366666667),
double3(0.654100000000,0.142600000000,0.299066666667),
double3(0.777750000000,0.180166666667,0.133666666667),
double3(0.769650000000,0.083333333333,0.106833333333),
double3(0.720300000000,0.156133333333,0.068833333333),
double3(0.807350000000,0.152233333333,0.052900000000),
double3(0.857800000000,0.013366666667,0.227833333333),
double3(0.839950000000,0.250000000000,0.249566666667),
double3(0.853400000000,0.319200000000,0.313966666667),
double3(0.830650000000,0.250000000000,0.042200000000),
double3(0.768750000000,0.142966666667,0.090566666667),
double3(0.832700000000,0.309666666667,0.263966666667),
double3(0.845900000000,0.309266666667,0.034266666667),
double3(0.972250000000,0.153166666667,0.300333333333),
double3(0.980350000000,0.250000000000,0.273500000000),
double3(0.529700000000,0.177200000000,0.235500000000),
double3(0.942650000000,0.181100000000,0.219566666667),
double3(0.892200000000,0.319966666667,0.061166666667),
double3(0.910050000000,0.083333333333,0.082900000000),
double3(0.896600000000,0.014133333333,0.147300000000),
double3(0.919350000000,0.083333333333,0.208866666667),
double3(0.981250000000,0.190366666667,0.257233333333),
double3(0.917300000000,0.023666666667,0.097300000000),
double3(0.904100000000,0.024066666667,0.200933333333),
double3(0.972250000000,0.013500000000,0.300333333333),
double3(0.529700000000,0.322800000000,0.235500000000),
double3(0.942650000000,0.318900000000,0.219566666667),
double3(0.892200000000,0.180033333333,0.061166666667),
double3(0.896600000000,0.152533333333,0.147300000000),
double3(0.981250000000,0.309633333333,0.257233333333),
double3(0.917300000000,0.143000000000,0.097300000000),
double3(0.904100000000,0.142600000000,0.200933333333),
double3(0.777750000000,0.319833333333,0.133666666667),
double3(0.720300000000,0.010533333333,0.068833333333),
double3(0.807350000000,0.014433333333,0.052900000000),
double3(0.857800000000,0.153300000000,0.227833333333),
double3(0.853400000000,0.180800000000,0.313966666667),
double3(0.768750000000,0.023700000000,0.090566666667),
double3(0.832700000000,0.190333333333,0.263966666667),
double3(0.845900000000,0.190733333333,0.034266666667),
double3(0.722250000000,0.153166666667,0.199666666667),
double3(0.779700000000,0.177200000000,0.264500000000),
double3(0.692650000000,0.181100000000,0.280433333333),
double3(0.642200000000,0.319966666667,0.105500000000),
double3(0.646600000000,0.014133333333,0.019366666667),
double3(0.731250000000,0.190366666667,0.242766666667),
double3(0.667300000000,0.023666666667,0.069366666667),
double3(0.654100000000,0.024066666667,0.299066666667),
double3(0.527750000000,0.180166666667,0.033000000000),
double3(0.970300000000,0.156133333333,0.097833333333),
double3(0.557350000000,0.152233333333,0.113766666667),
double3(0.607800000000,0.013366666667,0.272166666667),
double3(0.603400000000,0.319200000000,0.186033333333),
double3(0.518750000000,0.142966666667,0.076100000000),
double3(0.582700000000,0.309666666667,0.236033333333),
double3(0.595900000000,0.309266666667,0.132400000000),
double3(0.527750000000,0.319833333333,0.366333333333),
double3(0.519650000000,0.083333333333,0.393166666667),
double3(0.970300000000,0.010533333333,0.431166666667),
double3(0.557350000000,0.014433333333,0.447100000000),
double3(0.607800000000,0.153300000000,0.605500000000),
double3(0.589950000000,0.250000000000,0.583766666667),
double3(0.603400000000,0.180800000000,0.519366666667),
double3(0.580650000000,0.250000000000,0.457800000000),
double3(0.518750000000,0.023700000000,0.409433333333),
double3(0.582700000000,0.190333333333,0.569366666667),
double3(0.595900000000,0.190733333333,0.465733333333),
double3(0.722250000000,0.013500000000,0.533000000000),
double3(0.730350000000,0.250000000000,0.559833333333),
double3(0.779700000000,0.322800000000,0.597833333333),
double3(0.692650000000,0.318900000000,0.613766666667),
double3(0.642200000000,0.180033333333,0.438833333333),
double3(0.660050000000,0.083333333333,0.417100000000),
double3(0.646600000000,0.152533333333,0.352700000000),
double3(0.669350000000,0.083333333333,0.624466666667),
double3(0.731250000000,0.309633333333,0.576100000000),
double3(0.667300000000,0.143000000000,0.402700000000),
double3(0.654100000000,0.142600000000,0.632400000000),
double3(0.777750000000,0.180166666667,0.467000000000),
double3(0.769650000000,0.083333333333,0.440166666667),
double3(0.720300000000,0.156133333333,0.402166666667),
double3(0.807350000000,0.152233333333,0.386233333333),
double3(0.857800000000,0.013366666667,0.561166666667),
double3(0.839950000000,0.250000000000,0.582900000000),
double3(0.853400000000,0.319200000000,0.647300000000),
double3(0.830650000000,0.250000000000,0.375533333333),
double3(0.768750000000,0.142966666667,0.423900000000),
double3(0.832700000000,0.309666666667,0.597300000000),
double3(0.845900000000,0.309266666667,0.367600000000),
double3(0.972250000000,0.153166666667,0.633666666667),
double3(0.980350000000,0.250000000000,0.606833333333),
double3(0.529700000000,0.177200000000,0.568833333333),
double3(0.942650000000,0.181100000000,0.552900000000),
double3(0.892200000000,0.319966666667,0.394500000000),
double3(0.910050000000,0.083333333333,0.416233333333),
double3(0.896600000000,0.014133333333,0.480633333333),
double3(0.919350000000,0.083333333333,0.542200000000),
double3(0.981250000000,0.190366666667,0.590566666667),
double3(0.917300000000,0.023666666667,0.430633333333),
double3(0.904100000000,0.024066666667,0.534266666667),
double3(0.972250000000,0.013500000000,0.633666666667),
double3(0.529700000000,0.322800000000,0.568833333333),
double3(0.942650000000,0.318900000000,0.552900000000),
double3(0.892200000000,0.180033333333,0.394500000000),
double3(0.896600000000,0.152533333333,0.480633333333),
double3(0.981250000000,0.309633333333,0.590566666667),
double3(0.917300000000,0.143000000000,0.430633333333),
double3(0.904100000000,0.142600000000,0.534266666667),
double3(0.777750000000,0.319833333333,0.467000000000),
double3(0.720300000000,0.010533333333,0.402166666667),
double3(0.807350000000,0.014433333333,0.386233333333),
double3(0.857800000000,0.153300000000,0.561166666667),
double3(0.853400000000,0.180800000000,0.647300000000),
double3(0.768750000000,0.023700000000,0.423900000000),
double3(0.832700000000,0.190333333333,0.597300000000),
double3(0.845900000000,0.190733333333,0.367600000000),
double3(0.722250000000,0.153166666667,0.533000000000),
double3(0.779700000000,0.177200000000,0.597833333333),
double3(0.692650000000,0.181100000000,0.613766666667),
double3(0.642200000000,0.319966666667,0.438833333333),
double3(0.646600000000,0.014133333333,0.352700000000),
double3(0.731250000000,0.190366666667,0.576100000000),
double3(0.667300000000,0.023666666667,0.402700000000),
double3(0.654100000000,0.024066666667,0.632400000000),
double3(0.527750000000,0.180166666667,0.366333333333),
double3(0.970300000000,0.156133333333,0.431166666667),
double3(0.557350000000,0.152233333333,0.447100000000),
double3(0.607800000000,0.013366666667,0.605500000000),
double3(0.603400000000,0.319200000000,0.519366666667),
double3(0.518750000000,0.142966666667,0.409433333333),
double3(0.582700000000,0.309666666667,0.569366666667),
double3(0.595900000000,0.309266666667,0.465733333333),
double3(0.527750000000,0.319833333333,0.699666666667),
double3(0.519650000000,0.083333333333,0.726500000000),
double3(0.970300000000,0.010533333333,0.764500000000),
double3(0.557350000000,0.014433333333,0.780433333333),
double3(0.607800000000,0.153300000000,0.938833333333),
double3(0.589950000000,0.250000000000,0.917100000000),
double3(0.603400000000,0.180800000000,0.852700000000),
double3(0.580650000000,0.250000000000,0.791133333333),
double3(0.518750000000,0.023700000000,0.742766666667),
double3(0.582700000000,0.190333333333,0.902700000000),
double3(0.595900000000,0.190733333333,0.799066666667),
double3(0.722250000000,0.013500000000,0.866333333333),
double3(0.730350000000,0.250000000000,0.893166666667),
double3(0.779700000000,0.322800000000,0.931166666667),
double3(0.692650000000,0.318900000000,0.947100000000),
double3(0.642200000000,0.180033333333,0.772166666667),
double3(0.660050000000,0.083333333333,0.750433333333),
double3(0.646600000000,0.152533333333,0.686033333333),
double3(0.669350000000,0.083333333333,0.957800000000),
double3(0.731250000000,0.309633333333,0.909433333333),
double3(0.667300000000,0.143000000000,0.736033333333),
double3(0.654100000000,0.142600000000,0.965733333333),
double3(0.777750000000,0.180166666667,0.800333333333),
double3(0.769650000000,0.083333333333,0.773500000000),
double3(0.720300000000,0.156133333333,0.735500000000),
double3(0.807350000000,0.152233333333,0.719566666667),
double3(0.857800000000,0.013366666667,0.894500000000),
double3(0.839950000000,0.250000000000,0.916233333333),
double3(0.853400000000,0.319200000000,0.980633333333),
double3(0.830650000000,0.250000000000,0.708866666667),
double3(0.768750000000,0.142966666667,0.757233333333),
double3(0.832700000000,0.309666666667,0.930633333333),
double3(0.845900000000,0.309266666667,0.700933333333),
double3(0.972250000000,0.153166666667,0.967000000000),
double3(0.980350000000,0.250000000000,0.940166666667),
double3(0.529700000000,0.177200000000,0.902166666667),
double3(0.942650000000,0.181100000000,0.886233333333),
double3(0.892200000000,0.319966666667,0.727833333333),
double3(0.910050000000,0.083333333333,0.749566666667),
double3(0.896600000000,0.014133333333,0.813966666667),
double3(0.919350000000,0.083333333333,0.875533333333),
double3(0.981250000000,0.190366666667,0.923900000000),
double3(0.917300000000,0.023666666667,0.763966666667),
double3(0.904100000000,0.024066666667,0.867600000000),
double3(0.972250000000,0.013500000000,0.967000000000),
double3(0.529700000000,0.322800000000,0.902166666667),
double3(0.942650000000,0.318900000000,0.886233333333),
double3(0.892200000000,0.180033333333,0.727833333333),
double3(0.896600000000,0.152533333333,0.813966666667),
double3(0.981250000000,0.309633333333,0.923900000000),
double3(0.917300000000,0.143000000000,0.763966666667),
double3(0.904100000000,0.142600000000,0.867600000000),
double3(0.777750000000,0.319833333333,0.800333333333),
double3(0.720300000000,0.010533333333,0.735500000000),
double3(0.807350000000,0.014433333333,0.719566666667),
double3(0.857800000000,0.153300000000,0.894500000000),
double3(0.853400000000,0.180800000000,0.980633333333),
double3(0.768750000000,0.023700000000,0.757233333333),
double3(0.832700000000,0.190333333333,0.930633333333),
double3(0.845900000000,0.190733333333,0.700933333333),
double3(0.722250000000,0.153166666667,0.866333333333),
double3(0.779700000000,0.177200000000,0.931166666667),
double3(0.692650000000,0.181100000000,0.947100000000),
double3(0.642200000000,0.319966666667,0.772166666667),
double3(0.646600000000,0.014133333333,0.686033333333),
double3(0.731250000000,0.190366666667,0.909433333333),
double3(0.667300000000,0.023666666667,0.736033333333),
double3(0.654100000000,0.024066666667,0.965733333333),
double3(0.527750000000,0.180166666667,0.699666666667),
double3(0.970300000000,0.156133333333,0.764500000000),
double3(0.557350000000,0.152233333333,0.780433333333),
double3(0.607800000000,0.013366666667,0.938833333333),
double3(0.603400000000,0.319200000000,0.852700000000),
double3(0.518750000000,0.142966666667,0.742766666667),
double3(0.582700000000,0.309666666667,0.902700000000),
double3(0.595900000000,0.309266666667,0.799066666667),
double3(0.527750000000,0.653166666667,0.033000000000),
double3(0.519650000000,0.416666666667,0.059833333333),
double3(0.970300000000,0.343866666667,0.097833333333),
double3(0.557350000000,0.347766666667,0.113766666667),
double3(0.607800000000,0.486633333333,0.272166666667),
double3(0.589950000000,0.583333333333,0.250433333333),
double3(0.603400000000,0.514133333333,0.186033333333),
double3(0.580650000000,0.583333333333,0.124466666667),
double3(0.518750000000,0.357033333333,0.076100000000),
double3(0.582700000000,0.523666666667,0.236033333333),
double3(0.595900000000,0.524066666667,0.132400000000),
double3(0.722250000000,0.346833333333,0.199666666667),
double3(0.730350000000,0.583333333333,0.226500000000),
double3(0.779700000000,0.656133333333,0.264500000000),
double3(0.692650000000,0.652233333333,0.280433333333),
double3(0.642200000000,0.513366666667,0.105500000000),
double3(0.660050000000,0.416666666667,0.083766666667),
double3(0.646600000000,0.485866666667,0.019366666667),
double3(0.669350000000,0.416666666667,0.291133333333),
double3(0.731250000000,0.642966666667,0.242766666667),
double3(0.667300000000,0.476333333333,0.069366666667),
double3(0.654100000000,0.475933333333,0.299066666667),
double3(0.777750000000,0.513500000000,0.133666666667),
double3(0.769650000000,0.416666666667,0.106833333333),
double3(0.720300000000,0.489466666667,0.068833333333),
double3(0.807350000000,0.485566666667,0.052900000000),
double3(0.857800000000,0.346700000000,0.227833333333),
double3(0.839950000000,0.583333333333,0.249566666667),
double3(0.853400000000,0.652533333333,0.313966666667),
double3(0.830650000000,0.583333333333,0.042200000000),
double3(0.768750000000,0.476300000000,0.090566666667),
double3(0.832700000000,0.643000000000,0.263966666667),
double3(0.845900000000,0.642600000000,0.034266666667),
double3(0.972250000000,0.486500000000,0.300333333333),
double3(0.980350000000,0.583333333333,0.273500000000),
double3(0.529700000000,0.510533333333,0.235500000000),
double3(0.942650000000,0.514433333333,0.219566666667),
double3(0.892200000000,0.653300000000,0.061166666667),
double3(0.910050000000,0.416666666667,0.082900000000),
double3(0.896600000000,0.347466666667,0.147300000000),
double3(0.919350000000,0.416666666667,0.208866666667),
double3(0.981250000000,0.523700000000,0.257233333333),
double3(0.917300000000,0.357000000000,0.097300000000),
double3(0.904100000000,0.357400000000,0.200933333333),
double3(0.972250000000,0.346833333333,0.300333333333),
double3(0.529700000000,0.656133333333,0.235500000000),
double3(0.942650000000,0.652233333333,0.219566666667),
double3(0.892200000000,0.513366666667,0.061166666667),
double3(0.896600000000,0.485866666667,0.147300000000),
double3(0.981250000000,0.642966666667,0.257233333333),
double3(0.917300000000,0.476333333333,0.097300000000),
double3(0.904100000000,0.475933333333,0.200933333333),
double3(0.777750000000,0.653166666667,0.133666666667),
double3(0.720300000000,0.343866666667,0.068833333333),
double3(0.807350000000,0.347766666667,0.052900000000),
double3(0.857800000000,0.486633333333,0.227833333333),
double3(0.853400000000,0.514133333333,0.313966666667),
double3(0.768750000000,0.357033333333,0.090566666667),
double3(0.832700000000,0.523666666667,0.263966666667),
double3(0.845900000000,0.524066666667,0.034266666667),
double3(0.722250000000,0.486500000000,0.199666666667),
double3(0.779700000000,0.510533333333,0.264500000000),
double3(0.692650000000,0.514433333333,0.280433333333),
double3(0.642200000000,0.653300000000,0.105500000000),
double3(0.646600000000,0.347466666667,0.019366666667),
double3(0.731250000000,0.523700000000,0.242766666667),
double3(0.667300000000,0.357000000000,0.069366666667),
double3(0.654100000000,0.357400000000,0.299066666667),
double3(0.527750000000,0.513500000000,0.033000000000),
double3(0.970300000000,0.489466666667,0.097833333333),
double3(0.557350000000,0.485566666667,0.113766666667),
double3(0.607800000000,0.346700000000,0.272166666667),
double3(0.603400000000,0.652533333333,0.186033333333),
double3(0.518750000000,0.476300000000,0.076100000000),
double3(0.582700000000,0.643000000000,0.236033333333),
double3(0.595900000000,0.642600000000,0.132400000000),
double3(0.527750000000,0.653166666667,0.366333333333),
double3(0.519650000000,0.416666666667,0.393166666667),
double3(0.970300000000,0.343866666667,0.431166666667),
double3(0.557350000000,0.347766666667,0.447100000000),
double3(0.607800000000,0.486633333333,0.605500000000),
double3(0.589950000000,0.583333333333,0.583766666667),
double3(0.603400000000,0.514133333333,0.519366666667),
double3(0.580650000000,0.583333333333,0.457800000000),
double3(0.518750000000,0.357033333333,0.409433333333),
double3(0.582700000000,0.523666666667,0.569366666667),
double3(0.595900000000,0.524066666667,0.465733333333),
double3(0.722250000000,0.346833333333,0.533000000000),
double3(0.730350000000,0.583333333333,0.559833333333),
double3(0.779700000000,0.656133333333,0.597833333333),
double3(0.692650000000,0.652233333333,0.613766666667),
double3(0.642200000000,0.513366666667,0.438833333333),
double3(0.660050000000,0.416666666667,0.417100000000),
double3(0.646600000000,0.485866666667,0.352700000000),
double3(0.669350000000,0.416666666667,0.624466666667),
double3(0.731250000000,0.642966666667,0.576100000000),
double3(0.667300000000,0.476333333333,0.402700000000),
double3(0.654100000000,0.475933333333,0.632400000000),
double3(0.777750000000,0.513500000000,0.467000000000),
double3(0.769650000000,0.416666666667,0.440166666667),
double3(0.720300000000,0.489466666667,0.402166666667),
double3(0.807350000000,0.485566666667,0.386233333333),
double3(0.857800000000,0.346700000000,0.561166666667),
double3(0.839950000000,0.583333333333,0.582900000000),
double3(0.853400000000,0.652533333333,0.647300000000),
double3(0.830650000000,0.583333333333,0.375533333333),
double3(0.768750000000,0.476300000000,0.423900000000),
double3(0.832700000000,0.643000000000,0.597300000000),
double3(0.845900000000,0.642600000000,0.367600000000),
double3(0.972250000000,0.486500000000,0.633666666667),
double3(0.980350000000,0.583333333333,0.606833333333),
double3(0.529700000000,0.510533333333,0.568833333333),
double3(0.942650000000,0.514433333333,0.552900000000),
double3(0.892200000000,0.653300000000,0.394500000000),
double3(0.910050000000,0.416666666667,0.416233333333),
double3(0.896600000000,0.347466666667,0.480633333333),
double3(0.919350000000,0.416666666667,0.542200000000),
double3(0.981250000000,0.523700000000,0.590566666667),
double3(0.917300000000,0.357000000000,0.430633333333),
double3(0.904100000000,0.357400000000,0.534266666667),
double3(0.972250000000,0.346833333333,0.633666666667),
double3(0.529700000000,0.656133333333,0.568833333333),
double3(0.942650000000,0.652233333333,0.552900000000),
double3(0.892200000000,0.513366666667,0.394500000000),
double3(0.896600000000,0.485866666667,0.480633333333),
double3(0.981250000000,0.642966666667,0.590566666667),
double3(0.917300000000,0.476333333333,0.430633333333),
double3(0.904100000000,0.475933333333,0.534266666667),
double3(0.777750000000,0.653166666667,0.467000000000),
double3(0.720300000000,0.343866666667,0.402166666667),
double3(0.807350000000,0.347766666667,0.386233333333),
double3(0.857800000000,0.486633333333,0.561166666667),
double3(0.853400000000,0.514133333333,0.647300000000),
double3(0.768750000000,0.357033333333,0.423900000000),
double3(0.832700000000,0.523666666667,0.597300000000),
double3(0.845900000000,0.524066666667,0.367600000000),
double3(0.722250000000,0.486500000000,0.533000000000),
double3(0.779700000000,0.510533333333,0.597833333333),
double3(0.692650000000,0.514433333333,0.613766666667),
double3(0.642200000000,0.653300000000,0.438833333333),
double3(0.646600000000,0.347466666667,0.352700000000),
double3(0.731250000000,0.523700000000,0.576100000000),
double3(0.667300000000,0.357000000000,0.402700000000),
double3(0.654100000000,0.357400000000,0.632400000000),
double3(0.527750000000,0.513500000000,0.366333333333),
double3(0.970300000000,0.489466666667,0.431166666667),
double3(0.557350000000,0.485566666667,0.447100000000),
double3(0.607800000000,0.346700000000,0.605500000000),
double3(0.603400000000,0.652533333333,0.519366666667),
double3(0.518750000000,0.476300000000,0.409433333333),
double3(0.582700000000,0.643000000000,0.569366666667),
double3(0.595900000000,0.642600000000,0.465733333333),
double3(0.527750000000,0.653166666667,0.699666666667),
double3(0.519650000000,0.416666666667,0.726500000000),
double3(0.970300000000,0.343866666667,0.764500000000),
double3(0.557350000000,0.347766666667,0.780433333333),
double3(0.607800000000,0.486633333333,0.938833333333),
double3(0.589950000000,0.583333333333,0.917100000000),
double3(0.603400000000,0.514133333333,0.852700000000),
double3(0.580650000000,0.583333333333,0.791133333333),
double3(0.518750000000,0.357033333333,0.742766666667),
double3(0.582700000000,0.523666666667,0.902700000000),
double3(0.595900000000,0.524066666667,0.799066666667),
double3(0.722250000000,0.346833333333,0.866333333333),
double3(0.730350000000,0.583333333333,0.893166666667),
double3(0.779700000000,0.656133333333,0.931166666667),
double3(0.692650000000,0.652233333333,0.947100000000),
double3(0.642200000000,0.513366666667,0.772166666667),
double3(0.660050000000,0.416666666667,0.750433333333),
double3(0.646600000000,0.485866666667,0.686033333333),
double3(0.669350000000,0.416666666667,0.957800000000),
double3(0.731250000000,0.642966666667,0.909433333333),
double3(0.667300000000,0.476333333333,0.736033333333),
double3(0.654100000000,0.475933333333,0.965733333333),
double3(0.777750000000,0.513500000000,0.800333333333),
double3(0.769650000000,0.416666666667,0.773500000000),
double3(0.720300000000,0.489466666667,0.735500000000),
double3(0.807350000000,0.485566666667,0.719566666667),
double3(0.857800000000,0.346700000000,0.894500000000),
double3(0.839950000000,0.583333333333,0.916233333333),
double3(0.853400000000,0.652533333333,0.980633333333),
double3(0.830650000000,0.583333333333,0.708866666667),
double3(0.768750000000,0.476300000000,0.757233333333),
double3(0.832700000000,0.643000000000,0.930633333333),
double3(0.845900000000,0.642600000000,0.700933333333),
double3(0.972250000000,0.486500000000,0.967000000000),
double3(0.980350000000,0.583333333333,0.940166666667),
double3(0.529700000000,0.510533333333,0.902166666667),
double3(0.942650000000,0.514433333333,0.886233333333),
double3(0.892200000000,0.653300000000,0.727833333333),
double3(0.910050000000,0.416666666667,0.749566666667),
double3(0.896600000000,0.347466666667,0.813966666667),
double3(0.919350000000,0.416666666667,0.875533333333),
double3(0.981250000000,0.523700000000,0.923900000000),
double3(0.917300000000,0.357000000000,0.763966666667),
double3(0.904100000000,0.357400000000,0.867600000000),
double3(0.972250000000,0.346833333333,0.967000000000),
double3(0.529700000000,0.656133333333,0.902166666667),
double3(0.942650000000,0.652233333333,0.886233333333),
double3(0.892200000000,0.513366666667,0.727833333333),
double3(0.896600000000,0.485866666667,0.813966666667),
double3(0.981250000000,0.642966666667,0.923900000000),
double3(0.917300000000,0.476333333333,0.763966666667),
double3(0.904100000000,0.475933333333,0.867600000000),
double3(0.777750000000,0.653166666667,0.800333333333),
double3(0.720300000000,0.343866666667,0.735500000000),
double3(0.807350000000,0.347766666667,0.719566666667),
double3(0.857800000000,0.486633333333,0.894500000000),
double3(0.853400000000,0.514133333333,0.980633333333),
double3(0.768750000000,0.357033333333,0.757233333333),
double3(0.832700000000,0.523666666667,0.930633333333),
double3(0.845900000000,0.524066666667,0.700933333333),
double3(0.722250000000,0.486500000000,0.866333333333),
double3(0.779700000000,0.510533333333,0.931166666667),
double3(0.692650000000,0.514433333333,0.947100000000),
double3(0.642200000000,0.653300000000,0.772166666667),
double3(0.646600000000,0.347466666667,0.686033333333),
double3(0.731250000000,0.523700000000,0.909433333333),
double3(0.667300000000,0.357000000000,0.736033333333),
double3(0.654100000000,0.357400000000,0.965733333333),
double3(0.527750000000,0.513500000000,0.699666666667),
double3(0.970300000000,0.489466666667,0.764500000000),
double3(0.557350000000,0.485566666667,0.780433333333),
double3(0.607800000000,0.346700000000,0.938833333333),
double3(0.603400000000,0.652533333333,0.852700000000),
double3(0.518750000000,0.476300000000,0.742766666667),
double3(0.582700000000,0.643000000000,0.902700000000),
double3(0.595900000000,0.642600000000,0.799066666667),
double3(0.527750000000,0.986500000000,0.033000000000),
double3(0.519650000000,0.750000000000,0.059833333333),
double3(0.970300000000,0.677200000000,0.097833333333),
double3(0.557350000000,0.681100000000,0.113766666667),
double3(0.607800000000,0.819966666667,0.272166666667),
double3(0.589950000000,0.916666666667,0.250433333333),
double3(0.603400000000,0.847466666667,0.186033333333),
double3(0.580650000000,0.916666666667,0.124466666667),
double3(0.518750000000,0.690366666667,0.076100000000),
double3(0.582700000000,0.857000000000,0.236033333333),
double3(0.595900000000,0.857400000000,0.132400000000),
double3(0.722250000000,0.680166666667,0.199666666667),
double3(0.730350000000,0.916666666667,0.226500000000),
double3(0.779700000000,0.989466666667,0.264500000000),
double3(0.692650000000,0.985566666667,0.280433333333),
double3(0.642200000000,0.846700000000,0.105500000000),
double3(0.660050000000,0.750000000000,0.083766666667),
double3(0.646600000000,0.819200000000,0.019366666667),
double3(0.669350000000,0.750000000000,0.291133333333),
double3(0.731250000000,0.976300000000,0.242766666667),
double3(0.667300000000,0.809666666667,0.069366666667),
double3(0.654100000000,0.809266666667,0.299066666667),
double3(0.777750000000,0.846833333333,0.133666666667),
double3(0.769650000000,0.750000000000,0.106833333333),
double3(0.720300000000,0.822800000000,0.068833333333),
double3(0.807350000000,0.818900000000,0.052900000000),
double3(0.857800000000,0.680033333333,0.227833333333),
double3(0.839950000000,0.916666666667,0.249566666667),
double3(0.853400000000,0.985866666667,0.313966666667),
double3(0.830650000000,0.916666666667,0.042200000000),
double3(0.768750000000,0.809633333333,0.090566666667),
double3(0.832700000000,0.976333333333,0.263966666667),
double3(0.845900000000,0.975933333333,0.034266666667),
double3(0.972250000000,0.819833333333,0.300333333333),
double3(0.980350000000,0.916666666667,0.273500000000),
double3(0.529700000000,0.843866666667,0.235500000000),
double3(0.942650000000,0.847766666667,0.219566666667),
double3(0.892200000000,0.986633333333,0.061166666667),
double3(0.910050000000,0.750000000000,0.082900000000),
double3(0.896600000000,0.680800000000,0.147300000000),
double3(0.919350000000,0.750000000000,0.208866666667),
double3(0.981250000000,0.857033333333,0.257233333333),
double3(0.917300000000,0.690333333333,0.097300000000),
double3(0.904100000000,0.690733333333,0.200933333333),
double3(0.972250000000,0.680166666667,0.300333333333),
double3(0.529700000000,0.989466666667,0.235500000000),
double3(0.942650000000,0.985566666667,0.219566666667),
double3(0.892200000000,0.846700000000,0.061166666667),
double3(0.896600000000,0.819200000000,0.147300000000),
double3(0.981250000000,0.976300000000,0.257233333333),
double3(0.917300000000,0.809666666667,0.097300000000),
double3(0.904100000000,0.809266666667,0.200933333333),
double3(0.777750000000,0.986500000000,0.133666666667),
double3(0.720300000000,0.677200000000,0.068833333333),
double3(0.807350000000,0.681100000000,0.052900000000),
double3(0.857800000000,0.819966666667,0.227833333333),
double3(0.853400000000,0.847466666667,0.313966666667),
double3(0.768750000000,0.690366666667,0.090566666667),
double3(0.832700000000,0.857000000000,0.263966666667),
double3(0.845900000000,0.857400000000,0.034266666667),
double3(0.722250000000,0.819833333333,0.199666666667),
double3(0.779700000000,0.843866666667,0.264500000000),
double3(0.692650000000,0.847766666667,0.280433333333),
double3(0.642200000000,0.986633333333,0.105500000000),
double3(0.646600000000,0.680800000000,0.019366666667),
double3(0.731250000000,0.857033333333,0.242766666667),
double3(0.667300000000,0.690333333333,0.069366666667),
double3(0.654100000000,0.690733333333,0.299066666667),
double3(0.527750000000,0.846833333333,0.033000000000),
double3(0.970300000000,0.822800000000,0.097833333333),
double3(0.557350000000,0.818900000000,0.113766666667),
double3(0.607800000000,0.680033333333,0.272166666667),
double3(0.603400000000,0.985866666667,0.186033333333),
double3(0.518750000000,0.809633333333,0.076100000000),
double3(0.582700000000,0.976333333333,0.236033333333),
double3(0.595900000000,0.975933333333,0.132400000000),
double3(0.527750000000,0.986500000000,0.366333333333),
double3(0.519650000000,0.750000000000,0.393166666667),
double3(0.970300000000,0.677200000000,0.431166666667),
double3(0.557350000000,0.681100000000,0.447100000000),
double3(0.607800000000,0.819966666667,0.605500000000),
double3(0.589950000000,0.916666666667,0.583766666667),
double3(0.603400000000,0.847466666667,0.519366666667),
double3(0.580650000000,0.916666666667,0.457800000000),
double3(0.518750000000,0.690366666667,0.409433333333),
double3(0.582700000000,0.857000000000,0.569366666667),
double3(0.595900000000,0.857400000000,0.465733333333),
double3(0.722250000000,0.680166666667,0.533000000000),
double3(0.730350000000,0.916666666667,0.559833333333),
double3(0.779700000000,0.989466666667,0.597833333333),
double3(0.692650000000,0.985566666667,0.613766666667),
double3(0.642200000000,0.846700000000,0.438833333333),
double3(0.660050000000,0.750000000000,0.417100000000),
double3(0.646600000000,0.819200000000,0.352700000000),
double3(0.669350000000,0.750000000000,0.624466666667),
double3(0.731250000000,0.976300000000,0.576100000000),
double3(0.667300000000,0.809666666667,0.402700000000),
double3(0.654100000000,0.809266666667,0.632400000000),
double3(0.777750000000,0.846833333333,0.467000000000),
double3(0.769650000000,0.750000000000,0.440166666667),
double3(0.720300000000,0.822800000000,0.402166666667),
double3(0.807350000000,0.818900000000,0.386233333333),
double3(0.857800000000,0.680033333333,0.561166666667),
double3(0.839950000000,0.916666666667,0.582900000000),
double3(0.853400000000,0.985866666667,0.647300000000),
double3(0.830650000000,0.916666666667,0.375533333333),
double3(0.768750000000,0.809633333333,0.423900000000),
double3(0.832700000000,0.976333333333,0.597300000000),
double3(0.845900000000,0.975933333333,0.367600000000),
double3(0.972250000000,0.819833333333,0.633666666667),
double3(0.980350000000,0.916666666667,0.606833333333),
double3(0.529700000000,0.843866666667,0.568833333333),
double3(0.942650000000,0.847766666667,0.552900000000),
double3(0.892200000000,0.986633333333,0.394500000000),
double3(0.910050000000,0.750000000000,0.416233333333),
double3(0.896600000000,0.680800000000,0.480633333333),
double3(0.919350000000,0.750000000000,0.542200000000),
double3(0.981250000000,0.857033333333,0.590566666667),
double3(0.917300000000,0.690333333333,0.430633333333),
double3(0.904100000000,0.690733333333,0.534266666667),
double3(0.972250000000,0.680166666667,0.633666666667),
double3(0.529700000000,0.989466666667,0.568833333333),
double3(0.942650000000,0.985566666667,0.552900000000),
double3(0.892200000000,0.846700000000,0.394500000000),
double3(0.896600000000,0.819200000000,0.480633333333),
double3(0.981250000000,0.976300000000,0.590566666667),
double3(0.917300000000,0.809666666667,0.430633333333),
double3(0.904100000000,0.809266666667,0.534266666667),
double3(0.777750000000,0.986500000000,0.467000000000),
double3(0.720300000000,0.677200000000,0.402166666667),
double3(0.807350000000,0.681100000000,0.386233333333),
double3(0.857800000000,0.819966666667,0.561166666667),
double3(0.853400000000,0.847466666667,0.647300000000),
double3(0.768750000000,0.690366666667,0.423900000000),
double3(0.832700000000,0.857000000000,0.597300000000),
double3(0.845900000000,0.857400000000,0.367600000000),
double3(0.722250000000,0.819833333333,0.533000000000),
double3(0.779700000000,0.843866666667,0.597833333333),
double3(0.692650000000,0.847766666667,0.613766666667),
double3(0.642200000000,0.986633333333,0.438833333333),
double3(0.646600000000,0.680800000000,0.352700000000),
double3(0.731250000000,0.857033333333,0.576100000000),
double3(0.667300000000,0.690333333333,0.402700000000),
double3(0.654100000000,0.690733333333,0.632400000000),
double3(0.527750000000,0.846833333333,0.366333333333),
double3(0.970300000000,0.822800000000,0.431166666667),
double3(0.557350000000,0.818900000000,0.447100000000),
double3(0.607800000000,0.680033333333,0.605500000000),
double3(0.603400000000,0.985866666667,0.519366666667),
double3(0.518750000000,0.809633333333,0.409433333333),
double3(0.582700000000,0.976333333333,0.569366666667),
double3(0.595900000000,0.975933333333,0.465733333333),
double3(0.527750000000,0.986500000000,0.699666666667),
double3(0.519650000000,0.750000000000,0.726500000000),
double3(0.970300000000,0.677200000000,0.764500000000),
double3(0.557350000000,0.681100000000,0.780433333333),
double3(0.607800000000,0.819966666667,0.938833333333),
double3(0.589950000000,0.916666666667,0.917100000000),
double3(0.603400000000,0.847466666667,0.852700000000),
double3(0.580650000000,0.916666666667,0.791133333333),
double3(0.518750000000,0.690366666667,0.742766666667),
double3(0.582700000000,0.857000000000,0.902700000000),
double3(0.595900000000,0.857400000000,0.799066666667),
double3(0.722250000000,0.680166666667,0.866333333333),
double3(0.730350000000,0.916666666667,0.893166666667),
double3(0.779700000000,0.989466666667,0.931166666667),
double3(0.692650000000,0.985566666667,0.947100000000),
double3(0.642200000000,0.846700000000,0.772166666667),
double3(0.660050000000,0.750000000000,0.750433333333),
double3(0.646600000000,0.819200000000,0.686033333333),
double3(0.669350000000,0.750000000000,0.957800000000),
double3(0.731250000000,0.976300000000,0.909433333333),
double3(0.667300000000,0.809666666667,0.736033333333),
double3(0.654100000000,0.809266666667,0.965733333333),
double3(0.777750000000,0.846833333333,0.800333333333),
double3(0.769650000000,0.750000000000,0.773500000000),
double3(0.720300000000,0.822800000000,0.735500000000),
double3(0.807350000000,0.818900000000,0.719566666667),
double3(0.857800000000,0.680033333333,0.894500000000),
double3(0.839950000000,0.916666666667,0.916233333333),
double3(0.853400000000,0.985866666667,0.980633333333),
double3(0.830650000000,0.916666666667,0.708866666667),
double3(0.768750000000,0.809633333333,0.757233333333),
double3(0.832700000000,0.976333333333,0.930633333333),
double3(0.845900000000,0.975933333333,0.700933333333),
double3(0.972250000000,0.819833333333,0.967000000000),
double3(0.980350000000,0.916666666667,0.940166666667),
double3(0.529700000000,0.843866666667,0.902166666667),
double3(0.942650000000,0.847766666667,0.886233333333),
double3(0.892200000000,0.986633333333,0.727833333333),
double3(0.910050000000,0.750000000000,0.749566666667),
double3(0.896600000000,0.680800000000,0.813966666667),
double3(0.919350000000,0.750000000000,0.875533333333),
double3(0.981250000000,0.857033333333,0.923900000000),
double3(0.917300000000,0.690333333333,0.763966666667),
double3(0.904100000000,0.690733333333,0.867600000000),
double3(0.972250000000,0.680166666667,0.967000000000),
double3(0.529700000000,0.989466666667,0.902166666667),
double3(0.942650000000,0.985566666667,0.886233333333),
double3(0.892200000000,0.846700000000,0.727833333333),
double3(0.896600000000,0.819200000000,0.813966666667),
double3(0.981250000000,0.976300000000,0.923900000000),
double3(0.917300000000,0.809666666667,0.763966666667),
double3(0.904100000000,0.809266666667,0.867600000000),
double3(0.777750000000,0.986500000000,0.800333333333),
double3(0.720300000000,0.677200000000,0.735500000000),
double3(0.807350000000,0.681100000000,0.719566666667),
double3(0.857800000000,0.819966666667,0.894500000000),
double3(0.853400000000,0.847466666667,0.980633333333),
double3(0.768750000000,0.690366666667,0.757233333333),
double3(0.832700000000,0.857000000000,0.930633333333),
double3(0.845900000000,0.857400000000,0.700933333333),
double3(0.722250000000,0.819833333333,0.866333333333),
double3(0.779700000000,0.843866666667,0.931166666667),
double3(0.692650000000,0.847766666667,0.947100000000),
double3(0.642200000000,0.986633333333,0.772166666667),
double3(0.646600000000,0.680800000000,0.686033333333),
double3(0.731250000000,0.857033333333,0.909433333333),
double3(0.667300000000,0.690333333333,0.736033333333),
double3(0.654100000000,0.690733333333,0.965733333333),
double3(0.527750000000,0.846833333333,0.699666666667),
double3(0.970300000000,0.822800000000,0.764500000000),
double3(0.557350000000,0.818900000000,0.780433333333),
double3(0.607800000000,0.680033333333,0.938833333333),
double3(0.603400000000,0.985866666667,0.852700000000),
double3(0.518750000000,0.809633333333,0.742766666667),
double3(0.582700000000,0.976333333333,0.902700000000),
double3(0.595900000000,0.975933333333,0.799066666667),
