 # Derivative distribution function -dV(r)/dr (or -dV(d)/dd) vs d
  0.1250000      0.0000000E+00
  0.3750000      0.0000000E+00
  0.6250000      0.0000000E+00
  0.8750000      0.0000000E+00
   1.125000      0.0000000E+00
   1.375000      0.0000000E+00
   1.625000      0.0000000E+00
   1.875000      0.0000000E+00
   2.125000      0.0000000E+00
   2.375000      0.0000000E+00
   2.625000      0.0000000E+00
   2.875000      0.0000000E+00
   3.125000      6.7558289E-03
   3.375000      1.7669201E-02
   3.625000      3.0661345E-02
   3.875000      3.3519506E-02
   4.125000      2.8322697E-02
   4.375000      3.0401468E-02
   4.625000      2.9102206E-02
   4.875000      2.3385763E-02
   5.125000      2.0787358E-02
   5.375000      2.0787239E-02
   5.625000      2.2606134E-02
   5.875000      2.1306992E-02
   6.125000      1.7929077E-02
   6.375000      1.7409444E-02
   6.625000      1.6110182E-02
   6.875000      1.5070796E-02
   7.125000      1.5070796E-02
   7.375000      1.4810920E-02
   7.625000      1.5070796E-02
   7.875000      1.3251901E-02
   8.125000      1.1433005E-02
   8.375000      1.2732267E-02
   8.625000      1.2212634E-02
   8.875000      1.1692882E-02
   9.125000      1.2212515E-02
   9.375000      1.3251901E-02
   9.625000      1.6889691E-02
   9.875000      0.3442900    
   10.12500      0.3367546    
   10.37500      6.7558289E-03
   10.62500      6.2361956E-03
   10.87500      5.9763193E-03
   11.12500      7.7952147E-03
   11.37500      4.4173002E-03
   11.62500      3.3779144E-03
   11.87500      6.4960718E-03
   12.12500      5.9764385E-03
   12.37500      3.6377907E-03
   12.62500      3.8975477E-03
   12.87500      4.6771765E-03
   13.12500      5.7165623E-03
   13.37500      7.7952147E-03
   13.62500      8.3149672E-03
   13.87500      7.0157051E-03
   14.12500      6.7558289E-03
   14.37500      8.5747242E-03
   14.62500      8.3149672E-03
   14.87500      2.0007849E-02
   15.12500      3.5078526E-02
   15.37500      4.1834474E-02
   15.62500       1.316617    
   15.87500       1.293231    
   16.12500      0.0000000E+00
   16.37500      0.0000000E+00
   16.62500      0.0000000E+00
   16.87500      0.0000000E+00
   17.12500      0.0000000E+00
   17.37500      0.0000000E+00
   17.62500      0.0000000E+00
   17.87500      0.0000000E+00
   18.12500      0.0000000E+00
   18.37500      0.0000000E+00
   18.62500      0.0000000E+00
   18.87500      0.0000000E+00
   19.12500      0.0000000E+00
   19.37500      0.0000000E+00
