 # Derivative distribution function -dV(r)/dr (or -dV(d)/dd) vs d
  0.1250000      0.0000000E+00
  0.3750000      0.0000000E+00
  0.6250000      0.0000000E+00
  0.8750000      0.0000000E+00
   1.125000      0.0000000E+00
   1.375000      0.0000000E+00
   1.625000      0.0000000E+00
   1.875000      0.0000000E+00
   2.125000      0.0000000E+00
   2.375000      0.0000000E+00
   2.625000      0.0000000E+00
   2.875000      0.0000000E+00
   3.125000      7.3997974E-03
   3.375000      0.1429068    
   3.625000      0.1484565    
   3.875000      2.7980089E-02
   4.125000      2.7980089E-02
   4.375000      2.9598832E-02
   4.625000      3.5611033E-02
   4.875000      0.1200138    
   5.125000      0.1121517    
   5.375000      2.3124099E-02
   5.625000      2.1274090E-02
   5.875000      1.7574191E-02
   6.125000      1.6880512E-02
   6.375000      1.4568210E-02
   6.625000      1.3411999E-02
   6.875000      1.2949467E-02
   7.125000      1.2718201E-02
   7.375000      1.2949467E-02
   7.625000      1.1793256E-02
   7.875000      1.2718201E-02
   8.125000      1.2718320E-02
   8.375000      1.2487054E-02
   8.625000      1.1099577E-02
   8.875000      1.0405779E-02
   9.125000      1.2718201E-02
   9.375000      1.0868311E-02
   9.625000      1.4568090E-02
   9.875000      0.3170309    
   10.12500      0.3094000    
   10.37500      6.2434673E-03
   10.62500      5.5497885E-03
   10.87500      5.5497885E-03
   11.12500      4.1623116E-03
   11.37500      4.6248436E-03
   11.62500      6.0123205E-03
   11.87500      3.9310455E-03
   12.12500      4.1623116E-03
   12.37500      3.6998987E-03
   12.62500      4.3935776E-03
   12.87500      4.8559904E-03
   13.12500      4.8559904E-03
   13.37500      5.3185225E-03
   13.62500      5.3185225E-03
   13.87500      9.0184212E-03
   14.12500      9.2496872E-03
   14.37500      9.2495680E-03
   14.62500      1.1099458E-02
   14.87500      2.2199154E-02
   15.12500      3.4223676E-02
   15.37500      3.6767244E-02
   15.62500       1.142791    
   15.87500       1.123367    
   16.12500      0.0000000E+00
   16.37500      0.0000000E+00
   16.62500      0.0000000E+00
   16.87500      0.0000000E+00
   17.12500      0.0000000E+00
   17.37500      0.0000000E+00
   17.62500      0.0000000E+00
   17.87500      0.0000000E+00
   18.12500      0.0000000E+00
   18.37500      0.0000000E+00
   18.62500      0.0000000E+00
   18.87500      0.0000000E+00
   19.12500      0.0000000E+00
   19.37500      0.0000000E+00
