[double3(12.125000000000,0.000000000000,0.000000000000),double3(0.000000000000,12.125000000000,0.000000000000),double3(0.000000000000,0.000000000000,28.636000000000)]

double3(0.098233333333,0.000000000000,0.082600000000),
double3(0.067966666667,0.000000000000,0.000000000000),
double3(0.036133333333,0.036133333333,0.068200000000),
double3(0.124066666667,0.042600000000,0.250000000000),
double3(0.114300000000,0.036000000000,0.158700000000),
double3(0.166666666667,0.077966666667,0.191600000000),
double3(0.098200000000,0.098200000000,0.201400000000),
double3(0.166666666667,0.000000000000,0.113800000000),
double3(0.059600000000,0.000000000000,0.055200000000),
double3(0.125400000000,0.063433333333,0.200500000000),
double3(0.123933333333,0.000000000000,0.128400000000),
double3(0.000000000000,0.098233333333,0.082600000000),
double3(0.000000000000,0.067966666667,0.000000000000),
double3(0.297200000000,0.036133333333,0.068200000000),
double3(0.290733333333,0.124066666667,0.250000000000),
double3(0.297333333333,0.114300000000,0.158700000000),
double3(0.255366666667,0.166666666667,0.191600000000),
double3(0.235133333333,0.098200000000,0.201400000000),
double3(0.000000000000,0.166666666667,0.113800000000),
double3(0.000000000000,0.059600000000,0.055200000000),
double3(0.269900000000,0.125400000000,0.200500000000),
double3(0.000000000000,0.123933333333,0.128400000000),
double3(0.235100000000,0.000000000000,0.082600000000),
double3(0.265366666667,0.000000000000,0.000000000000),
double3(0.297200000000,0.297200000000,0.068200000000),
double3(0.209266666667,0.290733333333,0.250000000000),
double3(0.219033333333,0.297333333333,0.158700000000),
double3(0.166666666667,0.255366666667,0.191600000000),
double3(0.235133333333,0.235133333333,0.201400000000),
double3(0.273733333333,0.000000000000,0.055200000000),
double3(0.207933333333,0.269900000000,0.200500000000),
double3(0.209400000000,0.000000000000,0.128400000000),
double3(0.000000000000,0.235100000000,0.082600000000),
double3(0.000000000000,0.265366666667,0.000000000000),
double3(0.036133333333,0.297200000000,0.068200000000),
double3(0.042600000000,0.209266666667,0.250000000000),
double3(0.036000000000,0.219033333333,0.158700000000),
double3(0.077966666667,0.166666666667,0.191600000000),
double3(0.098200000000,0.235133333333,0.201400000000),
double3(0.000000000000,0.273733333333,0.055200000000),
double3(0.063433333333,0.207933333333,0.200500000000),
double3(0.000000000000,0.209400000000,0.128400000000),
double3(0.098233333333,0.000000000000,0.917400000000),
double3(0.036133333333,0.297200000000,0.931800000000),
double3(0.124066666667,0.290733333333,0.750000000000),
double3(0.114300000000,0.297333333333,0.841300000000),
double3(0.166666666667,0.255366666667,0.808400000000),
double3(0.098200000000,0.235133333333,0.798600000000),
double3(0.166666666667,0.000000000000,0.886200000000),
double3(0.059600000000,0.000000000000,0.944800000000),
double3(0.125400000000,0.269900000000,0.799500000000),
double3(0.123933333333,0.000000000000,0.871600000000),
double3(0.000000000000,0.098233333333,0.917400000000),
double3(0.036133333333,0.036133333333,0.931800000000),
double3(0.042600000000,0.124066666667,0.750000000000),
double3(0.036000000000,0.114300000000,0.841300000000),
double3(0.077966666667,0.166666666667,0.808400000000),
double3(0.098200000000,0.098200000000,0.798600000000),
double3(0.000000000000,0.166666666667,0.886200000000),
double3(0.000000000000,0.059600000000,0.944800000000),
double3(0.063433333333,0.125400000000,0.799500000000),
double3(0.000000000000,0.123933333333,0.871600000000),
double3(0.235100000000,0.000000000000,0.917400000000),
double3(0.297200000000,0.036133333333,0.931800000000),
double3(0.209266666667,0.042600000000,0.750000000000),
double3(0.219033333333,0.036000000000,0.841300000000),
double3(0.166666666667,0.077966666667,0.808400000000),
double3(0.235133333333,0.098200000000,0.798600000000),
double3(0.273733333333,0.000000000000,0.944800000000),
double3(0.207933333333,0.063433333333,0.799500000000),
double3(0.209400000000,0.000000000000,0.871600000000),
double3(0.000000000000,0.235100000000,0.917400000000),
double3(0.297200000000,0.297200000000,0.931800000000),
double3(0.290733333333,0.209266666667,0.750000000000),
double3(0.297333333333,0.219033333333,0.841300000000),
double3(0.255366666667,0.166666666667,0.808400000000),
double3(0.235133333333,0.235133333333,0.798600000000),
double3(0.000000000000,0.273733333333,0.944800000000),
double3(0.269900000000,0.207933333333,0.799500000000),
double3(0.000000000000,0.209400000000,0.871600000000),
double3(0.209266666667,0.290733333333,0.750000000000),
double3(0.219033333333,0.297333333333,0.841300000000),
double3(0.207933333333,0.269900000000,0.799500000000),
double3(0.042600000000,0.209266666667,0.750000000000),
double3(0.036000000000,0.219033333333,0.841300000000),
double3(0.063433333333,0.207933333333,0.799500000000),
double3(0.124066666667,0.042600000000,0.750000000000),
double3(0.114300000000,0.036000000000,0.841300000000),
double3(0.125400000000,0.063433333333,0.799500000000),
double3(0.290733333333,0.124066666667,0.750000000000),
double3(0.297333333333,0.114300000000,0.841300000000),
double3(0.269900000000,0.125400000000,0.799500000000),
double3(0.209266666667,0.042600000000,0.250000000000),
double3(0.219033333333,0.036000000000,0.158700000000),
double3(0.207933333333,0.063433333333,0.200500000000),
double3(0.290733333333,0.209266666667,0.250000000000),
double3(0.297333333333,0.219033333333,0.158700000000),
double3(0.269900000000,0.207933333333,0.200500000000),
double3(0.124066666667,0.290733333333,0.250000000000),
double3(0.114300000000,0.297333333333,0.158700000000),
double3(0.125400000000,0.269900000000,0.200500000000),
double3(0.042600000000,0.124066666667,0.250000000000),
double3(0.036000000000,0.114300000000,0.158700000000),
double3(0.063433333333,0.125400000000,0.200500000000),
double3(0.264900000000,0.166666666667,0.582600000000),
double3(0.234633333333,0.166666666667,0.500000000000),
double3(0.202800000000,0.202800000000,0.568200000000),
double3(0.280966666667,0.202666666667,0.658700000000),
double3(0.000000000000,0.244633333333,0.691600000000),
double3(0.264866666667,0.264866666667,0.701400000000),
double3(0.000000000000,0.166666666667,0.613800000000),
double3(0.226266666667,0.166666666667,0.555200000000),
double3(0.292066666667,0.230100000000,0.700500000000),
double3(0.290600000000,0.166666666667,0.628400000000),
double3(0.166666666667,0.264900000000,0.582600000000),
double3(0.166666666667,0.234633333333,0.500000000000),
double3(0.130533333333,0.202800000000,0.568200000000),
double3(0.130666666667,0.280966666667,0.658700000000),
double3(0.088700000000,0.000000000000,0.691600000000),
double3(0.068466666667,0.264866666667,0.701400000000),
double3(0.166666666667,0.000000000000,0.613800000000),
double3(0.166666666667,0.226266666667,0.555200000000),
double3(0.103233333333,0.292066666667,0.700500000000),
double3(0.166666666667,0.290600000000,0.628400000000),
double3(0.068433333333,0.166666666667,0.582600000000),
double3(0.098700000000,0.166666666667,0.500000000000),
double3(0.130533333333,0.130533333333,0.568200000000),
double3(0.052366666667,0.130666666667,0.658700000000),
double3(0.000000000000,0.088700000000,0.691600000000),
double3(0.068466666667,0.068466666667,0.701400000000),
double3(0.107066666667,0.166666666667,0.555200000000),
double3(0.041266666667,0.103233333333,0.700500000000),
double3(0.042733333333,0.166666666667,0.628400000000),
double3(0.166666666667,0.068433333333,0.582600000000),
double3(0.166666666667,0.098700000000,0.500000000000),
double3(0.202800000000,0.130533333333,0.568200000000),
double3(0.202666666667,0.052366666667,0.658700000000),
double3(0.244633333333,0.000000000000,0.691600000000),
double3(0.264866666667,0.068466666667,0.701400000000),
double3(0.166666666667,0.107066666667,0.555200000000),
double3(0.230100000000,0.041266666667,0.700500000000),
double3(0.166666666667,0.042733333333,0.628400000000),
double3(0.264900000000,0.166666666667,0.417400000000),
double3(0.202800000000,0.130533333333,0.431800000000),
double3(0.280966666667,0.130666666667,0.341300000000),
double3(0.000000000000,0.088700000000,0.308400000000),
double3(0.264866666667,0.068466666667,0.298600000000),
double3(0.000000000000,0.166666666667,0.386200000000),
double3(0.226266666667,0.166666666667,0.444800000000),
double3(0.292066666667,0.103233333333,0.299500000000),
double3(0.290600000000,0.166666666667,0.371600000000),
double3(0.166666666667,0.264900000000,0.417400000000),
double3(0.202800000000,0.202800000000,0.431800000000),
double3(0.202666666667,0.280966666667,0.341300000000),
double3(0.244633333333,0.000000000000,0.308400000000),
double3(0.264866666667,0.264866666667,0.298600000000),
double3(0.166666666667,0.000000000000,0.386200000000),
double3(0.166666666667,0.226266666667,0.444800000000),
double3(0.230100000000,0.292066666667,0.299500000000),
double3(0.166666666667,0.290600000000,0.371600000000),
double3(0.068433333333,0.166666666667,0.417400000000),
double3(0.130533333333,0.202800000000,0.431800000000),
double3(0.052366666667,0.202666666667,0.341300000000),
double3(0.000000000000,0.244633333333,0.308400000000),
double3(0.068466666667,0.264866666667,0.298600000000),
double3(0.107066666667,0.166666666667,0.444800000000),
double3(0.041266666667,0.230100000000,0.299500000000),
double3(0.042733333333,0.166666666667,0.371600000000),
double3(0.166666666667,0.068433333333,0.417400000000),
double3(0.130533333333,0.130533333333,0.431800000000),
double3(0.130666666667,0.052366666667,0.341300000000),
double3(0.088700000000,0.000000000000,0.308400000000),
double3(0.068466666667,0.068466666667,0.298600000000),
double3(0.166666666667,0.107066666667,0.444800000000),
double3(0.103233333333,0.041266666667,0.299500000000),
double3(0.166666666667,0.042733333333,0.371600000000),
double3(0.052366666667,0.130666666667,0.341300000000),
double3(0.041266666667,0.103233333333,0.299500000000),
double3(0.202666666667,0.052366666667,0.341300000000),
double3(0.230100000000,0.041266666667,0.299500000000),
double3(0.280966666667,0.202666666667,0.341300000000),
double3(0.292066666667,0.230100000000,0.299500000000),
double3(0.130666666667,0.280966666667,0.341300000000),
double3(0.103233333333,0.292066666667,0.299500000000),
double3(0.052366666667,0.202666666667,0.658700000000),
double3(0.041266666667,0.230100000000,0.700500000000),
double3(0.130666666667,0.052366666667,0.658700000000),
double3(0.103233333333,0.041266666667,0.700500000000),
double3(0.280966666667,0.130666666667,0.658700000000),
double3(0.292066666667,0.103233333333,0.700500000000),
double3(0.202666666667,0.280966666667,0.658700000000),
double3(0.230100000000,0.292066666667,0.700500000000),
double3(0.098233333333,0.333333333333,0.082600000000),
double3(0.067966666667,0.333333333333,0.000000000000),
double3(0.036133333333,0.369466666667,0.068200000000),
double3(0.124066666667,0.375933333333,0.250000000000),
double3(0.114300000000,0.369333333333,0.158700000000),
double3(0.166666666667,0.411300000000,0.191600000000),
double3(0.098200000000,0.431533333333,0.201400000000),
double3(0.166666666667,0.333333333333,0.113800000000),
double3(0.059600000000,0.333333333333,0.055200000000),
double3(0.125400000000,0.396766666667,0.200500000000),
double3(0.123933333333,0.333333333333,0.128400000000),
double3(0.000000000000,0.431566666667,0.082600000000),
double3(0.000000000000,0.401300000000,0.000000000000),
double3(0.297200000000,0.369466666667,0.068200000000),
double3(0.290733333333,0.457400000000,0.250000000000),
double3(0.297333333333,0.447633333333,0.158700000000),
double3(0.255366666667,0.500000000000,0.191600000000),
double3(0.235133333333,0.431533333333,0.201400000000),
double3(0.000000000000,0.500000000000,0.113800000000),
double3(0.000000000000,0.392933333333,0.055200000000),
double3(0.269900000000,0.458733333333,0.200500000000),
double3(0.000000000000,0.457266666667,0.128400000000),
double3(0.235100000000,0.333333333333,0.082600000000),
double3(0.265366666667,0.333333333333,0.000000000000),
double3(0.297200000000,0.630533333333,0.068200000000),
double3(0.209266666667,0.624066666667,0.250000000000),
double3(0.219033333333,0.630666666667,0.158700000000),
double3(0.166666666667,0.588700000000,0.191600000000),
double3(0.235133333333,0.568466666667,0.201400000000),
double3(0.273733333333,0.333333333333,0.055200000000),
double3(0.207933333333,0.603233333333,0.200500000000),
double3(0.209400000000,0.333333333333,0.128400000000),
double3(0.000000000000,0.568433333333,0.082600000000),
double3(0.000000000000,0.598700000000,0.000000000000),
double3(0.036133333333,0.630533333333,0.068200000000),
double3(0.042600000000,0.542600000000,0.250000000000),
double3(0.036000000000,0.552366666667,0.158700000000),
double3(0.077966666667,0.500000000000,0.191600000000),
double3(0.098200000000,0.568466666667,0.201400000000),
double3(0.000000000000,0.607066666667,0.055200000000),
double3(0.063433333333,0.541266666667,0.200500000000),
double3(0.000000000000,0.542733333333,0.128400000000),
double3(0.098233333333,0.333333333333,0.917400000000),
double3(0.036133333333,0.630533333333,0.931800000000),
double3(0.124066666667,0.624066666667,0.750000000000),
double3(0.114300000000,0.630666666667,0.841300000000),
double3(0.166666666667,0.588700000000,0.808400000000),
double3(0.098200000000,0.568466666667,0.798600000000),
double3(0.166666666667,0.333333333333,0.886200000000),
double3(0.059600000000,0.333333333333,0.944800000000),
double3(0.125400000000,0.603233333333,0.799500000000),
double3(0.123933333333,0.333333333333,0.871600000000),
double3(0.000000000000,0.431566666667,0.917400000000),
double3(0.036133333333,0.369466666667,0.931800000000),
double3(0.042600000000,0.457400000000,0.750000000000),
double3(0.036000000000,0.447633333333,0.841300000000),
double3(0.077966666667,0.500000000000,0.808400000000),
double3(0.098200000000,0.431533333333,0.798600000000),
double3(0.000000000000,0.500000000000,0.886200000000),
double3(0.000000000000,0.392933333333,0.944800000000),
double3(0.063433333333,0.458733333333,0.799500000000),
double3(0.000000000000,0.457266666667,0.871600000000),
double3(0.235100000000,0.333333333333,0.917400000000),
double3(0.297200000000,0.369466666667,0.931800000000),
double3(0.209266666667,0.375933333333,0.750000000000),
double3(0.219033333333,0.369333333333,0.841300000000),
double3(0.166666666667,0.411300000000,0.808400000000),
double3(0.235133333333,0.431533333333,0.798600000000),
double3(0.273733333333,0.333333333333,0.944800000000),
double3(0.207933333333,0.396766666667,0.799500000000),
double3(0.209400000000,0.333333333333,0.871600000000),
double3(0.000000000000,0.568433333333,0.917400000000),
double3(0.297200000000,0.630533333333,0.931800000000),
double3(0.290733333333,0.542600000000,0.750000000000),
double3(0.297333333333,0.552366666667,0.841300000000),
double3(0.255366666667,0.500000000000,0.808400000000),
double3(0.235133333333,0.568466666667,0.798600000000),
double3(0.000000000000,0.607066666667,0.944800000000),
double3(0.269900000000,0.541266666667,0.799500000000),
double3(0.000000000000,0.542733333333,0.871600000000),
double3(0.209266666667,0.624066666667,0.750000000000),
double3(0.219033333333,0.630666666667,0.841300000000),
double3(0.207933333333,0.603233333333,0.799500000000),
double3(0.042600000000,0.542600000000,0.750000000000),
double3(0.036000000000,0.552366666667,0.841300000000),
double3(0.063433333333,0.541266666667,0.799500000000),
double3(0.124066666667,0.375933333333,0.750000000000),
double3(0.114300000000,0.369333333333,0.841300000000),
double3(0.125400000000,0.396766666667,0.799500000000),
double3(0.290733333333,0.457400000000,0.750000000000),
double3(0.297333333333,0.447633333333,0.841300000000),
double3(0.269900000000,0.458733333333,0.799500000000),
double3(0.209266666667,0.375933333333,0.250000000000),
double3(0.219033333333,0.369333333333,0.158700000000),
double3(0.207933333333,0.396766666667,0.200500000000),
double3(0.290733333333,0.542600000000,0.250000000000),
double3(0.297333333333,0.552366666667,0.158700000000),
double3(0.269900000000,0.541266666667,0.200500000000),
double3(0.124066666667,0.624066666667,0.250000000000),
double3(0.114300000000,0.630666666667,0.158700000000),
double3(0.125400000000,0.603233333333,0.200500000000),
double3(0.042600000000,0.457400000000,0.250000000000),
double3(0.036000000000,0.447633333333,0.158700000000),
double3(0.063433333333,0.458733333333,0.200500000000),
double3(0.264900000000,0.500000000000,0.582600000000),
double3(0.234633333333,0.500000000000,0.500000000000),
double3(0.202800000000,0.536133333333,0.568200000000),
double3(0.280966666667,0.536000000000,0.658700000000),
double3(0.000000000000,0.577966666667,0.691600000000),
double3(0.264866666667,0.598200000000,0.701400000000),
double3(0.000000000000,0.500000000000,0.613800000000),
double3(0.226266666667,0.500000000000,0.555200000000),
double3(0.292066666667,0.563433333333,0.700500000000),
double3(0.290600000000,0.500000000000,0.628400000000),
double3(0.166666666667,0.598233333333,0.582600000000),
double3(0.166666666667,0.567966666667,0.500000000000),
double3(0.130533333333,0.536133333333,0.568200000000),
double3(0.130666666667,0.614300000000,0.658700000000),
double3(0.088700000000,0.333333333333,0.691600000000),
double3(0.068466666667,0.598200000000,0.701400000000),
double3(0.166666666667,0.333333333333,0.613800000000),
double3(0.166666666667,0.559600000000,0.555200000000),
double3(0.103233333333,0.625400000000,0.700500000000),
double3(0.166666666667,0.623933333333,0.628400000000),
double3(0.068433333333,0.500000000000,0.582600000000),
double3(0.098700000000,0.500000000000,0.500000000000),
double3(0.130533333333,0.463866666667,0.568200000000),
double3(0.052366666667,0.464000000000,0.658700000000),
double3(0.000000000000,0.422033333333,0.691600000000),
double3(0.068466666667,0.401800000000,0.701400000000),
double3(0.107066666667,0.500000000000,0.555200000000),
double3(0.041266666667,0.436566666667,0.700500000000),
double3(0.042733333333,0.500000000000,0.628400000000),
double3(0.166666666667,0.401766666667,0.582600000000),
double3(0.166666666667,0.432033333333,0.500000000000),
double3(0.202800000000,0.463866666667,0.568200000000),
double3(0.202666666667,0.385700000000,0.658700000000),
double3(0.244633333333,0.333333333333,0.691600000000),
double3(0.264866666667,0.401800000000,0.701400000000),
double3(0.166666666667,0.440400000000,0.555200000000),
double3(0.230100000000,0.374600000000,0.700500000000),
double3(0.166666666667,0.376066666667,0.628400000000),
double3(0.264900000000,0.500000000000,0.417400000000),
double3(0.202800000000,0.463866666667,0.431800000000),
double3(0.280966666667,0.464000000000,0.341300000000),
double3(0.000000000000,0.422033333333,0.308400000000),
double3(0.264866666667,0.401800000000,0.298600000000),
double3(0.000000000000,0.500000000000,0.386200000000),
double3(0.226266666667,0.500000000000,0.444800000000),
double3(0.292066666667,0.436566666667,0.299500000000),
double3(0.290600000000,0.500000000000,0.371600000000),
double3(0.166666666667,0.598233333333,0.417400000000),
double3(0.202800000000,0.536133333333,0.431800000000),
double3(0.202666666667,0.614300000000,0.341300000000),
double3(0.244633333333,0.333333333333,0.308400000000),
double3(0.264866666667,0.598200000000,0.298600000000),
double3(0.166666666667,0.333333333333,0.386200000000),
double3(0.166666666667,0.559600000000,0.444800000000),
double3(0.230100000000,0.625400000000,0.299500000000),
double3(0.166666666667,0.623933333333,0.371600000000),
double3(0.068433333333,0.500000000000,0.417400000000),
double3(0.130533333333,0.536133333333,0.431800000000),
double3(0.052366666667,0.536000000000,0.341300000000),
double3(0.000000000000,0.577966666667,0.308400000000),
double3(0.068466666667,0.598200000000,0.298600000000),
double3(0.107066666667,0.500000000000,0.444800000000),
double3(0.041266666667,0.563433333333,0.299500000000),
double3(0.042733333333,0.500000000000,0.371600000000),
double3(0.166666666667,0.401766666667,0.417400000000),
double3(0.130533333333,0.463866666667,0.431800000000),
double3(0.130666666667,0.385700000000,0.341300000000),
double3(0.088700000000,0.333333333333,0.308400000000),
double3(0.068466666667,0.401800000000,0.298600000000),
double3(0.166666666667,0.440400000000,0.444800000000),
double3(0.103233333333,0.374600000000,0.299500000000),
double3(0.166666666667,0.376066666667,0.371600000000),
double3(0.052366666667,0.464000000000,0.341300000000),
double3(0.041266666667,0.436566666667,0.299500000000),
double3(0.202666666667,0.385700000000,0.341300000000),
double3(0.230100000000,0.374600000000,0.299500000000),
double3(0.280966666667,0.536000000000,0.341300000000),
double3(0.292066666667,0.563433333333,0.299500000000),
double3(0.130666666667,0.614300000000,0.341300000000),
double3(0.103233333333,0.625400000000,0.299500000000),
double3(0.052366666667,0.536000000000,0.658700000000),
double3(0.041266666667,0.563433333333,0.700500000000),
double3(0.130666666667,0.385700000000,0.658700000000),
double3(0.103233333333,0.374600000000,0.700500000000),
double3(0.280966666667,0.464000000000,0.658700000000),
double3(0.292066666667,0.436566666667,0.700500000000),
double3(0.202666666667,0.614300000000,0.658700000000),
double3(0.230100000000,0.625400000000,0.700500000000),
double3(0.098233333333,0.666666666667,0.082600000000),
double3(0.067966666667,0.666666666667,0.000000000000),
double3(0.036133333333,0.702800000000,0.068200000000),
double3(0.124066666667,0.709266666667,0.250000000000),
double3(0.114300000000,0.702666666667,0.158700000000),
double3(0.166666666667,0.744633333333,0.191600000000),
double3(0.098200000000,0.764866666667,0.201400000000),
double3(0.166666666667,0.666666666667,0.113800000000),
double3(0.059600000000,0.666666666667,0.055200000000),
double3(0.125400000000,0.730100000000,0.200500000000),
double3(0.123933333333,0.666666666667,0.128400000000),
double3(0.000000000000,0.764900000000,0.082600000000),
double3(0.000000000000,0.734633333333,0.000000000000),
double3(0.297200000000,0.702800000000,0.068200000000),
double3(0.290733333333,0.790733333333,0.250000000000),
double3(0.297333333333,0.780966666667,0.158700000000),
double3(0.255366666667,0.833333333333,0.191600000000),
double3(0.235133333333,0.764866666667,0.201400000000),
double3(0.000000000000,0.833333333333,0.113800000000),
double3(0.000000000000,0.726266666667,0.055200000000),
double3(0.269900000000,0.792066666667,0.200500000000),
double3(0.000000000000,0.790600000000,0.128400000000),
double3(0.235100000000,0.666666666667,0.082600000000),
double3(0.265366666667,0.666666666667,0.000000000000),
double3(0.297200000000,0.963866666667,0.068200000000),
double3(0.209266666667,0.957400000000,0.250000000000),
double3(0.219033333333,0.964000000000,0.158700000000),
double3(0.166666666667,0.922033333333,0.191600000000),
double3(0.235133333333,0.901800000000,0.201400000000),
double3(0.273733333333,0.666666666667,0.055200000000),
double3(0.207933333333,0.936566666667,0.200500000000),
double3(0.209400000000,0.666666666667,0.128400000000),
double3(0.000000000000,0.901766666667,0.082600000000),
double3(0.000000000000,0.932033333333,0.000000000000),
double3(0.036133333333,0.963866666667,0.068200000000),
double3(0.042600000000,0.875933333333,0.250000000000),
double3(0.036000000000,0.885700000000,0.158700000000),
double3(0.077966666667,0.833333333333,0.191600000000),
double3(0.098200000000,0.901800000000,0.201400000000),
double3(0.000000000000,0.940400000000,0.055200000000),
double3(0.063433333333,0.874600000000,0.200500000000),
double3(0.000000000000,0.876066666667,0.128400000000),
double3(0.098233333333,0.666666666667,0.917400000000),
double3(0.036133333333,0.963866666667,0.931800000000),
double3(0.124066666667,0.957400000000,0.750000000000),
double3(0.114300000000,0.964000000000,0.841300000000),
double3(0.166666666667,0.922033333333,0.808400000000),
double3(0.098200000000,0.901800000000,0.798600000000),
double3(0.166666666667,0.666666666667,0.886200000000),
double3(0.059600000000,0.666666666667,0.944800000000),
double3(0.125400000000,0.936566666667,0.799500000000),
double3(0.123933333333,0.666666666667,0.871600000000),
double3(0.000000000000,0.764900000000,0.917400000000),
double3(0.036133333333,0.702800000000,0.931800000000),
double3(0.042600000000,0.790733333333,0.750000000000),
double3(0.036000000000,0.780966666667,0.841300000000),
double3(0.077966666667,0.833333333333,0.808400000000),
double3(0.098200000000,0.764866666667,0.798600000000),
double3(0.000000000000,0.833333333333,0.886200000000),
double3(0.000000000000,0.726266666667,0.944800000000),
double3(0.063433333333,0.792066666667,0.799500000000),
double3(0.000000000000,0.790600000000,0.871600000000),
double3(0.235100000000,0.666666666667,0.917400000000),
double3(0.297200000000,0.702800000000,0.931800000000),
double3(0.209266666667,0.709266666667,0.750000000000),
double3(0.219033333333,0.702666666667,0.841300000000),
double3(0.166666666667,0.744633333333,0.808400000000),
double3(0.235133333333,0.764866666667,0.798600000000),
double3(0.273733333333,0.666666666667,0.944800000000),
double3(0.207933333333,0.730100000000,0.799500000000),
double3(0.209400000000,0.666666666667,0.871600000000),
double3(0.000000000000,0.901766666667,0.917400000000),
double3(0.297200000000,0.963866666667,0.931800000000),
double3(0.290733333333,0.875933333333,0.750000000000),
double3(0.297333333333,0.885700000000,0.841300000000),
double3(0.255366666667,0.833333333333,0.808400000000),
double3(0.235133333333,0.901800000000,0.798600000000),
double3(0.000000000000,0.940400000000,0.944800000000),
double3(0.269900000000,0.874600000000,0.799500000000),
double3(0.000000000000,0.876066666667,0.871600000000),
double3(0.209266666667,0.957400000000,0.750000000000),
double3(0.219033333333,0.964000000000,0.841300000000),
double3(0.207933333333,0.936566666667,0.799500000000),
double3(0.042600000000,0.875933333333,0.750000000000),
double3(0.036000000000,0.885700000000,0.841300000000),
double3(0.063433333333,0.874600000000,0.799500000000),
double3(0.124066666667,0.709266666667,0.750000000000),
double3(0.114300000000,0.702666666667,0.841300000000),
double3(0.125400000000,0.730100000000,0.799500000000),
double3(0.290733333333,0.790733333333,0.750000000000),
double3(0.297333333333,0.780966666667,0.841300000000),
double3(0.269900000000,0.792066666667,0.799500000000),
double3(0.209266666667,0.709266666667,0.250000000000),
double3(0.219033333333,0.702666666667,0.158700000000),
double3(0.207933333333,0.730100000000,0.200500000000),
double3(0.290733333333,0.875933333333,0.250000000000),
double3(0.297333333333,0.885700000000,0.158700000000),
double3(0.269900000000,0.874600000000,0.200500000000),
double3(0.124066666667,0.957400000000,0.250000000000),
double3(0.114300000000,0.964000000000,0.158700000000),
double3(0.125400000000,0.936566666667,0.200500000000),
double3(0.042600000000,0.790733333333,0.250000000000),
double3(0.036000000000,0.780966666667,0.158700000000),
double3(0.063433333333,0.792066666667,0.200500000000),
double3(0.264900000000,0.833333333333,0.582600000000),
double3(0.234633333333,0.833333333333,0.500000000000),
double3(0.202800000000,0.869466666667,0.568200000000),
double3(0.280966666667,0.869333333333,0.658700000000),
double3(0.000000000000,0.911300000000,0.691600000000),
double3(0.264866666667,0.931533333333,0.701400000000),
double3(0.000000000000,0.833333333333,0.613800000000),
double3(0.226266666667,0.833333333333,0.555200000000),
double3(0.292066666667,0.896766666667,0.700500000000),
double3(0.290600000000,0.833333333333,0.628400000000),
double3(0.166666666667,0.931566666667,0.582600000000),
double3(0.166666666667,0.901300000000,0.500000000000),
double3(0.130533333333,0.869466666667,0.568200000000),
double3(0.130666666667,0.947633333333,0.658700000000),
double3(0.088700000000,0.666666666667,0.691600000000),
double3(0.068466666667,0.931533333333,0.701400000000),
double3(0.166666666667,0.666666666667,0.613800000000),
double3(0.166666666667,0.892933333333,0.555200000000),
double3(0.103233333333,0.958733333333,0.700500000000),
double3(0.166666666667,0.957266666667,0.628400000000),
double3(0.068433333333,0.833333333333,0.582600000000),
double3(0.098700000000,0.833333333333,0.500000000000),
double3(0.130533333333,0.797200000000,0.568200000000),
double3(0.052366666667,0.797333333333,0.658700000000),
double3(0.000000000000,0.755366666667,0.691600000000),
double3(0.068466666667,0.735133333333,0.701400000000),
double3(0.107066666667,0.833333333333,0.555200000000),
double3(0.041266666667,0.769900000000,0.700500000000),
double3(0.042733333333,0.833333333333,0.628400000000),
double3(0.166666666667,0.735100000000,0.582600000000),
double3(0.166666666667,0.765366666667,0.500000000000),
double3(0.202800000000,0.797200000000,0.568200000000),
double3(0.202666666667,0.719033333333,0.658700000000),
double3(0.244633333333,0.666666666667,0.691600000000),
double3(0.264866666667,0.735133333333,0.701400000000),
double3(0.166666666667,0.773733333333,0.555200000000),
double3(0.230100000000,0.707933333333,0.700500000000),
double3(0.166666666667,0.709400000000,0.628400000000),
double3(0.264900000000,0.833333333333,0.417400000000),
double3(0.202800000000,0.797200000000,0.431800000000),
double3(0.280966666667,0.797333333333,0.341300000000),
double3(0.000000000000,0.755366666667,0.308400000000),
double3(0.264866666667,0.735133333333,0.298600000000),
double3(0.000000000000,0.833333333333,0.386200000000),
double3(0.226266666667,0.833333333333,0.444800000000),
double3(0.292066666667,0.769900000000,0.299500000000),
double3(0.290600000000,0.833333333333,0.371600000000),
double3(0.166666666667,0.931566666667,0.417400000000),
double3(0.202800000000,0.869466666667,0.431800000000),
double3(0.202666666667,0.947633333333,0.341300000000),
double3(0.244633333333,0.666666666667,0.308400000000),
double3(0.264866666667,0.931533333333,0.298600000000),
double3(0.166666666667,0.666666666667,0.386200000000),
double3(0.166666666667,0.892933333333,0.444800000000),
double3(0.230100000000,0.958733333333,0.299500000000),
double3(0.166666666667,0.957266666667,0.371600000000),
double3(0.068433333333,0.833333333333,0.417400000000),
double3(0.130533333333,0.869466666667,0.431800000000),
double3(0.052366666667,0.869333333333,0.341300000000),
double3(0.000000000000,0.911300000000,0.308400000000),
double3(0.068466666667,0.931533333333,0.298600000000),
double3(0.107066666667,0.833333333333,0.444800000000),
double3(0.041266666667,0.896766666667,0.299500000000),
double3(0.042733333333,0.833333333333,0.371600000000),
double3(0.166666666667,0.735100000000,0.417400000000),
double3(0.130533333333,0.797200000000,0.431800000000),
double3(0.130666666667,0.719033333333,0.341300000000),
double3(0.088700000000,0.666666666667,0.308400000000),
double3(0.068466666667,0.735133333333,0.298600000000),
double3(0.166666666667,0.773733333333,0.444800000000),
double3(0.103233333333,0.707933333333,0.299500000000),
double3(0.166666666667,0.709400000000,0.371600000000),
double3(0.052366666667,0.797333333333,0.341300000000),
double3(0.041266666667,0.769900000000,0.299500000000),
double3(0.202666666667,0.719033333333,0.341300000000),
double3(0.230100000000,0.707933333333,0.299500000000),
double3(0.280966666667,0.869333333333,0.341300000000),
double3(0.292066666667,0.896766666667,0.299500000000),
double3(0.130666666667,0.947633333333,0.341300000000),
double3(0.103233333333,0.958733333333,0.299500000000),
double3(0.052366666667,0.869333333333,0.658700000000),
double3(0.041266666667,0.896766666667,0.700500000000),
double3(0.130666666667,0.719033333333,0.658700000000),
double3(0.103233333333,0.707933333333,0.700500000000),
double3(0.280966666667,0.797333333333,0.658700000000),
double3(0.292066666667,0.769900000000,0.700500000000),
double3(0.202666666667,0.947633333333,0.658700000000),
double3(0.230100000000,0.958733333333,0.700500000000),
double3(0.431566666667,0.000000000000,0.082600000000),
double3(0.401300000000,0.000000000000,0.000000000000),
double3(0.369466666667,0.036133333333,0.068200000000),
double3(0.457400000000,0.042600000000,0.250000000000),
double3(0.447633333333,0.036000000000,0.158700000000),
double3(0.500000000000,0.077966666667,0.191600000000),
double3(0.431533333333,0.098200000000,0.201400000000),
double3(0.500000000000,0.000000000000,0.113800000000),
double3(0.392933333333,0.000000000000,0.055200000000),
double3(0.458733333333,0.063433333333,0.200500000000),
double3(0.457266666667,0.000000000000,0.128400000000),
double3(0.333333333333,0.098233333333,0.082600000000),
double3(0.333333333333,0.067966666667,0.000000000000),
double3(0.630533333333,0.036133333333,0.068200000000),
double3(0.624066666667,0.124066666667,0.250000000000),
double3(0.630666666667,0.114300000000,0.158700000000),
double3(0.588700000000,0.166666666667,0.191600000000),
double3(0.568466666667,0.098200000000,0.201400000000),
double3(0.333333333333,0.166666666667,0.113800000000),
double3(0.333333333333,0.059600000000,0.055200000000),
double3(0.603233333333,0.125400000000,0.200500000000),
double3(0.333333333333,0.123933333333,0.128400000000),
double3(0.568433333333,0.000000000000,0.082600000000),
double3(0.598700000000,0.000000000000,0.000000000000),
double3(0.630533333333,0.297200000000,0.068200000000),
double3(0.542600000000,0.290733333333,0.250000000000),
double3(0.552366666667,0.297333333333,0.158700000000),
double3(0.500000000000,0.255366666667,0.191600000000),
double3(0.568466666667,0.235133333333,0.201400000000),
double3(0.607066666667,0.000000000000,0.055200000000),
double3(0.541266666667,0.269900000000,0.200500000000),
double3(0.542733333333,0.000000000000,0.128400000000),
double3(0.333333333333,0.235100000000,0.082600000000),
double3(0.333333333333,0.265366666667,0.000000000000),
double3(0.369466666667,0.297200000000,0.068200000000),
double3(0.375933333333,0.209266666667,0.250000000000),
double3(0.369333333333,0.219033333333,0.158700000000),
double3(0.411300000000,0.166666666667,0.191600000000),
double3(0.431533333333,0.235133333333,0.201400000000),
double3(0.333333333333,0.273733333333,0.055200000000),
double3(0.396766666667,0.207933333333,0.200500000000),
double3(0.333333333333,0.209400000000,0.128400000000),
double3(0.431566666667,0.000000000000,0.917400000000),
double3(0.369466666667,0.297200000000,0.931800000000),
double3(0.457400000000,0.290733333333,0.750000000000),
double3(0.447633333333,0.297333333333,0.841300000000),
double3(0.500000000000,0.255366666667,0.808400000000),
double3(0.431533333333,0.235133333333,0.798600000000),
double3(0.500000000000,0.000000000000,0.886200000000),
double3(0.392933333333,0.000000000000,0.944800000000),
double3(0.458733333333,0.269900000000,0.799500000000),
double3(0.457266666667,0.000000000000,0.871600000000),
double3(0.333333333333,0.098233333333,0.917400000000),
double3(0.369466666667,0.036133333333,0.931800000000),
double3(0.375933333333,0.124066666667,0.750000000000),
double3(0.369333333333,0.114300000000,0.841300000000),
double3(0.411300000000,0.166666666667,0.808400000000),
double3(0.431533333333,0.098200000000,0.798600000000),
double3(0.333333333333,0.166666666667,0.886200000000),
double3(0.333333333333,0.059600000000,0.944800000000),
double3(0.396766666667,0.125400000000,0.799500000000),
double3(0.333333333333,0.123933333333,0.871600000000),
double3(0.568433333333,0.000000000000,0.917400000000),
double3(0.630533333333,0.036133333333,0.931800000000),
double3(0.542600000000,0.042600000000,0.750000000000),
double3(0.552366666667,0.036000000000,0.841300000000),
double3(0.500000000000,0.077966666667,0.808400000000),
double3(0.568466666667,0.098200000000,0.798600000000),
double3(0.607066666667,0.000000000000,0.944800000000),
double3(0.541266666667,0.063433333333,0.799500000000),
double3(0.542733333333,0.000000000000,0.871600000000),
double3(0.333333333333,0.235100000000,0.917400000000),
double3(0.630533333333,0.297200000000,0.931800000000),
double3(0.624066666667,0.209266666667,0.750000000000),
double3(0.630666666667,0.219033333333,0.841300000000),
double3(0.588700000000,0.166666666667,0.808400000000),
double3(0.568466666667,0.235133333333,0.798600000000),
double3(0.333333333333,0.273733333333,0.944800000000),
double3(0.603233333333,0.207933333333,0.799500000000),
double3(0.333333333333,0.209400000000,0.871600000000),
double3(0.542600000000,0.290733333333,0.750000000000),
double3(0.552366666667,0.297333333333,0.841300000000),
double3(0.541266666667,0.269900000000,0.799500000000),
double3(0.375933333333,0.209266666667,0.750000000000),
double3(0.369333333333,0.219033333333,0.841300000000),
double3(0.396766666667,0.207933333333,0.799500000000),
double3(0.457400000000,0.042600000000,0.750000000000),
double3(0.447633333333,0.036000000000,0.841300000000),
double3(0.458733333333,0.063433333333,0.799500000000),
double3(0.624066666667,0.124066666667,0.750000000000),
double3(0.630666666667,0.114300000000,0.841300000000),
double3(0.603233333333,0.125400000000,0.799500000000),
double3(0.542600000000,0.042600000000,0.250000000000),
double3(0.552366666667,0.036000000000,0.158700000000),
double3(0.541266666667,0.063433333333,0.200500000000),
double3(0.624066666667,0.209266666667,0.250000000000),
double3(0.630666666667,0.219033333333,0.158700000000),
double3(0.603233333333,0.207933333333,0.200500000000),
double3(0.457400000000,0.290733333333,0.250000000000),
double3(0.447633333333,0.297333333333,0.158700000000),
double3(0.458733333333,0.269900000000,0.200500000000),
double3(0.375933333333,0.124066666667,0.250000000000),
double3(0.369333333333,0.114300000000,0.158700000000),
double3(0.396766666667,0.125400000000,0.200500000000),
double3(0.598233333333,0.166666666667,0.582600000000),
double3(0.567966666667,0.166666666667,0.500000000000),
double3(0.536133333333,0.202800000000,0.568200000000),
double3(0.614300000000,0.202666666667,0.658700000000),
double3(0.333333333333,0.244633333333,0.691600000000),
double3(0.598200000000,0.264866666667,0.701400000000),
double3(0.333333333333,0.166666666667,0.613800000000),
double3(0.559600000000,0.166666666667,0.555200000000),
double3(0.625400000000,0.230100000000,0.700500000000),
double3(0.623933333333,0.166666666667,0.628400000000),
double3(0.500000000000,0.264900000000,0.582600000000),
double3(0.500000000000,0.234633333333,0.500000000000),
double3(0.463866666667,0.202800000000,0.568200000000),
double3(0.464000000000,0.280966666667,0.658700000000),
double3(0.422033333333,0.000000000000,0.691600000000),
double3(0.401800000000,0.264866666667,0.701400000000),
double3(0.500000000000,0.000000000000,0.613800000000),
double3(0.500000000000,0.226266666667,0.555200000000),
double3(0.436566666667,0.292066666667,0.700500000000),
double3(0.500000000000,0.290600000000,0.628400000000),
double3(0.401766666667,0.166666666667,0.582600000000),
double3(0.432033333333,0.166666666667,0.500000000000),
double3(0.463866666667,0.130533333333,0.568200000000),
double3(0.385700000000,0.130666666667,0.658700000000),
double3(0.333333333333,0.088700000000,0.691600000000),
double3(0.401800000000,0.068466666667,0.701400000000),
double3(0.440400000000,0.166666666667,0.555200000000),
double3(0.374600000000,0.103233333333,0.700500000000),
double3(0.376066666667,0.166666666667,0.628400000000),
double3(0.500000000000,0.068433333333,0.582600000000),
double3(0.500000000000,0.098700000000,0.500000000000),
double3(0.536133333333,0.130533333333,0.568200000000),
double3(0.536000000000,0.052366666667,0.658700000000),
double3(0.577966666667,0.000000000000,0.691600000000),
double3(0.598200000000,0.068466666667,0.701400000000),
double3(0.500000000000,0.107066666667,0.555200000000),
double3(0.563433333333,0.041266666667,0.700500000000),
double3(0.500000000000,0.042733333333,0.628400000000),
double3(0.598233333333,0.166666666667,0.417400000000),
double3(0.536133333333,0.130533333333,0.431800000000),
double3(0.614300000000,0.130666666667,0.341300000000),
double3(0.333333333333,0.088700000000,0.308400000000),
double3(0.598200000000,0.068466666667,0.298600000000),
double3(0.333333333333,0.166666666667,0.386200000000),
double3(0.559600000000,0.166666666667,0.444800000000),
double3(0.625400000000,0.103233333333,0.299500000000),
double3(0.623933333333,0.166666666667,0.371600000000),
double3(0.500000000000,0.264900000000,0.417400000000),
double3(0.536133333333,0.202800000000,0.431800000000),
double3(0.536000000000,0.280966666667,0.341300000000),
double3(0.577966666667,0.000000000000,0.308400000000),
double3(0.598200000000,0.264866666667,0.298600000000),
double3(0.500000000000,0.000000000000,0.386200000000),
double3(0.500000000000,0.226266666667,0.444800000000),
double3(0.563433333333,0.292066666667,0.299500000000),
double3(0.500000000000,0.290600000000,0.371600000000),
double3(0.401766666667,0.166666666667,0.417400000000),
double3(0.463866666667,0.202800000000,0.431800000000),
double3(0.385700000000,0.202666666667,0.341300000000),
double3(0.333333333333,0.244633333333,0.308400000000),
double3(0.401800000000,0.264866666667,0.298600000000),
double3(0.440400000000,0.166666666667,0.444800000000),
double3(0.374600000000,0.230100000000,0.299500000000),
double3(0.376066666667,0.166666666667,0.371600000000),
double3(0.500000000000,0.068433333333,0.417400000000),
double3(0.463866666667,0.130533333333,0.431800000000),
double3(0.464000000000,0.052366666667,0.341300000000),
double3(0.422033333333,0.000000000000,0.308400000000),
double3(0.401800000000,0.068466666667,0.298600000000),
double3(0.500000000000,0.107066666667,0.444800000000),
double3(0.436566666667,0.041266666667,0.299500000000),
double3(0.500000000000,0.042733333333,0.371600000000),
double3(0.385700000000,0.130666666667,0.341300000000),
double3(0.374600000000,0.103233333333,0.299500000000),
double3(0.536000000000,0.052366666667,0.341300000000),
double3(0.563433333333,0.041266666667,0.299500000000),
double3(0.614300000000,0.202666666667,0.341300000000),
double3(0.625400000000,0.230100000000,0.299500000000),
double3(0.464000000000,0.280966666667,0.341300000000),
double3(0.436566666667,0.292066666667,0.299500000000),
double3(0.385700000000,0.202666666667,0.658700000000),
double3(0.374600000000,0.230100000000,0.700500000000),
double3(0.464000000000,0.052366666667,0.658700000000),
double3(0.436566666667,0.041266666667,0.700500000000),
double3(0.614300000000,0.130666666667,0.658700000000),
double3(0.625400000000,0.103233333333,0.700500000000),
double3(0.536000000000,0.280966666667,0.658700000000),
double3(0.563433333333,0.292066666667,0.700500000000),
double3(0.431566666667,0.333333333333,0.082600000000),
double3(0.401300000000,0.333333333333,0.000000000000),
double3(0.369466666667,0.369466666667,0.068200000000),
double3(0.457400000000,0.375933333333,0.250000000000),
double3(0.447633333333,0.369333333333,0.158700000000),
double3(0.500000000000,0.411300000000,0.191600000000),
double3(0.431533333333,0.431533333333,0.201400000000),
double3(0.500000000000,0.333333333333,0.113800000000),
double3(0.392933333333,0.333333333333,0.055200000000),
double3(0.458733333333,0.396766666667,0.200500000000),
double3(0.457266666667,0.333333333333,0.128400000000),
double3(0.333333333333,0.431566666667,0.082600000000),
double3(0.333333333333,0.401300000000,0.000000000000),
double3(0.630533333333,0.369466666667,0.068200000000),
double3(0.624066666667,0.457400000000,0.250000000000),
double3(0.630666666667,0.447633333333,0.158700000000),
double3(0.588700000000,0.500000000000,0.191600000000),
double3(0.568466666667,0.431533333333,0.201400000000),
double3(0.333333333333,0.500000000000,0.113800000000),
double3(0.333333333333,0.392933333333,0.055200000000),
double3(0.603233333333,0.458733333333,0.200500000000),
double3(0.333333333333,0.457266666667,0.128400000000),
double3(0.568433333333,0.333333333333,0.082600000000),
double3(0.598700000000,0.333333333333,0.000000000000),
double3(0.630533333333,0.630533333333,0.068200000000),
double3(0.542600000000,0.624066666667,0.250000000000),
double3(0.552366666667,0.630666666667,0.158700000000),
double3(0.500000000000,0.588700000000,0.191600000000),
double3(0.568466666667,0.568466666667,0.201400000000),
double3(0.607066666667,0.333333333333,0.055200000000),
double3(0.541266666667,0.603233333333,0.200500000000),
double3(0.542733333333,0.333333333333,0.128400000000),
double3(0.333333333333,0.568433333333,0.082600000000),
double3(0.333333333333,0.598700000000,0.000000000000),
double3(0.369466666667,0.630533333333,0.068200000000),
double3(0.375933333333,0.542600000000,0.250000000000),
double3(0.369333333333,0.552366666667,0.158700000000),
double3(0.411300000000,0.500000000000,0.191600000000),
double3(0.431533333333,0.568466666667,0.201400000000),
double3(0.333333333333,0.607066666667,0.055200000000),
double3(0.396766666667,0.541266666667,0.200500000000),
double3(0.333333333333,0.542733333333,0.128400000000),
double3(0.431566666667,0.333333333333,0.917400000000),
double3(0.369466666667,0.630533333333,0.931800000000),
double3(0.457400000000,0.624066666667,0.750000000000),
double3(0.447633333333,0.630666666667,0.841300000000),
double3(0.500000000000,0.588700000000,0.808400000000),
double3(0.431533333333,0.568466666667,0.798600000000),
double3(0.500000000000,0.333333333333,0.886200000000),
double3(0.392933333333,0.333333333333,0.944800000000),
double3(0.458733333333,0.603233333333,0.799500000000),
double3(0.457266666667,0.333333333333,0.871600000000),
double3(0.333333333333,0.431566666667,0.917400000000),
double3(0.369466666667,0.369466666667,0.931800000000),
double3(0.375933333333,0.457400000000,0.750000000000),
double3(0.369333333333,0.447633333333,0.841300000000),
double3(0.411300000000,0.500000000000,0.808400000000),
double3(0.431533333333,0.431533333333,0.798600000000),
double3(0.333333333333,0.500000000000,0.886200000000),
double3(0.333333333333,0.392933333333,0.944800000000),
double3(0.396766666667,0.458733333333,0.799500000000),
double3(0.333333333333,0.457266666667,0.871600000000),
double3(0.568433333333,0.333333333333,0.917400000000),
double3(0.630533333333,0.369466666667,0.931800000000),
double3(0.542600000000,0.375933333333,0.750000000000),
double3(0.552366666667,0.369333333333,0.841300000000),
double3(0.500000000000,0.411300000000,0.808400000000),
double3(0.568466666667,0.431533333333,0.798600000000),
double3(0.607066666667,0.333333333333,0.944800000000),
double3(0.541266666667,0.396766666667,0.799500000000),
double3(0.542733333333,0.333333333333,0.871600000000),
double3(0.333333333333,0.568433333333,0.917400000000),
double3(0.630533333333,0.630533333333,0.931800000000),
double3(0.624066666667,0.542600000000,0.750000000000),
double3(0.630666666667,0.552366666667,0.841300000000),
double3(0.588700000000,0.500000000000,0.808400000000),
double3(0.568466666667,0.568466666667,0.798600000000),
double3(0.333333333333,0.607066666667,0.944800000000),
double3(0.603233333333,0.541266666667,0.799500000000),
double3(0.333333333333,0.542733333333,0.871600000000),
double3(0.542600000000,0.624066666667,0.750000000000),
double3(0.552366666667,0.630666666667,0.841300000000),
double3(0.541266666667,0.603233333333,0.799500000000),
double3(0.375933333333,0.542600000000,0.750000000000),
double3(0.369333333333,0.552366666667,0.841300000000),
double3(0.396766666667,0.541266666667,0.799500000000),
double3(0.457400000000,0.375933333333,0.750000000000),
double3(0.447633333333,0.369333333333,0.841300000000),
double3(0.458733333333,0.396766666667,0.799500000000),
double3(0.624066666667,0.457400000000,0.750000000000),
double3(0.630666666667,0.447633333333,0.841300000000),
double3(0.603233333333,0.458733333333,0.799500000000),
double3(0.542600000000,0.375933333333,0.250000000000),
double3(0.552366666667,0.369333333333,0.158700000000),
double3(0.541266666667,0.396766666667,0.200500000000),
double3(0.624066666667,0.542600000000,0.250000000000),
double3(0.630666666667,0.552366666667,0.158700000000),
double3(0.603233333333,0.541266666667,0.200500000000),
double3(0.457400000000,0.624066666667,0.250000000000),
double3(0.447633333333,0.630666666667,0.158700000000),
double3(0.458733333333,0.603233333333,0.200500000000),
double3(0.375933333333,0.457400000000,0.250000000000),
double3(0.369333333333,0.447633333333,0.158700000000),
double3(0.396766666667,0.458733333333,0.200500000000),
double3(0.598233333333,0.500000000000,0.582600000000),
double3(0.567966666667,0.500000000000,0.500000000000),
double3(0.536133333333,0.536133333333,0.568200000000),
double3(0.614300000000,0.536000000000,0.658700000000),
double3(0.333333333333,0.577966666667,0.691600000000),
double3(0.598200000000,0.598200000000,0.701400000000),
double3(0.333333333333,0.500000000000,0.613800000000),
double3(0.559600000000,0.500000000000,0.555200000000),
double3(0.625400000000,0.563433333333,0.700500000000),
double3(0.623933333333,0.500000000000,0.628400000000),
double3(0.500000000000,0.598233333333,0.582600000000),
double3(0.500000000000,0.567966666667,0.500000000000),
double3(0.463866666667,0.536133333333,0.568200000000),
double3(0.464000000000,0.614300000000,0.658700000000),
double3(0.422033333333,0.333333333333,0.691600000000),
double3(0.401800000000,0.598200000000,0.701400000000),
double3(0.500000000000,0.333333333333,0.613800000000),
double3(0.500000000000,0.559600000000,0.555200000000),
double3(0.436566666667,0.625400000000,0.700500000000),
double3(0.500000000000,0.623933333333,0.628400000000),
double3(0.401766666667,0.500000000000,0.582600000000),
double3(0.432033333333,0.500000000000,0.500000000000),
double3(0.463866666667,0.463866666667,0.568200000000),
double3(0.385700000000,0.464000000000,0.658700000000),
double3(0.333333333333,0.422033333333,0.691600000000),
double3(0.401800000000,0.401800000000,0.701400000000),
double3(0.440400000000,0.500000000000,0.555200000000),
double3(0.374600000000,0.436566666667,0.700500000000),
double3(0.376066666667,0.500000000000,0.628400000000),
double3(0.500000000000,0.401766666667,0.582600000000),
double3(0.500000000000,0.432033333333,0.500000000000),
double3(0.536133333333,0.463866666667,0.568200000000),
double3(0.536000000000,0.385700000000,0.658700000000),
double3(0.577966666667,0.333333333333,0.691600000000),
double3(0.598200000000,0.401800000000,0.701400000000),
double3(0.500000000000,0.440400000000,0.555200000000),
double3(0.563433333333,0.374600000000,0.700500000000),
double3(0.500000000000,0.376066666667,0.628400000000),
double3(0.598233333333,0.500000000000,0.417400000000),
double3(0.536133333333,0.463866666667,0.431800000000),
double3(0.614300000000,0.464000000000,0.341300000000),
double3(0.333333333333,0.422033333333,0.308400000000),
double3(0.598200000000,0.401800000000,0.298600000000),
double3(0.333333333333,0.500000000000,0.386200000000),
double3(0.559600000000,0.500000000000,0.444800000000),
double3(0.625400000000,0.436566666667,0.299500000000),
double3(0.623933333333,0.500000000000,0.371600000000),
double3(0.500000000000,0.598233333333,0.417400000000),
double3(0.536133333333,0.536133333333,0.431800000000),
double3(0.536000000000,0.614300000000,0.341300000000),
double3(0.577966666667,0.333333333333,0.308400000000),
double3(0.598200000000,0.598200000000,0.298600000000),
double3(0.500000000000,0.333333333333,0.386200000000),
double3(0.500000000000,0.559600000000,0.444800000000),
double3(0.563433333333,0.625400000000,0.299500000000),
double3(0.500000000000,0.623933333333,0.371600000000),
double3(0.401766666667,0.500000000000,0.417400000000),
double3(0.463866666667,0.536133333333,0.431800000000),
double3(0.385700000000,0.536000000000,0.341300000000),
double3(0.333333333333,0.577966666667,0.308400000000),
double3(0.401800000000,0.598200000000,0.298600000000),
double3(0.440400000000,0.500000000000,0.444800000000),
double3(0.374600000000,0.563433333333,0.299500000000),
double3(0.376066666667,0.500000000000,0.371600000000),
double3(0.500000000000,0.401766666667,0.417400000000),
double3(0.463866666667,0.463866666667,0.431800000000),
double3(0.464000000000,0.385700000000,0.341300000000),
double3(0.422033333333,0.333333333333,0.308400000000),
double3(0.401800000000,0.401800000000,0.298600000000),
double3(0.500000000000,0.440400000000,0.444800000000),
double3(0.436566666667,0.374600000000,0.299500000000),
double3(0.500000000000,0.376066666667,0.371600000000),
double3(0.385700000000,0.464000000000,0.341300000000),
double3(0.374600000000,0.436566666667,0.299500000000),
double3(0.536000000000,0.385700000000,0.341300000000),
double3(0.563433333333,0.374600000000,0.299500000000),
double3(0.614300000000,0.536000000000,0.341300000000),
double3(0.625400000000,0.563433333333,0.299500000000),
double3(0.464000000000,0.614300000000,0.341300000000),
double3(0.436566666667,0.625400000000,0.299500000000),
double3(0.385700000000,0.536000000000,0.658700000000),
double3(0.374600000000,0.563433333333,0.700500000000),
double3(0.464000000000,0.385700000000,0.658700000000),
double3(0.436566666667,0.374600000000,0.700500000000),
double3(0.614300000000,0.464000000000,0.658700000000),
double3(0.625400000000,0.436566666667,0.700500000000),
double3(0.536000000000,0.614300000000,0.658700000000),
double3(0.563433333333,0.625400000000,0.700500000000),
double3(0.431566666667,0.666666666667,0.082600000000),
double3(0.401300000000,0.666666666667,0.000000000000),
double3(0.369466666667,0.702800000000,0.068200000000),
double3(0.457400000000,0.709266666667,0.250000000000),
double3(0.447633333333,0.702666666667,0.158700000000),
double3(0.500000000000,0.744633333333,0.191600000000),
double3(0.431533333333,0.764866666667,0.201400000000),
double3(0.500000000000,0.666666666667,0.113800000000),
double3(0.392933333333,0.666666666667,0.055200000000),
double3(0.458733333333,0.730100000000,0.200500000000),
double3(0.457266666667,0.666666666667,0.128400000000),
double3(0.333333333333,0.764900000000,0.082600000000),
double3(0.333333333333,0.734633333333,0.000000000000),
double3(0.630533333333,0.702800000000,0.068200000000),
double3(0.624066666667,0.790733333333,0.250000000000),
double3(0.630666666667,0.780966666667,0.158700000000),
double3(0.588700000000,0.833333333333,0.191600000000),
double3(0.568466666667,0.764866666667,0.201400000000),
double3(0.333333333333,0.833333333333,0.113800000000),
double3(0.333333333333,0.726266666667,0.055200000000),
double3(0.603233333333,0.792066666667,0.200500000000),
double3(0.333333333333,0.790600000000,0.128400000000),
double3(0.568433333333,0.666666666667,0.082600000000),
double3(0.598700000000,0.666666666667,0.000000000000),
double3(0.630533333333,0.963866666667,0.068200000000),
double3(0.542600000000,0.957400000000,0.250000000000),
double3(0.552366666667,0.964000000000,0.158700000000),
double3(0.500000000000,0.922033333333,0.191600000000),
double3(0.568466666667,0.901800000000,0.201400000000),
double3(0.607066666667,0.666666666667,0.055200000000),
double3(0.541266666667,0.936566666667,0.200500000000),
double3(0.542733333333,0.666666666667,0.128400000000),
double3(0.333333333333,0.901766666667,0.082600000000),
double3(0.333333333333,0.932033333333,0.000000000000),
double3(0.369466666667,0.963866666667,0.068200000000),
double3(0.375933333333,0.875933333333,0.250000000000),
double3(0.369333333333,0.885700000000,0.158700000000),
double3(0.411300000000,0.833333333333,0.191600000000),
double3(0.431533333333,0.901800000000,0.201400000000),
double3(0.333333333333,0.940400000000,0.055200000000),
double3(0.396766666667,0.874600000000,0.200500000000),
double3(0.333333333333,0.876066666667,0.128400000000),
double3(0.431566666667,0.666666666667,0.917400000000),
double3(0.369466666667,0.963866666667,0.931800000000),
double3(0.457400000000,0.957400000000,0.750000000000),
double3(0.447633333333,0.964000000000,0.841300000000),
double3(0.500000000000,0.922033333333,0.808400000000),
double3(0.431533333333,0.901800000000,0.798600000000),
double3(0.500000000000,0.666666666667,0.886200000000),
double3(0.392933333333,0.666666666667,0.944800000000),
double3(0.458733333333,0.936566666667,0.799500000000),
double3(0.457266666667,0.666666666667,0.871600000000),
double3(0.333333333333,0.764900000000,0.917400000000),
double3(0.369466666667,0.702800000000,0.931800000000),
double3(0.375933333333,0.790733333333,0.750000000000),
double3(0.369333333333,0.780966666667,0.841300000000),
double3(0.411300000000,0.833333333333,0.808400000000),
double3(0.431533333333,0.764866666667,0.798600000000),
double3(0.333333333333,0.833333333333,0.886200000000),
double3(0.333333333333,0.726266666667,0.944800000000),
double3(0.396766666667,0.792066666667,0.799500000000),
double3(0.333333333333,0.790600000000,0.871600000000),
double3(0.568433333333,0.666666666667,0.917400000000),
double3(0.630533333333,0.702800000000,0.931800000000),
double3(0.542600000000,0.709266666667,0.750000000000),
double3(0.552366666667,0.702666666667,0.841300000000),
double3(0.500000000000,0.744633333333,0.808400000000),
double3(0.568466666667,0.764866666667,0.798600000000),
double3(0.607066666667,0.666666666667,0.944800000000),
double3(0.541266666667,0.730100000000,0.799500000000),
double3(0.542733333333,0.666666666667,0.871600000000),
double3(0.333333333333,0.901766666667,0.917400000000),
double3(0.630533333333,0.963866666667,0.931800000000),
double3(0.624066666667,0.875933333333,0.750000000000),
double3(0.630666666667,0.885700000000,0.841300000000),
double3(0.588700000000,0.833333333333,0.808400000000),
double3(0.568466666667,0.901800000000,0.798600000000),
double3(0.333333333333,0.940400000000,0.944800000000),
double3(0.603233333333,0.874600000000,0.799500000000),
double3(0.333333333333,0.876066666667,0.871600000000),
double3(0.542600000000,0.957400000000,0.750000000000),
double3(0.552366666667,0.964000000000,0.841300000000),
double3(0.541266666667,0.936566666667,0.799500000000),
double3(0.375933333333,0.875933333333,0.750000000000),
double3(0.369333333333,0.885700000000,0.841300000000),
double3(0.396766666667,0.874600000000,0.799500000000),
double3(0.457400000000,0.709266666667,0.750000000000),
double3(0.447633333333,0.702666666667,0.841300000000),
double3(0.458733333333,0.730100000000,0.799500000000),
double3(0.624066666667,0.790733333333,0.750000000000),
double3(0.630666666667,0.780966666667,0.841300000000),
double3(0.603233333333,0.792066666667,0.799500000000),
double3(0.542600000000,0.709266666667,0.250000000000),
double3(0.552366666667,0.702666666667,0.158700000000),
double3(0.541266666667,0.730100000000,0.200500000000),
double3(0.624066666667,0.875933333333,0.250000000000),
double3(0.630666666667,0.885700000000,0.158700000000),
double3(0.603233333333,0.874600000000,0.200500000000),
double3(0.457400000000,0.957400000000,0.250000000000),
double3(0.447633333333,0.964000000000,0.158700000000),
double3(0.458733333333,0.936566666667,0.200500000000),
double3(0.375933333333,0.790733333333,0.250000000000),
double3(0.369333333333,0.780966666667,0.158700000000),
double3(0.396766666667,0.792066666667,0.200500000000),
double3(0.598233333333,0.833333333333,0.582600000000),
double3(0.567966666667,0.833333333333,0.500000000000),
double3(0.536133333333,0.869466666667,0.568200000000),
double3(0.614300000000,0.869333333333,0.658700000000),
double3(0.333333333333,0.911300000000,0.691600000000),
double3(0.598200000000,0.931533333333,0.701400000000),
double3(0.333333333333,0.833333333333,0.613800000000),
double3(0.559600000000,0.833333333333,0.555200000000),
double3(0.625400000000,0.896766666667,0.700500000000),
double3(0.623933333333,0.833333333333,0.628400000000),
double3(0.500000000000,0.931566666667,0.582600000000),
double3(0.500000000000,0.901300000000,0.500000000000),
double3(0.463866666667,0.869466666667,0.568200000000),
double3(0.464000000000,0.947633333333,0.658700000000),
double3(0.422033333333,0.666666666667,0.691600000000),
double3(0.401800000000,0.931533333333,0.701400000000),
double3(0.500000000000,0.666666666667,0.613800000000),
double3(0.500000000000,0.892933333333,0.555200000000),
double3(0.436566666667,0.958733333333,0.700500000000),
double3(0.500000000000,0.957266666667,0.628400000000),
double3(0.401766666667,0.833333333333,0.582600000000),
double3(0.432033333333,0.833333333333,0.500000000000),
double3(0.463866666667,0.797200000000,0.568200000000),
double3(0.385700000000,0.797333333333,0.658700000000),
double3(0.333333333333,0.755366666667,0.691600000000),
double3(0.401800000000,0.735133333333,0.701400000000),
double3(0.440400000000,0.833333333333,0.555200000000),
double3(0.374600000000,0.769900000000,0.700500000000),
double3(0.376066666667,0.833333333333,0.628400000000),
double3(0.500000000000,0.735100000000,0.582600000000),
double3(0.500000000000,0.765366666667,0.500000000000),
double3(0.536133333333,0.797200000000,0.568200000000),
double3(0.536000000000,0.719033333333,0.658700000000),
double3(0.577966666667,0.666666666667,0.691600000000),
double3(0.598200000000,0.735133333333,0.701400000000),
double3(0.500000000000,0.773733333333,0.555200000000),
double3(0.563433333333,0.707933333333,0.700500000000),
double3(0.500000000000,0.709400000000,0.628400000000),
double3(0.598233333333,0.833333333333,0.417400000000),
double3(0.536133333333,0.797200000000,0.431800000000),
double3(0.614300000000,0.797333333333,0.341300000000),
double3(0.333333333333,0.755366666667,0.308400000000),
double3(0.598200000000,0.735133333333,0.298600000000),
double3(0.333333333333,0.833333333333,0.386200000000),
double3(0.559600000000,0.833333333333,0.444800000000),
double3(0.625400000000,0.769900000000,0.299500000000),
double3(0.623933333333,0.833333333333,0.371600000000),
double3(0.500000000000,0.931566666667,0.417400000000),
double3(0.536133333333,0.869466666667,0.431800000000),
double3(0.536000000000,0.947633333333,0.341300000000),
double3(0.577966666667,0.666666666667,0.308400000000),
double3(0.598200000000,0.931533333333,0.298600000000),
double3(0.500000000000,0.666666666667,0.386200000000),
double3(0.500000000000,0.892933333333,0.444800000000),
double3(0.563433333333,0.958733333333,0.299500000000),
double3(0.500000000000,0.957266666667,0.371600000000),
double3(0.401766666667,0.833333333333,0.417400000000),
double3(0.463866666667,0.869466666667,0.431800000000),
double3(0.385700000000,0.869333333333,0.341300000000),
double3(0.333333333333,0.911300000000,0.308400000000),
double3(0.401800000000,0.931533333333,0.298600000000),
double3(0.440400000000,0.833333333333,0.444800000000),
double3(0.374600000000,0.896766666667,0.299500000000),
double3(0.376066666667,0.833333333333,0.371600000000),
double3(0.500000000000,0.735100000000,0.417400000000),
double3(0.463866666667,0.797200000000,0.431800000000),
double3(0.464000000000,0.719033333333,0.341300000000),
double3(0.422033333333,0.666666666667,0.308400000000),
double3(0.401800000000,0.735133333333,0.298600000000),
double3(0.500000000000,0.773733333333,0.444800000000),
double3(0.436566666667,0.707933333333,0.299500000000),
double3(0.500000000000,0.709400000000,0.371600000000),
double3(0.385700000000,0.797333333333,0.341300000000),
double3(0.374600000000,0.769900000000,0.299500000000),
double3(0.536000000000,0.719033333333,0.341300000000),
double3(0.563433333333,0.707933333333,0.299500000000),
double3(0.614300000000,0.869333333333,0.341300000000),
double3(0.625400000000,0.896766666667,0.299500000000),
double3(0.464000000000,0.947633333333,0.341300000000),
double3(0.436566666667,0.958733333333,0.299500000000),
double3(0.385700000000,0.869333333333,0.658700000000),
double3(0.374600000000,0.896766666667,0.700500000000),
double3(0.464000000000,0.719033333333,0.658700000000),
double3(0.436566666667,0.707933333333,0.700500000000),
double3(0.614300000000,0.797333333333,0.658700000000),
double3(0.625400000000,0.769900000000,0.700500000000),
double3(0.536000000000,0.947633333333,0.658700000000),
double3(0.563433333333,0.958733333333,0.700500000000),
double3(0.764900000000,0.000000000000,0.082600000000),
double3(0.734633333333,0.000000000000,0.000000000000),
double3(0.702800000000,0.036133333333,0.068200000000),
double3(0.790733333333,0.042600000000,0.250000000000),
double3(0.780966666667,0.036000000000,0.158700000000),
double3(0.833333333333,0.077966666667,0.191600000000),
double3(0.764866666667,0.098200000000,0.201400000000),
double3(0.833333333333,0.000000000000,0.113800000000),
double3(0.726266666667,0.000000000000,0.055200000000),
double3(0.792066666667,0.063433333333,0.200500000000),
double3(0.790600000000,0.000000000000,0.128400000000),
double3(0.666666666667,0.098233333333,0.082600000000),
double3(0.666666666667,0.067966666667,0.000000000000),
double3(0.963866666667,0.036133333333,0.068200000000),
double3(0.957400000000,0.124066666667,0.250000000000),
double3(0.964000000000,0.114300000000,0.158700000000),
double3(0.922033333333,0.166666666667,0.191600000000),
double3(0.901800000000,0.098200000000,0.201400000000),
double3(0.666666666667,0.166666666667,0.113800000000),
double3(0.666666666667,0.059600000000,0.055200000000),
double3(0.936566666667,0.125400000000,0.200500000000),
double3(0.666666666667,0.123933333333,0.128400000000),
double3(0.901766666667,0.000000000000,0.082600000000),
double3(0.932033333333,0.000000000000,0.000000000000),
double3(0.963866666667,0.297200000000,0.068200000000),
double3(0.875933333333,0.290733333333,0.250000000000),
double3(0.885700000000,0.297333333333,0.158700000000),
double3(0.833333333333,0.255366666667,0.191600000000),
double3(0.901800000000,0.235133333333,0.201400000000),
double3(0.940400000000,0.000000000000,0.055200000000),
double3(0.874600000000,0.269900000000,0.200500000000),
double3(0.876066666667,0.000000000000,0.128400000000),
double3(0.666666666667,0.235100000000,0.082600000000),
double3(0.666666666667,0.265366666667,0.000000000000),
double3(0.702800000000,0.297200000000,0.068200000000),
double3(0.709266666667,0.209266666667,0.250000000000),
double3(0.702666666667,0.219033333333,0.158700000000),
double3(0.744633333333,0.166666666667,0.191600000000),
double3(0.764866666667,0.235133333333,0.201400000000),
double3(0.666666666667,0.273733333333,0.055200000000),
double3(0.730100000000,0.207933333333,0.200500000000),
double3(0.666666666667,0.209400000000,0.128400000000),
double3(0.764900000000,0.000000000000,0.917400000000),
double3(0.702800000000,0.297200000000,0.931800000000),
double3(0.790733333333,0.290733333333,0.750000000000),
double3(0.780966666667,0.297333333333,0.841300000000),
double3(0.833333333333,0.255366666667,0.808400000000),
double3(0.764866666667,0.235133333333,0.798600000000),
double3(0.833333333333,0.000000000000,0.886200000000),
double3(0.726266666667,0.000000000000,0.944800000000),
double3(0.792066666667,0.269900000000,0.799500000000),
double3(0.790600000000,0.000000000000,0.871600000000),
double3(0.666666666667,0.098233333333,0.917400000000),
double3(0.702800000000,0.036133333333,0.931800000000),
double3(0.709266666667,0.124066666667,0.750000000000),
double3(0.702666666667,0.114300000000,0.841300000000),
double3(0.744633333333,0.166666666667,0.808400000000),
double3(0.764866666667,0.098200000000,0.798600000000),
double3(0.666666666667,0.166666666667,0.886200000000),
double3(0.666666666667,0.059600000000,0.944800000000),
double3(0.730100000000,0.125400000000,0.799500000000),
double3(0.666666666667,0.123933333333,0.871600000000),
double3(0.901766666667,0.000000000000,0.917400000000),
double3(0.963866666667,0.036133333333,0.931800000000),
double3(0.875933333333,0.042600000000,0.750000000000),
double3(0.885700000000,0.036000000000,0.841300000000),
double3(0.833333333333,0.077966666667,0.808400000000),
double3(0.901800000000,0.098200000000,0.798600000000),
double3(0.940400000000,0.000000000000,0.944800000000),
double3(0.874600000000,0.063433333333,0.799500000000),
double3(0.876066666667,0.000000000000,0.871600000000),
double3(0.666666666667,0.235100000000,0.917400000000),
double3(0.963866666667,0.297200000000,0.931800000000),
double3(0.957400000000,0.209266666667,0.750000000000),
double3(0.964000000000,0.219033333333,0.841300000000),
double3(0.922033333333,0.166666666667,0.808400000000),
double3(0.901800000000,0.235133333333,0.798600000000),
double3(0.666666666667,0.273733333333,0.944800000000),
double3(0.936566666667,0.207933333333,0.799500000000),
double3(0.666666666667,0.209400000000,0.871600000000),
double3(0.875933333333,0.290733333333,0.750000000000),
double3(0.885700000000,0.297333333333,0.841300000000),
double3(0.874600000000,0.269900000000,0.799500000000),
double3(0.709266666667,0.209266666667,0.750000000000),
double3(0.702666666667,0.219033333333,0.841300000000),
double3(0.730100000000,0.207933333333,0.799500000000),
double3(0.790733333333,0.042600000000,0.750000000000),
double3(0.780966666667,0.036000000000,0.841300000000),
double3(0.792066666667,0.063433333333,0.799500000000),
double3(0.957400000000,0.124066666667,0.750000000000),
double3(0.964000000000,0.114300000000,0.841300000000),
double3(0.936566666667,0.125400000000,0.799500000000),
double3(0.875933333333,0.042600000000,0.250000000000),
double3(0.885700000000,0.036000000000,0.158700000000),
double3(0.874600000000,0.063433333333,0.200500000000),
double3(0.957400000000,0.209266666667,0.250000000000),
double3(0.964000000000,0.219033333333,0.158700000000),
double3(0.936566666667,0.207933333333,0.200500000000),
double3(0.790733333333,0.290733333333,0.250000000000),
double3(0.780966666667,0.297333333333,0.158700000000),
double3(0.792066666667,0.269900000000,0.200500000000),
double3(0.709266666667,0.124066666667,0.250000000000),
double3(0.702666666667,0.114300000000,0.158700000000),
double3(0.730100000000,0.125400000000,0.200500000000),
double3(0.931566666667,0.166666666667,0.582600000000),
double3(0.901300000000,0.166666666667,0.500000000000),
double3(0.869466666667,0.202800000000,0.568200000000),
double3(0.947633333333,0.202666666667,0.658700000000),
double3(0.666666666667,0.244633333333,0.691600000000),
double3(0.931533333333,0.264866666667,0.701400000000),
double3(0.666666666667,0.166666666667,0.613800000000),
double3(0.892933333333,0.166666666667,0.555200000000),
double3(0.958733333333,0.230100000000,0.700500000000),
double3(0.957266666667,0.166666666667,0.628400000000),
double3(0.833333333333,0.264900000000,0.582600000000),
double3(0.833333333333,0.234633333333,0.500000000000),
double3(0.797200000000,0.202800000000,0.568200000000),
double3(0.797333333333,0.280966666667,0.658700000000),
double3(0.755366666667,0.000000000000,0.691600000000),
double3(0.735133333333,0.264866666667,0.701400000000),
double3(0.833333333333,0.000000000000,0.613800000000),
double3(0.833333333333,0.226266666667,0.555200000000),
double3(0.769900000000,0.292066666667,0.700500000000),
double3(0.833333333333,0.290600000000,0.628400000000),
double3(0.735100000000,0.166666666667,0.582600000000),
double3(0.765366666667,0.166666666667,0.500000000000),
double3(0.797200000000,0.130533333333,0.568200000000),
double3(0.719033333333,0.130666666667,0.658700000000),
double3(0.666666666667,0.088700000000,0.691600000000),
double3(0.735133333333,0.068466666667,0.701400000000),
double3(0.773733333333,0.166666666667,0.555200000000),
double3(0.707933333333,0.103233333333,0.700500000000),
double3(0.709400000000,0.166666666667,0.628400000000),
double3(0.833333333333,0.068433333333,0.582600000000),
double3(0.833333333333,0.098700000000,0.500000000000),
double3(0.869466666667,0.130533333333,0.568200000000),
double3(0.869333333333,0.052366666667,0.658700000000),
double3(0.911300000000,0.000000000000,0.691600000000),
double3(0.931533333333,0.068466666667,0.701400000000),
double3(0.833333333333,0.107066666667,0.555200000000),
double3(0.896766666667,0.041266666667,0.700500000000),
double3(0.833333333333,0.042733333333,0.628400000000),
double3(0.931566666667,0.166666666667,0.417400000000),
double3(0.869466666667,0.130533333333,0.431800000000),
double3(0.947633333333,0.130666666667,0.341300000000),
double3(0.666666666667,0.088700000000,0.308400000000),
double3(0.931533333333,0.068466666667,0.298600000000),
double3(0.666666666667,0.166666666667,0.386200000000),
double3(0.892933333333,0.166666666667,0.444800000000),
double3(0.958733333333,0.103233333333,0.299500000000),
double3(0.957266666667,0.166666666667,0.371600000000),
double3(0.833333333333,0.264900000000,0.417400000000),
double3(0.869466666667,0.202800000000,0.431800000000),
double3(0.869333333333,0.280966666667,0.341300000000),
double3(0.911300000000,0.000000000000,0.308400000000),
double3(0.931533333333,0.264866666667,0.298600000000),
double3(0.833333333333,0.000000000000,0.386200000000),
double3(0.833333333333,0.226266666667,0.444800000000),
double3(0.896766666667,0.292066666667,0.299500000000),
double3(0.833333333333,0.290600000000,0.371600000000),
double3(0.735100000000,0.166666666667,0.417400000000),
double3(0.797200000000,0.202800000000,0.431800000000),
double3(0.719033333333,0.202666666667,0.341300000000),
double3(0.666666666667,0.244633333333,0.308400000000),
double3(0.735133333333,0.264866666667,0.298600000000),
double3(0.773733333333,0.166666666667,0.444800000000),
double3(0.707933333333,0.230100000000,0.299500000000),
double3(0.709400000000,0.166666666667,0.371600000000),
double3(0.833333333333,0.068433333333,0.417400000000),
double3(0.797200000000,0.130533333333,0.431800000000),
double3(0.797333333333,0.052366666667,0.341300000000),
double3(0.755366666667,0.000000000000,0.308400000000),
double3(0.735133333333,0.068466666667,0.298600000000),
double3(0.833333333333,0.107066666667,0.444800000000),
double3(0.769900000000,0.041266666667,0.299500000000),
double3(0.833333333333,0.042733333333,0.371600000000),
double3(0.719033333333,0.130666666667,0.341300000000),
double3(0.707933333333,0.103233333333,0.299500000000),
double3(0.869333333333,0.052366666667,0.341300000000),
double3(0.896766666667,0.041266666667,0.299500000000),
double3(0.947633333333,0.202666666667,0.341300000000),
double3(0.958733333333,0.230100000000,0.299500000000),
double3(0.797333333333,0.280966666667,0.341300000000),
double3(0.769900000000,0.292066666667,0.299500000000),
double3(0.719033333333,0.202666666667,0.658700000000),
double3(0.707933333333,0.230100000000,0.700500000000),
double3(0.797333333333,0.052366666667,0.658700000000),
double3(0.769900000000,0.041266666667,0.700500000000),
double3(0.947633333333,0.130666666667,0.658700000000),
double3(0.958733333333,0.103233333333,0.700500000000),
double3(0.869333333333,0.280966666667,0.658700000000),
double3(0.896766666667,0.292066666667,0.700500000000),
double3(0.764900000000,0.333333333333,0.082600000000),
double3(0.734633333333,0.333333333333,0.000000000000),
double3(0.702800000000,0.369466666667,0.068200000000),
double3(0.790733333333,0.375933333333,0.250000000000),
double3(0.780966666667,0.369333333333,0.158700000000),
double3(0.833333333333,0.411300000000,0.191600000000),
double3(0.764866666667,0.431533333333,0.201400000000),
double3(0.833333333333,0.333333333333,0.113800000000),
double3(0.726266666667,0.333333333333,0.055200000000),
double3(0.792066666667,0.396766666667,0.200500000000),
double3(0.790600000000,0.333333333333,0.128400000000),
double3(0.666666666667,0.431566666667,0.082600000000),
double3(0.666666666667,0.401300000000,0.000000000000),
double3(0.963866666667,0.369466666667,0.068200000000),
double3(0.957400000000,0.457400000000,0.250000000000),
double3(0.964000000000,0.447633333333,0.158700000000),
double3(0.922033333333,0.500000000000,0.191600000000),
double3(0.901800000000,0.431533333333,0.201400000000),
double3(0.666666666667,0.500000000000,0.113800000000),
double3(0.666666666667,0.392933333333,0.055200000000),
double3(0.936566666667,0.458733333333,0.200500000000),
double3(0.666666666667,0.457266666667,0.128400000000),
double3(0.901766666667,0.333333333333,0.082600000000),
double3(0.932033333333,0.333333333333,0.000000000000),
double3(0.963866666667,0.630533333333,0.068200000000),
double3(0.875933333333,0.624066666667,0.250000000000),
double3(0.885700000000,0.630666666667,0.158700000000),
double3(0.833333333333,0.588700000000,0.191600000000),
double3(0.901800000000,0.568466666667,0.201400000000),
double3(0.940400000000,0.333333333333,0.055200000000),
double3(0.874600000000,0.603233333333,0.200500000000),
double3(0.876066666667,0.333333333333,0.128400000000),
double3(0.666666666667,0.568433333333,0.082600000000),
double3(0.666666666667,0.598700000000,0.000000000000),
double3(0.702800000000,0.630533333333,0.068200000000),
double3(0.709266666667,0.542600000000,0.250000000000),
double3(0.702666666667,0.552366666667,0.158700000000),
double3(0.744633333333,0.500000000000,0.191600000000),
double3(0.764866666667,0.568466666667,0.201400000000),
double3(0.666666666667,0.607066666667,0.055200000000),
double3(0.730100000000,0.541266666667,0.200500000000),
double3(0.666666666667,0.542733333333,0.128400000000),
double3(0.764900000000,0.333333333333,0.917400000000),
double3(0.702800000000,0.630533333333,0.931800000000),
double3(0.790733333333,0.624066666667,0.750000000000),
double3(0.780966666667,0.630666666667,0.841300000000),
double3(0.833333333333,0.588700000000,0.808400000000),
double3(0.764866666667,0.568466666667,0.798600000000),
double3(0.833333333333,0.333333333333,0.886200000000),
double3(0.726266666667,0.333333333333,0.944800000000),
double3(0.792066666667,0.603233333333,0.799500000000),
double3(0.790600000000,0.333333333333,0.871600000000),
double3(0.666666666667,0.431566666667,0.917400000000),
double3(0.702800000000,0.369466666667,0.931800000000),
double3(0.709266666667,0.457400000000,0.750000000000),
double3(0.702666666667,0.447633333333,0.841300000000),
double3(0.744633333333,0.500000000000,0.808400000000),
double3(0.764866666667,0.431533333333,0.798600000000),
double3(0.666666666667,0.500000000000,0.886200000000),
double3(0.666666666667,0.392933333333,0.944800000000),
double3(0.730100000000,0.458733333333,0.799500000000),
double3(0.666666666667,0.457266666667,0.871600000000),
double3(0.901766666667,0.333333333333,0.917400000000),
double3(0.963866666667,0.369466666667,0.931800000000),
double3(0.875933333333,0.375933333333,0.750000000000),
double3(0.885700000000,0.369333333333,0.841300000000),
double3(0.833333333333,0.411300000000,0.808400000000),
double3(0.901800000000,0.431533333333,0.798600000000),
double3(0.940400000000,0.333333333333,0.944800000000),
double3(0.874600000000,0.396766666667,0.799500000000),
double3(0.876066666667,0.333333333333,0.871600000000),
double3(0.666666666667,0.568433333333,0.917400000000),
double3(0.963866666667,0.630533333333,0.931800000000),
double3(0.957400000000,0.542600000000,0.750000000000),
double3(0.964000000000,0.552366666667,0.841300000000),
double3(0.922033333333,0.500000000000,0.808400000000),
double3(0.901800000000,0.568466666667,0.798600000000),
double3(0.666666666667,0.607066666667,0.944800000000),
double3(0.936566666667,0.541266666667,0.799500000000),
double3(0.666666666667,0.542733333333,0.871600000000),
double3(0.875933333333,0.624066666667,0.750000000000),
double3(0.885700000000,0.630666666667,0.841300000000),
double3(0.874600000000,0.603233333333,0.799500000000),
double3(0.709266666667,0.542600000000,0.750000000000),
double3(0.702666666667,0.552366666667,0.841300000000),
double3(0.730100000000,0.541266666667,0.799500000000),
double3(0.790733333333,0.375933333333,0.750000000000),
double3(0.780966666667,0.369333333333,0.841300000000),
double3(0.792066666667,0.396766666667,0.799500000000),
double3(0.957400000000,0.457400000000,0.750000000000),
double3(0.964000000000,0.447633333333,0.841300000000),
double3(0.936566666667,0.458733333333,0.799500000000),
double3(0.875933333333,0.375933333333,0.250000000000),
double3(0.885700000000,0.369333333333,0.158700000000),
double3(0.874600000000,0.396766666667,0.200500000000),
double3(0.957400000000,0.542600000000,0.250000000000),
double3(0.964000000000,0.552366666667,0.158700000000),
double3(0.936566666667,0.541266666667,0.200500000000),
double3(0.790733333333,0.624066666667,0.250000000000),
double3(0.780966666667,0.630666666667,0.158700000000),
double3(0.792066666667,0.603233333333,0.200500000000),
double3(0.709266666667,0.457400000000,0.250000000000),
double3(0.702666666667,0.447633333333,0.158700000000),
double3(0.730100000000,0.458733333333,0.200500000000),
double3(0.931566666667,0.500000000000,0.582600000000),
double3(0.901300000000,0.500000000000,0.500000000000),
double3(0.869466666667,0.536133333333,0.568200000000),
double3(0.947633333333,0.536000000000,0.658700000000),
double3(0.666666666667,0.577966666667,0.691600000000),
double3(0.931533333333,0.598200000000,0.701400000000),
double3(0.666666666667,0.500000000000,0.613800000000),
double3(0.892933333333,0.500000000000,0.555200000000),
double3(0.958733333333,0.563433333333,0.700500000000),
double3(0.957266666667,0.500000000000,0.628400000000),
double3(0.833333333333,0.598233333333,0.582600000000),
double3(0.833333333333,0.567966666667,0.500000000000),
double3(0.797200000000,0.536133333333,0.568200000000),
double3(0.797333333333,0.614300000000,0.658700000000),
double3(0.755366666667,0.333333333333,0.691600000000),
double3(0.735133333333,0.598200000000,0.701400000000),
double3(0.833333333333,0.333333333333,0.613800000000),
double3(0.833333333333,0.559600000000,0.555200000000),
double3(0.769900000000,0.625400000000,0.700500000000),
double3(0.833333333333,0.623933333333,0.628400000000),
double3(0.735100000000,0.500000000000,0.582600000000),
double3(0.765366666667,0.500000000000,0.500000000000),
double3(0.797200000000,0.463866666667,0.568200000000),
double3(0.719033333333,0.464000000000,0.658700000000),
double3(0.666666666667,0.422033333333,0.691600000000),
double3(0.735133333333,0.401800000000,0.701400000000),
double3(0.773733333333,0.500000000000,0.555200000000),
double3(0.707933333333,0.436566666667,0.700500000000),
double3(0.709400000000,0.500000000000,0.628400000000),
double3(0.833333333333,0.401766666667,0.582600000000),
double3(0.833333333333,0.432033333333,0.500000000000),
double3(0.869466666667,0.463866666667,0.568200000000),
double3(0.869333333333,0.385700000000,0.658700000000),
double3(0.911300000000,0.333333333333,0.691600000000),
double3(0.931533333333,0.401800000000,0.701400000000),
double3(0.833333333333,0.440400000000,0.555200000000),
double3(0.896766666667,0.374600000000,0.700500000000),
double3(0.833333333333,0.376066666667,0.628400000000),
double3(0.931566666667,0.500000000000,0.417400000000),
double3(0.869466666667,0.463866666667,0.431800000000),
double3(0.947633333333,0.464000000000,0.341300000000),
double3(0.666666666667,0.422033333333,0.308400000000),
double3(0.931533333333,0.401800000000,0.298600000000),
double3(0.666666666667,0.500000000000,0.386200000000),
double3(0.892933333333,0.500000000000,0.444800000000),
double3(0.958733333333,0.436566666667,0.299500000000),
double3(0.957266666667,0.500000000000,0.371600000000),
double3(0.833333333333,0.598233333333,0.417400000000),
double3(0.869466666667,0.536133333333,0.431800000000),
double3(0.869333333333,0.614300000000,0.341300000000),
double3(0.911300000000,0.333333333333,0.308400000000),
double3(0.931533333333,0.598200000000,0.298600000000),
double3(0.833333333333,0.333333333333,0.386200000000),
double3(0.833333333333,0.559600000000,0.444800000000),
double3(0.896766666667,0.625400000000,0.299500000000),
double3(0.833333333333,0.623933333333,0.371600000000),
double3(0.735100000000,0.500000000000,0.417400000000),
double3(0.797200000000,0.536133333333,0.431800000000),
double3(0.719033333333,0.536000000000,0.341300000000),
double3(0.666666666667,0.577966666667,0.308400000000),
double3(0.735133333333,0.598200000000,0.298600000000),
double3(0.773733333333,0.500000000000,0.444800000000),
double3(0.707933333333,0.563433333333,0.299500000000),
double3(0.709400000000,0.500000000000,0.371600000000),
double3(0.833333333333,0.401766666667,0.417400000000),
double3(0.797200000000,0.463866666667,0.431800000000),
double3(0.797333333333,0.385700000000,0.341300000000),
double3(0.755366666667,0.333333333333,0.308400000000),
double3(0.735133333333,0.401800000000,0.298600000000),
double3(0.833333333333,0.440400000000,0.444800000000),
double3(0.769900000000,0.374600000000,0.299500000000),
double3(0.833333333333,0.376066666667,0.371600000000),
double3(0.719033333333,0.464000000000,0.341300000000),
double3(0.707933333333,0.436566666667,0.299500000000),
double3(0.869333333333,0.385700000000,0.341300000000),
double3(0.896766666667,0.374600000000,0.299500000000),
double3(0.947633333333,0.536000000000,0.341300000000),
double3(0.958733333333,0.563433333333,0.299500000000),
double3(0.797333333333,0.614300000000,0.341300000000),
double3(0.769900000000,0.625400000000,0.299500000000),
double3(0.719033333333,0.536000000000,0.658700000000),
double3(0.707933333333,0.563433333333,0.700500000000),
double3(0.797333333333,0.385700000000,0.658700000000),
double3(0.769900000000,0.374600000000,0.700500000000),
double3(0.947633333333,0.464000000000,0.658700000000),
double3(0.958733333333,0.436566666667,0.700500000000),
double3(0.869333333333,0.614300000000,0.658700000000),
double3(0.896766666667,0.625400000000,0.700500000000),
double3(0.764900000000,0.666666666667,0.082600000000),
double3(0.734633333333,0.666666666667,0.000000000000),
double3(0.702800000000,0.702800000000,0.068200000000),
double3(0.790733333333,0.709266666667,0.250000000000),
double3(0.780966666667,0.702666666667,0.158700000000),
double3(0.833333333333,0.744633333333,0.191600000000),
double3(0.764866666667,0.764866666667,0.201400000000),
double3(0.833333333333,0.666666666667,0.113800000000),
double3(0.726266666667,0.666666666667,0.055200000000),
double3(0.792066666667,0.730100000000,0.200500000000),
double3(0.790600000000,0.666666666667,0.128400000000),
double3(0.666666666667,0.764900000000,0.082600000000),
double3(0.666666666667,0.734633333333,0.000000000000),
double3(0.963866666667,0.702800000000,0.068200000000),
double3(0.957400000000,0.790733333333,0.250000000000),
double3(0.964000000000,0.780966666667,0.158700000000),
double3(0.922033333333,0.833333333333,0.191600000000),
double3(0.901800000000,0.764866666667,0.201400000000),
double3(0.666666666667,0.833333333333,0.113800000000),
double3(0.666666666667,0.726266666667,0.055200000000),
double3(0.936566666667,0.792066666667,0.200500000000),
double3(0.666666666667,0.790600000000,0.128400000000),
double3(0.901766666667,0.666666666667,0.082600000000),
double3(0.932033333333,0.666666666667,0.000000000000),
double3(0.963866666667,0.963866666667,0.068200000000),
double3(0.875933333333,0.957400000000,0.250000000000),
double3(0.885700000000,0.964000000000,0.158700000000),
double3(0.833333333333,0.922033333333,0.191600000000),
double3(0.901800000000,0.901800000000,0.201400000000),
double3(0.940400000000,0.666666666667,0.055200000000),
double3(0.874600000000,0.936566666667,0.200500000000),
double3(0.876066666667,0.666666666667,0.128400000000),
double3(0.666666666667,0.901766666667,0.082600000000),
double3(0.666666666667,0.932033333333,0.000000000000),
double3(0.702800000000,0.963866666667,0.068200000000),
double3(0.709266666667,0.875933333333,0.250000000000),
double3(0.702666666667,0.885700000000,0.158700000000),
double3(0.744633333333,0.833333333333,0.191600000000),
double3(0.764866666667,0.901800000000,0.201400000000),
double3(0.666666666667,0.940400000000,0.055200000000),
double3(0.730100000000,0.874600000000,0.200500000000),
double3(0.666666666667,0.876066666667,0.128400000000),
double3(0.764900000000,0.666666666667,0.917400000000),
double3(0.702800000000,0.963866666667,0.931800000000),
double3(0.790733333333,0.957400000000,0.750000000000),
double3(0.780966666667,0.964000000000,0.841300000000),
double3(0.833333333333,0.922033333333,0.808400000000),
double3(0.764866666667,0.901800000000,0.798600000000),
double3(0.833333333333,0.666666666667,0.886200000000),
double3(0.726266666667,0.666666666667,0.944800000000),
double3(0.792066666667,0.936566666667,0.799500000000),
double3(0.790600000000,0.666666666667,0.871600000000),
double3(0.666666666667,0.764900000000,0.917400000000),
double3(0.702800000000,0.702800000000,0.931800000000),
double3(0.709266666667,0.790733333333,0.750000000000),
double3(0.702666666667,0.780966666667,0.841300000000),
double3(0.744633333333,0.833333333333,0.808400000000),
double3(0.764866666667,0.764866666667,0.798600000000),
double3(0.666666666667,0.833333333333,0.886200000000),
double3(0.666666666667,0.726266666667,0.944800000000),
double3(0.730100000000,0.792066666667,0.799500000000),
double3(0.666666666667,0.790600000000,0.871600000000),
double3(0.901766666667,0.666666666667,0.917400000000),
double3(0.963866666667,0.702800000000,0.931800000000),
double3(0.875933333333,0.709266666667,0.750000000000),
double3(0.885700000000,0.702666666667,0.841300000000),
double3(0.833333333333,0.744633333333,0.808400000000),
double3(0.901800000000,0.764866666667,0.798600000000),
double3(0.940400000000,0.666666666667,0.944800000000),
double3(0.874600000000,0.730100000000,0.799500000000),
double3(0.876066666667,0.666666666667,0.871600000000),
double3(0.666666666667,0.901766666667,0.917400000000),
double3(0.963866666667,0.963866666667,0.931800000000),
double3(0.957400000000,0.875933333333,0.750000000000),
double3(0.964000000000,0.885700000000,0.841300000000),
double3(0.922033333333,0.833333333333,0.808400000000),
double3(0.901800000000,0.901800000000,0.798600000000),
double3(0.666666666667,0.940400000000,0.944800000000),
double3(0.936566666667,0.874600000000,0.799500000000),
double3(0.666666666667,0.876066666667,0.871600000000),
double3(0.875933333333,0.957400000000,0.750000000000),
double3(0.885700000000,0.964000000000,0.841300000000),
double3(0.874600000000,0.936566666667,0.799500000000),
double3(0.709266666667,0.875933333333,0.750000000000),
double3(0.702666666667,0.885700000000,0.841300000000),
double3(0.730100000000,0.874600000000,0.799500000000),
double3(0.790733333333,0.709266666667,0.750000000000),
double3(0.780966666667,0.702666666667,0.841300000000),
double3(0.792066666667,0.730100000000,0.799500000000),
double3(0.957400000000,0.790733333333,0.750000000000),
double3(0.964000000000,0.780966666667,0.841300000000),
double3(0.936566666667,0.792066666667,0.799500000000),
double3(0.875933333333,0.709266666667,0.250000000000),
double3(0.885700000000,0.702666666667,0.158700000000),
double3(0.874600000000,0.730100000000,0.200500000000),
double3(0.957400000000,0.875933333333,0.250000000000),
double3(0.964000000000,0.885700000000,0.158700000000),
double3(0.936566666667,0.874600000000,0.200500000000),
double3(0.790733333333,0.957400000000,0.250000000000),
double3(0.780966666667,0.964000000000,0.158700000000),
double3(0.792066666667,0.936566666667,0.200500000000),
double3(0.709266666667,0.790733333333,0.250000000000),
double3(0.702666666667,0.780966666667,0.158700000000),
double3(0.730100000000,0.792066666667,0.200500000000),
double3(0.931566666667,0.833333333333,0.582600000000),
double3(0.901300000000,0.833333333333,0.500000000000),
double3(0.869466666667,0.869466666667,0.568200000000),
double3(0.947633333333,0.869333333333,0.658700000000),
double3(0.666666666667,0.911300000000,0.691600000000),
double3(0.931533333333,0.931533333333,0.701400000000),
double3(0.666666666667,0.833333333333,0.613800000000),
double3(0.892933333333,0.833333333333,0.555200000000),
double3(0.958733333333,0.896766666667,0.700500000000),
double3(0.957266666667,0.833333333333,0.628400000000),
double3(0.833333333333,0.931566666667,0.582600000000),
double3(0.833333333333,0.901300000000,0.500000000000),
double3(0.797200000000,0.869466666667,0.568200000000),
double3(0.797333333333,0.947633333333,0.658700000000),
double3(0.755366666667,0.666666666667,0.691600000000),
double3(0.735133333333,0.931533333333,0.701400000000),
double3(0.833333333333,0.666666666667,0.613800000000),
double3(0.833333333333,0.892933333333,0.555200000000),
double3(0.769900000000,0.958733333333,0.700500000000),
double3(0.833333333333,0.957266666667,0.628400000000),
double3(0.735100000000,0.833333333333,0.582600000000),
double3(0.765366666667,0.833333333333,0.500000000000),
double3(0.797200000000,0.797200000000,0.568200000000),
double3(0.719033333333,0.797333333333,0.658700000000),
double3(0.666666666667,0.755366666667,0.691600000000),
double3(0.735133333333,0.735133333333,0.701400000000),
double3(0.773733333333,0.833333333333,0.555200000000),
double3(0.707933333333,0.769900000000,0.700500000000),
double3(0.709400000000,0.833333333333,0.628400000000),
double3(0.833333333333,0.735100000000,0.582600000000),
double3(0.833333333333,0.765366666667,0.500000000000),
double3(0.869466666667,0.797200000000,0.568200000000),
double3(0.869333333333,0.719033333333,0.658700000000),
double3(0.911300000000,0.666666666667,0.691600000000),
double3(0.931533333333,0.735133333333,0.701400000000),
double3(0.833333333333,0.773733333333,0.555200000000),
double3(0.896766666667,0.707933333333,0.700500000000),
double3(0.833333333333,0.709400000000,0.628400000000),
double3(0.931566666667,0.833333333333,0.417400000000),
double3(0.869466666667,0.797200000000,0.431800000000),
double3(0.947633333333,0.797333333333,0.341300000000),
double3(0.666666666667,0.755366666667,0.308400000000),
double3(0.931533333333,0.735133333333,0.298600000000),
double3(0.666666666667,0.833333333333,0.386200000000),
double3(0.892933333333,0.833333333333,0.444800000000),
double3(0.958733333333,0.769900000000,0.299500000000),
double3(0.957266666667,0.833333333333,0.371600000000),
double3(0.833333333333,0.931566666667,0.417400000000),
double3(0.869466666667,0.869466666667,0.431800000000),
double3(0.869333333333,0.947633333333,0.341300000000),
double3(0.911300000000,0.666666666667,0.308400000000),
double3(0.931533333333,0.931533333333,0.298600000000),
double3(0.833333333333,0.666666666667,0.386200000000),
double3(0.833333333333,0.892933333333,0.444800000000),
double3(0.896766666667,0.958733333333,0.299500000000),
double3(0.833333333333,0.957266666667,0.371600000000),
double3(0.735100000000,0.833333333333,0.417400000000),
double3(0.797200000000,0.869466666667,0.431800000000),
double3(0.719033333333,0.869333333333,0.341300000000),
double3(0.666666666667,0.911300000000,0.308400000000),
double3(0.735133333333,0.931533333333,0.298600000000),
double3(0.773733333333,0.833333333333,0.444800000000),
double3(0.707933333333,0.896766666667,0.299500000000),
double3(0.709400000000,0.833333333333,0.371600000000),
double3(0.833333333333,0.735100000000,0.417400000000),
double3(0.797200000000,0.797200000000,0.431800000000),
double3(0.797333333333,0.719033333333,0.341300000000),
double3(0.755366666667,0.666666666667,0.308400000000),
double3(0.735133333333,0.735133333333,0.298600000000),
double3(0.833333333333,0.773733333333,0.444800000000),
double3(0.769900000000,0.707933333333,0.299500000000),
double3(0.833333333333,0.709400000000,0.371600000000),
double3(0.719033333333,0.797333333333,0.341300000000),
double3(0.707933333333,0.769900000000,0.299500000000),
double3(0.869333333333,0.719033333333,0.341300000000),
double3(0.896766666667,0.707933333333,0.299500000000),
double3(0.947633333333,0.869333333333,0.341300000000),
double3(0.958733333333,0.896766666667,0.299500000000),
double3(0.797333333333,0.947633333333,0.341300000000),
double3(0.769900000000,0.958733333333,0.299500000000),
double3(0.719033333333,0.869333333333,0.658700000000),
double3(0.707933333333,0.896766666667,0.700500000000),
double3(0.797333333333,0.719033333333,0.658700000000),
double3(0.769900000000,0.707933333333,0.700500000000),
double3(0.947633333333,0.797333333333,0.658700000000),
double3(0.958733333333,0.769900000000,0.700500000000),
double3(0.869333333333,0.947633333333,0.658700000000),
double3(0.896766666667,0.958733333333,0.700500000000),
