 # Derivative distribution function -dV(r)/dr (or -dV(d)/dd) vs d
  0.1250000      0.0000000E+00
  0.3750000      0.0000000E+00
  0.6250000      0.0000000E+00
  0.8750000      0.0000000E+00
   1.125000      0.0000000E+00
   1.375000      0.0000000E+00
   1.625000      0.0000000E+00
   1.875000      0.0000000E+00
   2.125000      0.0000000E+00
   2.375000      0.0000000E+00
   2.625000      0.0000000E+00
   2.875000      0.0000000E+00
   3.125000      2.9367208E-03
   3.375000      9.2300177E-03
   3.625000      1.3635516E-02
   3.875000      1.4684319E-02
   4.125000      1.1537552E-02
   4.375000      1.0488749E-02
   4.625000      1.1118174E-02
   4.875000      9.2301369E-03
   5.125000      7.5519085E-03
   5.375000      8.1812143E-03
   5.625000      1.4474511E-02
   5.875000      1.9299388E-02
   6.125000      2.7060986E-02
   6.375000      3.1885862E-02
   6.625000      2.8949022E-02
   6.875000      3.0207753E-02
   7.125000      3.0837059E-02
   7.375000      3.0207634E-02
   7.625000      3.0207634E-02
   7.875000      2.9997945E-02
   8.125000      3.3144593E-02
   8.375000      3.2724977E-02
   8.625000      3.1046748E-02
   8.875000      2.9158711E-02
   9.125000      2.9788136E-02
   9.375000      3.2305479E-02
   9.625000      3.3983707E-02
   9.875000      3.4822702E-02
   10.12500      4.6779871E-02
   10.37500      5.6010127E-02
   10.62500      4.9297333E-02
   10.87500      4.8877716E-02
   11.12500      4.2164803E-02
   11.37500      3.5452008E-02
   11.62500      3.6500931E-02
   11.87500      3.3354402E-02
   12.12500      3.1885982E-02
   12.37500      3.0417442E-02
   12.62500      2.3914337E-02
   12.87500      2.2865534E-02
   13.12500      2.6641488E-02
   13.37500      3.0207634E-02
   13.62500       1.436543    
   13.87500       1.420390    
   14.12500      0.0000000E+00
   14.37500      0.0000000E+00
   14.62500      0.0000000E+00
   14.87500      0.0000000E+00
   15.12500      0.0000000E+00
   15.37500      0.0000000E+00
   15.62500      0.0000000E+00
   15.87500      0.0000000E+00
   16.12500      0.0000000E+00
   16.37500      0.0000000E+00
   16.62500      0.0000000E+00
   16.87500      0.0000000E+00
   17.12500      0.0000000E+00
   17.37500      0.0000000E+00
   17.62500      0.0000000E+00
   17.87500      0.0000000E+00
   18.12500      0.0000000E+00
   18.37500      0.0000000E+00
   18.62500      0.0000000E+00
   18.87500      0.0000000E+00
   19.12500      0.0000000E+00
   19.37500      0.0000000E+00
