 # Derivative distribution function -dV(r)/dr (or -dV(d)/dd) vs d
  0.1250000      0.0000000E+00
  0.3750000      0.0000000E+00
  0.6250000      0.0000000E+00
  0.8750000      0.0000000E+00
   1.125000      0.0000000E+00
   1.375000      0.0000000E+00
   1.625000      0.0000000E+00
   1.875000      0.0000000E+00
   2.125000      0.0000000E+00
   2.375000      0.0000000E+00
   2.625000      0.0000000E+00
   2.875000      0.0000000E+00
   3.125000      2.9255152E-03
   3.375000      1.0866165E-02
   3.625000      1.5672326E-02
   3.875000      1.4627457E-02
   4.125000      1.2537837E-02
   4.375000      9.8214149E-03
   4.625000      9.4034672E-03
   4.875000      1.1492968E-02
   5.125000      1.0866165E-02
   5.375000      8.1496239E-03
   5.625000      1.1492968E-02
   5.875000      2.1941304E-02
   6.125000      2.6329517E-02
   6.375000      2.4866819E-02
   6.625000      2.8628230E-02
   6.875000      3.4897089E-02
   7.125000      3.5941839E-02
   7.375000      3.2180548E-02
   7.625000      2.9046059E-02
   7.875000      2.9046059E-02
   8.125000      3.1344771E-02
   8.375000      3.1344652E-02
   8.625000      3.2598376E-02
   8.875000      3.3434391E-02
   9.125000      2.9881954E-02
   9.375000      3.1553626E-02
   9.625000      3.3852339E-02
   9.875000      3.5315037E-02
   10.12500      4.0539026E-02
   10.37500      4.7643900E-02
   10.62500      4.8061967E-02
   10.87500      4.3255687E-02
   11.12500      3.6150813E-02
   11.37500      3.5523891E-02
   11.62500      3.5941958E-02
   11.87500      2.8210282E-02
   12.12500      3.0299783E-02
   12.37500      3.1762600E-02
   12.62500      3.0508876E-02
   12.87500      3.0299902E-02
   13.12500      2.6120543E-02
   13.37500      2.7165294E-02
   13.62500       1.441856    
   13.87500       1.426601    
   14.12500      0.0000000E+00
   14.37500      0.0000000E+00
   14.62500      0.0000000E+00
   14.87500      0.0000000E+00
   15.12500      0.0000000E+00
   15.37500      0.0000000E+00
   15.62500      0.0000000E+00
   15.87500      0.0000000E+00
   16.12500      0.0000000E+00
   16.37500      0.0000000E+00
   16.62500      0.0000000E+00
   16.87500      0.0000000E+00
   17.12500      0.0000000E+00
   17.37500      0.0000000E+00
   17.62500      0.0000000E+00
   17.87500      0.0000000E+00
   18.12500      0.0000000E+00
   18.37500      0.0000000E+00
   18.62500      0.0000000E+00
   18.87500      0.0000000E+00
   19.12500      0.0000000E+00
   19.37500      0.0000000E+00
