 # Derivative distribution function -dV(r)/dr (or -dV(d)/dd) vs d
  0.1250000      0.0000000E+00
  0.3750000      0.0000000E+00
  0.6250000      0.0000000E+00
  0.8750000      0.0000000E+00
   1.125000      0.0000000E+00
   1.375000      0.0000000E+00
   1.625000      0.0000000E+00
   1.875000      0.0000000E+00
   2.125000      0.0000000E+00
   2.375000      0.0000000E+00
   2.625000      0.0000000E+00
   2.875000      0.0000000E+00
   3.125000      5.3981066E-02
   3.375000      0.1956815    
   3.625000      0.2726046    
   3.875000      0.2348179    
   4.125000      0.3711201    
   4.375000      0.3927125    
   4.625000      0.1862348    
   4.875000      9.9865079E-02
   5.125000      7.2874427E-02
   5.375000      6.3427806E-02
   5.625000      0.2807018    
   5.875000      0.6720647    
   6.125000      0.4224022    
   6.375000      4.0485859E-03
   6.625000      6.7476332E-03
   6.875000      9.4466805E-03
   7.125000      5.3980947E-03
   7.375000      0.0000000E+00
   7.625000      1.3495386E-03
   7.875000      6.7476332E-03
   8.125000      8.0971718E-03
   8.375000      5.3981245E-03
   8.625000      4.0485859E-03
   8.875000      2.6990473E-03
   9.125000      8.0971420E-03
   9.375000      8.0971718E-03
   9.625000      0.3063428    
   9.875000      0.3049932    
   10.12500      0.0000000E+00
   10.37500      0.0000000E+00
   10.62500      0.0000000E+00
   10.87500      0.0000000E+00
   11.12500      0.0000000E+00
   11.37500      0.0000000E+00
   11.62500      0.0000000E+00
   11.87500      0.0000000E+00
   12.12500      0.0000000E+00
   12.37500      0.0000000E+00
   12.62500      0.0000000E+00
   12.87500      0.0000000E+00
   13.12500      0.0000000E+00
   13.37500      0.0000000E+00
   13.62500      0.0000000E+00
   13.87500      0.0000000E+00
   14.12500      0.0000000E+00
   14.37500      0.0000000E+00
   14.62500      0.0000000E+00
   14.87500      0.0000000E+00
   15.12500      0.0000000E+00
   15.37500      0.0000000E+00
   15.62500      0.0000000E+00
   15.87500      0.0000000E+00
   16.12500      0.0000000E+00
   16.37500      0.0000000E+00
   16.62500      0.0000000E+00
   16.87500      0.0000000E+00
   17.12500      0.0000000E+00
   17.37500      0.0000000E+00
   17.62500      0.0000000E+00
   17.87500      0.0000000E+00
   18.12500      0.0000000E+00
   18.37500      0.0000000E+00
   18.62500      0.0000000E+00
   18.87500      0.0000000E+00
   19.12500      0.0000000E+00
   19.37500      0.0000000E+00
