 # Derivative distribution function -dV(r)/dr (or -dV(d)/dd) vs d
  0.1250000      0.0000000E+00
  0.3750000      0.0000000E+00
  0.6250000      0.0000000E+00
  0.8750000      0.0000000E+00
   1.125000      0.0000000E+00
   1.375000      0.0000000E+00
   1.625000      0.0000000E+00
   1.875000      0.0000000E+00
   2.125000      0.0000000E+00
   2.375000      0.0000000E+00
   2.625000      0.0000000E+00
   2.875000      0.0000000E+00
   3.125000      5.1008940E-02
   3.375000      0.2027980    
   3.625000      0.5675375    
   3.875000      0.5667946    
   4.125000      0.4008914    
   4.375000      0.4127770    
   4.625000      0.5031571    
   4.875000      0.3607775    
   5.125000      5.1256657E-02
   5.375000      7.6761186E-02
   5.625000      0.1156370    
   5.875000      0.3196732    
   6.125000      0.2505881    
   6.375000      1.9809343E-03
   6.625000      1.9809343E-03
   6.875000      9.9046528E-04
   7.125000      7.4285269E-04
   7.375000      4.9523637E-04
   7.625000      7.4284896E-04
   7.875000      9.9046528E-04
   8.125000      1.2380816E-03
   8.375000      7.4284896E-04
   8.625000      2.4761632E-04
   8.875000      7.4285269E-04
   9.125000      1.2380853E-03
   9.375000      9.9046528E-04
   9.625000      5.3732824E-02
   9.875000      5.3485207E-02
   10.12500      0.0000000E+00
   10.37500      0.0000000E+00
   10.62500      0.0000000E+00
   10.87500      0.0000000E+00
   11.12500      0.0000000E+00
   11.37500      0.0000000E+00
   11.62500      0.0000000E+00
   11.87500      0.0000000E+00
   12.12500      0.0000000E+00
   12.37500      0.0000000E+00
   12.62500      0.0000000E+00
   12.87500      0.0000000E+00
   13.12500      0.0000000E+00
   13.37500      0.0000000E+00
   13.62500      0.0000000E+00
   13.87500      0.0000000E+00
   14.12500      0.0000000E+00
   14.37500      0.0000000E+00
   14.62500      0.0000000E+00
   14.87500      0.0000000E+00
   15.12500      0.0000000E+00
   15.37500      0.0000000E+00
   15.62500      0.0000000E+00
   15.87500      0.0000000E+00
   16.12500      0.0000000E+00
   16.37500      0.0000000E+00
   16.62500      0.0000000E+00
   16.87500      0.0000000E+00
   17.12500      0.0000000E+00
   17.37500      0.0000000E+00
   17.62500      0.0000000E+00
   17.87500      0.0000000E+00
   18.12500      0.0000000E+00
   18.37500      0.0000000E+00
   18.62500      0.0000000E+00
   18.87500      0.0000000E+00
   19.12500      0.0000000E+00
   19.37500      0.0000000E+00
