 # Derivative distribution function -dV(r)/dr (or -dV(d)/dd) vs d
  0.1250000      0.0000000E+00
  0.3750000      0.0000000E+00
  0.6250000      0.0000000E+00
  0.8750000      0.0000000E+00
   1.125000      0.0000000E+00
   1.375000      0.0000000E+00
   1.625000      0.0000000E+00
   1.875000      0.0000000E+00
   2.125000      0.0000000E+00
   2.375000      0.0000000E+00
   2.625000      0.0000000E+00
   2.875000      0.0000000E+00
   3.125000      1.9388080E-02
   3.375000      4.8279881E-02
   3.625000      5.3601980E-02
   3.875000      5.5882931E-02
   4.125000      7.2989941E-02
   4.375000      6.8428040E-02
   4.625000      4.8659921E-02
   4.875000      6.3866258E-02
   5.125000      8.7816000E-02
   5.375000      6.9568515E-02
   5.625000      4.7139287E-02
   5.875000      4.5238495E-02
   6.125000      3.9916396E-02
   6.375000      3.9156079E-02
   6.625000      3.7635446E-02
   6.875000      3.8015604E-02
   7.125000      4.6759129E-02
   7.375000      5.3221822E-02
   7.625000      5.4742455E-02
   7.875000      5.6643248E-02
   8.125000      5.7403564E-02
   8.375000      6.2345505E-02
   8.625000      6.6907406E-02
   8.875000      6.3486099E-02
   9.125000       1.367041    
   9.375000       1.335868    
   9.625000      0.0000000E+00
   9.875000      0.0000000E+00
   10.12500      0.0000000E+00
   10.37500      0.0000000E+00
   10.62500      0.0000000E+00
   10.87500      0.0000000E+00
   11.12500      0.0000000E+00
   11.37500      0.0000000E+00
   11.62500      0.0000000E+00
   11.87500      0.0000000E+00
   12.12500      0.0000000E+00
   12.37500      0.0000000E+00
   12.62500      0.0000000E+00
   12.87500      0.0000000E+00
   13.12500      0.0000000E+00
   13.37500      0.0000000E+00
   13.62500      0.0000000E+00
   13.87500      0.0000000E+00
   14.12500      0.0000000E+00
   14.37500      0.0000000E+00
   14.62500      0.0000000E+00
   14.87500      0.0000000E+00
   15.12500      0.0000000E+00
   15.37500      0.0000000E+00
   15.62500      0.0000000E+00
   15.87500      0.0000000E+00
   16.12500      0.0000000E+00
   16.37500      0.0000000E+00
   16.62500      0.0000000E+00
   16.87500      0.0000000E+00
   17.12500      0.0000000E+00
   17.37500      0.0000000E+00
   17.62500      0.0000000E+00
   17.87500      0.0000000E+00
   18.12500      0.0000000E+00
   18.37500      0.0000000E+00
   18.62500      0.0000000E+00
   18.87500      0.0000000E+00
   19.12500      0.0000000E+00
   19.37500      0.0000000E+00
