 # Derivative distribution function -dV(r)/dr (or -dV(d)/dd) vs d
  0.1250000      0.0000000E+00
  0.3750000      0.0000000E+00
  0.6250000      0.0000000E+00
  0.8750000      0.0000000E+00
   1.125000      0.0000000E+00
   1.375000      0.0000000E+00
   1.625000      0.0000000E+00
   1.875000      0.0000000E+00
   2.125000      0.0000000E+00
   2.375000      0.0000000E+00
   2.625000      0.0000000E+00
   2.875000      0.0000000E+00
   3.125000      1.8188953E-02
   3.375000      6.0629964E-02
   3.625000      7.7237368E-02
   3.875000      7.5128436E-02
   4.125000      9.5162749E-02
   4.375000      0.1038619    
   4.625000      0.1054435    
   4.875000      0.1096612    
   5.125000      0.1057072    
   5.375000      8.9627028E-02
   5.625000      0.3579808    
   5.875000      0.4225650    
   6.125000      0.1146698    
   6.375000      2.3197532E-02
   6.625000      2.2406697E-02
   6.875000      2.5570035E-02
   7.125000      3.0578613E-02
   7.375000      3.4005523E-02
   7.625000      4.0332198E-02
   7.875000      3.9014101E-02
   8.125000      3.2951117E-02
   8.375000      4.1650236E-02
   8.625000      4.1650176E-02
   8.875000      3.5850823E-02
   9.125000      0.9576908    
   9.375000      0.9392382    
   9.625000      0.0000000E+00
   9.875000      0.0000000E+00
   10.12500      0.0000000E+00
   10.37500      0.0000000E+00
   10.62500      0.0000000E+00
   10.87500      0.0000000E+00
   11.12500      0.0000000E+00
   11.37500      0.0000000E+00
   11.62500      0.0000000E+00
   11.87500      0.0000000E+00
   12.12500      0.0000000E+00
   12.37500      0.0000000E+00
   12.62500      0.0000000E+00
   12.87500      0.0000000E+00
   13.12500      0.0000000E+00
   13.37500      0.0000000E+00
   13.62500      0.0000000E+00
   13.87500      0.0000000E+00
   14.12500      0.0000000E+00
   14.37500      0.0000000E+00
   14.62500      0.0000000E+00
   14.87500      0.0000000E+00
   15.12500      0.0000000E+00
   15.37500      0.0000000E+00
   15.62500      0.0000000E+00
   15.87500      0.0000000E+00
   16.12500      0.0000000E+00
   16.37500      0.0000000E+00
   16.62500      0.0000000E+00
   16.87500      0.0000000E+00
   17.12500      0.0000000E+00
   17.37500      0.0000000E+00
   17.62500      0.0000000E+00
   17.87500      0.0000000E+00
   18.12500      0.0000000E+00
   18.37500      0.0000000E+00
   18.62500      0.0000000E+00
   18.87500      0.0000000E+00
   19.12500      0.0000000E+00
   19.37500      0.0000000E+00
