 # Derivative distribution function -dV(r)/dr (or -dV(d)/dd) vs d
  0.1250000      0.0000000E+00
  0.3750000      0.0000000E+00
  0.6250000      0.0000000E+00
  0.8750000      0.0000000E+00
   1.125000      0.0000000E+00
   1.375000      0.0000000E+00
   1.625000      0.0000000E+00
   1.875000      0.0000000E+00
   2.125000      0.0000000E+00
   2.375000      0.0000000E+00
   2.625000      0.0000000E+00
   2.875000      0.0000000E+00
   3.125000      4.8509836E-03
   3.375000      1.6096950E-02
   3.625000      2.2932768E-02
   3.875000      2.4696708E-02
   4.125000      2.3153305E-02
   4.375000      2.1389246E-02
   4.625000      2.4696827E-02
   4.875000      2.8886437E-02
   5.125000      2.5137782E-02
   5.375000      0.1069460    
   5.625000      0.1552371    
   5.875000      0.1047409    
   6.125000      7.8059554E-02
   6.375000      5.9978008E-02
   6.625000      4.5644999E-02
   6.875000      3.3296585E-02
   7.125000      3.2414556E-02
   7.375000      3.1973481E-02
   7.625000      2.8445363E-02
   7.875000      2.4035335E-02
   8.125000      2.3153305E-02
   8.375000      2.4035335E-02
   8.625000      2.2932649E-02
   8.875000      2.2050619E-02
   9.125000      1.9184232E-02
   9.375000      1.4333010E-02
   9.625000      1.3450861E-02
   9.875000      1.4773965E-02
   10.12500      1.8522620E-02
   10.37500      1.7420053E-02
   10.62500      1.4112473E-02
   10.87500      1.3009906E-02
   11.12500      1.3891935E-02
   11.37500      1.5656114E-02
   11.62500      1.3891935E-02
   11.87500      1.4332891E-02
   12.12500      0.1678060    
   12.37500      0.1779493    
   12.62500      3.6383629E-02
   12.87500      3.5281181E-02
   13.12500      4.1014314E-02
   13.37500      8.6879849E-02
   13.62500       1.175083    
   13.87500       1.112238    
   14.12500      0.0000000E+00
   14.37500      0.0000000E+00
   14.62500      0.0000000E+00
   14.87500      0.0000000E+00
   15.12500      0.0000000E+00
   15.37500      0.0000000E+00
   15.62500      0.0000000E+00
   15.87500      0.0000000E+00
   16.12500      0.0000000E+00
   16.37500      0.0000000E+00
   16.62500      0.0000000E+00
   16.87500      0.0000000E+00
   17.12500      0.0000000E+00
   17.37500      0.0000000E+00
   17.62500      0.0000000E+00
   17.87500      0.0000000E+00
   18.12500      0.0000000E+00
   18.37500      0.0000000E+00
   18.62500      0.0000000E+00
   18.87500      0.0000000E+00
   19.12500      0.0000000E+00
   19.37500      0.0000000E+00
