 # Derivative distribution function -dV(r)/dr (or -dV(d)/dd) vs d
  0.1250000      0.0000000E+00
  0.3750000      0.0000000E+00
  0.6250000      0.0000000E+00
  0.8750000      0.0000000E+00
   1.125000      0.0000000E+00
   1.375000      0.0000000E+00
   1.625000      0.0000000E+00
   1.875000      0.0000000E+00
   2.125000      0.0000000E+00
   2.375000      0.0000000E+00
   2.625000      0.0000000E+00
   2.875000      0.0000000E+00
   3.125000      4.2002201E-03
   3.375000      1.5253663E-02
   3.625000      2.1664619E-02
   3.875000      2.1001458E-02
   4.125000      2.1885753E-02
   4.375000      2.2548914E-02
   4.625000      2.4317503E-02
   4.875000      2.5643826E-02
   5.125000      2.1001339E-02
   5.375000      0.1067758    
   5.625000      0.1582845    
   5.875000      9.9480391E-02
   6.125000      6.9857478E-02
   6.375000      5.7035565E-02
   6.625000      4.9961209E-02
   6.875000      4.0013194E-02
   7.125000      3.3602357E-02
   7.375000      2.9844165E-02
   7.625000      2.7412415E-02
   7.875000      2.7633429E-02
   8.125000      2.2327781E-02
   8.375000      1.9011855E-02
   8.625000      2.0338297E-02
   8.875000      2.2548914E-02
   9.125000      2.0338178E-02
   9.375000      1.5474796E-02
   9.625000      1.4369369E-02
   9.875000      1.5916824E-02
   10.12500      1.8127561E-02
   10.37500      1.5916944E-02
   10.62500      1.3706207E-02
   10.87500      1.7022133E-02
   11.12500      1.8348694E-02
   11.37500      1.3706207E-02
   11.62500      1.1937618E-02
   11.87500      1.4811516E-02
   12.12500      0.1593899    
   12.37500      0.1708854    
   12.62500      3.6034107E-02
   12.87500      3.4928679E-02
   13.12500      4.5318842E-02
   13.37500      9.2627406E-02
   13.62500       1.187576    
   13.87500       1.121919    
   14.12500      0.0000000E+00
   14.37500      0.0000000E+00
   14.62500      0.0000000E+00
   14.87500      0.0000000E+00
   15.12500      0.0000000E+00
   15.37500      0.0000000E+00
   15.62500      0.0000000E+00
   15.87500      0.0000000E+00
   16.12500      0.0000000E+00
   16.37500      0.0000000E+00
   16.62500      0.0000000E+00
   16.87500      0.0000000E+00
   17.12500      0.0000000E+00
   17.37500      0.0000000E+00
   17.62500      0.0000000E+00
   17.87500      0.0000000E+00
   18.12500      0.0000000E+00
   18.37500      0.0000000E+00
   18.62500      0.0000000E+00
   18.87500      0.0000000E+00
   19.12500      0.0000000E+00
   19.37500      0.0000000E+00
