 # Derivative distribution function -dV(r)/dr (or -dV(d)/dd) vs d
  0.1250000      0.0000000E+00
  0.3750000      0.0000000E+00
  0.6250000      0.0000000E+00
  0.8750000      0.0000000E+00
   1.125000      0.0000000E+00
   1.375000      0.0000000E+00
   1.625000      0.0000000E+00
   1.875000      0.0000000E+00
   2.125000      0.0000000E+00
   2.375000      0.0000000E+00
   2.625000      0.0000000E+00
   2.875000      0.0000000E+00
   3.125000      2.1421909E-02
   3.375000      6.3644767E-02
   3.625000      6.9854021E-02
   3.875000      6.2402964E-02
   4.125000      6.3644886E-02
   4.375000      5.4020524E-02
   4.625000      5.6193709E-02
   4.875000      7.1406364E-02
   5.125000      0.1567836    
   5.375000      0.7413846    
   5.625000      0.6277553    
   5.875000      8.3824992E-03
   6.125000      8.3825588E-03
   6.375000      1.0555744E-02
   6.625000      1.5833557E-02
   6.875000      1.6764998E-02
   7.125000      3.8807809E-02
   7.375000      0.9714374    
   7.625000      0.9413226    
   7.875000      0.0000000E+00
   8.125000      0.0000000E+00
   8.375000      0.0000000E+00
   8.625000      0.0000000E+00
   8.875000      0.0000000E+00
   9.125000      0.0000000E+00
   9.375000      0.0000000E+00
   9.625000      0.0000000E+00
   9.875000      0.0000000E+00
   10.12500      0.0000000E+00
   10.37500      0.0000000E+00
   10.62500      0.0000000E+00
   10.87500      0.0000000E+00
   11.12500      0.0000000E+00
   11.37500      0.0000000E+00
   11.62500      0.0000000E+00
   11.87500      0.0000000E+00
   12.12500      0.0000000E+00
   12.37500      0.0000000E+00
   12.62500      0.0000000E+00
   12.87500      0.0000000E+00
   13.12500      0.0000000E+00
   13.37500      0.0000000E+00
   13.62500      0.0000000E+00
   13.87500      0.0000000E+00
   14.12500      0.0000000E+00
   14.37500      0.0000000E+00
   14.62500      0.0000000E+00
   14.87500      0.0000000E+00
   15.12500      0.0000000E+00
   15.37500      0.0000000E+00
   15.62500      0.0000000E+00
   15.87500      0.0000000E+00
   16.12500      0.0000000E+00
   16.37500      0.0000000E+00
   16.62500      0.0000000E+00
   16.87500      0.0000000E+00
   17.12500      0.0000000E+00
   17.37500      0.0000000E+00
   17.62500      0.0000000E+00
   17.87500      0.0000000E+00
   18.12500      0.0000000E+00
   18.37500      0.0000000E+00
   18.62500      0.0000000E+00
   18.87500      0.0000000E+00
   19.12500      0.0000000E+00
   19.37500      0.0000000E+00
