[double3(10.248000000000,0.000000000000,0.000000000000),double3(0.000000000000,13.788000000000,0.000000000000),double3(-2.490566487135,0.000000000000,6.308137805499)]

double3(0.083333333333,0.125000000000,0.100000000000),
double3(0.113300000000,0.084250000000,0.044740000000),
double3(0.091400000000,0.176750000000,0.037960000000),
double3(0.166666666667,0.146750000000,0.100000000000),
double3(0.118066666667,0.000000000000,0.010500000000),
double3(0.166666666667,0.074050000000,0.000000000000),
double3(0.113700000000,0.133150000000,0.070760000000),
double3(0.118300000000,0.057800000000,0.004280000000),
double3(0.250000000000,0.125000000000,0.100000000000),
double3(0.220033333333,0.084250000000,0.155260000000),
double3(0.241933333333,0.176750000000,0.162040000000),
double3(0.215266666667,0.000000000000,0.189500000000),
double3(0.219633333333,0.133150000000,0.129240000000),
double3(0.215033333333,0.057800000000,0.195720000000),
double3(0.250000000000,0.375000000000,0.100000000000),
double3(0.220033333333,0.415750000000,0.155260000000),
double3(0.241933333333,0.323250000000,0.162040000000),
double3(0.166666666667,0.353250000000,0.100000000000),
double3(0.166666666667,0.425950000000,0.000000000000),
double3(0.219633333333,0.366850000000,0.129240000000),
double3(0.215033333333,0.442200000000,0.195720000000),
double3(0.083333333333,0.375000000000,0.100000000000),
double3(0.113300000000,0.415750000000,0.044740000000),
double3(0.091400000000,0.323250000000,0.037960000000),
double3(0.113700000000,0.366850000000,0.070760000000),
double3(0.118300000000,0.442200000000,0.004280000000),
double3(0.279966666667,0.334250000000,0.044740000000),
double3(0.258066666667,0.426750000000,0.037960000000),
double3(0.000000000000,0.396750000000,0.100000000000),
double3(0.284733333333,0.250000000000,0.010500000000),
double3(0.000000000000,0.324050000000,0.000000000000),
double3(0.280366666667,0.383150000000,0.070760000000),
double3(0.284966666667,0.307800000000,0.004280000000),
double3(0.053366666667,0.334250000000,0.155260000000),
double3(0.075266666667,0.426750000000,0.162040000000),
double3(0.048600000000,0.250000000000,0.189500000000),
double3(0.052966666667,0.383150000000,0.129240000000),
double3(0.048366666667,0.307800000000,0.195720000000),
double3(0.053366666667,0.165750000000,0.155260000000),
double3(0.075266666667,0.073250000000,0.162040000000),
double3(0.000000000000,0.103250000000,0.100000000000),
double3(0.000000000000,0.175950000000,0.000000000000),
double3(0.052966666667,0.116850000000,0.129240000000),
double3(0.048366666667,0.192200000000,0.195720000000),
double3(0.279966666667,0.165750000000,0.044740000000),
double3(0.258066666667,0.073250000000,0.037960000000),
double3(0.280366666667,0.116850000000,0.070760000000),
double3(0.284966666667,0.192200000000,0.004280000000),
double3(0.083333333333,0.125000000000,0.300000000000),
double3(0.113300000000,0.084250000000,0.244740000000),
double3(0.091400000000,0.176750000000,0.237960000000),
double3(0.166666666667,0.146750000000,0.300000000000),
double3(0.118066666667,0.000000000000,0.210500000000),
double3(0.166666666667,0.074050000000,0.200000000000),
double3(0.113700000000,0.133150000000,0.270760000000),
double3(0.118300000000,0.057800000000,0.204280000000),
double3(0.250000000000,0.125000000000,0.300000000000),
double3(0.220033333333,0.084250000000,0.355260000000),
double3(0.241933333333,0.176750000000,0.362040000000),
double3(0.215266666667,0.000000000000,0.389500000000),
double3(0.219633333333,0.133150000000,0.329240000000),
double3(0.215033333333,0.057800000000,0.395720000000),
double3(0.250000000000,0.375000000000,0.300000000000),
double3(0.220033333333,0.415750000000,0.355260000000),
double3(0.241933333333,0.323250000000,0.362040000000),
double3(0.166666666667,0.353250000000,0.300000000000),
double3(0.166666666667,0.425950000000,0.200000000000),
double3(0.219633333333,0.366850000000,0.329240000000),
double3(0.215033333333,0.442200000000,0.395720000000),
double3(0.083333333333,0.375000000000,0.300000000000),
double3(0.113300000000,0.415750000000,0.244740000000),
double3(0.091400000000,0.323250000000,0.237960000000),
double3(0.113700000000,0.366850000000,0.270760000000),
double3(0.118300000000,0.442200000000,0.204280000000),
double3(0.279966666667,0.334250000000,0.244740000000),
double3(0.258066666667,0.426750000000,0.237960000000),
double3(0.000000000000,0.396750000000,0.300000000000),
double3(0.284733333333,0.250000000000,0.210500000000),
double3(0.000000000000,0.324050000000,0.200000000000),
double3(0.280366666667,0.383150000000,0.270760000000),
double3(0.284966666667,0.307800000000,0.204280000000),
double3(0.053366666667,0.334250000000,0.355260000000),
double3(0.075266666667,0.426750000000,0.362040000000),
double3(0.048600000000,0.250000000000,0.389500000000),
double3(0.052966666667,0.383150000000,0.329240000000),
double3(0.048366666667,0.307800000000,0.395720000000),
double3(0.053366666667,0.165750000000,0.355260000000),
double3(0.075266666667,0.073250000000,0.362040000000),
double3(0.000000000000,0.103250000000,0.300000000000),
double3(0.000000000000,0.175950000000,0.200000000000),
double3(0.052966666667,0.116850000000,0.329240000000),
double3(0.048366666667,0.192200000000,0.395720000000),
double3(0.279966666667,0.165750000000,0.244740000000),
double3(0.258066666667,0.073250000000,0.237960000000),
double3(0.280366666667,0.116850000000,0.270760000000),
double3(0.284966666667,0.192200000000,0.204280000000),
double3(0.083333333333,0.125000000000,0.500000000000),
double3(0.113300000000,0.084250000000,0.444740000000),
double3(0.091400000000,0.176750000000,0.437960000000),
double3(0.166666666667,0.146750000000,0.500000000000),
double3(0.118066666667,0.000000000000,0.410500000000),
double3(0.166666666667,0.074050000000,0.400000000000),
double3(0.113700000000,0.133150000000,0.470760000000),
double3(0.118300000000,0.057800000000,0.404280000000),
double3(0.250000000000,0.125000000000,0.500000000000),
double3(0.220033333333,0.084250000000,0.555260000000),
double3(0.241933333333,0.176750000000,0.562040000000),
double3(0.215266666667,0.000000000000,0.589500000000),
double3(0.219633333333,0.133150000000,0.529240000000),
double3(0.215033333333,0.057800000000,0.595720000000),
double3(0.250000000000,0.375000000000,0.500000000000),
double3(0.220033333333,0.415750000000,0.555260000000),
double3(0.241933333333,0.323250000000,0.562040000000),
double3(0.166666666667,0.353250000000,0.500000000000),
double3(0.166666666667,0.425950000000,0.400000000000),
double3(0.219633333333,0.366850000000,0.529240000000),
double3(0.215033333333,0.442200000000,0.595720000000),
double3(0.083333333333,0.375000000000,0.500000000000),
double3(0.113300000000,0.415750000000,0.444740000000),
double3(0.091400000000,0.323250000000,0.437960000000),
double3(0.113700000000,0.366850000000,0.470760000000),
double3(0.118300000000,0.442200000000,0.404280000000),
double3(0.279966666667,0.334250000000,0.444740000000),
double3(0.258066666667,0.426750000000,0.437960000000),
double3(0.000000000000,0.396750000000,0.500000000000),
double3(0.284733333333,0.250000000000,0.410500000000),
double3(0.000000000000,0.324050000000,0.400000000000),
double3(0.280366666667,0.383150000000,0.470760000000),
double3(0.284966666667,0.307800000000,0.404280000000),
double3(0.053366666667,0.334250000000,0.555260000000),
double3(0.075266666667,0.426750000000,0.562040000000),
double3(0.048600000000,0.250000000000,0.589500000000),
double3(0.052966666667,0.383150000000,0.529240000000),
double3(0.048366666667,0.307800000000,0.595720000000),
double3(0.053366666667,0.165750000000,0.555260000000),
double3(0.075266666667,0.073250000000,0.562040000000),
double3(0.000000000000,0.103250000000,0.500000000000),
double3(0.000000000000,0.175950000000,0.400000000000),
double3(0.052966666667,0.116850000000,0.529240000000),
double3(0.048366666667,0.192200000000,0.595720000000),
double3(0.279966666667,0.165750000000,0.444740000000),
double3(0.258066666667,0.073250000000,0.437960000000),
double3(0.280366666667,0.116850000000,0.470760000000),
double3(0.284966666667,0.192200000000,0.404280000000),
double3(0.083333333333,0.125000000000,0.700000000000),
double3(0.113300000000,0.084250000000,0.644740000000),
double3(0.091400000000,0.176750000000,0.637960000000),
double3(0.166666666667,0.146750000000,0.700000000000),
double3(0.118066666667,0.000000000000,0.610500000000),
double3(0.166666666667,0.074050000000,0.600000000000),
double3(0.113700000000,0.133150000000,0.670760000000),
double3(0.118300000000,0.057800000000,0.604280000000),
double3(0.250000000000,0.125000000000,0.700000000000),
double3(0.220033333333,0.084250000000,0.755260000000),
double3(0.241933333333,0.176750000000,0.762040000000),
double3(0.215266666667,0.000000000000,0.789500000000),
double3(0.219633333333,0.133150000000,0.729240000000),
double3(0.215033333333,0.057800000000,0.795720000000),
double3(0.250000000000,0.375000000000,0.700000000000),
double3(0.220033333333,0.415750000000,0.755260000000),
double3(0.241933333333,0.323250000000,0.762040000000),
double3(0.166666666667,0.353250000000,0.700000000000),
double3(0.166666666667,0.425950000000,0.600000000000),
double3(0.219633333333,0.366850000000,0.729240000000),
double3(0.215033333333,0.442200000000,0.795720000000),
double3(0.083333333333,0.375000000000,0.700000000000),
double3(0.113300000000,0.415750000000,0.644740000000),
double3(0.091400000000,0.323250000000,0.637960000000),
double3(0.113700000000,0.366850000000,0.670760000000),
double3(0.118300000000,0.442200000000,0.604280000000),
double3(0.279966666667,0.334250000000,0.644740000000),
double3(0.258066666667,0.426750000000,0.637960000000),
double3(0.000000000000,0.396750000000,0.700000000000),
double3(0.284733333333,0.250000000000,0.610500000000),
double3(0.000000000000,0.324050000000,0.600000000000),
double3(0.280366666667,0.383150000000,0.670760000000),
double3(0.284966666667,0.307800000000,0.604280000000),
double3(0.053366666667,0.334250000000,0.755260000000),
double3(0.075266666667,0.426750000000,0.762040000000),
double3(0.048600000000,0.250000000000,0.789500000000),
double3(0.052966666667,0.383150000000,0.729240000000),
double3(0.048366666667,0.307800000000,0.795720000000),
double3(0.053366666667,0.165750000000,0.755260000000),
double3(0.075266666667,0.073250000000,0.762040000000),
double3(0.000000000000,0.103250000000,0.700000000000),
double3(0.000000000000,0.175950000000,0.600000000000),
double3(0.052966666667,0.116850000000,0.729240000000),
double3(0.048366666667,0.192200000000,0.795720000000),
double3(0.279966666667,0.165750000000,0.644740000000),
double3(0.258066666667,0.073250000000,0.637960000000),
double3(0.280366666667,0.116850000000,0.670760000000),
double3(0.284966666667,0.192200000000,0.604280000000),
double3(0.083333333333,0.125000000000,0.900000000000),
double3(0.113300000000,0.084250000000,0.844740000000),
double3(0.091400000000,0.176750000000,0.837960000000),
double3(0.166666666667,0.146750000000,0.900000000000),
double3(0.118066666667,0.000000000000,0.810500000000),
double3(0.166666666667,0.074050000000,0.800000000000),
double3(0.113700000000,0.133150000000,0.870760000000),
double3(0.118300000000,0.057800000000,0.804280000000),
double3(0.250000000000,0.125000000000,0.900000000000),
double3(0.220033333333,0.084250000000,0.955260000000),
double3(0.241933333333,0.176750000000,0.962040000000),
double3(0.215266666667,0.000000000000,0.989500000000),
double3(0.219633333333,0.133150000000,0.929240000000),
double3(0.215033333333,0.057800000000,0.995720000000),
double3(0.250000000000,0.375000000000,0.900000000000),
double3(0.220033333333,0.415750000000,0.955260000000),
double3(0.241933333333,0.323250000000,0.962040000000),
double3(0.166666666667,0.353250000000,0.900000000000),
double3(0.166666666667,0.425950000000,0.800000000000),
double3(0.219633333333,0.366850000000,0.929240000000),
double3(0.215033333333,0.442200000000,0.995720000000),
double3(0.083333333333,0.375000000000,0.900000000000),
double3(0.113300000000,0.415750000000,0.844740000000),
double3(0.091400000000,0.323250000000,0.837960000000),
double3(0.113700000000,0.366850000000,0.870760000000),
double3(0.118300000000,0.442200000000,0.804280000000),
double3(0.279966666667,0.334250000000,0.844740000000),
double3(0.258066666667,0.426750000000,0.837960000000),
double3(0.000000000000,0.396750000000,0.900000000000),
double3(0.284733333333,0.250000000000,0.810500000000),
double3(0.000000000000,0.324050000000,0.800000000000),
double3(0.280366666667,0.383150000000,0.870760000000),
double3(0.284966666667,0.307800000000,0.804280000000),
double3(0.053366666667,0.334250000000,0.955260000000),
double3(0.075266666667,0.426750000000,0.962040000000),
double3(0.048600000000,0.250000000000,0.989500000000),
double3(0.052966666667,0.383150000000,0.929240000000),
double3(0.048366666667,0.307800000000,0.995720000000),
double3(0.053366666667,0.165750000000,0.955260000000),
double3(0.075266666667,0.073250000000,0.962040000000),
double3(0.000000000000,0.103250000000,0.900000000000),
double3(0.000000000000,0.175950000000,0.800000000000),
double3(0.052966666667,0.116850000000,0.929240000000),
double3(0.048366666667,0.192200000000,0.995720000000),
double3(0.279966666667,0.165750000000,0.844740000000),
double3(0.258066666667,0.073250000000,0.837960000000),
double3(0.280366666667,0.116850000000,0.870760000000),
double3(0.284966666667,0.192200000000,0.804280000000),
double3(0.083333333333,0.625000000000,0.100000000000),
double3(0.113300000000,0.584250000000,0.044740000000),
double3(0.091400000000,0.676750000000,0.037960000000),
double3(0.166666666667,0.646750000000,0.100000000000),
double3(0.118066666667,0.500000000000,0.010500000000),
double3(0.166666666667,0.574050000000,0.000000000000),
double3(0.113700000000,0.633150000000,0.070760000000),
double3(0.118300000000,0.557800000000,0.004280000000),
double3(0.250000000000,0.625000000000,0.100000000000),
double3(0.220033333333,0.584250000000,0.155260000000),
double3(0.241933333333,0.676750000000,0.162040000000),
double3(0.215266666667,0.500000000000,0.189500000000),
double3(0.219633333333,0.633150000000,0.129240000000),
double3(0.215033333333,0.557800000000,0.195720000000),
double3(0.250000000000,0.875000000000,0.100000000000),
double3(0.220033333333,0.915750000000,0.155260000000),
double3(0.241933333333,0.823250000000,0.162040000000),
double3(0.166666666667,0.853250000000,0.100000000000),
double3(0.166666666667,0.925950000000,0.000000000000),
double3(0.219633333333,0.866850000000,0.129240000000),
double3(0.215033333333,0.942200000000,0.195720000000),
double3(0.083333333333,0.875000000000,0.100000000000),
double3(0.113300000000,0.915750000000,0.044740000000),
double3(0.091400000000,0.823250000000,0.037960000000),
double3(0.113700000000,0.866850000000,0.070760000000),
double3(0.118300000000,0.942200000000,0.004280000000),
double3(0.279966666667,0.834250000000,0.044740000000),
double3(0.258066666667,0.926750000000,0.037960000000),
double3(0.000000000000,0.896750000000,0.100000000000),
double3(0.284733333333,0.750000000000,0.010500000000),
double3(0.000000000000,0.824050000000,0.000000000000),
double3(0.280366666667,0.883150000000,0.070760000000),
double3(0.284966666667,0.807800000000,0.004280000000),
double3(0.053366666667,0.834250000000,0.155260000000),
double3(0.075266666667,0.926750000000,0.162040000000),
double3(0.048600000000,0.750000000000,0.189500000000),
double3(0.052966666667,0.883150000000,0.129240000000),
double3(0.048366666667,0.807800000000,0.195720000000),
double3(0.053366666667,0.665750000000,0.155260000000),
double3(0.075266666667,0.573250000000,0.162040000000),
double3(0.000000000000,0.603250000000,0.100000000000),
double3(0.000000000000,0.675950000000,0.000000000000),
double3(0.052966666667,0.616850000000,0.129240000000),
double3(0.048366666667,0.692200000000,0.195720000000),
double3(0.279966666667,0.665750000000,0.044740000000),
double3(0.258066666667,0.573250000000,0.037960000000),
double3(0.280366666667,0.616850000000,0.070760000000),
double3(0.284966666667,0.692200000000,0.004280000000),
double3(0.083333333333,0.625000000000,0.300000000000),
double3(0.113300000000,0.584250000000,0.244740000000),
double3(0.091400000000,0.676750000000,0.237960000000),
double3(0.166666666667,0.646750000000,0.300000000000),
double3(0.118066666667,0.500000000000,0.210500000000),
double3(0.166666666667,0.574050000000,0.200000000000),
double3(0.113700000000,0.633150000000,0.270760000000),
double3(0.118300000000,0.557800000000,0.204280000000),
double3(0.250000000000,0.625000000000,0.300000000000),
double3(0.220033333333,0.584250000000,0.355260000000),
double3(0.241933333333,0.676750000000,0.362040000000),
double3(0.215266666667,0.500000000000,0.389500000000),
double3(0.219633333333,0.633150000000,0.329240000000),
double3(0.215033333333,0.557800000000,0.395720000000),
double3(0.250000000000,0.875000000000,0.300000000000),
double3(0.220033333333,0.915750000000,0.355260000000),
double3(0.241933333333,0.823250000000,0.362040000000),
double3(0.166666666667,0.853250000000,0.300000000000),
double3(0.166666666667,0.925950000000,0.200000000000),
double3(0.219633333333,0.866850000000,0.329240000000),
double3(0.215033333333,0.942200000000,0.395720000000),
double3(0.083333333333,0.875000000000,0.300000000000),
double3(0.113300000000,0.915750000000,0.244740000000),
double3(0.091400000000,0.823250000000,0.237960000000),
double3(0.113700000000,0.866850000000,0.270760000000),
double3(0.118300000000,0.942200000000,0.204280000000),
double3(0.279966666667,0.834250000000,0.244740000000),
double3(0.258066666667,0.926750000000,0.237960000000),
double3(0.000000000000,0.896750000000,0.300000000000),
double3(0.284733333333,0.750000000000,0.210500000000),
double3(0.000000000000,0.824050000000,0.200000000000),
double3(0.280366666667,0.883150000000,0.270760000000),
double3(0.284966666667,0.807800000000,0.204280000000),
double3(0.053366666667,0.834250000000,0.355260000000),
double3(0.075266666667,0.926750000000,0.362040000000),
double3(0.048600000000,0.750000000000,0.389500000000),
double3(0.052966666667,0.883150000000,0.329240000000),
double3(0.048366666667,0.807800000000,0.395720000000),
double3(0.053366666667,0.665750000000,0.355260000000),
double3(0.075266666667,0.573250000000,0.362040000000),
double3(0.000000000000,0.603250000000,0.300000000000),
double3(0.000000000000,0.675950000000,0.200000000000),
double3(0.052966666667,0.616850000000,0.329240000000),
double3(0.048366666667,0.692200000000,0.395720000000),
double3(0.279966666667,0.665750000000,0.244740000000),
double3(0.258066666667,0.573250000000,0.237960000000),
double3(0.280366666667,0.616850000000,0.270760000000),
double3(0.284966666667,0.692200000000,0.204280000000),
double3(0.083333333333,0.625000000000,0.500000000000),
double3(0.113300000000,0.584250000000,0.444740000000),
double3(0.091400000000,0.676750000000,0.437960000000),
double3(0.166666666667,0.646750000000,0.500000000000),
double3(0.118066666667,0.500000000000,0.410500000000),
double3(0.166666666667,0.574050000000,0.400000000000),
double3(0.113700000000,0.633150000000,0.470760000000),
double3(0.118300000000,0.557800000000,0.404280000000),
double3(0.250000000000,0.625000000000,0.500000000000),
double3(0.220033333333,0.584250000000,0.555260000000),
double3(0.241933333333,0.676750000000,0.562040000000),
double3(0.215266666667,0.500000000000,0.589500000000),
double3(0.219633333333,0.633150000000,0.529240000000),
double3(0.215033333333,0.557800000000,0.595720000000),
double3(0.250000000000,0.875000000000,0.500000000000),
double3(0.220033333333,0.915750000000,0.555260000000),
double3(0.241933333333,0.823250000000,0.562040000000),
double3(0.166666666667,0.853250000000,0.500000000000),
double3(0.166666666667,0.925950000000,0.400000000000),
double3(0.219633333333,0.866850000000,0.529240000000),
double3(0.215033333333,0.942200000000,0.595720000000),
double3(0.083333333333,0.875000000000,0.500000000000),
double3(0.113300000000,0.915750000000,0.444740000000),
double3(0.091400000000,0.823250000000,0.437960000000),
double3(0.113700000000,0.866850000000,0.470760000000),
double3(0.118300000000,0.942200000000,0.404280000000),
double3(0.279966666667,0.834250000000,0.444740000000),
double3(0.258066666667,0.926750000000,0.437960000000),
double3(0.000000000000,0.896750000000,0.500000000000),
double3(0.284733333333,0.750000000000,0.410500000000),
double3(0.000000000000,0.824050000000,0.400000000000),
double3(0.280366666667,0.883150000000,0.470760000000),
double3(0.284966666667,0.807800000000,0.404280000000),
double3(0.053366666667,0.834250000000,0.555260000000),
double3(0.075266666667,0.926750000000,0.562040000000),
double3(0.048600000000,0.750000000000,0.589500000000),
double3(0.052966666667,0.883150000000,0.529240000000),
double3(0.048366666667,0.807800000000,0.595720000000),
double3(0.053366666667,0.665750000000,0.555260000000),
double3(0.075266666667,0.573250000000,0.562040000000),
double3(0.000000000000,0.603250000000,0.500000000000),
double3(0.000000000000,0.675950000000,0.400000000000),
double3(0.052966666667,0.616850000000,0.529240000000),
double3(0.048366666667,0.692200000000,0.595720000000),
double3(0.279966666667,0.665750000000,0.444740000000),
double3(0.258066666667,0.573250000000,0.437960000000),
double3(0.280366666667,0.616850000000,0.470760000000),
double3(0.284966666667,0.692200000000,0.404280000000),
double3(0.083333333333,0.625000000000,0.700000000000),
double3(0.113300000000,0.584250000000,0.644740000000),
double3(0.091400000000,0.676750000000,0.637960000000),
double3(0.166666666667,0.646750000000,0.700000000000),
double3(0.118066666667,0.500000000000,0.610500000000),
double3(0.166666666667,0.574050000000,0.600000000000),
double3(0.113700000000,0.633150000000,0.670760000000),
double3(0.118300000000,0.557800000000,0.604280000000),
double3(0.250000000000,0.625000000000,0.700000000000),
double3(0.220033333333,0.584250000000,0.755260000000),
double3(0.241933333333,0.676750000000,0.762040000000),
double3(0.215266666667,0.500000000000,0.789500000000),
double3(0.219633333333,0.633150000000,0.729240000000),
double3(0.215033333333,0.557800000000,0.795720000000),
double3(0.250000000000,0.875000000000,0.700000000000),
double3(0.220033333333,0.915750000000,0.755260000000),
double3(0.241933333333,0.823250000000,0.762040000000),
double3(0.166666666667,0.853250000000,0.700000000000),
double3(0.166666666667,0.925950000000,0.600000000000),
double3(0.219633333333,0.866850000000,0.729240000000),
double3(0.215033333333,0.942200000000,0.795720000000),
double3(0.083333333333,0.875000000000,0.700000000000),
double3(0.113300000000,0.915750000000,0.644740000000),
double3(0.091400000000,0.823250000000,0.637960000000),
double3(0.113700000000,0.866850000000,0.670760000000),
double3(0.118300000000,0.942200000000,0.604280000000),
double3(0.279966666667,0.834250000000,0.644740000000),
double3(0.258066666667,0.926750000000,0.637960000000),
double3(0.000000000000,0.896750000000,0.700000000000),
double3(0.284733333333,0.750000000000,0.610500000000),
double3(0.000000000000,0.824050000000,0.600000000000),
double3(0.280366666667,0.883150000000,0.670760000000),
double3(0.284966666667,0.807800000000,0.604280000000),
double3(0.053366666667,0.834250000000,0.755260000000),
double3(0.075266666667,0.926750000000,0.762040000000),
double3(0.048600000000,0.750000000000,0.789500000000),
double3(0.052966666667,0.883150000000,0.729240000000),
double3(0.048366666667,0.807800000000,0.795720000000),
double3(0.053366666667,0.665750000000,0.755260000000),
double3(0.075266666667,0.573250000000,0.762040000000),
double3(0.000000000000,0.603250000000,0.700000000000),
double3(0.000000000000,0.675950000000,0.600000000000),
double3(0.052966666667,0.616850000000,0.729240000000),
double3(0.048366666667,0.692200000000,0.795720000000),
double3(0.279966666667,0.665750000000,0.644740000000),
double3(0.258066666667,0.573250000000,0.637960000000),
double3(0.280366666667,0.616850000000,0.670760000000),
double3(0.284966666667,0.692200000000,0.604280000000),
double3(0.083333333333,0.625000000000,0.900000000000),
double3(0.113300000000,0.584250000000,0.844740000000),
double3(0.091400000000,0.676750000000,0.837960000000),
double3(0.166666666667,0.646750000000,0.900000000000),
double3(0.118066666667,0.500000000000,0.810500000000),
double3(0.166666666667,0.574050000000,0.800000000000),
double3(0.113700000000,0.633150000000,0.870760000000),
double3(0.118300000000,0.557800000000,0.804280000000),
double3(0.250000000000,0.625000000000,0.900000000000),
double3(0.220033333333,0.584250000000,0.955260000000),
double3(0.241933333333,0.676750000000,0.962040000000),
double3(0.215266666667,0.500000000000,0.989500000000),
double3(0.219633333333,0.633150000000,0.929240000000),
double3(0.215033333333,0.557800000000,0.995720000000),
double3(0.250000000000,0.875000000000,0.900000000000),
double3(0.220033333333,0.915750000000,0.955260000000),
double3(0.241933333333,0.823250000000,0.962040000000),
double3(0.166666666667,0.853250000000,0.900000000000),
double3(0.166666666667,0.925950000000,0.800000000000),
double3(0.219633333333,0.866850000000,0.929240000000),
double3(0.215033333333,0.942200000000,0.995720000000),
double3(0.083333333333,0.875000000000,0.900000000000),
double3(0.113300000000,0.915750000000,0.844740000000),
double3(0.091400000000,0.823250000000,0.837960000000),
double3(0.113700000000,0.866850000000,0.870760000000),
double3(0.118300000000,0.942200000000,0.804280000000),
double3(0.279966666667,0.834250000000,0.844740000000),
double3(0.258066666667,0.926750000000,0.837960000000),
double3(0.000000000000,0.896750000000,0.900000000000),
double3(0.284733333333,0.750000000000,0.810500000000),
double3(0.000000000000,0.824050000000,0.800000000000),
double3(0.280366666667,0.883150000000,0.870760000000),
double3(0.284966666667,0.807800000000,0.804280000000),
double3(0.053366666667,0.834250000000,0.955260000000),
double3(0.075266666667,0.926750000000,0.962040000000),
double3(0.048600000000,0.750000000000,0.989500000000),
double3(0.052966666667,0.883150000000,0.929240000000),
double3(0.048366666667,0.807800000000,0.995720000000),
double3(0.053366666667,0.665750000000,0.955260000000),
double3(0.075266666667,0.573250000000,0.962040000000),
double3(0.000000000000,0.603250000000,0.900000000000),
double3(0.000000000000,0.675950000000,0.800000000000),
double3(0.052966666667,0.616850000000,0.929240000000),
double3(0.048366666667,0.692200000000,0.995720000000),
double3(0.279966666667,0.665750000000,0.844740000000),
double3(0.258066666667,0.573250000000,0.837960000000),
double3(0.280366666667,0.616850000000,0.870760000000),
double3(0.284966666667,0.692200000000,0.804280000000),
double3(0.416666666667,0.125000000000,0.100000000000),
double3(0.446633333333,0.084250000000,0.044740000000),
double3(0.424733333333,0.176750000000,0.037960000000),
double3(0.500000000000,0.146750000000,0.100000000000),
double3(0.451400000000,0.000000000000,0.010500000000),
double3(0.500000000000,0.074050000000,0.000000000000),
double3(0.447033333333,0.133150000000,0.070760000000),
double3(0.451633333333,0.057800000000,0.004280000000),
double3(0.583333333333,0.125000000000,0.100000000000),
double3(0.553366666667,0.084250000000,0.155260000000),
double3(0.575266666667,0.176750000000,0.162040000000),
double3(0.548600000000,0.000000000000,0.189500000000),
double3(0.552966666667,0.133150000000,0.129240000000),
double3(0.548366666667,0.057800000000,0.195720000000),
double3(0.583333333333,0.375000000000,0.100000000000),
double3(0.553366666667,0.415750000000,0.155260000000),
double3(0.575266666667,0.323250000000,0.162040000000),
double3(0.500000000000,0.353250000000,0.100000000000),
double3(0.500000000000,0.425950000000,0.000000000000),
double3(0.552966666667,0.366850000000,0.129240000000),
double3(0.548366666667,0.442200000000,0.195720000000),
double3(0.416666666667,0.375000000000,0.100000000000),
double3(0.446633333333,0.415750000000,0.044740000000),
double3(0.424733333333,0.323250000000,0.037960000000),
double3(0.447033333333,0.366850000000,0.070760000000),
double3(0.451633333333,0.442200000000,0.004280000000),
double3(0.613300000000,0.334250000000,0.044740000000),
double3(0.591400000000,0.426750000000,0.037960000000),
double3(0.333333333333,0.396750000000,0.100000000000),
double3(0.618066666667,0.250000000000,0.010500000000),
double3(0.333333333333,0.324050000000,0.000000000000),
double3(0.613700000000,0.383150000000,0.070760000000),
double3(0.618300000000,0.307800000000,0.004280000000),
double3(0.386700000000,0.334250000000,0.155260000000),
double3(0.408600000000,0.426750000000,0.162040000000),
double3(0.381933333333,0.250000000000,0.189500000000),
double3(0.386300000000,0.383150000000,0.129240000000),
double3(0.381700000000,0.307800000000,0.195720000000),
double3(0.386700000000,0.165750000000,0.155260000000),
double3(0.408600000000,0.073250000000,0.162040000000),
double3(0.333333333333,0.103250000000,0.100000000000),
double3(0.333333333333,0.175950000000,0.000000000000),
double3(0.386300000000,0.116850000000,0.129240000000),
double3(0.381700000000,0.192200000000,0.195720000000),
double3(0.613300000000,0.165750000000,0.044740000000),
double3(0.591400000000,0.073250000000,0.037960000000),
double3(0.613700000000,0.116850000000,0.070760000000),
double3(0.618300000000,0.192200000000,0.004280000000),
double3(0.416666666667,0.125000000000,0.300000000000),
double3(0.446633333333,0.084250000000,0.244740000000),
double3(0.424733333333,0.176750000000,0.237960000000),
double3(0.500000000000,0.146750000000,0.300000000000),
double3(0.451400000000,0.000000000000,0.210500000000),
double3(0.500000000000,0.074050000000,0.200000000000),
double3(0.447033333333,0.133150000000,0.270760000000),
double3(0.451633333333,0.057800000000,0.204280000000),
double3(0.583333333333,0.125000000000,0.300000000000),
double3(0.553366666667,0.084250000000,0.355260000000),
double3(0.575266666667,0.176750000000,0.362040000000),
double3(0.548600000000,0.000000000000,0.389500000000),
double3(0.552966666667,0.133150000000,0.329240000000),
double3(0.548366666667,0.057800000000,0.395720000000),
double3(0.583333333333,0.375000000000,0.300000000000),
double3(0.553366666667,0.415750000000,0.355260000000),
double3(0.575266666667,0.323250000000,0.362040000000),
double3(0.500000000000,0.353250000000,0.300000000000),
double3(0.500000000000,0.425950000000,0.200000000000),
double3(0.552966666667,0.366850000000,0.329240000000),
double3(0.548366666667,0.442200000000,0.395720000000),
double3(0.416666666667,0.375000000000,0.300000000000),
double3(0.446633333333,0.415750000000,0.244740000000),
double3(0.424733333333,0.323250000000,0.237960000000),
double3(0.447033333333,0.366850000000,0.270760000000),
double3(0.451633333333,0.442200000000,0.204280000000),
double3(0.613300000000,0.334250000000,0.244740000000),
double3(0.591400000000,0.426750000000,0.237960000000),
double3(0.333333333333,0.396750000000,0.300000000000),
double3(0.618066666667,0.250000000000,0.210500000000),
double3(0.333333333333,0.324050000000,0.200000000000),
double3(0.613700000000,0.383150000000,0.270760000000),
double3(0.618300000000,0.307800000000,0.204280000000),
double3(0.386700000000,0.334250000000,0.355260000000),
double3(0.408600000000,0.426750000000,0.362040000000),
double3(0.381933333333,0.250000000000,0.389500000000),
double3(0.386300000000,0.383150000000,0.329240000000),
double3(0.381700000000,0.307800000000,0.395720000000),
double3(0.386700000000,0.165750000000,0.355260000000),
double3(0.408600000000,0.073250000000,0.362040000000),
double3(0.333333333333,0.103250000000,0.300000000000),
double3(0.333333333333,0.175950000000,0.200000000000),
double3(0.386300000000,0.116850000000,0.329240000000),
double3(0.381700000000,0.192200000000,0.395720000000),
double3(0.613300000000,0.165750000000,0.244740000000),
double3(0.591400000000,0.073250000000,0.237960000000),
double3(0.613700000000,0.116850000000,0.270760000000),
double3(0.618300000000,0.192200000000,0.204280000000),
double3(0.416666666667,0.125000000000,0.500000000000),
double3(0.446633333333,0.084250000000,0.444740000000),
double3(0.424733333333,0.176750000000,0.437960000000),
double3(0.500000000000,0.146750000000,0.500000000000),
double3(0.451400000000,0.000000000000,0.410500000000),
double3(0.500000000000,0.074050000000,0.400000000000),
double3(0.447033333333,0.133150000000,0.470760000000),
double3(0.451633333333,0.057800000000,0.404280000000),
double3(0.583333333333,0.125000000000,0.500000000000),
double3(0.553366666667,0.084250000000,0.555260000000),
double3(0.575266666667,0.176750000000,0.562040000000),
double3(0.548600000000,0.000000000000,0.589500000000),
double3(0.552966666667,0.133150000000,0.529240000000),
double3(0.548366666667,0.057800000000,0.595720000000),
double3(0.583333333333,0.375000000000,0.500000000000),
double3(0.553366666667,0.415750000000,0.555260000000),
double3(0.575266666667,0.323250000000,0.562040000000),
double3(0.500000000000,0.353250000000,0.500000000000),
double3(0.500000000000,0.425950000000,0.400000000000),
double3(0.552966666667,0.366850000000,0.529240000000),
double3(0.548366666667,0.442200000000,0.595720000000),
double3(0.416666666667,0.375000000000,0.500000000000),
double3(0.446633333333,0.415750000000,0.444740000000),
double3(0.424733333333,0.323250000000,0.437960000000),
double3(0.447033333333,0.366850000000,0.470760000000),
double3(0.451633333333,0.442200000000,0.404280000000),
double3(0.613300000000,0.334250000000,0.444740000000),
double3(0.591400000000,0.426750000000,0.437960000000),
double3(0.333333333333,0.396750000000,0.500000000000),
double3(0.618066666667,0.250000000000,0.410500000000),
double3(0.333333333333,0.324050000000,0.400000000000),
double3(0.613700000000,0.383150000000,0.470760000000),
double3(0.618300000000,0.307800000000,0.404280000000),
double3(0.386700000000,0.334250000000,0.555260000000),
double3(0.408600000000,0.426750000000,0.562040000000),
double3(0.381933333333,0.250000000000,0.589500000000),
double3(0.386300000000,0.383150000000,0.529240000000),
double3(0.381700000000,0.307800000000,0.595720000000),
double3(0.386700000000,0.165750000000,0.555260000000),
double3(0.408600000000,0.073250000000,0.562040000000),
double3(0.333333333333,0.103250000000,0.500000000000),
double3(0.333333333333,0.175950000000,0.400000000000),
double3(0.386300000000,0.116850000000,0.529240000000),
double3(0.381700000000,0.192200000000,0.595720000000),
double3(0.613300000000,0.165750000000,0.444740000000),
double3(0.591400000000,0.073250000000,0.437960000000),
double3(0.613700000000,0.116850000000,0.470760000000),
double3(0.618300000000,0.192200000000,0.404280000000),
double3(0.416666666667,0.125000000000,0.700000000000),
double3(0.446633333333,0.084250000000,0.644740000000),
double3(0.424733333333,0.176750000000,0.637960000000),
double3(0.500000000000,0.146750000000,0.700000000000),
double3(0.451400000000,0.000000000000,0.610500000000),
double3(0.500000000000,0.074050000000,0.600000000000),
double3(0.447033333333,0.133150000000,0.670760000000),
double3(0.451633333333,0.057800000000,0.604280000000),
double3(0.583333333333,0.125000000000,0.700000000000),
double3(0.553366666667,0.084250000000,0.755260000000),
double3(0.575266666667,0.176750000000,0.762040000000),
double3(0.548600000000,0.000000000000,0.789500000000),
double3(0.552966666667,0.133150000000,0.729240000000),
double3(0.548366666667,0.057800000000,0.795720000000),
double3(0.583333333333,0.375000000000,0.700000000000),
double3(0.553366666667,0.415750000000,0.755260000000),
double3(0.575266666667,0.323250000000,0.762040000000),
double3(0.500000000000,0.353250000000,0.700000000000),
double3(0.500000000000,0.425950000000,0.600000000000),
double3(0.552966666667,0.366850000000,0.729240000000),
double3(0.548366666667,0.442200000000,0.795720000000),
double3(0.416666666667,0.375000000000,0.700000000000),
double3(0.446633333333,0.415750000000,0.644740000000),
double3(0.424733333333,0.323250000000,0.637960000000),
double3(0.447033333333,0.366850000000,0.670760000000),
double3(0.451633333333,0.442200000000,0.604280000000),
double3(0.613300000000,0.334250000000,0.644740000000),
double3(0.591400000000,0.426750000000,0.637960000000),
double3(0.333333333333,0.396750000000,0.700000000000),
double3(0.618066666667,0.250000000000,0.610500000000),
double3(0.333333333333,0.324050000000,0.600000000000),
double3(0.613700000000,0.383150000000,0.670760000000),
double3(0.618300000000,0.307800000000,0.604280000000),
double3(0.386700000000,0.334250000000,0.755260000000),
double3(0.408600000000,0.426750000000,0.762040000000),
double3(0.381933333333,0.250000000000,0.789500000000),
double3(0.386300000000,0.383150000000,0.729240000000),
double3(0.381700000000,0.307800000000,0.795720000000),
double3(0.386700000000,0.165750000000,0.755260000000),
double3(0.408600000000,0.073250000000,0.762040000000),
double3(0.333333333333,0.103250000000,0.700000000000),
double3(0.333333333333,0.175950000000,0.600000000000),
double3(0.386300000000,0.116850000000,0.729240000000),
double3(0.381700000000,0.192200000000,0.795720000000),
double3(0.613300000000,0.165750000000,0.644740000000),
double3(0.591400000000,0.073250000000,0.637960000000),
double3(0.613700000000,0.116850000000,0.670760000000),
double3(0.618300000000,0.192200000000,0.604280000000),
double3(0.416666666667,0.125000000000,0.900000000000),
double3(0.446633333333,0.084250000000,0.844740000000),
double3(0.424733333333,0.176750000000,0.837960000000),
double3(0.500000000000,0.146750000000,0.900000000000),
double3(0.451400000000,0.000000000000,0.810500000000),
double3(0.500000000000,0.074050000000,0.800000000000),
double3(0.447033333333,0.133150000000,0.870760000000),
double3(0.451633333333,0.057800000000,0.804280000000),
double3(0.583333333333,0.125000000000,0.900000000000),
double3(0.553366666667,0.084250000000,0.955260000000),
double3(0.575266666667,0.176750000000,0.962040000000),
double3(0.548600000000,0.000000000000,0.989500000000),
double3(0.552966666667,0.133150000000,0.929240000000),
double3(0.548366666667,0.057800000000,0.995720000000),
double3(0.583333333333,0.375000000000,0.900000000000),
double3(0.553366666667,0.415750000000,0.955260000000),
double3(0.575266666667,0.323250000000,0.962040000000),
double3(0.500000000000,0.353250000000,0.900000000000),
double3(0.500000000000,0.425950000000,0.800000000000),
double3(0.552966666667,0.366850000000,0.929240000000),
double3(0.548366666667,0.442200000000,0.995720000000),
double3(0.416666666667,0.375000000000,0.900000000000),
double3(0.446633333333,0.415750000000,0.844740000000),
double3(0.424733333333,0.323250000000,0.837960000000),
double3(0.447033333333,0.366850000000,0.870760000000),
double3(0.451633333333,0.442200000000,0.804280000000),
double3(0.613300000000,0.334250000000,0.844740000000),
double3(0.591400000000,0.426750000000,0.837960000000),
double3(0.333333333333,0.396750000000,0.900000000000),
double3(0.618066666667,0.250000000000,0.810500000000),
double3(0.333333333333,0.324050000000,0.800000000000),
double3(0.613700000000,0.383150000000,0.870760000000),
double3(0.618300000000,0.307800000000,0.804280000000),
double3(0.386700000000,0.334250000000,0.955260000000),
double3(0.408600000000,0.426750000000,0.962040000000),
double3(0.381933333333,0.250000000000,0.989500000000),
double3(0.386300000000,0.383150000000,0.929240000000),
double3(0.381700000000,0.307800000000,0.995720000000),
double3(0.386700000000,0.165750000000,0.955260000000),
double3(0.408600000000,0.073250000000,0.962040000000),
double3(0.333333333333,0.103250000000,0.900000000000),
double3(0.333333333333,0.175950000000,0.800000000000),
double3(0.386300000000,0.116850000000,0.929240000000),
double3(0.381700000000,0.192200000000,0.995720000000),
double3(0.613300000000,0.165750000000,0.844740000000),
double3(0.591400000000,0.073250000000,0.837960000000),
double3(0.613700000000,0.116850000000,0.870760000000),
double3(0.618300000000,0.192200000000,0.804280000000),
double3(0.416666666667,0.625000000000,0.100000000000),
double3(0.446633333333,0.584250000000,0.044740000000),
double3(0.424733333333,0.676750000000,0.037960000000),
double3(0.500000000000,0.646750000000,0.100000000000),
double3(0.451400000000,0.500000000000,0.010500000000),
double3(0.500000000000,0.574050000000,0.000000000000),
double3(0.447033333333,0.633150000000,0.070760000000),
double3(0.451633333333,0.557800000000,0.004280000000),
double3(0.583333333333,0.625000000000,0.100000000000),
double3(0.553366666667,0.584250000000,0.155260000000),
double3(0.575266666667,0.676750000000,0.162040000000),
double3(0.548600000000,0.500000000000,0.189500000000),
double3(0.552966666667,0.633150000000,0.129240000000),
double3(0.548366666667,0.557800000000,0.195720000000),
double3(0.583333333333,0.875000000000,0.100000000000),
double3(0.553366666667,0.915750000000,0.155260000000),
double3(0.575266666667,0.823250000000,0.162040000000),
double3(0.500000000000,0.853250000000,0.100000000000),
double3(0.500000000000,0.925950000000,0.000000000000),
double3(0.552966666667,0.866850000000,0.129240000000),
double3(0.548366666667,0.942200000000,0.195720000000),
double3(0.416666666667,0.875000000000,0.100000000000),
double3(0.446633333333,0.915750000000,0.044740000000),
double3(0.424733333333,0.823250000000,0.037960000000),
double3(0.447033333333,0.866850000000,0.070760000000),
double3(0.451633333333,0.942200000000,0.004280000000),
double3(0.613300000000,0.834250000000,0.044740000000),
double3(0.591400000000,0.926750000000,0.037960000000),
double3(0.333333333333,0.896750000000,0.100000000000),
double3(0.618066666667,0.750000000000,0.010500000000),
double3(0.333333333333,0.824050000000,0.000000000000),
double3(0.613700000000,0.883150000000,0.070760000000),
double3(0.618300000000,0.807800000000,0.004280000000),
double3(0.386700000000,0.834250000000,0.155260000000),
double3(0.408600000000,0.926750000000,0.162040000000),
double3(0.381933333333,0.750000000000,0.189500000000),
double3(0.386300000000,0.883150000000,0.129240000000),
double3(0.381700000000,0.807800000000,0.195720000000),
double3(0.386700000000,0.665750000000,0.155260000000),
double3(0.408600000000,0.573250000000,0.162040000000),
double3(0.333333333333,0.603250000000,0.100000000000),
double3(0.333333333333,0.675950000000,0.000000000000),
double3(0.386300000000,0.616850000000,0.129240000000),
double3(0.381700000000,0.692200000000,0.195720000000),
double3(0.613300000000,0.665750000000,0.044740000000),
double3(0.591400000000,0.573250000000,0.037960000000),
double3(0.613700000000,0.616850000000,0.070760000000),
double3(0.618300000000,0.692200000000,0.004280000000),
double3(0.416666666667,0.625000000000,0.300000000000),
double3(0.446633333333,0.584250000000,0.244740000000),
double3(0.424733333333,0.676750000000,0.237960000000),
double3(0.500000000000,0.646750000000,0.300000000000),
double3(0.451400000000,0.500000000000,0.210500000000),
double3(0.500000000000,0.574050000000,0.200000000000),
double3(0.447033333333,0.633150000000,0.270760000000),
double3(0.451633333333,0.557800000000,0.204280000000),
double3(0.583333333333,0.625000000000,0.300000000000),
double3(0.553366666667,0.584250000000,0.355260000000),
double3(0.575266666667,0.676750000000,0.362040000000),
double3(0.548600000000,0.500000000000,0.389500000000),
double3(0.552966666667,0.633150000000,0.329240000000),
double3(0.548366666667,0.557800000000,0.395720000000),
double3(0.583333333333,0.875000000000,0.300000000000),
double3(0.553366666667,0.915750000000,0.355260000000),
double3(0.575266666667,0.823250000000,0.362040000000),
double3(0.500000000000,0.853250000000,0.300000000000),
double3(0.500000000000,0.925950000000,0.200000000000),
double3(0.552966666667,0.866850000000,0.329240000000),
double3(0.548366666667,0.942200000000,0.395720000000),
double3(0.416666666667,0.875000000000,0.300000000000),
double3(0.446633333333,0.915750000000,0.244740000000),
double3(0.424733333333,0.823250000000,0.237960000000),
double3(0.447033333333,0.866850000000,0.270760000000),
double3(0.451633333333,0.942200000000,0.204280000000),
double3(0.613300000000,0.834250000000,0.244740000000),
double3(0.591400000000,0.926750000000,0.237960000000),
double3(0.333333333333,0.896750000000,0.300000000000),
double3(0.618066666667,0.750000000000,0.210500000000),
double3(0.333333333333,0.824050000000,0.200000000000),
double3(0.613700000000,0.883150000000,0.270760000000),
double3(0.618300000000,0.807800000000,0.204280000000),
double3(0.386700000000,0.834250000000,0.355260000000),
double3(0.408600000000,0.926750000000,0.362040000000),
double3(0.381933333333,0.750000000000,0.389500000000),
double3(0.386300000000,0.883150000000,0.329240000000),
double3(0.381700000000,0.807800000000,0.395720000000),
double3(0.386700000000,0.665750000000,0.355260000000),
double3(0.408600000000,0.573250000000,0.362040000000),
double3(0.333333333333,0.603250000000,0.300000000000),
double3(0.333333333333,0.675950000000,0.200000000000),
double3(0.386300000000,0.616850000000,0.329240000000),
double3(0.381700000000,0.692200000000,0.395720000000),
double3(0.613300000000,0.665750000000,0.244740000000),
double3(0.591400000000,0.573250000000,0.237960000000),
double3(0.613700000000,0.616850000000,0.270760000000),
double3(0.618300000000,0.692200000000,0.204280000000),
double3(0.416666666667,0.625000000000,0.500000000000),
double3(0.446633333333,0.584250000000,0.444740000000),
double3(0.424733333333,0.676750000000,0.437960000000),
double3(0.500000000000,0.646750000000,0.500000000000),
double3(0.451400000000,0.500000000000,0.410500000000),
double3(0.500000000000,0.574050000000,0.400000000000),
double3(0.447033333333,0.633150000000,0.470760000000),
double3(0.451633333333,0.557800000000,0.404280000000),
double3(0.583333333333,0.625000000000,0.500000000000),
double3(0.553366666667,0.584250000000,0.555260000000),
double3(0.575266666667,0.676750000000,0.562040000000),
double3(0.548600000000,0.500000000000,0.589500000000),
double3(0.552966666667,0.633150000000,0.529240000000),
double3(0.548366666667,0.557800000000,0.595720000000),
double3(0.583333333333,0.875000000000,0.500000000000),
double3(0.553366666667,0.915750000000,0.555260000000),
double3(0.575266666667,0.823250000000,0.562040000000),
double3(0.500000000000,0.853250000000,0.500000000000),
double3(0.500000000000,0.925950000000,0.400000000000),
double3(0.552966666667,0.866850000000,0.529240000000),
double3(0.548366666667,0.942200000000,0.595720000000),
double3(0.416666666667,0.875000000000,0.500000000000),
double3(0.446633333333,0.915750000000,0.444740000000),
double3(0.424733333333,0.823250000000,0.437960000000),
double3(0.447033333333,0.866850000000,0.470760000000),
double3(0.451633333333,0.942200000000,0.404280000000),
double3(0.613300000000,0.834250000000,0.444740000000),
double3(0.591400000000,0.926750000000,0.437960000000),
double3(0.333333333333,0.896750000000,0.500000000000),
double3(0.618066666667,0.750000000000,0.410500000000),
double3(0.333333333333,0.824050000000,0.400000000000),
double3(0.613700000000,0.883150000000,0.470760000000),
double3(0.618300000000,0.807800000000,0.404280000000),
double3(0.386700000000,0.834250000000,0.555260000000),
double3(0.408600000000,0.926750000000,0.562040000000),
double3(0.381933333333,0.750000000000,0.589500000000),
double3(0.386300000000,0.883150000000,0.529240000000),
double3(0.381700000000,0.807800000000,0.595720000000),
double3(0.386700000000,0.665750000000,0.555260000000),
double3(0.408600000000,0.573250000000,0.562040000000),
double3(0.333333333333,0.603250000000,0.500000000000),
double3(0.333333333333,0.675950000000,0.400000000000),
double3(0.386300000000,0.616850000000,0.529240000000),
double3(0.381700000000,0.692200000000,0.595720000000),
double3(0.613300000000,0.665750000000,0.444740000000),
double3(0.591400000000,0.573250000000,0.437960000000),
double3(0.613700000000,0.616850000000,0.470760000000),
double3(0.618300000000,0.692200000000,0.404280000000),
double3(0.416666666667,0.625000000000,0.700000000000),
double3(0.446633333333,0.584250000000,0.644740000000),
double3(0.424733333333,0.676750000000,0.637960000000),
double3(0.500000000000,0.646750000000,0.700000000000),
double3(0.451400000000,0.500000000000,0.610500000000),
double3(0.500000000000,0.574050000000,0.600000000000),
double3(0.447033333333,0.633150000000,0.670760000000),
double3(0.451633333333,0.557800000000,0.604280000000),
double3(0.583333333333,0.625000000000,0.700000000000),
double3(0.553366666667,0.584250000000,0.755260000000),
double3(0.575266666667,0.676750000000,0.762040000000),
double3(0.548600000000,0.500000000000,0.789500000000),
double3(0.552966666667,0.633150000000,0.729240000000),
double3(0.548366666667,0.557800000000,0.795720000000),
double3(0.583333333333,0.875000000000,0.700000000000),
double3(0.553366666667,0.915750000000,0.755260000000),
double3(0.575266666667,0.823250000000,0.762040000000),
double3(0.500000000000,0.853250000000,0.700000000000),
double3(0.500000000000,0.925950000000,0.600000000000),
double3(0.552966666667,0.866850000000,0.729240000000),
double3(0.548366666667,0.942200000000,0.795720000000),
double3(0.416666666667,0.875000000000,0.700000000000),
double3(0.446633333333,0.915750000000,0.644740000000),
double3(0.424733333333,0.823250000000,0.637960000000),
double3(0.447033333333,0.866850000000,0.670760000000),
double3(0.451633333333,0.942200000000,0.604280000000),
double3(0.613300000000,0.834250000000,0.644740000000),
double3(0.591400000000,0.926750000000,0.637960000000),
double3(0.333333333333,0.896750000000,0.700000000000),
double3(0.618066666667,0.750000000000,0.610500000000),
double3(0.333333333333,0.824050000000,0.600000000000),
double3(0.613700000000,0.883150000000,0.670760000000),
double3(0.618300000000,0.807800000000,0.604280000000),
double3(0.386700000000,0.834250000000,0.755260000000),
double3(0.408600000000,0.926750000000,0.762040000000),
double3(0.381933333333,0.750000000000,0.789500000000),
double3(0.386300000000,0.883150000000,0.729240000000),
double3(0.381700000000,0.807800000000,0.795720000000),
double3(0.386700000000,0.665750000000,0.755260000000),
double3(0.408600000000,0.573250000000,0.762040000000),
double3(0.333333333333,0.603250000000,0.700000000000),
double3(0.333333333333,0.675950000000,0.600000000000),
double3(0.386300000000,0.616850000000,0.729240000000),
double3(0.381700000000,0.692200000000,0.795720000000),
double3(0.613300000000,0.665750000000,0.644740000000),
double3(0.591400000000,0.573250000000,0.637960000000),
double3(0.613700000000,0.616850000000,0.670760000000),
double3(0.618300000000,0.692200000000,0.604280000000),
double3(0.416666666667,0.625000000000,0.900000000000),
double3(0.446633333333,0.584250000000,0.844740000000),
double3(0.424733333333,0.676750000000,0.837960000000),
double3(0.500000000000,0.646750000000,0.900000000000),
double3(0.451400000000,0.500000000000,0.810500000000),
double3(0.500000000000,0.574050000000,0.800000000000),
double3(0.447033333333,0.633150000000,0.870760000000),
double3(0.451633333333,0.557800000000,0.804280000000),
double3(0.583333333333,0.625000000000,0.900000000000),
double3(0.553366666667,0.584250000000,0.955260000000),
double3(0.575266666667,0.676750000000,0.962040000000),
double3(0.548600000000,0.500000000000,0.989500000000),
double3(0.552966666667,0.633150000000,0.929240000000),
double3(0.548366666667,0.557800000000,0.995720000000),
double3(0.583333333333,0.875000000000,0.900000000000),
double3(0.553366666667,0.915750000000,0.955260000000),
double3(0.575266666667,0.823250000000,0.962040000000),
double3(0.500000000000,0.853250000000,0.900000000000),
double3(0.500000000000,0.925950000000,0.800000000000),
double3(0.552966666667,0.866850000000,0.929240000000),
double3(0.548366666667,0.942200000000,0.995720000000),
double3(0.416666666667,0.875000000000,0.900000000000),
double3(0.446633333333,0.915750000000,0.844740000000),
double3(0.424733333333,0.823250000000,0.837960000000),
double3(0.447033333333,0.866850000000,0.870760000000),
double3(0.451633333333,0.942200000000,0.804280000000),
double3(0.613300000000,0.834250000000,0.844740000000),
double3(0.591400000000,0.926750000000,0.837960000000),
double3(0.333333333333,0.896750000000,0.900000000000),
double3(0.618066666667,0.750000000000,0.810500000000),
double3(0.333333333333,0.824050000000,0.800000000000),
double3(0.613700000000,0.883150000000,0.870760000000),
double3(0.618300000000,0.807800000000,0.804280000000),
double3(0.386700000000,0.834250000000,0.955260000000),
double3(0.408600000000,0.926750000000,0.962040000000),
double3(0.381933333333,0.750000000000,0.989500000000),
double3(0.386300000000,0.883150000000,0.929240000000),
double3(0.381700000000,0.807800000000,0.995720000000),
double3(0.386700000000,0.665750000000,0.955260000000),
double3(0.408600000000,0.573250000000,0.962040000000),
double3(0.333333333333,0.603250000000,0.900000000000),
double3(0.333333333333,0.675950000000,0.800000000000),
double3(0.386300000000,0.616850000000,0.929240000000),
double3(0.381700000000,0.692200000000,0.995720000000),
double3(0.613300000000,0.665750000000,0.844740000000),
double3(0.591400000000,0.573250000000,0.837960000000),
double3(0.613700000000,0.616850000000,0.870760000000),
double3(0.618300000000,0.692200000000,0.804280000000),
double3(0.750000000000,0.125000000000,0.100000000000),
double3(0.779966666667,0.084250000000,0.044740000000),
double3(0.758066666667,0.176750000000,0.037960000000),
double3(0.833333333333,0.146750000000,0.100000000000),
double3(0.784733333333,0.000000000000,0.010500000000),
double3(0.833333333333,0.074050000000,0.000000000000),
double3(0.780366666667,0.133150000000,0.070760000000),
double3(0.784966666667,0.057800000000,0.004280000000),
double3(0.916666666667,0.125000000000,0.100000000000),
double3(0.886700000000,0.084250000000,0.155260000000),
double3(0.908600000000,0.176750000000,0.162040000000),
double3(0.881933333333,0.000000000000,0.189500000000),
double3(0.886300000000,0.133150000000,0.129240000000),
double3(0.881700000000,0.057800000000,0.195720000000),
double3(0.916666666667,0.375000000000,0.100000000000),
double3(0.886700000000,0.415750000000,0.155260000000),
double3(0.908600000000,0.323250000000,0.162040000000),
double3(0.833333333333,0.353250000000,0.100000000000),
double3(0.833333333333,0.425950000000,0.000000000000),
double3(0.886300000000,0.366850000000,0.129240000000),
double3(0.881700000000,0.442200000000,0.195720000000),
double3(0.750000000000,0.375000000000,0.100000000000),
double3(0.779966666667,0.415750000000,0.044740000000),
double3(0.758066666667,0.323250000000,0.037960000000),
double3(0.780366666667,0.366850000000,0.070760000000),
double3(0.784966666667,0.442200000000,0.004280000000),
double3(0.946633333333,0.334250000000,0.044740000000),
double3(0.924733333333,0.426750000000,0.037960000000),
double3(0.666666666667,0.396750000000,0.100000000000),
double3(0.951400000000,0.250000000000,0.010500000000),
double3(0.666666666667,0.324050000000,0.000000000000),
double3(0.947033333333,0.383150000000,0.070760000000),
double3(0.951633333333,0.307800000000,0.004280000000),
double3(0.720033333333,0.334250000000,0.155260000000),
double3(0.741933333333,0.426750000000,0.162040000000),
double3(0.715266666667,0.250000000000,0.189500000000),
double3(0.719633333333,0.383150000000,0.129240000000),
double3(0.715033333333,0.307800000000,0.195720000000),
double3(0.720033333333,0.165750000000,0.155260000000),
double3(0.741933333333,0.073250000000,0.162040000000),
double3(0.666666666667,0.103250000000,0.100000000000),
double3(0.666666666667,0.175950000000,0.000000000000),
double3(0.719633333333,0.116850000000,0.129240000000),
double3(0.715033333333,0.192200000000,0.195720000000),
double3(0.946633333333,0.165750000000,0.044740000000),
double3(0.924733333333,0.073250000000,0.037960000000),
double3(0.947033333333,0.116850000000,0.070760000000),
double3(0.951633333333,0.192200000000,0.004280000000),
double3(0.750000000000,0.125000000000,0.300000000000),
double3(0.779966666667,0.084250000000,0.244740000000),
double3(0.758066666667,0.176750000000,0.237960000000),
double3(0.833333333333,0.146750000000,0.300000000000),
double3(0.784733333333,0.000000000000,0.210500000000),
double3(0.833333333333,0.074050000000,0.200000000000),
double3(0.780366666667,0.133150000000,0.270760000000),
double3(0.784966666667,0.057800000000,0.204280000000),
double3(0.916666666667,0.125000000000,0.300000000000),
double3(0.886700000000,0.084250000000,0.355260000000),
double3(0.908600000000,0.176750000000,0.362040000000),
double3(0.881933333333,0.000000000000,0.389500000000),
double3(0.886300000000,0.133150000000,0.329240000000),
double3(0.881700000000,0.057800000000,0.395720000000),
double3(0.916666666667,0.375000000000,0.300000000000),
double3(0.886700000000,0.415750000000,0.355260000000),
double3(0.908600000000,0.323250000000,0.362040000000),
double3(0.833333333333,0.353250000000,0.300000000000),
double3(0.833333333333,0.425950000000,0.200000000000),
double3(0.886300000000,0.366850000000,0.329240000000),
double3(0.881700000000,0.442200000000,0.395720000000),
double3(0.750000000000,0.375000000000,0.300000000000),
double3(0.779966666667,0.415750000000,0.244740000000),
double3(0.758066666667,0.323250000000,0.237960000000),
double3(0.780366666667,0.366850000000,0.270760000000),
double3(0.784966666667,0.442200000000,0.204280000000),
double3(0.946633333333,0.334250000000,0.244740000000),
double3(0.924733333333,0.426750000000,0.237960000000),
double3(0.666666666667,0.396750000000,0.300000000000),
double3(0.951400000000,0.250000000000,0.210500000000),
double3(0.666666666667,0.324050000000,0.200000000000),
double3(0.947033333333,0.383150000000,0.270760000000),
double3(0.951633333333,0.307800000000,0.204280000000),
double3(0.720033333333,0.334250000000,0.355260000000),
double3(0.741933333333,0.426750000000,0.362040000000),
double3(0.715266666667,0.250000000000,0.389500000000),
double3(0.719633333333,0.383150000000,0.329240000000),
double3(0.715033333333,0.307800000000,0.395720000000),
double3(0.720033333333,0.165750000000,0.355260000000),
double3(0.741933333333,0.073250000000,0.362040000000),
double3(0.666666666667,0.103250000000,0.300000000000),
double3(0.666666666667,0.175950000000,0.200000000000),
double3(0.719633333333,0.116850000000,0.329240000000),
double3(0.715033333333,0.192200000000,0.395720000000),
double3(0.946633333333,0.165750000000,0.244740000000),
double3(0.924733333333,0.073250000000,0.237960000000),
double3(0.947033333333,0.116850000000,0.270760000000),
double3(0.951633333333,0.192200000000,0.204280000000),
double3(0.750000000000,0.125000000000,0.500000000000),
double3(0.779966666667,0.084250000000,0.444740000000),
double3(0.758066666667,0.176750000000,0.437960000000),
double3(0.833333333333,0.146750000000,0.500000000000),
double3(0.784733333333,0.000000000000,0.410500000000),
double3(0.833333333333,0.074050000000,0.400000000000),
double3(0.780366666667,0.133150000000,0.470760000000),
double3(0.784966666667,0.057800000000,0.404280000000),
double3(0.916666666667,0.125000000000,0.500000000000),
double3(0.886700000000,0.084250000000,0.555260000000),
double3(0.908600000000,0.176750000000,0.562040000000),
double3(0.881933333333,0.000000000000,0.589500000000),
double3(0.886300000000,0.133150000000,0.529240000000),
double3(0.881700000000,0.057800000000,0.595720000000),
double3(0.916666666667,0.375000000000,0.500000000000),
double3(0.886700000000,0.415750000000,0.555260000000),
double3(0.908600000000,0.323250000000,0.562040000000),
double3(0.833333333333,0.353250000000,0.500000000000),
double3(0.833333333333,0.425950000000,0.400000000000),
double3(0.886300000000,0.366850000000,0.529240000000),
double3(0.881700000000,0.442200000000,0.595720000000),
double3(0.750000000000,0.375000000000,0.500000000000),
double3(0.779966666667,0.415750000000,0.444740000000),
double3(0.758066666667,0.323250000000,0.437960000000),
double3(0.780366666667,0.366850000000,0.470760000000),
double3(0.784966666667,0.442200000000,0.404280000000),
double3(0.946633333333,0.334250000000,0.444740000000),
double3(0.924733333333,0.426750000000,0.437960000000),
double3(0.666666666667,0.396750000000,0.500000000000),
double3(0.951400000000,0.250000000000,0.410500000000),
double3(0.666666666667,0.324050000000,0.400000000000),
double3(0.947033333333,0.383150000000,0.470760000000),
double3(0.951633333333,0.307800000000,0.404280000000),
double3(0.720033333333,0.334250000000,0.555260000000),
double3(0.741933333333,0.426750000000,0.562040000000),
double3(0.715266666667,0.250000000000,0.589500000000),
double3(0.719633333333,0.383150000000,0.529240000000),
double3(0.715033333333,0.307800000000,0.595720000000),
double3(0.720033333333,0.165750000000,0.555260000000),
double3(0.741933333333,0.073250000000,0.562040000000),
double3(0.666666666667,0.103250000000,0.500000000000),
double3(0.666666666667,0.175950000000,0.400000000000),
double3(0.719633333333,0.116850000000,0.529240000000),
double3(0.715033333333,0.192200000000,0.595720000000),
double3(0.946633333333,0.165750000000,0.444740000000),
double3(0.924733333333,0.073250000000,0.437960000000),
double3(0.947033333333,0.116850000000,0.470760000000),
double3(0.951633333333,0.192200000000,0.404280000000),
double3(0.750000000000,0.125000000000,0.700000000000),
double3(0.779966666667,0.084250000000,0.644740000000),
double3(0.758066666667,0.176750000000,0.637960000000),
double3(0.833333333333,0.146750000000,0.700000000000),
double3(0.784733333333,0.000000000000,0.610500000000),
double3(0.833333333333,0.074050000000,0.600000000000),
double3(0.780366666667,0.133150000000,0.670760000000),
double3(0.784966666667,0.057800000000,0.604280000000),
double3(0.916666666667,0.125000000000,0.700000000000),
double3(0.886700000000,0.084250000000,0.755260000000),
double3(0.908600000000,0.176750000000,0.762040000000),
double3(0.881933333333,0.000000000000,0.789500000000),
double3(0.886300000000,0.133150000000,0.729240000000),
double3(0.881700000000,0.057800000000,0.795720000000),
double3(0.916666666667,0.375000000000,0.700000000000),
double3(0.886700000000,0.415750000000,0.755260000000),
double3(0.908600000000,0.323250000000,0.762040000000),
double3(0.833333333333,0.353250000000,0.700000000000),
double3(0.833333333333,0.425950000000,0.600000000000),
double3(0.886300000000,0.366850000000,0.729240000000),
double3(0.881700000000,0.442200000000,0.795720000000),
double3(0.750000000000,0.375000000000,0.700000000000),
double3(0.779966666667,0.415750000000,0.644740000000),
double3(0.758066666667,0.323250000000,0.637960000000),
double3(0.780366666667,0.366850000000,0.670760000000),
double3(0.784966666667,0.442200000000,0.604280000000),
double3(0.946633333333,0.334250000000,0.644740000000),
double3(0.924733333333,0.426750000000,0.637960000000),
double3(0.666666666667,0.396750000000,0.700000000000),
double3(0.951400000000,0.250000000000,0.610500000000),
double3(0.666666666667,0.324050000000,0.600000000000),
double3(0.947033333333,0.383150000000,0.670760000000),
double3(0.951633333333,0.307800000000,0.604280000000),
double3(0.720033333333,0.334250000000,0.755260000000),
double3(0.741933333333,0.426750000000,0.762040000000),
double3(0.715266666667,0.250000000000,0.789500000000),
double3(0.719633333333,0.383150000000,0.729240000000),
double3(0.715033333333,0.307800000000,0.795720000000),
double3(0.720033333333,0.165750000000,0.755260000000),
double3(0.741933333333,0.073250000000,0.762040000000),
double3(0.666666666667,0.103250000000,0.700000000000),
double3(0.666666666667,0.175950000000,0.600000000000),
double3(0.719633333333,0.116850000000,0.729240000000),
double3(0.715033333333,0.192200000000,0.795720000000),
double3(0.946633333333,0.165750000000,0.644740000000),
double3(0.924733333333,0.073250000000,0.637960000000),
double3(0.947033333333,0.116850000000,0.670760000000),
double3(0.951633333333,0.192200000000,0.604280000000),
double3(0.750000000000,0.125000000000,0.900000000000),
double3(0.779966666667,0.084250000000,0.844740000000),
double3(0.758066666667,0.176750000000,0.837960000000),
double3(0.833333333333,0.146750000000,0.900000000000),
double3(0.784733333333,0.000000000000,0.810500000000),
double3(0.833333333333,0.074050000000,0.800000000000),
double3(0.780366666667,0.133150000000,0.870760000000),
double3(0.784966666667,0.057800000000,0.804280000000),
double3(0.916666666667,0.125000000000,0.900000000000),
double3(0.886700000000,0.084250000000,0.955260000000),
double3(0.908600000000,0.176750000000,0.962040000000),
double3(0.881933333333,0.000000000000,0.989500000000),
double3(0.886300000000,0.133150000000,0.929240000000),
double3(0.881700000000,0.057800000000,0.995720000000),
double3(0.916666666667,0.375000000000,0.900000000000),
double3(0.886700000000,0.415750000000,0.955260000000),
double3(0.908600000000,0.323250000000,0.962040000000),
double3(0.833333333333,0.353250000000,0.900000000000),
double3(0.833333333333,0.425950000000,0.800000000000),
double3(0.886300000000,0.366850000000,0.929240000000),
double3(0.881700000000,0.442200000000,0.995720000000),
double3(0.750000000000,0.375000000000,0.900000000000),
double3(0.779966666667,0.415750000000,0.844740000000),
double3(0.758066666667,0.323250000000,0.837960000000),
double3(0.780366666667,0.366850000000,0.870760000000),
double3(0.784966666667,0.442200000000,0.804280000000),
double3(0.946633333333,0.334250000000,0.844740000000),
double3(0.924733333333,0.426750000000,0.837960000000),
double3(0.666666666667,0.396750000000,0.900000000000),
double3(0.951400000000,0.250000000000,0.810500000000),
double3(0.666666666667,0.324050000000,0.800000000000),
double3(0.947033333333,0.383150000000,0.870760000000),
double3(0.951633333333,0.307800000000,0.804280000000),
double3(0.720033333333,0.334250000000,0.955260000000),
double3(0.741933333333,0.426750000000,0.962040000000),
double3(0.715266666667,0.250000000000,0.989500000000),
double3(0.719633333333,0.383150000000,0.929240000000),
double3(0.715033333333,0.307800000000,0.995720000000),
double3(0.720033333333,0.165750000000,0.955260000000),
double3(0.741933333333,0.073250000000,0.962040000000),
double3(0.666666666667,0.103250000000,0.900000000000),
double3(0.666666666667,0.175950000000,0.800000000000),
double3(0.719633333333,0.116850000000,0.929240000000),
double3(0.715033333333,0.192200000000,0.995720000000),
double3(0.946633333333,0.165750000000,0.844740000000),
double3(0.924733333333,0.073250000000,0.837960000000),
double3(0.947033333333,0.116850000000,0.870760000000),
double3(0.951633333333,0.192200000000,0.804280000000),
double3(0.750000000000,0.625000000000,0.100000000000),
double3(0.779966666667,0.584250000000,0.044740000000),
double3(0.758066666667,0.676750000000,0.037960000000),
double3(0.833333333333,0.646750000000,0.100000000000),
double3(0.784733333333,0.500000000000,0.010500000000),
double3(0.833333333333,0.574050000000,0.000000000000),
double3(0.780366666667,0.633150000000,0.070760000000),
double3(0.784966666667,0.557800000000,0.004280000000),
double3(0.916666666667,0.625000000000,0.100000000000),
double3(0.886700000000,0.584250000000,0.155260000000),
double3(0.908600000000,0.676750000000,0.162040000000),
double3(0.881933333333,0.500000000000,0.189500000000),
double3(0.886300000000,0.633150000000,0.129240000000),
double3(0.881700000000,0.557800000000,0.195720000000),
double3(0.916666666667,0.875000000000,0.100000000000),
double3(0.886700000000,0.915750000000,0.155260000000),
double3(0.908600000000,0.823250000000,0.162040000000),
double3(0.833333333333,0.853250000000,0.100000000000),
double3(0.833333333333,0.925950000000,0.000000000000),
double3(0.886300000000,0.866850000000,0.129240000000),
double3(0.881700000000,0.942200000000,0.195720000000),
double3(0.750000000000,0.875000000000,0.100000000000),
double3(0.779966666667,0.915750000000,0.044740000000),
double3(0.758066666667,0.823250000000,0.037960000000),
double3(0.780366666667,0.866850000000,0.070760000000),
double3(0.784966666667,0.942200000000,0.004280000000),
double3(0.946633333333,0.834250000000,0.044740000000),
double3(0.924733333333,0.926750000000,0.037960000000),
double3(0.666666666667,0.896750000000,0.100000000000),
double3(0.951400000000,0.750000000000,0.010500000000),
double3(0.666666666667,0.824050000000,0.000000000000),
double3(0.947033333333,0.883150000000,0.070760000000),
double3(0.951633333333,0.807800000000,0.004280000000),
double3(0.720033333333,0.834250000000,0.155260000000),
double3(0.741933333333,0.926750000000,0.162040000000),
double3(0.715266666667,0.750000000000,0.189500000000),
double3(0.719633333333,0.883150000000,0.129240000000),
double3(0.715033333333,0.807800000000,0.195720000000),
double3(0.720033333333,0.665750000000,0.155260000000),
double3(0.741933333333,0.573250000000,0.162040000000),
double3(0.666666666667,0.603250000000,0.100000000000),
double3(0.666666666667,0.675950000000,0.000000000000),
double3(0.719633333333,0.616850000000,0.129240000000),
double3(0.715033333333,0.692200000000,0.195720000000),
double3(0.946633333333,0.665750000000,0.044740000000),
double3(0.924733333333,0.573250000000,0.037960000000),
double3(0.947033333333,0.616850000000,0.070760000000),
double3(0.951633333333,0.692200000000,0.004280000000),
double3(0.750000000000,0.625000000000,0.300000000000),
double3(0.779966666667,0.584250000000,0.244740000000),
double3(0.758066666667,0.676750000000,0.237960000000),
double3(0.833333333333,0.646750000000,0.300000000000),
double3(0.784733333333,0.500000000000,0.210500000000),
double3(0.833333333333,0.574050000000,0.200000000000),
double3(0.780366666667,0.633150000000,0.270760000000),
double3(0.784966666667,0.557800000000,0.204280000000),
double3(0.916666666667,0.625000000000,0.300000000000),
double3(0.886700000000,0.584250000000,0.355260000000),
double3(0.908600000000,0.676750000000,0.362040000000),
double3(0.881933333333,0.500000000000,0.389500000000),
double3(0.886300000000,0.633150000000,0.329240000000),
double3(0.881700000000,0.557800000000,0.395720000000),
double3(0.916666666667,0.875000000000,0.300000000000),
double3(0.886700000000,0.915750000000,0.355260000000),
double3(0.908600000000,0.823250000000,0.362040000000),
double3(0.833333333333,0.853250000000,0.300000000000),
double3(0.833333333333,0.925950000000,0.200000000000),
double3(0.886300000000,0.866850000000,0.329240000000),
double3(0.881700000000,0.942200000000,0.395720000000),
double3(0.750000000000,0.875000000000,0.300000000000),
double3(0.779966666667,0.915750000000,0.244740000000),
double3(0.758066666667,0.823250000000,0.237960000000),
double3(0.780366666667,0.866850000000,0.270760000000),
double3(0.784966666667,0.942200000000,0.204280000000),
double3(0.946633333333,0.834250000000,0.244740000000),
double3(0.924733333333,0.926750000000,0.237960000000),
double3(0.666666666667,0.896750000000,0.300000000000),
double3(0.951400000000,0.750000000000,0.210500000000),
double3(0.666666666667,0.824050000000,0.200000000000),
double3(0.947033333333,0.883150000000,0.270760000000),
double3(0.951633333333,0.807800000000,0.204280000000),
double3(0.720033333333,0.834250000000,0.355260000000),
double3(0.741933333333,0.926750000000,0.362040000000),
double3(0.715266666667,0.750000000000,0.389500000000),
double3(0.719633333333,0.883150000000,0.329240000000),
double3(0.715033333333,0.807800000000,0.395720000000),
double3(0.720033333333,0.665750000000,0.355260000000),
double3(0.741933333333,0.573250000000,0.362040000000),
double3(0.666666666667,0.603250000000,0.300000000000),
double3(0.666666666667,0.675950000000,0.200000000000),
double3(0.719633333333,0.616850000000,0.329240000000),
double3(0.715033333333,0.692200000000,0.395720000000),
double3(0.946633333333,0.665750000000,0.244740000000),
double3(0.924733333333,0.573250000000,0.237960000000),
double3(0.947033333333,0.616850000000,0.270760000000),
double3(0.951633333333,0.692200000000,0.204280000000),
double3(0.750000000000,0.625000000000,0.500000000000),
double3(0.779966666667,0.584250000000,0.444740000000),
double3(0.758066666667,0.676750000000,0.437960000000),
double3(0.833333333333,0.646750000000,0.500000000000),
double3(0.784733333333,0.500000000000,0.410500000000),
double3(0.833333333333,0.574050000000,0.400000000000),
double3(0.780366666667,0.633150000000,0.470760000000),
double3(0.784966666667,0.557800000000,0.404280000000),
double3(0.916666666667,0.625000000000,0.500000000000),
double3(0.886700000000,0.584250000000,0.555260000000),
double3(0.908600000000,0.676750000000,0.562040000000),
double3(0.881933333333,0.500000000000,0.589500000000),
double3(0.886300000000,0.633150000000,0.529240000000),
double3(0.881700000000,0.557800000000,0.595720000000),
double3(0.916666666667,0.875000000000,0.500000000000),
double3(0.886700000000,0.915750000000,0.555260000000),
double3(0.908600000000,0.823250000000,0.562040000000),
double3(0.833333333333,0.853250000000,0.500000000000),
double3(0.833333333333,0.925950000000,0.400000000000),
double3(0.886300000000,0.866850000000,0.529240000000),
double3(0.881700000000,0.942200000000,0.595720000000),
double3(0.750000000000,0.875000000000,0.500000000000),
double3(0.779966666667,0.915750000000,0.444740000000),
double3(0.758066666667,0.823250000000,0.437960000000),
double3(0.780366666667,0.866850000000,0.470760000000),
double3(0.784966666667,0.942200000000,0.404280000000),
double3(0.946633333333,0.834250000000,0.444740000000),
double3(0.924733333333,0.926750000000,0.437960000000),
double3(0.666666666667,0.896750000000,0.500000000000),
double3(0.951400000000,0.750000000000,0.410500000000),
double3(0.666666666667,0.824050000000,0.400000000000),
double3(0.947033333333,0.883150000000,0.470760000000),
double3(0.951633333333,0.807800000000,0.404280000000),
double3(0.720033333333,0.834250000000,0.555260000000),
double3(0.741933333333,0.926750000000,0.562040000000),
double3(0.715266666667,0.750000000000,0.589500000000),
double3(0.719633333333,0.883150000000,0.529240000000),
double3(0.715033333333,0.807800000000,0.595720000000),
double3(0.720033333333,0.665750000000,0.555260000000),
double3(0.741933333333,0.573250000000,0.562040000000),
double3(0.666666666667,0.603250000000,0.500000000000),
double3(0.666666666667,0.675950000000,0.400000000000),
double3(0.719633333333,0.616850000000,0.529240000000),
double3(0.715033333333,0.692200000000,0.595720000000),
double3(0.946633333333,0.665750000000,0.444740000000),
double3(0.924733333333,0.573250000000,0.437960000000),
double3(0.947033333333,0.616850000000,0.470760000000),
double3(0.951633333333,0.692200000000,0.404280000000),
double3(0.750000000000,0.625000000000,0.700000000000),
double3(0.779966666667,0.584250000000,0.644740000000),
double3(0.758066666667,0.676750000000,0.637960000000),
double3(0.833333333333,0.646750000000,0.700000000000),
double3(0.784733333333,0.500000000000,0.610500000000),
double3(0.833333333333,0.574050000000,0.600000000000),
double3(0.780366666667,0.633150000000,0.670760000000),
double3(0.784966666667,0.557800000000,0.604280000000),
double3(0.916666666667,0.625000000000,0.700000000000),
double3(0.886700000000,0.584250000000,0.755260000000),
double3(0.908600000000,0.676750000000,0.762040000000),
double3(0.881933333333,0.500000000000,0.789500000000),
double3(0.886300000000,0.633150000000,0.729240000000),
double3(0.881700000000,0.557800000000,0.795720000000),
double3(0.916666666667,0.875000000000,0.700000000000),
double3(0.886700000000,0.915750000000,0.755260000000),
double3(0.908600000000,0.823250000000,0.762040000000),
double3(0.833333333333,0.853250000000,0.700000000000),
double3(0.833333333333,0.925950000000,0.600000000000),
double3(0.886300000000,0.866850000000,0.729240000000),
double3(0.881700000000,0.942200000000,0.795720000000),
double3(0.750000000000,0.875000000000,0.700000000000),
double3(0.779966666667,0.915750000000,0.644740000000),
double3(0.758066666667,0.823250000000,0.637960000000),
double3(0.780366666667,0.866850000000,0.670760000000),
double3(0.784966666667,0.942200000000,0.604280000000),
double3(0.946633333333,0.834250000000,0.644740000000),
double3(0.924733333333,0.926750000000,0.637960000000),
double3(0.666666666667,0.896750000000,0.700000000000),
double3(0.951400000000,0.750000000000,0.610500000000),
double3(0.666666666667,0.824050000000,0.600000000000),
double3(0.947033333333,0.883150000000,0.670760000000),
double3(0.951633333333,0.807800000000,0.604280000000),
double3(0.720033333333,0.834250000000,0.755260000000),
double3(0.741933333333,0.926750000000,0.762040000000),
double3(0.715266666667,0.750000000000,0.789500000000),
double3(0.719633333333,0.883150000000,0.729240000000),
double3(0.715033333333,0.807800000000,0.795720000000),
double3(0.720033333333,0.665750000000,0.755260000000),
double3(0.741933333333,0.573250000000,0.762040000000),
double3(0.666666666667,0.603250000000,0.700000000000),
double3(0.666666666667,0.675950000000,0.600000000000),
double3(0.719633333333,0.616850000000,0.729240000000),
double3(0.715033333333,0.692200000000,0.795720000000),
double3(0.946633333333,0.665750000000,0.644740000000),
double3(0.924733333333,0.573250000000,0.637960000000),
double3(0.947033333333,0.616850000000,0.670760000000),
double3(0.951633333333,0.692200000000,0.604280000000),
double3(0.750000000000,0.625000000000,0.900000000000),
double3(0.779966666667,0.584250000000,0.844740000000),
double3(0.758066666667,0.676750000000,0.837960000000),
double3(0.833333333333,0.646750000000,0.900000000000),
double3(0.784733333333,0.500000000000,0.810500000000),
double3(0.833333333333,0.574050000000,0.800000000000),
double3(0.780366666667,0.633150000000,0.870760000000),
double3(0.784966666667,0.557800000000,0.804280000000),
double3(0.916666666667,0.625000000000,0.900000000000),
double3(0.886700000000,0.584250000000,0.955260000000),
double3(0.908600000000,0.676750000000,0.962040000000),
double3(0.881933333333,0.500000000000,0.989500000000),
double3(0.886300000000,0.633150000000,0.929240000000),
double3(0.881700000000,0.557800000000,0.995720000000),
double3(0.916666666667,0.875000000000,0.900000000000),
double3(0.886700000000,0.915750000000,0.955260000000),
double3(0.908600000000,0.823250000000,0.962040000000),
double3(0.833333333333,0.853250000000,0.900000000000),
double3(0.833333333333,0.925950000000,0.800000000000),
double3(0.886300000000,0.866850000000,0.929240000000),
double3(0.881700000000,0.942200000000,0.995720000000),
double3(0.750000000000,0.875000000000,0.900000000000),
double3(0.779966666667,0.915750000000,0.844740000000),
double3(0.758066666667,0.823250000000,0.837960000000),
double3(0.780366666667,0.866850000000,0.870760000000),
double3(0.784966666667,0.942200000000,0.804280000000),
double3(0.946633333333,0.834250000000,0.844740000000),
double3(0.924733333333,0.926750000000,0.837960000000),
double3(0.666666666667,0.896750000000,0.900000000000),
double3(0.951400000000,0.750000000000,0.810500000000),
double3(0.666666666667,0.824050000000,0.800000000000),
double3(0.947033333333,0.883150000000,0.870760000000),
double3(0.951633333333,0.807800000000,0.804280000000),
double3(0.720033333333,0.834250000000,0.955260000000),
double3(0.741933333333,0.926750000000,0.962040000000),
double3(0.715266666667,0.750000000000,0.989500000000),
double3(0.719633333333,0.883150000000,0.929240000000),
double3(0.715033333333,0.807800000000,0.995720000000),
double3(0.720033333333,0.665750000000,0.955260000000),
double3(0.741933333333,0.573250000000,0.962040000000),
double3(0.666666666667,0.603250000000,0.900000000000),
double3(0.666666666667,0.675950000000,0.800000000000),
double3(0.719633333333,0.616850000000,0.929240000000),
double3(0.715033333333,0.692200000000,0.995720000000),
double3(0.946633333333,0.665750000000,0.844740000000),
double3(0.924733333333,0.573250000000,0.837960000000),
double3(0.947033333333,0.616850000000,0.870760000000),
double3(0.951633333333,0.692200000000,0.804280000000),
