[double3(18.102000000000,0.000000000000,0.000000000000),double3(-9.051000000000,15.676791859306,0.000000000000),double3(0.000000000000,0.000000000000,7.618000000000)]

double3(0.000000000000,0.140050000000,0.000000000000),
double3(0.059650000000,0.218250000000,0.230625000000),
double3(0.081000000000,0.161950000000,0.005675000000),
double3(0.047950000000,0.191950000000,0.062500000000),
double3(0.263150000000,0.131550000000,0.062500000000),
double3(0.286800000000,0.073650000000,0.062500000000),
double3(0.047150000000,0.178050000000,0.012175000000),
double3(0.246700000000,0.081200000000,0.062500000000),
double3(0.359950000000,0.000000000000,0.125000000000),
double3(0.341400000000,0.059650000000,0.105625000000),
double3(0.419050000000,0.081000000000,0.130675000000),
double3(0.356000000000,0.047950000000,0.187500000000),
double3(0.131600000000,0.263150000000,0.187500000000),
double3(0.213150000000,0.286800000000,0.187500000000),
double3(0.369100000000,0.047150000000,0.137175000000),
double3(0.165500000000,0.246700000000,0.187500000000),
double3(0.359950000000,0.359950000000,0.000000000000),
double3(0.281750000000,0.341400000000,0.230625000000),
double3(0.338050000000,0.419050000000,0.005675000000),
double3(0.308050000000,0.356000000000,0.062500000000),
double3(0.368450000000,0.131600000000,0.062500000000),
double3(0.426350000000,0.213150000000,0.062500000000),
double3(0.321950000000,0.369100000000,0.012175000000),
double3(0.418800000000,0.165500000000,0.062500000000),
double3(0.000000000000,0.359950000000,0.125000000000),
double3(0.440350000000,0.281750000000,0.105625000000),
double3(0.419000000000,0.338050000000,0.130675000000),
double3(0.452050000000,0.308050000000,0.187500000000),
double3(0.236850000000,0.368450000000,0.187500000000),
double3(0.213200000000,0.426350000000,0.187500000000),
double3(0.452850000000,0.321950000000,0.137175000000),
double3(0.253300000000,0.418800000000,0.187500000000),
double3(0.140050000000,0.000000000000,0.000000000000),
double3(0.158600000000,0.440350000000,0.230625000000),
double3(0.080950000000,0.419000000000,0.005675000000),
double3(0.144000000000,0.452050000000,0.062500000000),
double3(0.368400000000,0.236850000000,0.062500000000),
double3(0.286850000000,0.213200000000,0.062500000000),
double3(0.130900000000,0.452850000000,0.012175000000),
double3(0.334500000000,0.253300000000,0.062500000000),
double3(0.140050000000,0.140050000000,0.125000000000),
double3(0.218250000000,0.158600000000,0.105625000000),
double3(0.161950000000,0.080950000000,0.130675000000),
double3(0.191950000000,0.144000000000,0.187500000000),
double3(0.131550000000,0.368400000000,0.187500000000),
double3(0.073650000000,0.286850000000,0.187500000000),
double3(0.178050000000,0.130900000000,0.137175000000),
double3(0.081200000000,0.334500000000,0.187500000000),
double3(0.281750000000,0.440350000000,0.144375000000),
double3(0.338050000000,0.419000000000,0.119325000000),
double3(0.308050000000,0.452050000000,0.062500000000),
double3(0.321950000000,0.452850000000,0.112825000000),
double3(0.418800000000,0.253300000000,0.062500000000),
double3(0.341400000000,0.281750000000,0.019375000000),
double3(0.419050000000,0.338050000000,0.244325000000),
double3(0.356000000000,0.308050000000,0.187500000000),
double3(0.369100000000,0.321950000000,0.237825000000),
double3(0.165500000000,0.418800000000,0.187500000000),
double3(0.059650000000,0.341400000000,0.144375000000),
double3(0.081000000000,0.419050000000,0.119325000000),
double3(0.047950000000,0.356000000000,0.062500000000),
double3(0.047150000000,0.369100000000,0.112825000000),
double3(0.246700000000,0.165500000000,0.062500000000),
double3(0.218250000000,0.059650000000,0.019375000000),
double3(0.161950000000,0.081000000000,0.244325000000),
double3(0.191950000000,0.047950000000,0.187500000000),
double3(0.178050000000,0.047150000000,0.237825000000),
double3(0.081200000000,0.246700000000,0.187500000000),
double3(0.158600000000,0.218250000000,0.144375000000),
double3(0.080950000000,0.161950000000,0.119325000000),
double3(0.144000000000,0.191950000000,0.062500000000),
double3(0.130900000000,0.178050000000,0.112825000000),
double3(0.334500000000,0.081200000000,0.062500000000),
double3(0.440350000000,0.158600000000,0.019375000000),
double3(0.419000000000,0.080950000000,0.244325000000),
double3(0.452050000000,0.144000000000,0.187500000000),
double3(0.452850000000,0.130900000000,0.237825000000),
double3(0.253300000000,0.334500000000,0.187500000000),
double3(0.000000000000,0.359950000000,0.000000000000),
double3(0.440350000000,0.281750000000,0.019375000000),
double3(0.452850000000,0.321950000000,0.237825000000),
double3(0.140050000000,0.000000000000,0.125000000000),
double3(0.158600000000,0.440350000000,0.144375000000),
double3(0.130900000000,0.452850000000,0.112825000000),
double3(0.140050000000,0.140050000000,0.000000000000),
double3(0.218250000000,0.158600000000,0.019375000000),
double3(0.178050000000,0.130900000000,0.237825000000),
double3(0.000000000000,0.140050000000,0.125000000000),
double3(0.059650000000,0.218250000000,0.144375000000),
double3(0.047150000000,0.178050000000,0.112825000000),
double3(0.359950000000,0.000000000000,0.000000000000),
double3(0.341400000000,0.059650000000,0.019375000000),
double3(0.369100000000,0.047150000000,0.237825000000),
double3(0.359950000000,0.359950000000,0.125000000000),
double3(0.281750000000,0.341400000000,0.144375000000),
double3(0.321950000000,0.369100000000,0.112825000000),
double3(0.218250000000,0.059650000000,0.105625000000),
double3(0.178050000000,0.047150000000,0.137175000000),
double3(0.158600000000,0.218250000000,0.230625000000),
double3(0.130900000000,0.178050000000,0.012175000000),
double3(0.440350000000,0.158600000000,0.105625000000),
double3(0.452850000000,0.130900000000,0.137175000000),
double3(0.281750000000,0.440350000000,0.230625000000),
double3(0.321950000000,0.452850000000,0.012175000000),
double3(0.341400000000,0.281750000000,0.105625000000),
double3(0.369100000000,0.321950000000,0.137175000000),
double3(0.059650000000,0.341400000000,0.230625000000),
double3(0.047150000000,0.369100000000,0.012175000000),
double3(0.000000000000,0.140050000000,0.250000000000),
double3(0.059650000000,0.218250000000,0.480625000000),
double3(0.081000000000,0.161950000000,0.255675000000),
double3(0.047950000000,0.191950000000,0.312500000000),
double3(0.263150000000,0.131550000000,0.312500000000),
double3(0.286800000000,0.073650000000,0.312500000000),
double3(0.047150000000,0.178050000000,0.262175000000),
double3(0.246700000000,0.081200000000,0.312500000000),
double3(0.359950000000,0.000000000000,0.375000000000),
double3(0.341400000000,0.059650000000,0.355625000000),
double3(0.419050000000,0.081000000000,0.380675000000),
double3(0.356000000000,0.047950000000,0.437500000000),
double3(0.131600000000,0.263150000000,0.437500000000),
double3(0.213150000000,0.286800000000,0.437500000000),
double3(0.369100000000,0.047150000000,0.387175000000),
double3(0.165500000000,0.246700000000,0.437500000000),
double3(0.359950000000,0.359950000000,0.250000000000),
double3(0.281750000000,0.341400000000,0.480625000000),
double3(0.338050000000,0.419050000000,0.255675000000),
double3(0.308050000000,0.356000000000,0.312500000000),
double3(0.368450000000,0.131600000000,0.312500000000),
double3(0.426350000000,0.213150000000,0.312500000000),
double3(0.321950000000,0.369100000000,0.262175000000),
double3(0.418800000000,0.165500000000,0.312500000000),
double3(0.000000000000,0.359950000000,0.375000000000),
double3(0.440350000000,0.281750000000,0.355625000000),
double3(0.419000000000,0.338050000000,0.380675000000),
double3(0.452050000000,0.308050000000,0.437500000000),
double3(0.236850000000,0.368450000000,0.437500000000),
double3(0.213200000000,0.426350000000,0.437500000000),
double3(0.452850000000,0.321950000000,0.387175000000),
double3(0.253300000000,0.418800000000,0.437500000000),
double3(0.140050000000,0.000000000000,0.250000000000),
double3(0.158600000000,0.440350000000,0.480625000000),
double3(0.080950000000,0.419000000000,0.255675000000),
double3(0.144000000000,0.452050000000,0.312500000000),
double3(0.368400000000,0.236850000000,0.312500000000),
double3(0.286850000000,0.213200000000,0.312500000000),
double3(0.130900000000,0.452850000000,0.262175000000),
double3(0.334500000000,0.253300000000,0.312500000000),
double3(0.140050000000,0.140050000000,0.375000000000),
double3(0.218250000000,0.158600000000,0.355625000000),
double3(0.161950000000,0.080950000000,0.380675000000),
double3(0.191950000000,0.144000000000,0.437500000000),
double3(0.131550000000,0.368400000000,0.437500000000),
double3(0.073650000000,0.286850000000,0.437500000000),
double3(0.178050000000,0.130900000000,0.387175000000),
double3(0.081200000000,0.334500000000,0.437500000000),
double3(0.281750000000,0.440350000000,0.394375000000),
double3(0.338050000000,0.419000000000,0.369325000000),
double3(0.308050000000,0.452050000000,0.312500000000),
double3(0.321950000000,0.452850000000,0.362825000000),
double3(0.418800000000,0.253300000000,0.312500000000),
double3(0.341400000000,0.281750000000,0.269375000000),
double3(0.419050000000,0.338050000000,0.494325000000),
double3(0.356000000000,0.308050000000,0.437500000000),
double3(0.369100000000,0.321950000000,0.487825000000),
double3(0.165500000000,0.418800000000,0.437500000000),
double3(0.059650000000,0.341400000000,0.394375000000),
double3(0.081000000000,0.419050000000,0.369325000000),
double3(0.047950000000,0.356000000000,0.312500000000),
double3(0.047150000000,0.369100000000,0.362825000000),
double3(0.246700000000,0.165500000000,0.312500000000),
double3(0.218250000000,0.059650000000,0.269375000000),
double3(0.161950000000,0.081000000000,0.494325000000),
double3(0.191950000000,0.047950000000,0.437500000000),
double3(0.178050000000,0.047150000000,0.487825000000),
double3(0.081200000000,0.246700000000,0.437500000000),
double3(0.158600000000,0.218250000000,0.394375000000),
double3(0.080950000000,0.161950000000,0.369325000000),
double3(0.144000000000,0.191950000000,0.312500000000),
double3(0.130900000000,0.178050000000,0.362825000000),
double3(0.334500000000,0.081200000000,0.312500000000),
double3(0.440350000000,0.158600000000,0.269375000000),
double3(0.419000000000,0.080950000000,0.494325000000),
double3(0.452050000000,0.144000000000,0.437500000000),
double3(0.452850000000,0.130900000000,0.487825000000),
double3(0.253300000000,0.334500000000,0.437500000000),
double3(0.000000000000,0.359950000000,0.250000000000),
double3(0.440350000000,0.281750000000,0.269375000000),
double3(0.452850000000,0.321950000000,0.487825000000),
double3(0.140050000000,0.000000000000,0.375000000000),
double3(0.158600000000,0.440350000000,0.394375000000),
double3(0.130900000000,0.452850000000,0.362825000000),
double3(0.140050000000,0.140050000000,0.250000000000),
double3(0.218250000000,0.158600000000,0.269375000000),
double3(0.178050000000,0.130900000000,0.487825000000),
double3(0.000000000000,0.140050000000,0.375000000000),
double3(0.059650000000,0.218250000000,0.394375000000),
double3(0.047150000000,0.178050000000,0.362825000000),
double3(0.359950000000,0.000000000000,0.250000000000),
double3(0.341400000000,0.059650000000,0.269375000000),
double3(0.369100000000,0.047150000000,0.487825000000),
double3(0.359950000000,0.359950000000,0.375000000000),
double3(0.281750000000,0.341400000000,0.394375000000),
double3(0.321950000000,0.369100000000,0.362825000000),
double3(0.218250000000,0.059650000000,0.355625000000),
double3(0.178050000000,0.047150000000,0.387175000000),
double3(0.158600000000,0.218250000000,0.480625000000),
double3(0.130900000000,0.178050000000,0.262175000000),
double3(0.440350000000,0.158600000000,0.355625000000),
double3(0.452850000000,0.130900000000,0.387175000000),
double3(0.281750000000,0.440350000000,0.480625000000),
double3(0.321950000000,0.452850000000,0.262175000000),
double3(0.341400000000,0.281750000000,0.355625000000),
double3(0.369100000000,0.321950000000,0.387175000000),
double3(0.059650000000,0.341400000000,0.480625000000),
double3(0.047150000000,0.369100000000,0.262175000000),
double3(0.000000000000,0.140050000000,0.500000000000),
double3(0.059650000000,0.218250000000,0.730625000000),
double3(0.081000000000,0.161950000000,0.505675000000),
double3(0.047950000000,0.191950000000,0.562500000000),
double3(0.263150000000,0.131550000000,0.562500000000),
double3(0.286800000000,0.073650000000,0.562500000000),
double3(0.047150000000,0.178050000000,0.512175000000),
double3(0.246700000000,0.081200000000,0.562500000000),
double3(0.359950000000,0.000000000000,0.625000000000),
double3(0.341400000000,0.059650000000,0.605625000000),
double3(0.419050000000,0.081000000000,0.630675000000),
double3(0.356000000000,0.047950000000,0.687500000000),
double3(0.131600000000,0.263150000000,0.687500000000),
double3(0.213150000000,0.286800000000,0.687500000000),
double3(0.369100000000,0.047150000000,0.637175000000),
double3(0.165500000000,0.246700000000,0.687500000000),
double3(0.359950000000,0.359950000000,0.500000000000),
double3(0.281750000000,0.341400000000,0.730625000000),
double3(0.338050000000,0.419050000000,0.505675000000),
double3(0.308050000000,0.356000000000,0.562500000000),
double3(0.368450000000,0.131600000000,0.562500000000),
double3(0.426350000000,0.213150000000,0.562500000000),
double3(0.321950000000,0.369100000000,0.512175000000),
double3(0.418800000000,0.165500000000,0.562500000000),
double3(0.000000000000,0.359950000000,0.625000000000),
double3(0.440350000000,0.281750000000,0.605625000000),
double3(0.419000000000,0.338050000000,0.630675000000),
double3(0.452050000000,0.308050000000,0.687500000000),
double3(0.236850000000,0.368450000000,0.687500000000),
double3(0.213200000000,0.426350000000,0.687500000000),
double3(0.452850000000,0.321950000000,0.637175000000),
double3(0.253300000000,0.418800000000,0.687500000000),
double3(0.140050000000,0.000000000000,0.500000000000),
double3(0.158600000000,0.440350000000,0.730625000000),
double3(0.080950000000,0.419000000000,0.505675000000),
double3(0.144000000000,0.452050000000,0.562500000000),
double3(0.368400000000,0.236850000000,0.562500000000),
double3(0.286850000000,0.213200000000,0.562500000000),
double3(0.130900000000,0.452850000000,0.512175000000),
double3(0.334500000000,0.253300000000,0.562500000000),
double3(0.140050000000,0.140050000000,0.625000000000),
double3(0.218250000000,0.158600000000,0.605625000000),
double3(0.161950000000,0.080950000000,0.630675000000),
double3(0.191950000000,0.144000000000,0.687500000000),
double3(0.131550000000,0.368400000000,0.687500000000),
double3(0.073650000000,0.286850000000,0.687500000000),
double3(0.178050000000,0.130900000000,0.637175000000),
double3(0.081200000000,0.334500000000,0.687500000000),
double3(0.281750000000,0.440350000000,0.644375000000),
double3(0.338050000000,0.419000000000,0.619325000000),
double3(0.308050000000,0.452050000000,0.562500000000),
double3(0.321950000000,0.452850000000,0.612825000000),
double3(0.418800000000,0.253300000000,0.562500000000),
double3(0.341400000000,0.281750000000,0.519375000000),
double3(0.419050000000,0.338050000000,0.744325000000),
double3(0.356000000000,0.308050000000,0.687500000000),
double3(0.369100000000,0.321950000000,0.737825000000),
double3(0.165500000000,0.418800000000,0.687500000000),
double3(0.059650000000,0.341400000000,0.644375000000),
double3(0.081000000000,0.419050000000,0.619325000000),
double3(0.047950000000,0.356000000000,0.562500000000),
double3(0.047150000000,0.369100000000,0.612825000000),
double3(0.246700000000,0.165500000000,0.562500000000),
double3(0.218250000000,0.059650000000,0.519375000000),
double3(0.161950000000,0.081000000000,0.744325000000),
double3(0.191950000000,0.047950000000,0.687500000000),
double3(0.178050000000,0.047150000000,0.737825000000),
double3(0.081200000000,0.246700000000,0.687500000000),
double3(0.158600000000,0.218250000000,0.644375000000),
double3(0.080950000000,0.161950000000,0.619325000000),
double3(0.144000000000,0.191950000000,0.562500000000),
double3(0.130900000000,0.178050000000,0.612825000000),
double3(0.334500000000,0.081200000000,0.562500000000),
double3(0.440350000000,0.158600000000,0.519375000000),
double3(0.419000000000,0.080950000000,0.744325000000),
double3(0.452050000000,0.144000000000,0.687500000000),
double3(0.452850000000,0.130900000000,0.737825000000),
double3(0.253300000000,0.334500000000,0.687500000000),
double3(0.000000000000,0.359950000000,0.500000000000),
double3(0.440350000000,0.281750000000,0.519375000000),
double3(0.452850000000,0.321950000000,0.737825000000),
double3(0.140050000000,0.000000000000,0.625000000000),
double3(0.158600000000,0.440350000000,0.644375000000),
double3(0.130900000000,0.452850000000,0.612825000000),
double3(0.140050000000,0.140050000000,0.500000000000),
double3(0.218250000000,0.158600000000,0.519375000000),
double3(0.178050000000,0.130900000000,0.737825000000),
double3(0.000000000000,0.140050000000,0.625000000000),
double3(0.059650000000,0.218250000000,0.644375000000),
double3(0.047150000000,0.178050000000,0.612825000000),
double3(0.359950000000,0.000000000000,0.500000000000),
double3(0.341400000000,0.059650000000,0.519375000000),
double3(0.369100000000,0.047150000000,0.737825000000),
double3(0.359950000000,0.359950000000,0.625000000000),
double3(0.281750000000,0.341400000000,0.644375000000),
double3(0.321950000000,0.369100000000,0.612825000000),
double3(0.218250000000,0.059650000000,0.605625000000),
double3(0.178050000000,0.047150000000,0.637175000000),
double3(0.158600000000,0.218250000000,0.730625000000),
double3(0.130900000000,0.178050000000,0.512175000000),
double3(0.440350000000,0.158600000000,0.605625000000),
double3(0.452850000000,0.130900000000,0.637175000000),
double3(0.281750000000,0.440350000000,0.730625000000),
double3(0.321950000000,0.452850000000,0.512175000000),
double3(0.341400000000,0.281750000000,0.605625000000),
double3(0.369100000000,0.321950000000,0.637175000000),
double3(0.059650000000,0.341400000000,0.730625000000),
double3(0.047150000000,0.369100000000,0.512175000000),
double3(0.000000000000,0.140050000000,0.750000000000),
double3(0.059650000000,0.218250000000,0.980625000000),
double3(0.081000000000,0.161950000000,0.755675000000),
double3(0.047950000000,0.191950000000,0.812500000000),
double3(0.263150000000,0.131550000000,0.812500000000),
double3(0.286800000000,0.073650000000,0.812500000000),
double3(0.047150000000,0.178050000000,0.762175000000),
double3(0.246700000000,0.081200000000,0.812500000000),
double3(0.359950000000,0.000000000000,0.875000000000),
double3(0.341400000000,0.059650000000,0.855625000000),
double3(0.419050000000,0.081000000000,0.880675000000),
double3(0.356000000000,0.047950000000,0.937500000000),
double3(0.131600000000,0.263150000000,0.937500000000),
double3(0.213150000000,0.286800000000,0.937500000000),
double3(0.369100000000,0.047150000000,0.887175000000),
double3(0.165500000000,0.246700000000,0.937500000000),
double3(0.359950000000,0.359950000000,0.750000000000),
double3(0.281750000000,0.341400000000,0.980625000000),
double3(0.338050000000,0.419050000000,0.755675000000),
double3(0.308050000000,0.356000000000,0.812500000000),
double3(0.368450000000,0.131600000000,0.812500000000),
double3(0.426350000000,0.213150000000,0.812500000000),
double3(0.321950000000,0.369100000000,0.762175000000),
double3(0.418800000000,0.165500000000,0.812500000000),
double3(0.000000000000,0.359950000000,0.875000000000),
double3(0.440350000000,0.281750000000,0.855625000000),
double3(0.419000000000,0.338050000000,0.880675000000),
double3(0.452050000000,0.308050000000,0.937500000000),
double3(0.236850000000,0.368450000000,0.937500000000),
double3(0.213200000000,0.426350000000,0.937500000000),
double3(0.452850000000,0.321950000000,0.887175000000),
double3(0.253300000000,0.418800000000,0.937500000000),
double3(0.140050000000,0.000000000000,0.750000000000),
double3(0.158600000000,0.440350000000,0.980625000000),
double3(0.080950000000,0.419000000000,0.755675000000),
double3(0.144000000000,0.452050000000,0.812500000000),
double3(0.368400000000,0.236850000000,0.812500000000),
double3(0.286850000000,0.213200000000,0.812500000000),
double3(0.130900000000,0.452850000000,0.762175000000),
double3(0.334500000000,0.253300000000,0.812500000000),
double3(0.140050000000,0.140050000000,0.875000000000),
double3(0.218250000000,0.158600000000,0.855625000000),
double3(0.161950000000,0.080950000000,0.880675000000),
double3(0.191950000000,0.144000000000,0.937500000000),
double3(0.131550000000,0.368400000000,0.937500000000),
double3(0.073650000000,0.286850000000,0.937500000000),
double3(0.178050000000,0.130900000000,0.887175000000),
double3(0.081200000000,0.334500000000,0.937500000000),
double3(0.281750000000,0.440350000000,0.894375000000),
double3(0.338050000000,0.419000000000,0.869325000000),
double3(0.308050000000,0.452050000000,0.812500000000),
double3(0.321950000000,0.452850000000,0.862825000000),
double3(0.418800000000,0.253300000000,0.812500000000),
double3(0.341400000000,0.281750000000,0.769375000000),
double3(0.419050000000,0.338050000000,0.994325000000),
double3(0.356000000000,0.308050000000,0.937500000000),
double3(0.369100000000,0.321950000000,0.987825000000),
double3(0.165500000000,0.418800000000,0.937500000000),
double3(0.059650000000,0.341400000000,0.894375000000),
double3(0.081000000000,0.419050000000,0.869325000000),
double3(0.047950000000,0.356000000000,0.812500000000),
double3(0.047150000000,0.369100000000,0.862825000000),
double3(0.246700000000,0.165500000000,0.812500000000),
double3(0.218250000000,0.059650000000,0.769375000000),
double3(0.161950000000,0.081000000000,0.994325000000),
double3(0.191950000000,0.047950000000,0.937500000000),
double3(0.178050000000,0.047150000000,0.987825000000),
double3(0.081200000000,0.246700000000,0.937500000000),
double3(0.158600000000,0.218250000000,0.894375000000),
double3(0.080950000000,0.161950000000,0.869325000000),
double3(0.144000000000,0.191950000000,0.812500000000),
double3(0.130900000000,0.178050000000,0.862825000000),
double3(0.334500000000,0.081200000000,0.812500000000),
double3(0.440350000000,0.158600000000,0.769375000000),
double3(0.419000000000,0.080950000000,0.994325000000),
double3(0.452050000000,0.144000000000,0.937500000000),
double3(0.452850000000,0.130900000000,0.987825000000),
double3(0.253300000000,0.334500000000,0.937500000000),
double3(0.000000000000,0.359950000000,0.750000000000),
double3(0.440350000000,0.281750000000,0.769375000000),
double3(0.452850000000,0.321950000000,0.987825000000),
double3(0.140050000000,0.000000000000,0.875000000000),
double3(0.158600000000,0.440350000000,0.894375000000),
double3(0.130900000000,0.452850000000,0.862825000000),
double3(0.140050000000,0.140050000000,0.750000000000),
double3(0.218250000000,0.158600000000,0.769375000000),
double3(0.178050000000,0.130900000000,0.987825000000),
double3(0.000000000000,0.140050000000,0.875000000000),
double3(0.059650000000,0.218250000000,0.894375000000),
double3(0.047150000000,0.178050000000,0.862825000000),
double3(0.359950000000,0.000000000000,0.750000000000),
double3(0.341400000000,0.059650000000,0.769375000000),
double3(0.369100000000,0.047150000000,0.987825000000),
double3(0.359950000000,0.359950000000,0.875000000000),
double3(0.281750000000,0.341400000000,0.894375000000),
double3(0.321950000000,0.369100000000,0.862825000000),
double3(0.218250000000,0.059650000000,0.855625000000),
double3(0.178050000000,0.047150000000,0.887175000000),
double3(0.158600000000,0.218250000000,0.980625000000),
double3(0.130900000000,0.178050000000,0.762175000000),
double3(0.440350000000,0.158600000000,0.855625000000),
double3(0.452850000000,0.130900000000,0.887175000000),
double3(0.281750000000,0.440350000000,0.980625000000),
double3(0.321950000000,0.452850000000,0.762175000000),
double3(0.341400000000,0.281750000000,0.855625000000),
double3(0.369100000000,0.321950000000,0.887175000000),
double3(0.059650000000,0.341400000000,0.980625000000),
double3(0.047150000000,0.369100000000,0.762175000000),
double3(0.000000000000,0.640050000000,0.000000000000),
double3(0.059650000000,0.718250000000,0.230625000000),
double3(0.081000000000,0.661950000000,0.005675000000),
double3(0.047950000000,0.691950000000,0.062500000000),
double3(0.263150000000,0.631550000000,0.062500000000),
double3(0.286800000000,0.573650000000,0.062500000000),
double3(0.047150000000,0.678050000000,0.012175000000),
double3(0.246700000000,0.581200000000,0.062500000000),
double3(0.359950000000,0.500000000000,0.125000000000),
double3(0.341400000000,0.559650000000,0.105625000000),
double3(0.419050000000,0.581000000000,0.130675000000),
double3(0.356000000000,0.547950000000,0.187500000000),
double3(0.131600000000,0.763150000000,0.187500000000),
double3(0.213150000000,0.786800000000,0.187500000000),
double3(0.369100000000,0.547150000000,0.137175000000),
double3(0.165500000000,0.746700000000,0.187500000000),
double3(0.359950000000,0.859950000000,0.000000000000),
double3(0.281750000000,0.841400000000,0.230625000000),
double3(0.338050000000,0.919050000000,0.005675000000),
double3(0.308050000000,0.856000000000,0.062500000000),
double3(0.368450000000,0.631600000000,0.062500000000),
double3(0.426350000000,0.713150000000,0.062500000000),
double3(0.321950000000,0.869100000000,0.012175000000),
double3(0.418800000000,0.665500000000,0.062500000000),
double3(0.000000000000,0.859950000000,0.125000000000),
double3(0.440350000000,0.781750000000,0.105625000000),
double3(0.419000000000,0.838050000000,0.130675000000),
double3(0.452050000000,0.808050000000,0.187500000000),
double3(0.236850000000,0.868450000000,0.187500000000),
double3(0.213200000000,0.926350000000,0.187500000000),
double3(0.452850000000,0.821950000000,0.137175000000),
double3(0.253300000000,0.918800000000,0.187500000000),
double3(0.140050000000,0.500000000000,0.000000000000),
double3(0.158600000000,0.940350000000,0.230625000000),
double3(0.080950000000,0.919000000000,0.005675000000),
double3(0.144000000000,0.952050000000,0.062500000000),
double3(0.368400000000,0.736850000000,0.062500000000),
double3(0.286850000000,0.713200000000,0.062500000000),
double3(0.130900000000,0.952850000000,0.012175000000),
double3(0.334500000000,0.753300000000,0.062500000000),
double3(0.140050000000,0.640050000000,0.125000000000),
double3(0.218250000000,0.658600000000,0.105625000000),
double3(0.161950000000,0.580950000000,0.130675000000),
double3(0.191950000000,0.644000000000,0.187500000000),
double3(0.131550000000,0.868400000000,0.187500000000),
double3(0.073650000000,0.786850000000,0.187500000000),
double3(0.178050000000,0.630900000000,0.137175000000),
double3(0.081200000000,0.834500000000,0.187500000000),
double3(0.281750000000,0.940350000000,0.144375000000),
double3(0.338050000000,0.919000000000,0.119325000000),
double3(0.308050000000,0.952050000000,0.062500000000),
double3(0.321950000000,0.952850000000,0.112825000000),
double3(0.418800000000,0.753300000000,0.062500000000),
double3(0.341400000000,0.781750000000,0.019375000000),
double3(0.419050000000,0.838050000000,0.244325000000),
double3(0.356000000000,0.808050000000,0.187500000000),
double3(0.369100000000,0.821950000000,0.237825000000),
double3(0.165500000000,0.918800000000,0.187500000000),
double3(0.059650000000,0.841400000000,0.144375000000),
double3(0.081000000000,0.919050000000,0.119325000000),
double3(0.047950000000,0.856000000000,0.062500000000),
double3(0.047150000000,0.869100000000,0.112825000000),
double3(0.246700000000,0.665500000000,0.062500000000),
double3(0.218250000000,0.559650000000,0.019375000000),
double3(0.161950000000,0.581000000000,0.244325000000),
double3(0.191950000000,0.547950000000,0.187500000000),
double3(0.178050000000,0.547150000000,0.237825000000),
double3(0.081200000000,0.746700000000,0.187500000000),
double3(0.158600000000,0.718250000000,0.144375000000),
double3(0.080950000000,0.661950000000,0.119325000000),
double3(0.144000000000,0.691950000000,0.062500000000),
double3(0.130900000000,0.678050000000,0.112825000000),
double3(0.334500000000,0.581200000000,0.062500000000),
double3(0.440350000000,0.658600000000,0.019375000000),
double3(0.419000000000,0.580950000000,0.244325000000),
double3(0.452050000000,0.644000000000,0.187500000000),
double3(0.452850000000,0.630900000000,0.237825000000),
double3(0.253300000000,0.834500000000,0.187500000000),
double3(0.000000000000,0.859950000000,0.000000000000),
double3(0.440350000000,0.781750000000,0.019375000000),
double3(0.452850000000,0.821950000000,0.237825000000),
double3(0.140050000000,0.500000000000,0.125000000000),
double3(0.158600000000,0.940350000000,0.144375000000),
double3(0.130900000000,0.952850000000,0.112825000000),
double3(0.140050000000,0.640050000000,0.000000000000),
double3(0.218250000000,0.658600000000,0.019375000000),
double3(0.178050000000,0.630900000000,0.237825000000),
double3(0.000000000000,0.640050000000,0.125000000000),
double3(0.059650000000,0.718250000000,0.144375000000),
double3(0.047150000000,0.678050000000,0.112825000000),
double3(0.359950000000,0.500000000000,0.000000000000),
double3(0.341400000000,0.559650000000,0.019375000000),
double3(0.369100000000,0.547150000000,0.237825000000),
double3(0.359950000000,0.859950000000,0.125000000000),
double3(0.281750000000,0.841400000000,0.144375000000),
double3(0.321950000000,0.869100000000,0.112825000000),
double3(0.218250000000,0.559650000000,0.105625000000),
double3(0.178050000000,0.547150000000,0.137175000000),
double3(0.158600000000,0.718250000000,0.230625000000),
double3(0.130900000000,0.678050000000,0.012175000000),
double3(0.440350000000,0.658600000000,0.105625000000),
double3(0.452850000000,0.630900000000,0.137175000000),
double3(0.281750000000,0.940350000000,0.230625000000),
double3(0.321950000000,0.952850000000,0.012175000000),
double3(0.341400000000,0.781750000000,0.105625000000),
double3(0.369100000000,0.821950000000,0.137175000000),
double3(0.059650000000,0.841400000000,0.230625000000),
double3(0.047150000000,0.869100000000,0.012175000000),
double3(0.000000000000,0.640050000000,0.250000000000),
double3(0.059650000000,0.718250000000,0.480625000000),
double3(0.081000000000,0.661950000000,0.255675000000),
double3(0.047950000000,0.691950000000,0.312500000000),
double3(0.263150000000,0.631550000000,0.312500000000),
double3(0.286800000000,0.573650000000,0.312500000000),
double3(0.047150000000,0.678050000000,0.262175000000),
double3(0.246700000000,0.581200000000,0.312500000000),
double3(0.359950000000,0.500000000000,0.375000000000),
double3(0.341400000000,0.559650000000,0.355625000000),
double3(0.419050000000,0.581000000000,0.380675000000),
double3(0.356000000000,0.547950000000,0.437500000000),
double3(0.131600000000,0.763150000000,0.437500000000),
double3(0.213150000000,0.786800000000,0.437500000000),
double3(0.369100000000,0.547150000000,0.387175000000),
double3(0.165500000000,0.746700000000,0.437500000000),
double3(0.359950000000,0.859950000000,0.250000000000),
double3(0.281750000000,0.841400000000,0.480625000000),
double3(0.338050000000,0.919050000000,0.255675000000),
double3(0.308050000000,0.856000000000,0.312500000000),
double3(0.368450000000,0.631600000000,0.312500000000),
double3(0.426350000000,0.713150000000,0.312500000000),
double3(0.321950000000,0.869100000000,0.262175000000),
double3(0.418800000000,0.665500000000,0.312500000000),
double3(0.000000000000,0.859950000000,0.375000000000),
double3(0.440350000000,0.781750000000,0.355625000000),
double3(0.419000000000,0.838050000000,0.380675000000),
double3(0.452050000000,0.808050000000,0.437500000000),
double3(0.236850000000,0.868450000000,0.437500000000),
double3(0.213200000000,0.926350000000,0.437500000000),
double3(0.452850000000,0.821950000000,0.387175000000),
double3(0.253300000000,0.918800000000,0.437500000000),
double3(0.140050000000,0.500000000000,0.250000000000),
double3(0.158600000000,0.940350000000,0.480625000000),
double3(0.080950000000,0.919000000000,0.255675000000),
double3(0.144000000000,0.952050000000,0.312500000000),
double3(0.368400000000,0.736850000000,0.312500000000),
double3(0.286850000000,0.713200000000,0.312500000000),
double3(0.130900000000,0.952850000000,0.262175000000),
double3(0.334500000000,0.753300000000,0.312500000000),
double3(0.140050000000,0.640050000000,0.375000000000),
double3(0.218250000000,0.658600000000,0.355625000000),
double3(0.161950000000,0.580950000000,0.380675000000),
double3(0.191950000000,0.644000000000,0.437500000000),
double3(0.131550000000,0.868400000000,0.437500000000),
double3(0.073650000000,0.786850000000,0.437500000000),
double3(0.178050000000,0.630900000000,0.387175000000),
double3(0.081200000000,0.834500000000,0.437500000000),
double3(0.281750000000,0.940350000000,0.394375000000),
double3(0.338050000000,0.919000000000,0.369325000000),
double3(0.308050000000,0.952050000000,0.312500000000),
double3(0.321950000000,0.952850000000,0.362825000000),
double3(0.418800000000,0.753300000000,0.312500000000),
double3(0.341400000000,0.781750000000,0.269375000000),
double3(0.419050000000,0.838050000000,0.494325000000),
double3(0.356000000000,0.808050000000,0.437500000000),
double3(0.369100000000,0.821950000000,0.487825000000),
double3(0.165500000000,0.918800000000,0.437500000000),
double3(0.059650000000,0.841400000000,0.394375000000),
double3(0.081000000000,0.919050000000,0.369325000000),
double3(0.047950000000,0.856000000000,0.312500000000),
double3(0.047150000000,0.869100000000,0.362825000000),
double3(0.246700000000,0.665500000000,0.312500000000),
double3(0.218250000000,0.559650000000,0.269375000000),
double3(0.161950000000,0.581000000000,0.494325000000),
double3(0.191950000000,0.547950000000,0.437500000000),
double3(0.178050000000,0.547150000000,0.487825000000),
double3(0.081200000000,0.746700000000,0.437500000000),
double3(0.158600000000,0.718250000000,0.394375000000),
double3(0.080950000000,0.661950000000,0.369325000000),
double3(0.144000000000,0.691950000000,0.312500000000),
double3(0.130900000000,0.678050000000,0.362825000000),
double3(0.334500000000,0.581200000000,0.312500000000),
double3(0.440350000000,0.658600000000,0.269375000000),
double3(0.419000000000,0.580950000000,0.494325000000),
double3(0.452050000000,0.644000000000,0.437500000000),
double3(0.452850000000,0.630900000000,0.487825000000),
double3(0.253300000000,0.834500000000,0.437500000000),
double3(0.000000000000,0.859950000000,0.250000000000),
double3(0.440350000000,0.781750000000,0.269375000000),
double3(0.452850000000,0.821950000000,0.487825000000),
double3(0.140050000000,0.500000000000,0.375000000000),
double3(0.158600000000,0.940350000000,0.394375000000),
double3(0.130900000000,0.952850000000,0.362825000000),
double3(0.140050000000,0.640050000000,0.250000000000),
double3(0.218250000000,0.658600000000,0.269375000000),
double3(0.178050000000,0.630900000000,0.487825000000),
double3(0.000000000000,0.640050000000,0.375000000000),
double3(0.059650000000,0.718250000000,0.394375000000),
double3(0.047150000000,0.678050000000,0.362825000000),
double3(0.359950000000,0.500000000000,0.250000000000),
double3(0.341400000000,0.559650000000,0.269375000000),
double3(0.369100000000,0.547150000000,0.487825000000),
double3(0.359950000000,0.859950000000,0.375000000000),
double3(0.281750000000,0.841400000000,0.394375000000),
double3(0.321950000000,0.869100000000,0.362825000000),
double3(0.218250000000,0.559650000000,0.355625000000),
double3(0.178050000000,0.547150000000,0.387175000000),
double3(0.158600000000,0.718250000000,0.480625000000),
double3(0.130900000000,0.678050000000,0.262175000000),
double3(0.440350000000,0.658600000000,0.355625000000),
double3(0.452850000000,0.630900000000,0.387175000000),
double3(0.281750000000,0.940350000000,0.480625000000),
double3(0.321950000000,0.952850000000,0.262175000000),
double3(0.341400000000,0.781750000000,0.355625000000),
double3(0.369100000000,0.821950000000,0.387175000000),
double3(0.059650000000,0.841400000000,0.480625000000),
double3(0.047150000000,0.869100000000,0.262175000000),
double3(0.000000000000,0.640050000000,0.500000000000),
double3(0.059650000000,0.718250000000,0.730625000000),
double3(0.081000000000,0.661950000000,0.505675000000),
double3(0.047950000000,0.691950000000,0.562500000000),
double3(0.263150000000,0.631550000000,0.562500000000),
double3(0.286800000000,0.573650000000,0.562500000000),
double3(0.047150000000,0.678050000000,0.512175000000),
double3(0.246700000000,0.581200000000,0.562500000000),
double3(0.359950000000,0.500000000000,0.625000000000),
double3(0.341400000000,0.559650000000,0.605625000000),
double3(0.419050000000,0.581000000000,0.630675000000),
double3(0.356000000000,0.547950000000,0.687500000000),
double3(0.131600000000,0.763150000000,0.687500000000),
double3(0.213150000000,0.786800000000,0.687500000000),
double3(0.369100000000,0.547150000000,0.637175000000),
double3(0.165500000000,0.746700000000,0.687500000000),
double3(0.359950000000,0.859950000000,0.500000000000),
double3(0.281750000000,0.841400000000,0.730625000000),
double3(0.338050000000,0.919050000000,0.505675000000),
double3(0.308050000000,0.856000000000,0.562500000000),
double3(0.368450000000,0.631600000000,0.562500000000),
double3(0.426350000000,0.713150000000,0.562500000000),
double3(0.321950000000,0.869100000000,0.512175000000),
double3(0.418800000000,0.665500000000,0.562500000000),
double3(0.000000000000,0.859950000000,0.625000000000),
double3(0.440350000000,0.781750000000,0.605625000000),
double3(0.419000000000,0.838050000000,0.630675000000),
double3(0.452050000000,0.808050000000,0.687500000000),
double3(0.236850000000,0.868450000000,0.687500000000),
double3(0.213200000000,0.926350000000,0.687500000000),
double3(0.452850000000,0.821950000000,0.637175000000),
double3(0.253300000000,0.918800000000,0.687500000000),
double3(0.140050000000,0.500000000000,0.500000000000),
double3(0.158600000000,0.940350000000,0.730625000000),
double3(0.080950000000,0.919000000000,0.505675000000),
double3(0.144000000000,0.952050000000,0.562500000000),
double3(0.368400000000,0.736850000000,0.562500000000),
double3(0.286850000000,0.713200000000,0.562500000000),
double3(0.130900000000,0.952850000000,0.512175000000),
double3(0.334500000000,0.753300000000,0.562500000000),
double3(0.140050000000,0.640050000000,0.625000000000),
double3(0.218250000000,0.658600000000,0.605625000000),
double3(0.161950000000,0.580950000000,0.630675000000),
double3(0.191950000000,0.644000000000,0.687500000000),
double3(0.131550000000,0.868400000000,0.687500000000),
double3(0.073650000000,0.786850000000,0.687500000000),
double3(0.178050000000,0.630900000000,0.637175000000),
double3(0.081200000000,0.834500000000,0.687500000000),
double3(0.281750000000,0.940350000000,0.644375000000),
double3(0.338050000000,0.919000000000,0.619325000000),
double3(0.308050000000,0.952050000000,0.562500000000),
double3(0.321950000000,0.952850000000,0.612825000000),
double3(0.418800000000,0.753300000000,0.562500000000),
double3(0.341400000000,0.781750000000,0.519375000000),
double3(0.419050000000,0.838050000000,0.744325000000),
double3(0.356000000000,0.808050000000,0.687500000000),
double3(0.369100000000,0.821950000000,0.737825000000),
double3(0.165500000000,0.918800000000,0.687500000000),
double3(0.059650000000,0.841400000000,0.644375000000),
double3(0.081000000000,0.919050000000,0.619325000000),
double3(0.047950000000,0.856000000000,0.562500000000),
double3(0.047150000000,0.869100000000,0.612825000000),
double3(0.246700000000,0.665500000000,0.562500000000),
double3(0.218250000000,0.559650000000,0.519375000000),
double3(0.161950000000,0.581000000000,0.744325000000),
double3(0.191950000000,0.547950000000,0.687500000000),
double3(0.178050000000,0.547150000000,0.737825000000),
double3(0.081200000000,0.746700000000,0.687500000000),
double3(0.158600000000,0.718250000000,0.644375000000),
double3(0.080950000000,0.661950000000,0.619325000000),
double3(0.144000000000,0.691950000000,0.562500000000),
double3(0.130900000000,0.678050000000,0.612825000000),
double3(0.334500000000,0.581200000000,0.562500000000),
double3(0.440350000000,0.658600000000,0.519375000000),
double3(0.419000000000,0.580950000000,0.744325000000),
double3(0.452050000000,0.644000000000,0.687500000000),
double3(0.452850000000,0.630900000000,0.737825000000),
double3(0.253300000000,0.834500000000,0.687500000000),
double3(0.000000000000,0.859950000000,0.500000000000),
double3(0.440350000000,0.781750000000,0.519375000000),
double3(0.452850000000,0.821950000000,0.737825000000),
double3(0.140050000000,0.500000000000,0.625000000000),
double3(0.158600000000,0.940350000000,0.644375000000),
double3(0.130900000000,0.952850000000,0.612825000000),
double3(0.140050000000,0.640050000000,0.500000000000),
double3(0.218250000000,0.658600000000,0.519375000000),
double3(0.178050000000,0.630900000000,0.737825000000),
double3(0.000000000000,0.640050000000,0.625000000000),
double3(0.059650000000,0.718250000000,0.644375000000),
double3(0.047150000000,0.678050000000,0.612825000000),
double3(0.359950000000,0.500000000000,0.500000000000),
double3(0.341400000000,0.559650000000,0.519375000000),
double3(0.369100000000,0.547150000000,0.737825000000),
double3(0.359950000000,0.859950000000,0.625000000000),
double3(0.281750000000,0.841400000000,0.644375000000),
double3(0.321950000000,0.869100000000,0.612825000000),
double3(0.218250000000,0.559650000000,0.605625000000),
double3(0.178050000000,0.547150000000,0.637175000000),
double3(0.158600000000,0.718250000000,0.730625000000),
double3(0.130900000000,0.678050000000,0.512175000000),
double3(0.440350000000,0.658600000000,0.605625000000),
double3(0.452850000000,0.630900000000,0.637175000000),
double3(0.281750000000,0.940350000000,0.730625000000),
double3(0.321950000000,0.952850000000,0.512175000000),
double3(0.341400000000,0.781750000000,0.605625000000),
double3(0.369100000000,0.821950000000,0.637175000000),
double3(0.059650000000,0.841400000000,0.730625000000),
double3(0.047150000000,0.869100000000,0.512175000000),
double3(0.000000000000,0.640050000000,0.750000000000),
double3(0.059650000000,0.718250000000,0.980625000000),
double3(0.081000000000,0.661950000000,0.755675000000),
double3(0.047950000000,0.691950000000,0.812500000000),
double3(0.263150000000,0.631550000000,0.812500000000),
double3(0.286800000000,0.573650000000,0.812500000000),
double3(0.047150000000,0.678050000000,0.762175000000),
double3(0.246700000000,0.581200000000,0.812500000000),
double3(0.359950000000,0.500000000000,0.875000000000),
double3(0.341400000000,0.559650000000,0.855625000000),
double3(0.419050000000,0.581000000000,0.880675000000),
double3(0.356000000000,0.547950000000,0.937500000000),
double3(0.131600000000,0.763150000000,0.937500000000),
double3(0.213150000000,0.786800000000,0.937500000000),
double3(0.369100000000,0.547150000000,0.887175000000),
double3(0.165500000000,0.746700000000,0.937500000000),
double3(0.359950000000,0.859950000000,0.750000000000),
double3(0.281750000000,0.841400000000,0.980625000000),
double3(0.338050000000,0.919050000000,0.755675000000),
double3(0.308050000000,0.856000000000,0.812500000000),
double3(0.368450000000,0.631600000000,0.812500000000),
double3(0.426350000000,0.713150000000,0.812500000000),
double3(0.321950000000,0.869100000000,0.762175000000),
double3(0.418800000000,0.665500000000,0.812500000000),
double3(0.000000000000,0.859950000000,0.875000000000),
double3(0.440350000000,0.781750000000,0.855625000000),
double3(0.419000000000,0.838050000000,0.880675000000),
double3(0.452050000000,0.808050000000,0.937500000000),
double3(0.236850000000,0.868450000000,0.937500000000),
double3(0.213200000000,0.926350000000,0.937500000000),
double3(0.452850000000,0.821950000000,0.887175000000),
double3(0.253300000000,0.918800000000,0.937500000000),
double3(0.140050000000,0.500000000000,0.750000000000),
double3(0.158600000000,0.940350000000,0.980625000000),
double3(0.080950000000,0.919000000000,0.755675000000),
double3(0.144000000000,0.952050000000,0.812500000000),
double3(0.368400000000,0.736850000000,0.812500000000),
double3(0.286850000000,0.713200000000,0.812500000000),
double3(0.130900000000,0.952850000000,0.762175000000),
double3(0.334500000000,0.753300000000,0.812500000000),
double3(0.140050000000,0.640050000000,0.875000000000),
double3(0.218250000000,0.658600000000,0.855625000000),
double3(0.161950000000,0.580950000000,0.880675000000),
double3(0.191950000000,0.644000000000,0.937500000000),
double3(0.131550000000,0.868400000000,0.937500000000),
double3(0.073650000000,0.786850000000,0.937500000000),
double3(0.178050000000,0.630900000000,0.887175000000),
double3(0.081200000000,0.834500000000,0.937500000000),
double3(0.281750000000,0.940350000000,0.894375000000),
double3(0.338050000000,0.919000000000,0.869325000000),
double3(0.308050000000,0.952050000000,0.812500000000),
double3(0.321950000000,0.952850000000,0.862825000000),
double3(0.418800000000,0.753300000000,0.812500000000),
double3(0.341400000000,0.781750000000,0.769375000000),
double3(0.419050000000,0.838050000000,0.994325000000),
double3(0.356000000000,0.808050000000,0.937500000000),
double3(0.369100000000,0.821950000000,0.987825000000),
double3(0.165500000000,0.918800000000,0.937500000000),
double3(0.059650000000,0.841400000000,0.894375000000),
double3(0.081000000000,0.919050000000,0.869325000000),
double3(0.047950000000,0.856000000000,0.812500000000),
double3(0.047150000000,0.869100000000,0.862825000000),
double3(0.246700000000,0.665500000000,0.812500000000),
double3(0.218250000000,0.559650000000,0.769375000000),
double3(0.161950000000,0.581000000000,0.994325000000),
double3(0.191950000000,0.547950000000,0.937500000000),
double3(0.178050000000,0.547150000000,0.987825000000),
double3(0.081200000000,0.746700000000,0.937500000000),
double3(0.158600000000,0.718250000000,0.894375000000),
double3(0.080950000000,0.661950000000,0.869325000000),
double3(0.144000000000,0.691950000000,0.812500000000),
double3(0.130900000000,0.678050000000,0.862825000000),
double3(0.334500000000,0.581200000000,0.812500000000),
double3(0.440350000000,0.658600000000,0.769375000000),
double3(0.419000000000,0.580950000000,0.994325000000),
double3(0.452050000000,0.644000000000,0.937500000000),
double3(0.452850000000,0.630900000000,0.987825000000),
double3(0.253300000000,0.834500000000,0.937500000000),
double3(0.000000000000,0.859950000000,0.750000000000),
double3(0.440350000000,0.781750000000,0.769375000000),
double3(0.452850000000,0.821950000000,0.987825000000),
double3(0.140050000000,0.500000000000,0.875000000000),
double3(0.158600000000,0.940350000000,0.894375000000),
double3(0.130900000000,0.952850000000,0.862825000000),
double3(0.140050000000,0.640050000000,0.750000000000),
double3(0.218250000000,0.658600000000,0.769375000000),
double3(0.178050000000,0.630900000000,0.987825000000),
double3(0.000000000000,0.640050000000,0.875000000000),
double3(0.059650000000,0.718250000000,0.894375000000),
double3(0.047150000000,0.678050000000,0.862825000000),
double3(0.359950000000,0.500000000000,0.750000000000),
double3(0.341400000000,0.559650000000,0.769375000000),
double3(0.369100000000,0.547150000000,0.987825000000),
double3(0.359950000000,0.859950000000,0.875000000000),
double3(0.281750000000,0.841400000000,0.894375000000),
double3(0.321950000000,0.869100000000,0.862825000000),
double3(0.218250000000,0.559650000000,0.855625000000),
double3(0.178050000000,0.547150000000,0.887175000000),
double3(0.158600000000,0.718250000000,0.980625000000),
double3(0.130900000000,0.678050000000,0.762175000000),
double3(0.440350000000,0.658600000000,0.855625000000),
double3(0.452850000000,0.630900000000,0.887175000000),
double3(0.281750000000,0.940350000000,0.980625000000),
double3(0.321950000000,0.952850000000,0.762175000000),
double3(0.341400000000,0.781750000000,0.855625000000),
double3(0.369100000000,0.821950000000,0.887175000000),
double3(0.059650000000,0.841400000000,0.980625000000),
double3(0.047150000000,0.869100000000,0.762175000000),
double3(0.500000000000,0.140050000000,0.000000000000),
double3(0.559650000000,0.218250000000,0.230625000000),
double3(0.581000000000,0.161950000000,0.005675000000),
double3(0.547950000000,0.191950000000,0.062500000000),
double3(0.763150000000,0.131550000000,0.062500000000),
double3(0.786800000000,0.073650000000,0.062500000000),
double3(0.547150000000,0.178050000000,0.012175000000),
double3(0.746700000000,0.081200000000,0.062500000000),
double3(0.859950000000,0.000000000000,0.125000000000),
double3(0.841400000000,0.059650000000,0.105625000000),
double3(0.919050000000,0.081000000000,0.130675000000),
double3(0.856000000000,0.047950000000,0.187500000000),
double3(0.631600000000,0.263150000000,0.187500000000),
double3(0.713150000000,0.286800000000,0.187500000000),
double3(0.869100000000,0.047150000000,0.137175000000),
double3(0.665500000000,0.246700000000,0.187500000000),
double3(0.859950000000,0.359950000000,0.000000000000),
double3(0.781750000000,0.341400000000,0.230625000000),
double3(0.838050000000,0.419050000000,0.005675000000),
double3(0.808050000000,0.356000000000,0.062500000000),
double3(0.868450000000,0.131600000000,0.062500000000),
double3(0.926350000000,0.213150000000,0.062500000000),
double3(0.821950000000,0.369100000000,0.012175000000),
double3(0.918800000000,0.165500000000,0.062500000000),
double3(0.500000000000,0.359950000000,0.125000000000),
double3(0.940350000000,0.281750000000,0.105625000000),
double3(0.919000000000,0.338050000000,0.130675000000),
double3(0.952050000000,0.308050000000,0.187500000000),
double3(0.736850000000,0.368450000000,0.187500000000),
double3(0.713200000000,0.426350000000,0.187500000000),
double3(0.952850000000,0.321950000000,0.137175000000),
double3(0.753300000000,0.418800000000,0.187500000000),
double3(0.640050000000,0.000000000000,0.000000000000),
double3(0.658600000000,0.440350000000,0.230625000000),
double3(0.580950000000,0.419000000000,0.005675000000),
double3(0.644000000000,0.452050000000,0.062500000000),
double3(0.868400000000,0.236850000000,0.062500000000),
double3(0.786850000000,0.213200000000,0.062500000000),
double3(0.630900000000,0.452850000000,0.012175000000),
double3(0.834500000000,0.253300000000,0.062500000000),
double3(0.640050000000,0.140050000000,0.125000000000),
double3(0.718250000000,0.158600000000,0.105625000000),
double3(0.661950000000,0.080950000000,0.130675000000),
double3(0.691950000000,0.144000000000,0.187500000000),
double3(0.631550000000,0.368400000000,0.187500000000),
double3(0.573650000000,0.286850000000,0.187500000000),
double3(0.678050000000,0.130900000000,0.137175000000),
double3(0.581200000000,0.334500000000,0.187500000000),
double3(0.781750000000,0.440350000000,0.144375000000),
double3(0.838050000000,0.419000000000,0.119325000000),
double3(0.808050000000,0.452050000000,0.062500000000),
double3(0.821950000000,0.452850000000,0.112825000000),
double3(0.918800000000,0.253300000000,0.062500000000),
double3(0.841400000000,0.281750000000,0.019375000000),
double3(0.919050000000,0.338050000000,0.244325000000),
double3(0.856000000000,0.308050000000,0.187500000000),
double3(0.869100000000,0.321950000000,0.237825000000),
double3(0.665500000000,0.418800000000,0.187500000000),
double3(0.559650000000,0.341400000000,0.144375000000),
double3(0.581000000000,0.419050000000,0.119325000000),
double3(0.547950000000,0.356000000000,0.062500000000),
double3(0.547150000000,0.369100000000,0.112825000000),
double3(0.746700000000,0.165500000000,0.062500000000),
double3(0.718250000000,0.059650000000,0.019375000000),
double3(0.661950000000,0.081000000000,0.244325000000),
double3(0.691950000000,0.047950000000,0.187500000000),
double3(0.678050000000,0.047150000000,0.237825000000),
double3(0.581200000000,0.246700000000,0.187500000000),
double3(0.658600000000,0.218250000000,0.144375000000),
double3(0.580950000000,0.161950000000,0.119325000000),
double3(0.644000000000,0.191950000000,0.062500000000),
double3(0.630900000000,0.178050000000,0.112825000000),
double3(0.834500000000,0.081200000000,0.062500000000),
double3(0.940350000000,0.158600000000,0.019375000000),
double3(0.919000000000,0.080950000000,0.244325000000),
double3(0.952050000000,0.144000000000,0.187500000000),
double3(0.952850000000,0.130900000000,0.237825000000),
double3(0.753300000000,0.334500000000,0.187500000000),
double3(0.500000000000,0.359950000000,0.000000000000),
double3(0.940350000000,0.281750000000,0.019375000000),
double3(0.952850000000,0.321950000000,0.237825000000),
double3(0.640050000000,0.000000000000,0.125000000000),
double3(0.658600000000,0.440350000000,0.144375000000),
double3(0.630900000000,0.452850000000,0.112825000000),
double3(0.640050000000,0.140050000000,0.000000000000),
double3(0.718250000000,0.158600000000,0.019375000000),
double3(0.678050000000,0.130900000000,0.237825000000),
double3(0.500000000000,0.140050000000,0.125000000000),
double3(0.559650000000,0.218250000000,0.144375000000),
double3(0.547150000000,0.178050000000,0.112825000000),
double3(0.859950000000,0.000000000000,0.000000000000),
double3(0.841400000000,0.059650000000,0.019375000000),
double3(0.869100000000,0.047150000000,0.237825000000),
double3(0.859950000000,0.359950000000,0.125000000000),
double3(0.781750000000,0.341400000000,0.144375000000),
double3(0.821950000000,0.369100000000,0.112825000000),
double3(0.718250000000,0.059650000000,0.105625000000),
double3(0.678050000000,0.047150000000,0.137175000000),
double3(0.658600000000,0.218250000000,0.230625000000),
double3(0.630900000000,0.178050000000,0.012175000000),
double3(0.940350000000,0.158600000000,0.105625000000),
double3(0.952850000000,0.130900000000,0.137175000000),
double3(0.781750000000,0.440350000000,0.230625000000),
double3(0.821950000000,0.452850000000,0.012175000000),
double3(0.841400000000,0.281750000000,0.105625000000),
double3(0.869100000000,0.321950000000,0.137175000000),
double3(0.559650000000,0.341400000000,0.230625000000),
double3(0.547150000000,0.369100000000,0.012175000000),
double3(0.500000000000,0.140050000000,0.250000000000),
double3(0.559650000000,0.218250000000,0.480625000000),
double3(0.581000000000,0.161950000000,0.255675000000),
double3(0.547950000000,0.191950000000,0.312500000000),
double3(0.763150000000,0.131550000000,0.312500000000),
double3(0.786800000000,0.073650000000,0.312500000000),
double3(0.547150000000,0.178050000000,0.262175000000),
double3(0.746700000000,0.081200000000,0.312500000000),
double3(0.859950000000,0.000000000000,0.375000000000),
double3(0.841400000000,0.059650000000,0.355625000000),
double3(0.919050000000,0.081000000000,0.380675000000),
double3(0.856000000000,0.047950000000,0.437500000000),
double3(0.631600000000,0.263150000000,0.437500000000),
double3(0.713150000000,0.286800000000,0.437500000000),
double3(0.869100000000,0.047150000000,0.387175000000),
double3(0.665500000000,0.246700000000,0.437500000000),
double3(0.859950000000,0.359950000000,0.250000000000),
double3(0.781750000000,0.341400000000,0.480625000000),
double3(0.838050000000,0.419050000000,0.255675000000),
double3(0.808050000000,0.356000000000,0.312500000000),
double3(0.868450000000,0.131600000000,0.312500000000),
double3(0.926350000000,0.213150000000,0.312500000000),
double3(0.821950000000,0.369100000000,0.262175000000),
double3(0.918800000000,0.165500000000,0.312500000000),
double3(0.500000000000,0.359950000000,0.375000000000),
double3(0.940350000000,0.281750000000,0.355625000000),
double3(0.919000000000,0.338050000000,0.380675000000),
double3(0.952050000000,0.308050000000,0.437500000000),
double3(0.736850000000,0.368450000000,0.437500000000),
double3(0.713200000000,0.426350000000,0.437500000000),
double3(0.952850000000,0.321950000000,0.387175000000),
double3(0.753300000000,0.418800000000,0.437500000000),
double3(0.640050000000,0.000000000000,0.250000000000),
double3(0.658600000000,0.440350000000,0.480625000000),
double3(0.580950000000,0.419000000000,0.255675000000),
double3(0.644000000000,0.452050000000,0.312500000000),
double3(0.868400000000,0.236850000000,0.312500000000),
double3(0.786850000000,0.213200000000,0.312500000000),
double3(0.630900000000,0.452850000000,0.262175000000),
double3(0.834500000000,0.253300000000,0.312500000000),
double3(0.640050000000,0.140050000000,0.375000000000),
double3(0.718250000000,0.158600000000,0.355625000000),
double3(0.661950000000,0.080950000000,0.380675000000),
double3(0.691950000000,0.144000000000,0.437500000000),
double3(0.631550000000,0.368400000000,0.437500000000),
double3(0.573650000000,0.286850000000,0.437500000000),
double3(0.678050000000,0.130900000000,0.387175000000),
double3(0.581200000000,0.334500000000,0.437500000000),
double3(0.781750000000,0.440350000000,0.394375000000),
double3(0.838050000000,0.419000000000,0.369325000000),
double3(0.808050000000,0.452050000000,0.312500000000),
double3(0.821950000000,0.452850000000,0.362825000000),
double3(0.918800000000,0.253300000000,0.312500000000),
double3(0.841400000000,0.281750000000,0.269375000000),
double3(0.919050000000,0.338050000000,0.494325000000),
double3(0.856000000000,0.308050000000,0.437500000000),
double3(0.869100000000,0.321950000000,0.487825000000),
double3(0.665500000000,0.418800000000,0.437500000000),
double3(0.559650000000,0.341400000000,0.394375000000),
double3(0.581000000000,0.419050000000,0.369325000000),
double3(0.547950000000,0.356000000000,0.312500000000),
double3(0.547150000000,0.369100000000,0.362825000000),
double3(0.746700000000,0.165500000000,0.312500000000),
double3(0.718250000000,0.059650000000,0.269375000000),
double3(0.661950000000,0.081000000000,0.494325000000),
double3(0.691950000000,0.047950000000,0.437500000000),
double3(0.678050000000,0.047150000000,0.487825000000),
double3(0.581200000000,0.246700000000,0.437500000000),
double3(0.658600000000,0.218250000000,0.394375000000),
double3(0.580950000000,0.161950000000,0.369325000000),
double3(0.644000000000,0.191950000000,0.312500000000),
double3(0.630900000000,0.178050000000,0.362825000000),
double3(0.834500000000,0.081200000000,0.312500000000),
double3(0.940350000000,0.158600000000,0.269375000000),
double3(0.919000000000,0.080950000000,0.494325000000),
double3(0.952050000000,0.144000000000,0.437500000000),
double3(0.952850000000,0.130900000000,0.487825000000),
double3(0.753300000000,0.334500000000,0.437500000000),
double3(0.500000000000,0.359950000000,0.250000000000),
double3(0.940350000000,0.281750000000,0.269375000000),
double3(0.952850000000,0.321950000000,0.487825000000),
double3(0.640050000000,0.000000000000,0.375000000000),
double3(0.658600000000,0.440350000000,0.394375000000),
double3(0.630900000000,0.452850000000,0.362825000000),
double3(0.640050000000,0.140050000000,0.250000000000),
double3(0.718250000000,0.158600000000,0.269375000000),
double3(0.678050000000,0.130900000000,0.487825000000),
double3(0.500000000000,0.140050000000,0.375000000000),
double3(0.559650000000,0.218250000000,0.394375000000),
double3(0.547150000000,0.178050000000,0.362825000000),
double3(0.859950000000,0.000000000000,0.250000000000),
double3(0.841400000000,0.059650000000,0.269375000000),
double3(0.869100000000,0.047150000000,0.487825000000),
double3(0.859950000000,0.359950000000,0.375000000000),
double3(0.781750000000,0.341400000000,0.394375000000),
double3(0.821950000000,0.369100000000,0.362825000000),
double3(0.718250000000,0.059650000000,0.355625000000),
double3(0.678050000000,0.047150000000,0.387175000000),
double3(0.658600000000,0.218250000000,0.480625000000),
double3(0.630900000000,0.178050000000,0.262175000000),
double3(0.940350000000,0.158600000000,0.355625000000),
double3(0.952850000000,0.130900000000,0.387175000000),
double3(0.781750000000,0.440350000000,0.480625000000),
double3(0.821950000000,0.452850000000,0.262175000000),
double3(0.841400000000,0.281750000000,0.355625000000),
double3(0.869100000000,0.321950000000,0.387175000000),
double3(0.559650000000,0.341400000000,0.480625000000),
double3(0.547150000000,0.369100000000,0.262175000000),
double3(0.500000000000,0.140050000000,0.500000000000),
double3(0.559650000000,0.218250000000,0.730625000000),
double3(0.581000000000,0.161950000000,0.505675000000),
double3(0.547950000000,0.191950000000,0.562500000000),
double3(0.763150000000,0.131550000000,0.562500000000),
double3(0.786800000000,0.073650000000,0.562500000000),
double3(0.547150000000,0.178050000000,0.512175000000),
double3(0.746700000000,0.081200000000,0.562500000000),
double3(0.859950000000,0.000000000000,0.625000000000),
double3(0.841400000000,0.059650000000,0.605625000000),
double3(0.919050000000,0.081000000000,0.630675000000),
double3(0.856000000000,0.047950000000,0.687500000000),
double3(0.631600000000,0.263150000000,0.687500000000),
double3(0.713150000000,0.286800000000,0.687500000000),
double3(0.869100000000,0.047150000000,0.637175000000),
double3(0.665500000000,0.246700000000,0.687500000000),
double3(0.859950000000,0.359950000000,0.500000000000),
double3(0.781750000000,0.341400000000,0.730625000000),
double3(0.838050000000,0.419050000000,0.505675000000),
double3(0.808050000000,0.356000000000,0.562500000000),
double3(0.868450000000,0.131600000000,0.562500000000),
double3(0.926350000000,0.213150000000,0.562500000000),
double3(0.821950000000,0.369100000000,0.512175000000),
double3(0.918800000000,0.165500000000,0.562500000000),
double3(0.500000000000,0.359950000000,0.625000000000),
double3(0.940350000000,0.281750000000,0.605625000000),
double3(0.919000000000,0.338050000000,0.630675000000),
double3(0.952050000000,0.308050000000,0.687500000000),
double3(0.736850000000,0.368450000000,0.687500000000),
double3(0.713200000000,0.426350000000,0.687500000000),
double3(0.952850000000,0.321950000000,0.637175000000),
double3(0.753300000000,0.418800000000,0.687500000000),
double3(0.640050000000,0.000000000000,0.500000000000),
double3(0.658600000000,0.440350000000,0.730625000000),
double3(0.580950000000,0.419000000000,0.505675000000),
double3(0.644000000000,0.452050000000,0.562500000000),
double3(0.868400000000,0.236850000000,0.562500000000),
double3(0.786850000000,0.213200000000,0.562500000000),
double3(0.630900000000,0.452850000000,0.512175000000),
double3(0.834500000000,0.253300000000,0.562500000000),
double3(0.640050000000,0.140050000000,0.625000000000),
double3(0.718250000000,0.158600000000,0.605625000000),
double3(0.661950000000,0.080950000000,0.630675000000),
double3(0.691950000000,0.144000000000,0.687500000000),
double3(0.631550000000,0.368400000000,0.687500000000),
double3(0.573650000000,0.286850000000,0.687500000000),
double3(0.678050000000,0.130900000000,0.637175000000),
double3(0.581200000000,0.334500000000,0.687500000000),
double3(0.781750000000,0.440350000000,0.644375000000),
double3(0.838050000000,0.419000000000,0.619325000000),
double3(0.808050000000,0.452050000000,0.562500000000),
double3(0.821950000000,0.452850000000,0.612825000000),
double3(0.918800000000,0.253300000000,0.562500000000),
double3(0.841400000000,0.281750000000,0.519375000000),
double3(0.919050000000,0.338050000000,0.744325000000),
double3(0.856000000000,0.308050000000,0.687500000000),
double3(0.869100000000,0.321950000000,0.737825000000),
double3(0.665500000000,0.418800000000,0.687500000000),
double3(0.559650000000,0.341400000000,0.644375000000),
double3(0.581000000000,0.419050000000,0.619325000000),
double3(0.547950000000,0.356000000000,0.562500000000),
double3(0.547150000000,0.369100000000,0.612825000000),
double3(0.746700000000,0.165500000000,0.562500000000),
double3(0.718250000000,0.059650000000,0.519375000000),
double3(0.661950000000,0.081000000000,0.744325000000),
double3(0.691950000000,0.047950000000,0.687500000000),
double3(0.678050000000,0.047150000000,0.737825000000),
double3(0.581200000000,0.246700000000,0.687500000000),
double3(0.658600000000,0.218250000000,0.644375000000),
double3(0.580950000000,0.161950000000,0.619325000000),
double3(0.644000000000,0.191950000000,0.562500000000),
double3(0.630900000000,0.178050000000,0.612825000000),
double3(0.834500000000,0.081200000000,0.562500000000),
double3(0.940350000000,0.158600000000,0.519375000000),
double3(0.919000000000,0.080950000000,0.744325000000),
double3(0.952050000000,0.144000000000,0.687500000000),
double3(0.952850000000,0.130900000000,0.737825000000),
double3(0.753300000000,0.334500000000,0.687500000000),
double3(0.500000000000,0.359950000000,0.500000000000),
double3(0.940350000000,0.281750000000,0.519375000000),
double3(0.952850000000,0.321950000000,0.737825000000),
double3(0.640050000000,0.000000000000,0.625000000000),
double3(0.658600000000,0.440350000000,0.644375000000),
double3(0.630900000000,0.452850000000,0.612825000000),
double3(0.640050000000,0.140050000000,0.500000000000),
double3(0.718250000000,0.158600000000,0.519375000000),
double3(0.678050000000,0.130900000000,0.737825000000),
double3(0.500000000000,0.140050000000,0.625000000000),
double3(0.559650000000,0.218250000000,0.644375000000),
double3(0.547150000000,0.178050000000,0.612825000000),
double3(0.859950000000,0.000000000000,0.500000000000),
double3(0.841400000000,0.059650000000,0.519375000000),
double3(0.869100000000,0.047150000000,0.737825000000),
double3(0.859950000000,0.359950000000,0.625000000000),
double3(0.781750000000,0.341400000000,0.644375000000),
double3(0.821950000000,0.369100000000,0.612825000000),
double3(0.718250000000,0.059650000000,0.605625000000),
double3(0.678050000000,0.047150000000,0.637175000000),
double3(0.658600000000,0.218250000000,0.730625000000),
double3(0.630900000000,0.178050000000,0.512175000000),
double3(0.940350000000,0.158600000000,0.605625000000),
double3(0.952850000000,0.130900000000,0.637175000000),
double3(0.781750000000,0.440350000000,0.730625000000),
double3(0.821950000000,0.452850000000,0.512175000000),
double3(0.841400000000,0.281750000000,0.605625000000),
double3(0.869100000000,0.321950000000,0.637175000000),
double3(0.559650000000,0.341400000000,0.730625000000),
double3(0.547150000000,0.369100000000,0.512175000000),
double3(0.500000000000,0.140050000000,0.750000000000),
double3(0.559650000000,0.218250000000,0.980625000000),
double3(0.581000000000,0.161950000000,0.755675000000),
double3(0.547950000000,0.191950000000,0.812500000000),
double3(0.763150000000,0.131550000000,0.812500000000),
double3(0.786800000000,0.073650000000,0.812500000000),
double3(0.547150000000,0.178050000000,0.762175000000),
double3(0.746700000000,0.081200000000,0.812500000000),
double3(0.859950000000,0.000000000000,0.875000000000),
double3(0.841400000000,0.059650000000,0.855625000000),
double3(0.919050000000,0.081000000000,0.880675000000),
double3(0.856000000000,0.047950000000,0.937500000000),
double3(0.631600000000,0.263150000000,0.937500000000),
double3(0.713150000000,0.286800000000,0.937500000000),
double3(0.869100000000,0.047150000000,0.887175000000),
double3(0.665500000000,0.246700000000,0.937500000000),
double3(0.859950000000,0.359950000000,0.750000000000),
double3(0.781750000000,0.341400000000,0.980625000000),
double3(0.838050000000,0.419050000000,0.755675000000),
double3(0.808050000000,0.356000000000,0.812500000000),
double3(0.868450000000,0.131600000000,0.812500000000),
double3(0.926350000000,0.213150000000,0.812500000000),
double3(0.821950000000,0.369100000000,0.762175000000),
double3(0.918800000000,0.165500000000,0.812500000000),
double3(0.500000000000,0.359950000000,0.875000000000),
double3(0.940350000000,0.281750000000,0.855625000000),
double3(0.919000000000,0.338050000000,0.880675000000),
double3(0.952050000000,0.308050000000,0.937500000000),
double3(0.736850000000,0.368450000000,0.937500000000),
double3(0.713200000000,0.426350000000,0.937500000000),
double3(0.952850000000,0.321950000000,0.887175000000),
double3(0.753300000000,0.418800000000,0.937500000000),
double3(0.640050000000,0.000000000000,0.750000000000),
double3(0.658600000000,0.440350000000,0.980625000000),
double3(0.580950000000,0.419000000000,0.755675000000),
double3(0.644000000000,0.452050000000,0.812500000000),
double3(0.868400000000,0.236850000000,0.812500000000),
double3(0.786850000000,0.213200000000,0.812500000000),
double3(0.630900000000,0.452850000000,0.762175000000),
double3(0.834500000000,0.253300000000,0.812500000000),
double3(0.640050000000,0.140050000000,0.875000000000),
double3(0.718250000000,0.158600000000,0.855625000000),
double3(0.661950000000,0.080950000000,0.880675000000),
double3(0.691950000000,0.144000000000,0.937500000000),
double3(0.631550000000,0.368400000000,0.937500000000),
double3(0.573650000000,0.286850000000,0.937500000000),
double3(0.678050000000,0.130900000000,0.887175000000),
double3(0.581200000000,0.334500000000,0.937500000000),
double3(0.781750000000,0.440350000000,0.894375000000),
double3(0.838050000000,0.419000000000,0.869325000000),
double3(0.808050000000,0.452050000000,0.812500000000),
double3(0.821950000000,0.452850000000,0.862825000000),
double3(0.918800000000,0.253300000000,0.812500000000),
double3(0.841400000000,0.281750000000,0.769375000000),
double3(0.919050000000,0.338050000000,0.994325000000),
double3(0.856000000000,0.308050000000,0.937500000000),
double3(0.869100000000,0.321950000000,0.987825000000),
double3(0.665500000000,0.418800000000,0.937500000000),
double3(0.559650000000,0.341400000000,0.894375000000),
double3(0.581000000000,0.419050000000,0.869325000000),
double3(0.547950000000,0.356000000000,0.812500000000),
double3(0.547150000000,0.369100000000,0.862825000000),
double3(0.746700000000,0.165500000000,0.812500000000),
double3(0.718250000000,0.059650000000,0.769375000000),
double3(0.661950000000,0.081000000000,0.994325000000),
double3(0.691950000000,0.047950000000,0.937500000000),
double3(0.678050000000,0.047150000000,0.987825000000),
double3(0.581200000000,0.246700000000,0.937500000000),
double3(0.658600000000,0.218250000000,0.894375000000),
double3(0.580950000000,0.161950000000,0.869325000000),
double3(0.644000000000,0.191950000000,0.812500000000),
double3(0.630900000000,0.178050000000,0.862825000000),
double3(0.834500000000,0.081200000000,0.812500000000),
double3(0.940350000000,0.158600000000,0.769375000000),
double3(0.919000000000,0.080950000000,0.994325000000),
double3(0.952050000000,0.144000000000,0.937500000000),
double3(0.952850000000,0.130900000000,0.987825000000),
double3(0.753300000000,0.334500000000,0.937500000000),
double3(0.500000000000,0.359950000000,0.750000000000),
double3(0.940350000000,0.281750000000,0.769375000000),
double3(0.952850000000,0.321950000000,0.987825000000),
double3(0.640050000000,0.000000000000,0.875000000000),
double3(0.658600000000,0.440350000000,0.894375000000),
double3(0.630900000000,0.452850000000,0.862825000000),
double3(0.640050000000,0.140050000000,0.750000000000),
double3(0.718250000000,0.158600000000,0.769375000000),
double3(0.678050000000,0.130900000000,0.987825000000),
double3(0.500000000000,0.140050000000,0.875000000000),
double3(0.559650000000,0.218250000000,0.894375000000),
double3(0.547150000000,0.178050000000,0.862825000000),
double3(0.859950000000,0.000000000000,0.750000000000),
double3(0.841400000000,0.059650000000,0.769375000000),
double3(0.869100000000,0.047150000000,0.987825000000),
double3(0.859950000000,0.359950000000,0.875000000000),
double3(0.781750000000,0.341400000000,0.894375000000),
double3(0.821950000000,0.369100000000,0.862825000000),
double3(0.718250000000,0.059650000000,0.855625000000),
double3(0.678050000000,0.047150000000,0.887175000000),
double3(0.658600000000,0.218250000000,0.980625000000),
double3(0.630900000000,0.178050000000,0.762175000000),
double3(0.940350000000,0.158600000000,0.855625000000),
double3(0.952850000000,0.130900000000,0.887175000000),
double3(0.781750000000,0.440350000000,0.980625000000),
double3(0.821950000000,0.452850000000,0.762175000000),
double3(0.841400000000,0.281750000000,0.855625000000),
double3(0.869100000000,0.321950000000,0.887175000000),
double3(0.559650000000,0.341400000000,0.980625000000),
double3(0.547150000000,0.369100000000,0.762175000000),
double3(0.500000000000,0.640050000000,0.000000000000),
double3(0.559650000000,0.718250000000,0.230625000000),
double3(0.581000000000,0.661950000000,0.005675000000),
double3(0.547950000000,0.691950000000,0.062500000000),
double3(0.763150000000,0.631550000000,0.062500000000),
double3(0.786800000000,0.573650000000,0.062500000000),
double3(0.547150000000,0.678050000000,0.012175000000),
double3(0.746700000000,0.581200000000,0.062500000000),
double3(0.859950000000,0.500000000000,0.125000000000),
double3(0.841400000000,0.559650000000,0.105625000000),
double3(0.919050000000,0.581000000000,0.130675000000),
double3(0.856000000000,0.547950000000,0.187500000000),
double3(0.631600000000,0.763150000000,0.187500000000),
double3(0.713150000000,0.786800000000,0.187500000000),
double3(0.869100000000,0.547150000000,0.137175000000),
double3(0.665500000000,0.746700000000,0.187500000000),
double3(0.859950000000,0.859950000000,0.000000000000),
double3(0.781750000000,0.841400000000,0.230625000000),
double3(0.838050000000,0.919050000000,0.005675000000),
double3(0.808050000000,0.856000000000,0.062500000000),
double3(0.868450000000,0.631600000000,0.062500000000),
double3(0.926350000000,0.713150000000,0.062500000000),
double3(0.821950000000,0.869100000000,0.012175000000),
double3(0.918800000000,0.665500000000,0.062500000000),
double3(0.500000000000,0.859950000000,0.125000000000),
double3(0.940350000000,0.781750000000,0.105625000000),
double3(0.919000000000,0.838050000000,0.130675000000),
double3(0.952050000000,0.808050000000,0.187500000000),
double3(0.736850000000,0.868450000000,0.187500000000),
double3(0.713200000000,0.926350000000,0.187500000000),
double3(0.952850000000,0.821950000000,0.137175000000),
double3(0.753300000000,0.918800000000,0.187500000000),
double3(0.640050000000,0.500000000000,0.000000000000),
double3(0.658600000000,0.940350000000,0.230625000000),
double3(0.580950000000,0.919000000000,0.005675000000),
double3(0.644000000000,0.952050000000,0.062500000000),
double3(0.868400000000,0.736850000000,0.062500000000),
double3(0.786850000000,0.713200000000,0.062500000000),
double3(0.630900000000,0.952850000000,0.012175000000),
double3(0.834500000000,0.753300000000,0.062500000000),
double3(0.640050000000,0.640050000000,0.125000000000),
double3(0.718250000000,0.658600000000,0.105625000000),
double3(0.661950000000,0.580950000000,0.130675000000),
double3(0.691950000000,0.644000000000,0.187500000000),
double3(0.631550000000,0.868400000000,0.187500000000),
double3(0.573650000000,0.786850000000,0.187500000000),
double3(0.678050000000,0.630900000000,0.137175000000),
double3(0.581200000000,0.834500000000,0.187500000000),
double3(0.781750000000,0.940350000000,0.144375000000),
double3(0.838050000000,0.919000000000,0.119325000000),
double3(0.808050000000,0.952050000000,0.062500000000),
double3(0.821950000000,0.952850000000,0.112825000000),
double3(0.918800000000,0.753300000000,0.062500000000),
double3(0.841400000000,0.781750000000,0.019375000000),
double3(0.919050000000,0.838050000000,0.244325000000),
double3(0.856000000000,0.808050000000,0.187500000000),
double3(0.869100000000,0.821950000000,0.237825000000),
double3(0.665500000000,0.918800000000,0.187500000000),
double3(0.559650000000,0.841400000000,0.144375000000),
double3(0.581000000000,0.919050000000,0.119325000000),
double3(0.547950000000,0.856000000000,0.062500000000),
double3(0.547150000000,0.869100000000,0.112825000000),
double3(0.746700000000,0.665500000000,0.062500000000),
double3(0.718250000000,0.559650000000,0.019375000000),
double3(0.661950000000,0.581000000000,0.244325000000),
double3(0.691950000000,0.547950000000,0.187500000000),
double3(0.678050000000,0.547150000000,0.237825000000),
double3(0.581200000000,0.746700000000,0.187500000000),
double3(0.658600000000,0.718250000000,0.144375000000),
double3(0.580950000000,0.661950000000,0.119325000000),
double3(0.644000000000,0.691950000000,0.062500000000),
double3(0.630900000000,0.678050000000,0.112825000000),
double3(0.834500000000,0.581200000000,0.062500000000),
double3(0.940350000000,0.658600000000,0.019375000000),
double3(0.919000000000,0.580950000000,0.244325000000),
double3(0.952050000000,0.644000000000,0.187500000000),
double3(0.952850000000,0.630900000000,0.237825000000),
double3(0.753300000000,0.834500000000,0.187500000000),
double3(0.500000000000,0.859950000000,0.000000000000),
double3(0.940350000000,0.781750000000,0.019375000000),
double3(0.952850000000,0.821950000000,0.237825000000),
double3(0.640050000000,0.500000000000,0.125000000000),
double3(0.658600000000,0.940350000000,0.144375000000),
double3(0.630900000000,0.952850000000,0.112825000000),
double3(0.640050000000,0.640050000000,0.000000000000),
double3(0.718250000000,0.658600000000,0.019375000000),
double3(0.678050000000,0.630900000000,0.237825000000),
double3(0.500000000000,0.640050000000,0.125000000000),
double3(0.559650000000,0.718250000000,0.144375000000),
double3(0.547150000000,0.678050000000,0.112825000000),
double3(0.859950000000,0.500000000000,0.000000000000),
double3(0.841400000000,0.559650000000,0.019375000000),
double3(0.869100000000,0.547150000000,0.237825000000),
double3(0.859950000000,0.859950000000,0.125000000000),
double3(0.781750000000,0.841400000000,0.144375000000),
double3(0.821950000000,0.869100000000,0.112825000000),
double3(0.718250000000,0.559650000000,0.105625000000),
double3(0.678050000000,0.547150000000,0.137175000000),
double3(0.658600000000,0.718250000000,0.230625000000),
double3(0.630900000000,0.678050000000,0.012175000000),
double3(0.940350000000,0.658600000000,0.105625000000),
double3(0.952850000000,0.630900000000,0.137175000000),
double3(0.781750000000,0.940350000000,0.230625000000),
double3(0.821950000000,0.952850000000,0.012175000000),
double3(0.841400000000,0.781750000000,0.105625000000),
double3(0.869100000000,0.821950000000,0.137175000000),
double3(0.559650000000,0.841400000000,0.230625000000),
double3(0.547150000000,0.869100000000,0.012175000000),
double3(0.500000000000,0.640050000000,0.250000000000),
double3(0.559650000000,0.718250000000,0.480625000000),
double3(0.581000000000,0.661950000000,0.255675000000),
double3(0.547950000000,0.691950000000,0.312500000000),
double3(0.763150000000,0.631550000000,0.312500000000),
double3(0.786800000000,0.573650000000,0.312500000000),
double3(0.547150000000,0.678050000000,0.262175000000),
double3(0.746700000000,0.581200000000,0.312500000000),
double3(0.859950000000,0.500000000000,0.375000000000),
double3(0.841400000000,0.559650000000,0.355625000000),
double3(0.919050000000,0.581000000000,0.380675000000),
double3(0.856000000000,0.547950000000,0.437500000000),
double3(0.631600000000,0.763150000000,0.437500000000),
double3(0.713150000000,0.786800000000,0.437500000000),
double3(0.869100000000,0.547150000000,0.387175000000),
double3(0.665500000000,0.746700000000,0.437500000000),
double3(0.859950000000,0.859950000000,0.250000000000),
double3(0.781750000000,0.841400000000,0.480625000000),
double3(0.838050000000,0.919050000000,0.255675000000),
double3(0.808050000000,0.856000000000,0.312500000000),
double3(0.868450000000,0.631600000000,0.312500000000),
double3(0.926350000000,0.713150000000,0.312500000000),
double3(0.821950000000,0.869100000000,0.262175000000),
double3(0.918800000000,0.665500000000,0.312500000000),
double3(0.500000000000,0.859950000000,0.375000000000),
double3(0.940350000000,0.781750000000,0.355625000000),
double3(0.919000000000,0.838050000000,0.380675000000),
double3(0.952050000000,0.808050000000,0.437500000000),
double3(0.736850000000,0.868450000000,0.437500000000),
double3(0.713200000000,0.926350000000,0.437500000000),
double3(0.952850000000,0.821950000000,0.387175000000),
double3(0.753300000000,0.918800000000,0.437500000000),
double3(0.640050000000,0.500000000000,0.250000000000),
double3(0.658600000000,0.940350000000,0.480625000000),
double3(0.580950000000,0.919000000000,0.255675000000),
double3(0.644000000000,0.952050000000,0.312500000000),
double3(0.868400000000,0.736850000000,0.312500000000),
double3(0.786850000000,0.713200000000,0.312500000000),
double3(0.630900000000,0.952850000000,0.262175000000),
double3(0.834500000000,0.753300000000,0.312500000000),
double3(0.640050000000,0.640050000000,0.375000000000),
double3(0.718250000000,0.658600000000,0.355625000000),
double3(0.661950000000,0.580950000000,0.380675000000),
double3(0.691950000000,0.644000000000,0.437500000000),
double3(0.631550000000,0.868400000000,0.437500000000),
double3(0.573650000000,0.786850000000,0.437500000000),
double3(0.678050000000,0.630900000000,0.387175000000),
double3(0.581200000000,0.834500000000,0.437500000000),
double3(0.781750000000,0.940350000000,0.394375000000),
double3(0.838050000000,0.919000000000,0.369325000000),
double3(0.808050000000,0.952050000000,0.312500000000),
double3(0.821950000000,0.952850000000,0.362825000000),
double3(0.918800000000,0.753300000000,0.312500000000),
double3(0.841400000000,0.781750000000,0.269375000000),
double3(0.919050000000,0.838050000000,0.494325000000),
double3(0.856000000000,0.808050000000,0.437500000000),
double3(0.869100000000,0.821950000000,0.487825000000),
double3(0.665500000000,0.918800000000,0.437500000000),
double3(0.559650000000,0.841400000000,0.394375000000),
double3(0.581000000000,0.919050000000,0.369325000000),
double3(0.547950000000,0.856000000000,0.312500000000),
double3(0.547150000000,0.869100000000,0.362825000000),
double3(0.746700000000,0.665500000000,0.312500000000),
double3(0.718250000000,0.559650000000,0.269375000000),
double3(0.661950000000,0.581000000000,0.494325000000),
double3(0.691950000000,0.547950000000,0.437500000000),
double3(0.678050000000,0.547150000000,0.487825000000),
double3(0.581200000000,0.746700000000,0.437500000000),
double3(0.658600000000,0.718250000000,0.394375000000),
double3(0.580950000000,0.661950000000,0.369325000000),
double3(0.644000000000,0.691950000000,0.312500000000),
double3(0.630900000000,0.678050000000,0.362825000000),
double3(0.834500000000,0.581200000000,0.312500000000),
double3(0.940350000000,0.658600000000,0.269375000000),
double3(0.919000000000,0.580950000000,0.494325000000),
double3(0.952050000000,0.644000000000,0.437500000000),
double3(0.952850000000,0.630900000000,0.487825000000),
double3(0.753300000000,0.834500000000,0.437500000000),
double3(0.500000000000,0.859950000000,0.250000000000),
double3(0.940350000000,0.781750000000,0.269375000000),
double3(0.952850000000,0.821950000000,0.487825000000),
double3(0.640050000000,0.500000000000,0.375000000000),
double3(0.658600000000,0.940350000000,0.394375000000),
double3(0.630900000000,0.952850000000,0.362825000000),
double3(0.640050000000,0.640050000000,0.250000000000),
double3(0.718250000000,0.658600000000,0.269375000000),
double3(0.678050000000,0.630900000000,0.487825000000),
double3(0.500000000000,0.640050000000,0.375000000000),
double3(0.559650000000,0.718250000000,0.394375000000),
double3(0.547150000000,0.678050000000,0.362825000000),
double3(0.859950000000,0.500000000000,0.250000000000),
double3(0.841400000000,0.559650000000,0.269375000000),
double3(0.869100000000,0.547150000000,0.487825000000),
double3(0.859950000000,0.859950000000,0.375000000000),
double3(0.781750000000,0.841400000000,0.394375000000),
double3(0.821950000000,0.869100000000,0.362825000000),
double3(0.718250000000,0.559650000000,0.355625000000),
double3(0.678050000000,0.547150000000,0.387175000000),
double3(0.658600000000,0.718250000000,0.480625000000),
double3(0.630900000000,0.678050000000,0.262175000000),
double3(0.940350000000,0.658600000000,0.355625000000),
double3(0.952850000000,0.630900000000,0.387175000000),
double3(0.781750000000,0.940350000000,0.480625000000),
double3(0.821950000000,0.952850000000,0.262175000000),
double3(0.841400000000,0.781750000000,0.355625000000),
double3(0.869100000000,0.821950000000,0.387175000000),
double3(0.559650000000,0.841400000000,0.480625000000),
double3(0.547150000000,0.869100000000,0.262175000000),
double3(0.500000000000,0.640050000000,0.500000000000),
double3(0.559650000000,0.718250000000,0.730625000000),
double3(0.581000000000,0.661950000000,0.505675000000),
double3(0.547950000000,0.691950000000,0.562500000000),
double3(0.763150000000,0.631550000000,0.562500000000),
double3(0.786800000000,0.573650000000,0.562500000000),
double3(0.547150000000,0.678050000000,0.512175000000),
double3(0.746700000000,0.581200000000,0.562500000000),
double3(0.859950000000,0.500000000000,0.625000000000),
double3(0.841400000000,0.559650000000,0.605625000000),
double3(0.919050000000,0.581000000000,0.630675000000),
double3(0.856000000000,0.547950000000,0.687500000000),
double3(0.631600000000,0.763150000000,0.687500000000),
double3(0.713150000000,0.786800000000,0.687500000000),
double3(0.869100000000,0.547150000000,0.637175000000),
double3(0.665500000000,0.746700000000,0.687500000000),
double3(0.859950000000,0.859950000000,0.500000000000),
double3(0.781750000000,0.841400000000,0.730625000000),
double3(0.838050000000,0.919050000000,0.505675000000),
double3(0.808050000000,0.856000000000,0.562500000000),
double3(0.868450000000,0.631600000000,0.562500000000),
double3(0.926350000000,0.713150000000,0.562500000000),
double3(0.821950000000,0.869100000000,0.512175000000),
double3(0.918800000000,0.665500000000,0.562500000000),
double3(0.500000000000,0.859950000000,0.625000000000),
double3(0.940350000000,0.781750000000,0.605625000000),
double3(0.919000000000,0.838050000000,0.630675000000),
double3(0.952050000000,0.808050000000,0.687500000000),
double3(0.736850000000,0.868450000000,0.687500000000),
double3(0.713200000000,0.926350000000,0.687500000000),
double3(0.952850000000,0.821950000000,0.637175000000),
double3(0.753300000000,0.918800000000,0.687500000000),
double3(0.640050000000,0.500000000000,0.500000000000),
double3(0.658600000000,0.940350000000,0.730625000000),
double3(0.580950000000,0.919000000000,0.505675000000),
double3(0.644000000000,0.952050000000,0.562500000000),
double3(0.868400000000,0.736850000000,0.562500000000),
double3(0.786850000000,0.713200000000,0.562500000000),
double3(0.630900000000,0.952850000000,0.512175000000),
double3(0.834500000000,0.753300000000,0.562500000000),
double3(0.640050000000,0.640050000000,0.625000000000),
double3(0.718250000000,0.658600000000,0.605625000000),
double3(0.661950000000,0.580950000000,0.630675000000),
double3(0.691950000000,0.644000000000,0.687500000000),
double3(0.631550000000,0.868400000000,0.687500000000),
double3(0.573650000000,0.786850000000,0.687500000000),
double3(0.678050000000,0.630900000000,0.637175000000),
double3(0.581200000000,0.834500000000,0.687500000000),
double3(0.781750000000,0.940350000000,0.644375000000),
double3(0.838050000000,0.919000000000,0.619325000000),
double3(0.808050000000,0.952050000000,0.562500000000),
double3(0.821950000000,0.952850000000,0.612825000000),
double3(0.918800000000,0.753300000000,0.562500000000),
double3(0.841400000000,0.781750000000,0.519375000000),
double3(0.919050000000,0.838050000000,0.744325000000),
double3(0.856000000000,0.808050000000,0.687500000000),
double3(0.869100000000,0.821950000000,0.737825000000),
double3(0.665500000000,0.918800000000,0.687500000000),
double3(0.559650000000,0.841400000000,0.644375000000),
double3(0.581000000000,0.919050000000,0.619325000000),
double3(0.547950000000,0.856000000000,0.562500000000),
double3(0.547150000000,0.869100000000,0.612825000000),
double3(0.746700000000,0.665500000000,0.562500000000),
double3(0.718250000000,0.559650000000,0.519375000000),
double3(0.661950000000,0.581000000000,0.744325000000),
double3(0.691950000000,0.547950000000,0.687500000000),
double3(0.678050000000,0.547150000000,0.737825000000),
double3(0.581200000000,0.746700000000,0.687500000000),
double3(0.658600000000,0.718250000000,0.644375000000),
double3(0.580950000000,0.661950000000,0.619325000000),
double3(0.644000000000,0.691950000000,0.562500000000),
double3(0.630900000000,0.678050000000,0.612825000000),
double3(0.834500000000,0.581200000000,0.562500000000),
double3(0.940350000000,0.658600000000,0.519375000000),
double3(0.919000000000,0.580950000000,0.744325000000),
double3(0.952050000000,0.644000000000,0.687500000000),
double3(0.952850000000,0.630900000000,0.737825000000),
double3(0.753300000000,0.834500000000,0.687500000000),
double3(0.500000000000,0.859950000000,0.500000000000),
double3(0.940350000000,0.781750000000,0.519375000000),
double3(0.952850000000,0.821950000000,0.737825000000),
double3(0.640050000000,0.500000000000,0.625000000000),
double3(0.658600000000,0.940350000000,0.644375000000),
double3(0.630900000000,0.952850000000,0.612825000000),
double3(0.640050000000,0.640050000000,0.500000000000),
double3(0.718250000000,0.658600000000,0.519375000000),
double3(0.678050000000,0.630900000000,0.737825000000),
double3(0.500000000000,0.640050000000,0.625000000000),
double3(0.559650000000,0.718250000000,0.644375000000),
double3(0.547150000000,0.678050000000,0.612825000000),
double3(0.859950000000,0.500000000000,0.500000000000),
double3(0.841400000000,0.559650000000,0.519375000000),
double3(0.869100000000,0.547150000000,0.737825000000),
double3(0.859950000000,0.859950000000,0.625000000000),
double3(0.781750000000,0.841400000000,0.644375000000),
double3(0.821950000000,0.869100000000,0.612825000000),
double3(0.718250000000,0.559650000000,0.605625000000),
double3(0.678050000000,0.547150000000,0.637175000000),
double3(0.658600000000,0.718250000000,0.730625000000),
double3(0.630900000000,0.678050000000,0.512175000000),
double3(0.940350000000,0.658600000000,0.605625000000),
double3(0.952850000000,0.630900000000,0.637175000000),
double3(0.781750000000,0.940350000000,0.730625000000),
double3(0.821950000000,0.952850000000,0.512175000000),
double3(0.841400000000,0.781750000000,0.605625000000),
double3(0.869100000000,0.821950000000,0.637175000000),
double3(0.559650000000,0.841400000000,0.730625000000),
double3(0.547150000000,0.869100000000,0.512175000000),
double3(0.500000000000,0.640050000000,0.750000000000),
double3(0.559650000000,0.718250000000,0.980625000000),
double3(0.581000000000,0.661950000000,0.755675000000),
double3(0.547950000000,0.691950000000,0.812500000000),
double3(0.763150000000,0.631550000000,0.812500000000),
double3(0.786800000000,0.573650000000,0.812500000000),
double3(0.547150000000,0.678050000000,0.762175000000),
double3(0.746700000000,0.581200000000,0.812500000000),
double3(0.859950000000,0.500000000000,0.875000000000),
double3(0.841400000000,0.559650000000,0.855625000000),
double3(0.919050000000,0.581000000000,0.880675000000),
double3(0.856000000000,0.547950000000,0.937500000000),
double3(0.631600000000,0.763150000000,0.937500000000),
double3(0.713150000000,0.786800000000,0.937500000000),
double3(0.869100000000,0.547150000000,0.887175000000),
double3(0.665500000000,0.746700000000,0.937500000000),
double3(0.859950000000,0.859950000000,0.750000000000),
double3(0.781750000000,0.841400000000,0.980625000000),
double3(0.838050000000,0.919050000000,0.755675000000),
double3(0.808050000000,0.856000000000,0.812500000000),
double3(0.868450000000,0.631600000000,0.812500000000),
double3(0.926350000000,0.713150000000,0.812500000000),
double3(0.821950000000,0.869100000000,0.762175000000),
double3(0.918800000000,0.665500000000,0.812500000000),
double3(0.500000000000,0.859950000000,0.875000000000),
double3(0.940350000000,0.781750000000,0.855625000000),
double3(0.919000000000,0.838050000000,0.880675000000),
double3(0.952050000000,0.808050000000,0.937500000000),
double3(0.736850000000,0.868450000000,0.937500000000),
double3(0.713200000000,0.926350000000,0.937500000000),
double3(0.952850000000,0.821950000000,0.887175000000),
double3(0.753300000000,0.918800000000,0.937500000000),
double3(0.640050000000,0.500000000000,0.750000000000),
double3(0.658600000000,0.940350000000,0.980625000000),
double3(0.580950000000,0.919000000000,0.755675000000),
double3(0.644000000000,0.952050000000,0.812500000000),
double3(0.868400000000,0.736850000000,0.812500000000),
double3(0.786850000000,0.713200000000,0.812500000000),
double3(0.630900000000,0.952850000000,0.762175000000),
double3(0.834500000000,0.753300000000,0.812500000000),
double3(0.640050000000,0.640050000000,0.875000000000),
double3(0.718250000000,0.658600000000,0.855625000000),
double3(0.661950000000,0.580950000000,0.880675000000),
double3(0.691950000000,0.644000000000,0.937500000000),
double3(0.631550000000,0.868400000000,0.937500000000),
double3(0.573650000000,0.786850000000,0.937500000000),
double3(0.678050000000,0.630900000000,0.887175000000),
double3(0.581200000000,0.834500000000,0.937500000000),
double3(0.781750000000,0.940350000000,0.894375000000),
double3(0.838050000000,0.919000000000,0.869325000000),
double3(0.808050000000,0.952050000000,0.812500000000),
double3(0.821950000000,0.952850000000,0.862825000000),
double3(0.918800000000,0.753300000000,0.812500000000),
double3(0.841400000000,0.781750000000,0.769375000000),
double3(0.919050000000,0.838050000000,0.994325000000),
double3(0.856000000000,0.808050000000,0.937500000000),
double3(0.869100000000,0.821950000000,0.987825000000),
double3(0.665500000000,0.918800000000,0.937500000000),
double3(0.559650000000,0.841400000000,0.894375000000),
double3(0.581000000000,0.919050000000,0.869325000000),
double3(0.547950000000,0.856000000000,0.812500000000),
double3(0.547150000000,0.869100000000,0.862825000000),
double3(0.746700000000,0.665500000000,0.812500000000),
double3(0.718250000000,0.559650000000,0.769375000000),
double3(0.661950000000,0.581000000000,0.994325000000),
double3(0.691950000000,0.547950000000,0.937500000000),
double3(0.678050000000,0.547150000000,0.987825000000),
double3(0.581200000000,0.746700000000,0.937500000000),
double3(0.658600000000,0.718250000000,0.894375000000),
double3(0.580950000000,0.661950000000,0.869325000000),
double3(0.644000000000,0.691950000000,0.812500000000),
double3(0.630900000000,0.678050000000,0.862825000000),
double3(0.834500000000,0.581200000000,0.812500000000),
double3(0.940350000000,0.658600000000,0.769375000000),
double3(0.919000000000,0.580950000000,0.994325000000),
double3(0.952050000000,0.644000000000,0.937500000000),
double3(0.952850000000,0.630900000000,0.987825000000),
double3(0.753300000000,0.834500000000,0.937500000000),
double3(0.500000000000,0.859950000000,0.750000000000),
double3(0.940350000000,0.781750000000,0.769375000000),
double3(0.952850000000,0.821950000000,0.987825000000),
double3(0.640050000000,0.500000000000,0.875000000000),
double3(0.658600000000,0.940350000000,0.894375000000),
double3(0.630900000000,0.952850000000,0.862825000000),
double3(0.640050000000,0.640050000000,0.750000000000),
double3(0.718250000000,0.658600000000,0.769375000000),
double3(0.678050000000,0.630900000000,0.987825000000),
double3(0.500000000000,0.640050000000,0.875000000000),
double3(0.559650000000,0.718250000000,0.894375000000),
double3(0.547150000000,0.678050000000,0.862825000000),
double3(0.859950000000,0.500000000000,0.750000000000),
double3(0.841400000000,0.559650000000,0.769375000000),
double3(0.869100000000,0.547150000000,0.987825000000),
double3(0.859950000000,0.859950000000,0.875000000000),
double3(0.781750000000,0.841400000000,0.894375000000),
double3(0.821950000000,0.869100000000,0.862825000000),
double3(0.718250000000,0.559650000000,0.855625000000),
double3(0.678050000000,0.547150000000,0.887175000000),
double3(0.658600000000,0.718250000000,0.980625000000),
double3(0.630900000000,0.678050000000,0.762175000000),
double3(0.940350000000,0.658600000000,0.855625000000),
double3(0.952850000000,0.630900000000,0.887175000000),
double3(0.781750000000,0.940350000000,0.980625000000),
double3(0.821950000000,0.952850000000,0.762175000000),
double3(0.841400000000,0.781750000000,0.855625000000),
double3(0.869100000000,0.821950000000,0.887175000000),
double3(0.559650000000,0.841400000000,0.980625000000),
double3(0.547150000000,0.869100000000,0.762175000000),
