 # Derivative distribution function -dV(r)/dr (or -dV(d)/dd) vs d
  0.1250000      0.0000000E+00
  0.3750000      0.0000000E+00
  0.6250000      0.0000000E+00
  0.8750000      0.0000000E+00
   1.125000      0.0000000E+00
   1.375000      0.0000000E+00
   1.625000      0.0000000E+00
   1.875000      0.0000000E+00
   2.125000      0.0000000E+00
   2.375000      0.0000000E+00
   2.625000      0.0000000E+00
   2.875000      0.0000000E+00
   3.125000      9.5841885E-03
   3.375000      3.0607581E-02
   3.625000      3.6790848E-02
   3.875000      4.2046666E-02
   4.125000      4.7302485E-02
   4.375000      5.4722548E-02
   4.625000      8.9349270E-02
   4.875000      0.1310867    
   5.125000      0.1672592    
   5.375000      0.1666409    
   5.625000      0.3753285    
   5.875000      0.6362652    
   6.125000      0.7469469    
   6.375000      0.4217035    
   6.625000      1.9477487E-02
   6.875000      1.7004192E-02
   7.125000      1.5149176E-02
   7.375000      1.2366652E-02
   7.625000      1.4530838E-02
   7.875000      1.6385853E-02
   8.125000      1.3912499E-02
   8.375000      1.5767515E-02
   8.625000      1.4530838E-02
   8.875000      1.7931670E-02
   9.125000      0.4498377    
   9.375000      0.4374710    
   9.625000      0.0000000E+00
   9.875000      0.0000000E+00
   10.12500      0.0000000E+00
   10.37500      0.0000000E+00
   10.62500      0.0000000E+00
   10.87500      0.0000000E+00
   11.12500      0.0000000E+00
   11.37500      0.0000000E+00
   11.62500      0.0000000E+00
   11.87500      0.0000000E+00
   12.12500      0.0000000E+00
   12.37500      0.0000000E+00
   12.62500      0.0000000E+00
   12.87500      0.0000000E+00
   13.12500      0.0000000E+00
   13.37500      0.0000000E+00
   13.62500      0.0000000E+00
   13.87500      0.0000000E+00
   14.12500      0.0000000E+00
   14.37500      0.0000000E+00
   14.62500      0.0000000E+00
   14.87500      0.0000000E+00
   15.12500      0.0000000E+00
   15.37500      0.0000000E+00
   15.62500      0.0000000E+00
   15.87500      0.0000000E+00
   16.12500      0.0000000E+00
   16.37500      0.0000000E+00
   16.62500      0.0000000E+00
   16.87500      0.0000000E+00
   17.12500      0.0000000E+00
   17.37500      0.0000000E+00
   17.62500      0.0000000E+00
   17.87500      0.0000000E+00
   18.12500      0.0000000E+00
   18.37500      0.0000000E+00
   18.62500      0.0000000E+00
   18.87500      0.0000000E+00
   19.12500      0.0000000E+00
   19.37500      0.0000000E+00
