[double3(14.970000000000,0.000000000000,0.000000000000),double3(0.000000000000,14.970000000000,0.000000000000),double3(0.000000000000,0.000000000000,14.970000000000)]

double3(0.435700000000,0.042450000000,0.483450000000),
double3(0.374500000000,0.009600000000,0.038450000000),
double3(0.410400000000,0.089850000000,0.051600000000),
double3(0.469900000000,0.149750000000,0.075250000000),
double3(0.419000000000,0.039550000000,0.034550000000),
double3(0.435500000000,0.135050000000,0.036550000000),
double3(0.314300000000,0.457550000000,0.233450000000),
double3(0.375500000000,0.490400000000,0.288450000000),
double3(0.339600000000,0.410150000000,0.301600000000),
double3(0.280100000000,0.350250000000,0.325250000000),
double3(0.331000000000,0.460450000000,0.284550000000),
double3(0.314500000000,0.364950000000,0.286550000000),
double3(0.185700000000,0.207550000000,0.016550000000),
double3(0.124500000000,0.240400000000,0.461550000000),
double3(0.160400000000,0.160150000000,0.448400000000),
double3(0.219900000000,0.100250000000,0.424750000000),
double3(0.169000000000,0.210450000000,0.465450000000),
double3(0.185500000000,0.114950000000,0.463450000000),
double3(0.064300000000,0.292450000000,0.266550000000),
double3(0.125500000000,0.259600000000,0.211550000000),
double3(0.089600000000,0.339850000000,0.198400000000),
double3(0.030100000000,0.399750000000,0.174750000000),
double3(0.081000000000,0.289550000000,0.215450000000),
double3(0.064500000000,0.385050000000,0.213450000000),
double3(0.483450000000,0.435700000000,0.042450000000),
double3(0.038450000000,0.374500000000,0.009600000000),
double3(0.051600000000,0.410400000000,0.089850000000),
double3(0.075250000000,0.469900000000,0.149750000000),
double3(0.034550000000,0.419000000000,0.039550000000),
double3(0.036550000000,0.435500000000,0.135050000000),
double3(0.266550000000,0.064300000000,0.292450000000),
double3(0.211550000000,0.125500000000,0.259600000000),
double3(0.198400000000,0.089600000000,0.339850000000),
double3(0.174750000000,0.030100000000,0.399750000000),
double3(0.215450000000,0.081000000000,0.289550000000),
double3(0.213450000000,0.064500000000,0.385050000000),
double3(0.233450000000,0.314300000000,0.457550000000),
double3(0.288450000000,0.375500000000,0.490400000000),
double3(0.301600000000,0.339600000000,0.410150000000),
double3(0.325250000000,0.280100000000,0.350250000000),
double3(0.284550000000,0.331000000000,0.460450000000),
double3(0.286550000000,0.314500000000,0.364950000000),
double3(0.016550000000,0.185700000000,0.207550000000),
double3(0.461550000000,0.124500000000,0.240400000000),
double3(0.448400000000,0.160400000000,0.160150000000),
double3(0.424750000000,0.219900000000,0.100250000000),
double3(0.465450000000,0.169000000000,0.210450000000),
double3(0.463450000000,0.185500000000,0.114950000000),
double3(0.042450000000,0.483450000000,0.435700000000),
double3(0.009600000000,0.038450000000,0.374500000000),
double3(0.089850000000,0.051600000000,0.410400000000),
double3(0.149750000000,0.075250000000,0.469900000000),
double3(0.039550000000,0.034550000000,0.419000000000),
double3(0.135050000000,0.036550000000,0.435500000000),
double3(0.292450000000,0.266550000000,0.064300000000),
double3(0.259600000000,0.211550000000,0.125500000000),
double3(0.339850000000,0.198400000000,0.089600000000),
double3(0.399750000000,0.174750000000,0.030100000000),
double3(0.289550000000,0.215450000000,0.081000000000),
double3(0.385050000000,0.213450000000,0.064500000000),
double3(0.457550000000,0.233450000000,0.314300000000),
double3(0.490400000000,0.288450000000,0.375500000000),
double3(0.410150000000,0.301600000000,0.339600000000),
double3(0.350250000000,0.325250000000,0.280100000000),
double3(0.460450000000,0.284550000000,0.331000000000),
double3(0.364950000000,0.286550000000,0.314500000000),
double3(0.207550000000,0.016550000000,0.185700000000),
double3(0.240400000000,0.461550000000,0.124500000000),
double3(0.160150000000,0.448400000000,0.160400000000),
double3(0.100250000000,0.424750000000,0.219900000000),
double3(0.210450000000,0.465450000000,0.169000000000),
double3(0.114950000000,0.463450000000,0.185500000000),
double3(0.064300000000,0.457550000000,0.016550000000),
double3(0.125500000000,0.490400000000,0.461550000000),
double3(0.089600000000,0.410150000000,0.448400000000),
double3(0.030100000000,0.350250000000,0.424750000000),
double3(0.081000000000,0.460450000000,0.465450000000),
double3(0.064500000000,0.364950000000,0.463450000000),
double3(0.185700000000,0.042450000000,0.266550000000),
double3(0.124500000000,0.009600000000,0.211550000000),
double3(0.160400000000,0.089850000000,0.198400000000),
double3(0.219900000000,0.149750000000,0.174750000000),
double3(0.169000000000,0.039550000000,0.215450000000),
double3(0.185500000000,0.135050000000,0.213450000000),
double3(0.314300000000,0.292450000000,0.483450000000),
double3(0.375500000000,0.259600000000,0.038450000000),
double3(0.339600000000,0.339850000000,0.051600000000),
double3(0.280100000000,0.399750000000,0.075250000000),
double3(0.331000000000,0.289550000000,0.034550000000),
double3(0.314500000000,0.385050000000,0.036550000000),
double3(0.435700000000,0.207550000000,0.233450000000),
double3(0.374500000000,0.240400000000,0.288450000000),
double3(0.410400000000,0.160150000000,0.301600000000),
double3(0.469900000000,0.100250000000,0.325250000000),
double3(0.419000000000,0.210450000000,0.284550000000),
double3(0.435500000000,0.114950000000,0.286550000000),
double3(0.016550000000,0.064300000000,0.457550000000),
double3(0.461550000000,0.125500000000,0.490400000000),
double3(0.448400000000,0.089600000000,0.410150000000),
double3(0.424750000000,0.030100000000,0.350250000000),
double3(0.465450000000,0.081000000000,0.460450000000),
double3(0.463450000000,0.064500000000,0.364950000000),
double3(0.233450000000,0.435700000000,0.207550000000),
double3(0.288450000000,0.374500000000,0.240400000000),
double3(0.301600000000,0.410400000000,0.160150000000),
double3(0.325250000000,0.469900000000,0.100250000000),
double3(0.284550000000,0.419000000000,0.210450000000),
double3(0.286550000000,0.435500000000,0.114950000000),
double3(0.266550000000,0.185700000000,0.042450000000),
double3(0.211550000000,0.124500000000,0.009600000000),
double3(0.198400000000,0.160400000000,0.089850000000),
double3(0.174750000000,0.219900000000,0.149750000000),
double3(0.215450000000,0.169000000000,0.039550000000),
double3(0.213450000000,0.185500000000,0.135050000000),
double3(0.483450000000,0.314300000000,0.292450000000),
double3(0.038450000000,0.375500000000,0.259600000000),
double3(0.051600000000,0.339600000000,0.339850000000),
double3(0.075250000000,0.280100000000,0.399750000000),
double3(0.034550000000,0.331000000000,0.289550000000),
double3(0.036550000000,0.314500000000,0.385050000000),
double3(0.457550000000,0.016550000000,0.064300000000),
double3(0.490400000000,0.461550000000,0.125500000000),
double3(0.410150000000,0.448400000000,0.089600000000),
double3(0.350250000000,0.424750000000,0.030100000000),
double3(0.460450000000,0.465450000000,0.081000000000),
double3(0.364950000000,0.463450000000,0.064500000000),
double3(0.207550000000,0.233450000000,0.435700000000),
double3(0.240400000000,0.288450000000,0.374500000000),
double3(0.160150000000,0.301600000000,0.410400000000),
double3(0.100250000000,0.325250000000,0.469900000000),
double3(0.210450000000,0.284550000000,0.419000000000),
double3(0.114950000000,0.286550000000,0.435500000000),
double3(0.042450000000,0.266550000000,0.185700000000),
double3(0.009600000000,0.211550000000,0.124500000000),
double3(0.089850000000,0.198400000000,0.160400000000),
double3(0.149750000000,0.174750000000,0.219900000000),
double3(0.039550000000,0.215450000000,0.169000000000),
double3(0.135050000000,0.213450000000,0.185500000000),
double3(0.292450000000,0.483450000000,0.314300000000),
double3(0.259600000000,0.038450000000,0.375500000000),
double3(0.339850000000,0.051600000000,0.339600000000),
double3(0.399750000000,0.075250000000,0.280100000000),
double3(0.289550000000,0.034550000000,0.331000000000),
double3(0.385050000000,0.036550000000,0.314500000000),
double3(0.435700000000,0.042450000000,0.983450000000),
double3(0.374500000000,0.009600000000,0.538450000000),
double3(0.410400000000,0.089850000000,0.551600000000),
double3(0.469900000000,0.149750000000,0.575250000000),
double3(0.419000000000,0.039550000000,0.534550000000),
double3(0.435500000000,0.135050000000,0.536550000000),
double3(0.314300000000,0.457550000000,0.733450000000),
double3(0.375500000000,0.490400000000,0.788450000000),
double3(0.339600000000,0.410150000000,0.801600000000),
double3(0.280100000000,0.350250000000,0.825250000000),
double3(0.331000000000,0.460450000000,0.784550000000),
double3(0.314500000000,0.364950000000,0.786550000000),
double3(0.185700000000,0.207550000000,0.516550000000),
double3(0.124500000000,0.240400000000,0.961550000000),
double3(0.160400000000,0.160150000000,0.948400000000),
double3(0.219900000000,0.100250000000,0.924750000000),
double3(0.169000000000,0.210450000000,0.965450000000),
double3(0.185500000000,0.114950000000,0.963450000000),
double3(0.064300000000,0.292450000000,0.766550000000),
double3(0.125500000000,0.259600000000,0.711550000000),
double3(0.089600000000,0.339850000000,0.698400000000),
double3(0.030100000000,0.399750000000,0.674750000000),
double3(0.081000000000,0.289550000000,0.715450000000),
double3(0.064500000000,0.385050000000,0.713450000000),
double3(0.483450000000,0.435700000000,0.542450000000),
double3(0.038450000000,0.374500000000,0.509600000000),
double3(0.051600000000,0.410400000000,0.589850000000),
double3(0.075250000000,0.469900000000,0.649750000000),
double3(0.034550000000,0.419000000000,0.539550000000),
double3(0.036550000000,0.435500000000,0.635050000000),
double3(0.266550000000,0.064300000000,0.792450000000),
double3(0.211550000000,0.125500000000,0.759600000000),
double3(0.198400000000,0.089600000000,0.839850000000),
double3(0.174750000000,0.030100000000,0.899750000000),
double3(0.215450000000,0.081000000000,0.789550000000),
double3(0.213450000000,0.064500000000,0.885050000000),
double3(0.233450000000,0.314300000000,0.957550000000),
double3(0.288450000000,0.375500000000,0.990400000000),
double3(0.301600000000,0.339600000000,0.910150000000),
double3(0.325250000000,0.280100000000,0.850250000000),
double3(0.284550000000,0.331000000000,0.960450000000),
double3(0.286550000000,0.314500000000,0.864950000000),
double3(0.016550000000,0.185700000000,0.707550000000),
double3(0.461550000000,0.124500000000,0.740400000000),
double3(0.448400000000,0.160400000000,0.660150000000),
double3(0.424750000000,0.219900000000,0.600250000000),
double3(0.465450000000,0.169000000000,0.710450000000),
double3(0.463450000000,0.185500000000,0.614950000000),
double3(0.042450000000,0.483450000000,0.935700000000),
double3(0.009600000000,0.038450000000,0.874500000000),
double3(0.089850000000,0.051600000000,0.910400000000),
double3(0.149750000000,0.075250000000,0.969900000000),
double3(0.039550000000,0.034550000000,0.919000000000),
double3(0.135050000000,0.036550000000,0.935500000000),
double3(0.292450000000,0.266550000000,0.564300000000),
double3(0.259600000000,0.211550000000,0.625500000000),
double3(0.339850000000,0.198400000000,0.589600000000),
double3(0.399750000000,0.174750000000,0.530100000000),
double3(0.289550000000,0.215450000000,0.581000000000),
double3(0.385050000000,0.213450000000,0.564500000000),
double3(0.457550000000,0.233450000000,0.814300000000),
double3(0.490400000000,0.288450000000,0.875500000000),
double3(0.410150000000,0.301600000000,0.839600000000),
double3(0.350250000000,0.325250000000,0.780100000000),
double3(0.460450000000,0.284550000000,0.831000000000),
double3(0.364950000000,0.286550000000,0.814500000000),
double3(0.207550000000,0.016550000000,0.685700000000),
double3(0.240400000000,0.461550000000,0.624500000000),
double3(0.160150000000,0.448400000000,0.660400000000),
double3(0.100250000000,0.424750000000,0.719900000000),
double3(0.210450000000,0.465450000000,0.669000000000),
double3(0.114950000000,0.463450000000,0.685500000000),
double3(0.064300000000,0.457550000000,0.516550000000),
double3(0.125500000000,0.490400000000,0.961550000000),
double3(0.089600000000,0.410150000000,0.948400000000),
double3(0.030100000000,0.350250000000,0.924750000000),
double3(0.081000000000,0.460450000000,0.965450000000),
double3(0.064500000000,0.364950000000,0.963450000000),
double3(0.185700000000,0.042450000000,0.766550000000),
double3(0.124500000000,0.009600000000,0.711550000000),
double3(0.160400000000,0.089850000000,0.698400000000),
double3(0.219900000000,0.149750000000,0.674750000000),
double3(0.169000000000,0.039550000000,0.715450000000),
double3(0.185500000000,0.135050000000,0.713450000000),
double3(0.314300000000,0.292450000000,0.983450000000),
double3(0.375500000000,0.259600000000,0.538450000000),
double3(0.339600000000,0.339850000000,0.551600000000),
double3(0.280100000000,0.399750000000,0.575250000000),
double3(0.331000000000,0.289550000000,0.534550000000),
double3(0.314500000000,0.385050000000,0.536550000000),
double3(0.435700000000,0.207550000000,0.733450000000),
double3(0.374500000000,0.240400000000,0.788450000000),
double3(0.410400000000,0.160150000000,0.801600000000),
double3(0.469900000000,0.100250000000,0.825250000000),
double3(0.419000000000,0.210450000000,0.784550000000),
double3(0.435500000000,0.114950000000,0.786550000000),
double3(0.016550000000,0.064300000000,0.957550000000),
double3(0.461550000000,0.125500000000,0.990400000000),
double3(0.448400000000,0.089600000000,0.910150000000),
double3(0.424750000000,0.030100000000,0.850250000000),
double3(0.465450000000,0.081000000000,0.960450000000),
double3(0.463450000000,0.064500000000,0.864950000000),
double3(0.233450000000,0.435700000000,0.707550000000),
double3(0.288450000000,0.374500000000,0.740400000000),
double3(0.301600000000,0.410400000000,0.660150000000),
double3(0.325250000000,0.469900000000,0.600250000000),
double3(0.284550000000,0.419000000000,0.710450000000),
double3(0.286550000000,0.435500000000,0.614950000000),
double3(0.266550000000,0.185700000000,0.542450000000),
double3(0.211550000000,0.124500000000,0.509600000000),
double3(0.198400000000,0.160400000000,0.589850000000),
double3(0.174750000000,0.219900000000,0.649750000000),
double3(0.215450000000,0.169000000000,0.539550000000),
double3(0.213450000000,0.185500000000,0.635050000000),
double3(0.483450000000,0.314300000000,0.792450000000),
double3(0.038450000000,0.375500000000,0.759600000000),
double3(0.051600000000,0.339600000000,0.839850000000),
double3(0.075250000000,0.280100000000,0.899750000000),
double3(0.034550000000,0.331000000000,0.789550000000),
double3(0.036550000000,0.314500000000,0.885050000000),
double3(0.457550000000,0.016550000000,0.564300000000),
double3(0.490400000000,0.461550000000,0.625500000000),
double3(0.410150000000,0.448400000000,0.589600000000),
double3(0.350250000000,0.424750000000,0.530100000000),
double3(0.460450000000,0.465450000000,0.581000000000),
double3(0.364950000000,0.463450000000,0.564500000000),
double3(0.207550000000,0.233450000000,0.935700000000),
double3(0.240400000000,0.288450000000,0.874500000000),
double3(0.160150000000,0.301600000000,0.910400000000),
double3(0.100250000000,0.325250000000,0.969900000000),
double3(0.210450000000,0.284550000000,0.919000000000),
double3(0.114950000000,0.286550000000,0.935500000000),
double3(0.042450000000,0.266550000000,0.685700000000),
double3(0.009600000000,0.211550000000,0.624500000000),
double3(0.089850000000,0.198400000000,0.660400000000),
double3(0.149750000000,0.174750000000,0.719900000000),
double3(0.039550000000,0.215450000000,0.669000000000),
double3(0.135050000000,0.213450000000,0.685500000000),
double3(0.292450000000,0.483450000000,0.814300000000),
double3(0.259600000000,0.038450000000,0.875500000000),
double3(0.339850000000,0.051600000000,0.839600000000),
double3(0.399750000000,0.075250000000,0.780100000000),
double3(0.289550000000,0.034550000000,0.831000000000),
double3(0.385050000000,0.036550000000,0.814500000000),
double3(0.435700000000,0.542450000000,0.483450000000),
double3(0.374500000000,0.509600000000,0.038450000000),
double3(0.410400000000,0.589850000000,0.051600000000),
double3(0.469900000000,0.649750000000,0.075250000000),
double3(0.419000000000,0.539550000000,0.034550000000),
double3(0.435500000000,0.635050000000,0.036550000000),
double3(0.314300000000,0.957550000000,0.233450000000),
double3(0.375500000000,0.990400000000,0.288450000000),
double3(0.339600000000,0.910150000000,0.301600000000),
double3(0.280100000000,0.850250000000,0.325250000000),
double3(0.331000000000,0.960450000000,0.284550000000),
double3(0.314500000000,0.864950000000,0.286550000000),
double3(0.185700000000,0.707550000000,0.016550000000),
double3(0.124500000000,0.740400000000,0.461550000000),
double3(0.160400000000,0.660150000000,0.448400000000),
double3(0.219900000000,0.600250000000,0.424750000000),
double3(0.169000000000,0.710450000000,0.465450000000),
double3(0.185500000000,0.614950000000,0.463450000000),
double3(0.064300000000,0.792450000000,0.266550000000),
double3(0.125500000000,0.759600000000,0.211550000000),
double3(0.089600000000,0.839850000000,0.198400000000),
double3(0.030100000000,0.899750000000,0.174750000000),
double3(0.081000000000,0.789550000000,0.215450000000),
double3(0.064500000000,0.885050000000,0.213450000000),
double3(0.483450000000,0.935700000000,0.042450000000),
double3(0.038450000000,0.874500000000,0.009600000000),
double3(0.051600000000,0.910400000000,0.089850000000),
double3(0.075250000000,0.969900000000,0.149750000000),
double3(0.034550000000,0.919000000000,0.039550000000),
double3(0.036550000000,0.935500000000,0.135050000000),
double3(0.266550000000,0.564300000000,0.292450000000),
double3(0.211550000000,0.625500000000,0.259600000000),
double3(0.198400000000,0.589600000000,0.339850000000),
double3(0.174750000000,0.530100000000,0.399750000000),
double3(0.215450000000,0.581000000000,0.289550000000),
double3(0.213450000000,0.564500000000,0.385050000000),
double3(0.233450000000,0.814300000000,0.457550000000),
double3(0.288450000000,0.875500000000,0.490400000000),
double3(0.301600000000,0.839600000000,0.410150000000),
double3(0.325250000000,0.780100000000,0.350250000000),
double3(0.284550000000,0.831000000000,0.460450000000),
double3(0.286550000000,0.814500000000,0.364950000000),
double3(0.016550000000,0.685700000000,0.207550000000),
double3(0.461550000000,0.624500000000,0.240400000000),
double3(0.448400000000,0.660400000000,0.160150000000),
double3(0.424750000000,0.719900000000,0.100250000000),
double3(0.465450000000,0.669000000000,0.210450000000),
double3(0.463450000000,0.685500000000,0.114950000000),
double3(0.042450000000,0.983450000000,0.435700000000),
double3(0.009600000000,0.538450000000,0.374500000000),
double3(0.089850000000,0.551600000000,0.410400000000),
double3(0.149750000000,0.575250000000,0.469900000000),
double3(0.039550000000,0.534550000000,0.419000000000),
double3(0.135050000000,0.536550000000,0.435500000000),
double3(0.292450000000,0.766550000000,0.064300000000),
double3(0.259600000000,0.711550000000,0.125500000000),
double3(0.339850000000,0.698400000000,0.089600000000),
double3(0.399750000000,0.674750000000,0.030100000000),
double3(0.289550000000,0.715450000000,0.081000000000),
double3(0.385050000000,0.713450000000,0.064500000000),
double3(0.457550000000,0.733450000000,0.314300000000),
double3(0.490400000000,0.788450000000,0.375500000000),
double3(0.410150000000,0.801600000000,0.339600000000),
double3(0.350250000000,0.825250000000,0.280100000000),
double3(0.460450000000,0.784550000000,0.331000000000),
double3(0.364950000000,0.786550000000,0.314500000000),
double3(0.207550000000,0.516550000000,0.185700000000),
double3(0.240400000000,0.961550000000,0.124500000000),
double3(0.160150000000,0.948400000000,0.160400000000),
double3(0.100250000000,0.924750000000,0.219900000000),
double3(0.210450000000,0.965450000000,0.169000000000),
double3(0.114950000000,0.963450000000,0.185500000000),
double3(0.064300000000,0.957550000000,0.016550000000),
double3(0.125500000000,0.990400000000,0.461550000000),
double3(0.089600000000,0.910150000000,0.448400000000),
double3(0.030100000000,0.850250000000,0.424750000000),
double3(0.081000000000,0.960450000000,0.465450000000),
double3(0.064500000000,0.864950000000,0.463450000000),
double3(0.185700000000,0.542450000000,0.266550000000),
double3(0.124500000000,0.509600000000,0.211550000000),
double3(0.160400000000,0.589850000000,0.198400000000),
double3(0.219900000000,0.649750000000,0.174750000000),
double3(0.169000000000,0.539550000000,0.215450000000),
double3(0.185500000000,0.635050000000,0.213450000000),
double3(0.314300000000,0.792450000000,0.483450000000),
double3(0.375500000000,0.759600000000,0.038450000000),
double3(0.339600000000,0.839850000000,0.051600000000),
double3(0.280100000000,0.899750000000,0.075250000000),
double3(0.331000000000,0.789550000000,0.034550000000),
double3(0.314500000000,0.885050000000,0.036550000000),
double3(0.435700000000,0.707550000000,0.233450000000),
double3(0.374500000000,0.740400000000,0.288450000000),
double3(0.410400000000,0.660150000000,0.301600000000),
double3(0.469900000000,0.600250000000,0.325250000000),
double3(0.419000000000,0.710450000000,0.284550000000),
double3(0.435500000000,0.614950000000,0.286550000000),
double3(0.016550000000,0.564300000000,0.457550000000),
double3(0.461550000000,0.625500000000,0.490400000000),
double3(0.448400000000,0.589600000000,0.410150000000),
double3(0.424750000000,0.530100000000,0.350250000000),
double3(0.465450000000,0.581000000000,0.460450000000),
double3(0.463450000000,0.564500000000,0.364950000000),
double3(0.233450000000,0.935700000000,0.207550000000),
double3(0.288450000000,0.874500000000,0.240400000000),
double3(0.301600000000,0.910400000000,0.160150000000),
double3(0.325250000000,0.969900000000,0.100250000000),
double3(0.284550000000,0.919000000000,0.210450000000),
double3(0.286550000000,0.935500000000,0.114950000000),
double3(0.266550000000,0.685700000000,0.042450000000),
double3(0.211550000000,0.624500000000,0.009600000000),
double3(0.198400000000,0.660400000000,0.089850000000),
double3(0.174750000000,0.719900000000,0.149750000000),
double3(0.215450000000,0.669000000000,0.039550000000),
double3(0.213450000000,0.685500000000,0.135050000000),
double3(0.483450000000,0.814300000000,0.292450000000),
double3(0.038450000000,0.875500000000,0.259600000000),
double3(0.051600000000,0.839600000000,0.339850000000),
double3(0.075250000000,0.780100000000,0.399750000000),
double3(0.034550000000,0.831000000000,0.289550000000),
double3(0.036550000000,0.814500000000,0.385050000000),
double3(0.457550000000,0.516550000000,0.064300000000),
double3(0.490400000000,0.961550000000,0.125500000000),
double3(0.410150000000,0.948400000000,0.089600000000),
double3(0.350250000000,0.924750000000,0.030100000000),
double3(0.460450000000,0.965450000000,0.081000000000),
double3(0.364950000000,0.963450000000,0.064500000000),
double3(0.207550000000,0.733450000000,0.435700000000),
double3(0.240400000000,0.788450000000,0.374500000000),
double3(0.160150000000,0.801600000000,0.410400000000),
double3(0.100250000000,0.825250000000,0.469900000000),
double3(0.210450000000,0.784550000000,0.419000000000),
double3(0.114950000000,0.786550000000,0.435500000000),
double3(0.042450000000,0.766550000000,0.185700000000),
double3(0.009600000000,0.711550000000,0.124500000000),
double3(0.089850000000,0.698400000000,0.160400000000),
double3(0.149750000000,0.674750000000,0.219900000000),
double3(0.039550000000,0.715450000000,0.169000000000),
double3(0.135050000000,0.713450000000,0.185500000000),
double3(0.292450000000,0.983450000000,0.314300000000),
double3(0.259600000000,0.538450000000,0.375500000000),
double3(0.339850000000,0.551600000000,0.339600000000),
double3(0.399750000000,0.575250000000,0.280100000000),
double3(0.289550000000,0.534550000000,0.331000000000),
double3(0.385050000000,0.536550000000,0.314500000000),
double3(0.435700000000,0.542450000000,0.983450000000),
double3(0.374500000000,0.509600000000,0.538450000000),
double3(0.410400000000,0.589850000000,0.551600000000),
double3(0.469900000000,0.649750000000,0.575250000000),
double3(0.419000000000,0.539550000000,0.534550000000),
double3(0.435500000000,0.635050000000,0.536550000000),
double3(0.314300000000,0.957550000000,0.733450000000),
double3(0.375500000000,0.990400000000,0.788450000000),
double3(0.339600000000,0.910150000000,0.801600000000),
double3(0.280100000000,0.850250000000,0.825250000000),
double3(0.331000000000,0.960450000000,0.784550000000),
double3(0.314500000000,0.864950000000,0.786550000000),
double3(0.185700000000,0.707550000000,0.516550000000),
double3(0.124500000000,0.740400000000,0.961550000000),
double3(0.160400000000,0.660150000000,0.948400000000),
double3(0.219900000000,0.600250000000,0.924750000000),
double3(0.169000000000,0.710450000000,0.965450000000),
double3(0.185500000000,0.614950000000,0.963450000000),
double3(0.064300000000,0.792450000000,0.766550000000),
double3(0.125500000000,0.759600000000,0.711550000000),
double3(0.089600000000,0.839850000000,0.698400000000),
double3(0.030100000000,0.899750000000,0.674750000000),
double3(0.081000000000,0.789550000000,0.715450000000),
double3(0.064500000000,0.885050000000,0.713450000000),
double3(0.483450000000,0.935700000000,0.542450000000),
double3(0.038450000000,0.874500000000,0.509600000000),
double3(0.051600000000,0.910400000000,0.589850000000),
double3(0.075250000000,0.969900000000,0.649750000000),
double3(0.034550000000,0.919000000000,0.539550000000),
double3(0.036550000000,0.935500000000,0.635050000000),
double3(0.266550000000,0.564300000000,0.792450000000),
double3(0.211550000000,0.625500000000,0.759600000000),
double3(0.198400000000,0.589600000000,0.839850000000),
double3(0.174750000000,0.530100000000,0.899750000000),
double3(0.215450000000,0.581000000000,0.789550000000),
double3(0.213450000000,0.564500000000,0.885050000000),
double3(0.233450000000,0.814300000000,0.957550000000),
double3(0.288450000000,0.875500000000,0.990400000000),
double3(0.301600000000,0.839600000000,0.910150000000),
double3(0.325250000000,0.780100000000,0.850250000000),
double3(0.284550000000,0.831000000000,0.960450000000),
double3(0.286550000000,0.814500000000,0.864950000000),
double3(0.016550000000,0.685700000000,0.707550000000),
double3(0.461550000000,0.624500000000,0.740400000000),
double3(0.448400000000,0.660400000000,0.660150000000),
double3(0.424750000000,0.719900000000,0.600250000000),
double3(0.465450000000,0.669000000000,0.710450000000),
double3(0.463450000000,0.685500000000,0.614950000000),
double3(0.042450000000,0.983450000000,0.935700000000),
double3(0.009600000000,0.538450000000,0.874500000000),
double3(0.089850000000,0.551600000000,0.910400000000),
double3(0.149750000000,0.575250000000,0.969900000000),
double3(0.039550000000,0.534550000000,0.919000000000),
double3(0.135050000000,0.536550000000,0.935500000000),
double3(0.292450000000,0.766550000000,0.564300000000),
double3(0.259600000000,0.711550000000,0.625500000000),
double3(0.339850000000,0.698400000000,0.589600000000),
double3(0.399750000000,0.674750000000,0.530100000000),
double3(0.289550000000,0.715450000000,0.581000000000),
double3(0.385050000000,0.713450000000,0.564500000000),
double3(0.457550000000,0.733450000000,0.814300000000),
double3(0.490400000000,0.788450000000,0.875500000000),
double3(0.410150000000,0.801600000000,0.839600000000),
double3(0.350250000000,0.825250000000,0.780100000000),
double3(0.460450000000,0.784550000000,0.831000000000),
double3(0.364950000000,0.786550000000,0.814500000000),
double3(0.207550000000,0.516550000000,0.685700000000),
double3(0.240400000000,0.961550000000,0.624500000000),
double3(0.160150000000,0.948400000000,0.660400000000),
double3(0.100250000000,0.924750000000,0.719900000000),
double3(0.210450000000,0.965450000000,0.669000000000),
double3(0.114950000000,0.963450000000,0.685500000000),
double3(0.064300000000,0.957550000000,0.516550000000),
double3(0.125500000000,0.990400000000,0.961550000000),
double3(0.089600000000,0.910150000000,0.948400000000),
double3(0.030100000000,0.850250000000,0.924750000000),
double3(0.081000000000,0.960450000000,0.965450000000),
double3(0.064500000000,0.864950000000,0.963450000000),
double3(0.185700000000,0.542450000000,0.766550000000),
double3(0.124500000000,0.509600000000,0.711550000000),
double3(0.160400000000,0.589850000000,0.698400000000),
double3(0.219900000000,0.649750000000,0.674750000000),
double3(0.169000000000,0.539550000000,0.715450000000),
double3(0.185500000000,0.635050000000,0.713450000000),
double3(0.314300000000,0.792450000000,0.983450000000),
double3(0.375500000000,0.759600000000,0.538450000000),
double3(0.339600000000,0.839850000000,0.551600000000),
double3(0.280100000000,0.899750000000,0.575250000000),
double3(0.331000000000,0.789550000000,0.534550000000),
double3(0.314500000000,0.885050000000,0.536550000000),
double3(0.435700000000,0.707550000000,0.733450000000),
double3(0.374500000000,0.740400000000,0.788450000000),
double3(0.410400000000,0.660150000000,0.801600000000),
double3(0.469900000000,0.600250000000,0.825250000000),
double3(0.419000000000,0.710450000000,0.784550000000),
double3(0.435500000000,0.614950000000,0.786550000000),
double3(0.016550000000,0.564300000000,0.957550000000),
double3(0.461550000000,0.625500000000,0.990400000000),
double3(0.448400000000,0.589600000000,0.910150000000),
double3(0.424750000000,0.530100000000,0.850250000000),
double3(0.465450000000,0.581000000000,0.960450000000),
double3(0.463450000000,0.564500000000,0.864950000000),
double3(0.233450000000,0.935700000000,0.707550000000),
double3(0.288450000000,0.874500000000,0.740400000000),
double3(0.301600000000,0.910400000000,0.660150000000),
double3(0.325250000000,0.969900000000,0.600250000000),
double3(0.284550000000,0.919000000000,0.710450000000),
double3(0.286550000000,0.935500000000,0.614950000000),
double3(0.266550000000,0.685700000000,0.542450000000),
double3(0.211550000000,0.624500000000,0.509600000000),
double3(0.198400000000,0.660400000000,0.589850000000),
double3(0.174750000000,0.719900000000,0.649750000000),
double3(0.215450000000,0.669000000000,0.539550000000),
double3(0.213450000000,0.685500000000,0.635050000000),
double3(0.483450000000,0.814300000000,0.792450000000),
double3(0.038450000000,0.875500000000,0.759600000000),
double3(0.051600000000,0.839600000000,0.839850000000),
double3(0.075250000000,0.780100000000,0.899750000000),
double3(0.034550000000,0.831000000000,0.789550000000),
double3(0.036550000000,0.814500000000,0.885050000000),
double3(0.457550000000,0.516550000000,0.564300000000),
double3(0.490400000000,0.961550000000,0.625500000000),
double3(0.410150000000,0.948400000000,0.589600000000),
double3(0.350250000000,0.924750000000,0.530100000000),
double3(0.460450000000,0.965450000000,0.581000000000),
double3(0.364950000000,0.963450000000,0.564500000000),
double3(0.207550000000,0.733450000000,0.935700000000),
double3(0.240400000000,0.788450000000,0.874500000000),
double3(0.160150000000,0.801600000000,0.910400000000),
double3(0.100250000000,0.825250000000,0.969900000000),
double3(0.210450000000,0.784550000000,0.919000000000),
double3(0.114950000000,0.786550000000,0.935500000000),
double3(0.042450000000,0.766550000000,0.685700000000),
double3(0.009600000000,0.711550000000,0.624500000000),
double3(0.089850000000,0.698400000000,0.660400000000),
double3(0.149750000000,0.674750000000,0.719900000000),
double3(0.039550000000,0.715450000000,0.669000000000),
double3(0.135050000000,0.713450000000,0.685500000000),
double3(0.292450000000,0.983450000000,0.814300000000),
double3(0.259600000000,0.538450000000,0.875500000000),
double3(0.339850000000,0.551600000000,0.839600000000),
double3(0.399750000000,0.575250000000,0.780100000000),
double3(0.289550000000,0.534550000000,0.831000000000),
double3(0.385050000000,0.536550000000,0.814500000000),
double3(0.935700000000,0.042450000000,0.483450000000),
double3(0.874500000000,0.009600000000,0.038450000000),
double3(0.910400000000,0.089850000000,0.051600000000),
double3(0.969900000000,0.149750000000,0.075250000000),
double3(0.919000000000,0.039550000000,0.034550000000),
double3(0.935500000000,0.135050000000,0.036550000000),
double3(0.814300000000,0.457550000000,0.233450000000),
double3(0.875500000000,0.490400000000,0.288450000000),
double3(0.839600000000,0.410150000000,0.301600000000),
double3(0.780100000000,0.350250000000,0.325250000000),
double3(0.831000000000,0.460450000000,0.284550000000),
double3(0.814500000000,0.364950000000,0.286550000000),
double3(0.685700000000,0.207550000000,0.016550000000),
double3(0.624500000000,0.240400000000,0.461550000000),
double3(0.660400000000,0.160150000000,0.448400000000),
double3(0.719900000000,0.100250000000,0.424750000000),
double3(0.669000000000,0.210450000000,0.465450000000),
double3(0.685500000000,0.114950000000,0.463450000000),
double3(0.564300000000,0.292450000000,0.266550000000),
double3(0.625500000000,0.259600000000,0.211550000000),
double3(0.589600000000,0.339850000000,0.198400000000),
double3(0.530100000000,0.399750000000,0.174750000000),
double3(0.581000000000,0.289550000000,0.215450000000),
double3(0.564500000000,0.385050000000,0.213450000000),
double3(0.983450000000,0.435700000000,0.042450000000),
double3(0.538450000000,0.374500000000,0.009600000000),
double3(0.551600000000,0.410400000000,0.089850000000),
double3(0.575250000000,0.469900000000,0.149750000000),
double3(0.534550000000,0.419000000000,0.039550000000),
double3(0.536550000000,0.435500000000,0.135050000000),
double3(0.766550000000,0.064300000000,0.292450000000),
double3(0.711550000000,0.125500000000,0.259600000000),
double3(0.698400000000,0.089600000000,0.339850000000),
double3(0.674750000000,0.030100000000,0.399750000000),
double3(0.715450000000,0.081000000000,0.289550000000),
double3(0.713450000000,0.064500000000,0.385050000000),
double3(0.733450000000,0.314300000000,0.457550000000),
double3(0.788450000000,0.375500000000,0.490400000000),
double3(0.801600000000,0.339600000000,0.410150000000),
double3(0.825250000000,0.280100000000,0.350250000000),
double3(0.784550000000,0.331000000000,0.460450000000),
double3(0.786550000000,0.314500000000,0.364950000000),
double3(0.516550000000,0.185700000000,0.207550000000),
double3(0.961550000000,0.124500000000,0.240400000000),
double3(0.948400000000,0.160400000000,0.160150000000),
double3(0.924750000000,0.219900000000,0.100250000000),
double3(0.965450000000,0.169000000000,0.210450000000),
double3(0.963450000000,0.185500000000,0.114950000000),
double3(0.542450000000,0.483450000000,0.435700000000),
double3(0.509600000000,0.038450000000,0.374500000000),
double3(0.589850000000,0.051600000000,0.410400000000),
double3(0.649750000000,0.075250000000,0.469900000000),
double3(0.539550000000,0.034550000000,0.419000000000),
double3(0.635050000000,0.036550000000,0.435500000000),
double3(0.792450000000,0.266550000000,0.064300000000),
double3(0.759600000000,0.211550000000,0.125500000000),
double3(0.839850000000,0.198400000000,0.089600000000),
double3(0.899750000000,0.174750000000,0.030100000000),
double3(0.789550000000,0.215450000000,0.081000000000),
double3(0.885050000000,0.213450000000,0.064500000000),
double3(0.957550000000,0.233450000000,0.314300000000),
double3(0.990400000000,0.288450000000,0.375500000000),
double3(0.910150000000,0.301600000000,0.339600000000),
double3(0.850250000000,0.325250000000,0.280100000000),
double3(0.960450000000,0.284550000000,0.331000000000),
double3(0.864950000000,0.286550000000,0.314500000000),
double3(0.707550000000,0.016550000000,0.185700000000),
double3(0.740400000000,0.461550000000,0.124500000000),
double3(0.660150000000,0.448400000000,0.160400000000),
double3(0.600250000000,0.424750000000,0.219900000000),
double3(0.710450000000,0.465450000000,0.169000000000),
double3(0.614950000000,0.463450000000,0.185500000000),
double3(0.564300000000,0.457550000000,0.016550000000),
double3(0.625500000000,0.490400000000,0.461550000000),
double3(0.589600000000,0.410150000000,0.448400000000),
double3(0.530100000000,0.350250000000,0.424750000000),
double3(0.581000000000,0.460450000000,0.465450000000),
double3(0.564500000000,0.364950000000,0.463450000000),
double3(0.685700000000,0.042450000000,0.266550000000),
double3(0.624500000000,0.009600000000,0.211550000000),
double3(0.660400000000,0.089850000000,0.198400000000),
double3(0.719900000000,0.149750000000,0.174750000000),
double3(0.669000000000,0.039550000000,0.215450000000),
double3(0.685500000000,0.135050000000,0.213450000000),
double3(0.814300000000,0.292450000000,0.483450000000),
double3(0.875500000000,0.259600000000,0.038450000000),
double3(0.839600000000,0.339850000000,0.051600000000),
double3(0.780100000000,0.399750000000,0.075250000000),
double3(0.831000000000,0.289550000000,0.034550000000),
double3(0.814500000000,0.385050000000,0.036550000000),
double3(0.935700000000,0.207550000000,0.233450000000),
double3(0.874500000000,0.240400000000,0.288450000000),
double3(0.910400000000,0.160150000000,0.301600000000),
double3(0.969900000000,0.100250000000,0.325250000000),
double3(0.919000000000,0.210450000000,0.284550000000),
double3(0.935500000000,0.114950000000,0.286550000000),
double3(0.516550000000,0.064300000000,0.457550000000),
double3(0.961550000000,0.125500000000,0.490400000000),
double3(0.948400000000,0.089600000000,0.410150000000),
double3(0.924750000000,0.030100000000,0.350250000000),
double3(0.965450000000,0.081000000000,0.460450000000),
double3(0.963450000000,0.064500000000,0.364950000000),
double3(0.733450000000,0.435700000000,0.207550000000),
double3(0.788450000000,0.374500000000,0.240400000000),
double3(0.801600000000,0.410400000000,0.160150000000),
double3(0.825250000000,0.469900000000,0.100250000000),
double3(0.784550000000,0.419000000000,0.210450000000),
double3(0.786550000000,0.435500000000,0.114950000000),
double3(0.766550000000,0.185700000000,0.042450000000),
double3(0.711550000000,0.124500000000,0.009600000000),
double3(0.698400000000,0.160400000000,0.089850000000),
double3(0.674750000000,0.219900000000,0.149750000000),
double3(0.715450000000,0.169000000000,0.039550000000),
double3(0.713450000000,0.185500000000,0.135050000000),
double3(0.983450000000,0.314300000000,0.292450000000),
double3(0.538450000000,0.375500000000,0.259600000000),
double3(0.551600000000,0.339600000000,0.339850000000),
double3(0.575250000000,0.280100000000,0.399750000000),
double3(0.534550000000,0.331000000000,0.289550000000),
double3(0.536550000000,0.314500000000,0.385050000000),
double3(0.957550000000,0.016550000000,0.064300000000),
double3(0.990400000000,0.461550000000,0.125500000000),
double3(0.910150000000,0.448400000000,0.089600000000),
double3(0.850250000000,0.424750000000,0.030100000000),
double3(0.960450000000,0.465450000000,0.081000000000),
double3(0.864950000000,0.463450000000,0.064500000000),
double3(0.707550000000,0.233450000000,0.435700000000),
double3(0.740400000000,0.288450000000,0.374500000000),
double3(0.660150000000,0.301600000000,0.410400000000),
double3(0.600250000000,0.325250000000,0.469900000000),
double3(0.710450000000,0.284550000000,0.419000000000),
double3(0.614950000000,0.286550000000,0.435500000000),
double3(0.542450000000,0.266550000000,0.185700000000),
double3(0.509600000000,0.211550000000,0.124500000000),
double3(0.589850000000,0.198400000000,0.160400000000),
double3(0.649750000000,0.174750000000,0.219900000000),
double3(0.539550000000,0.215450000000,0.169000000000),
double3(0.635050000000,0.213450000000,0.185500000000),
double3(0.792450000000,0.483450000000,0.314300000000),
double3(0.759600000000,0.038450000000,0.375500000000),
double3(0.839850000000,0.051600000000,0.339600000000),
double3(0.899750000000,0.075250000000,0.280100000000),
double3(0.789550000000,0.034550000000,0.331000000000),
double3(0.885050000000,0.036550000000,0.314500000000),
double3(0.935700000000,0.042450000000,0.983450000000),
double3(0.874500000000,0.009600000000,0.538450000000),
double3(0.910400000000,0.089850000000,0.551600000000),
double3(0.969900000000,0.149750000000,0.575250000000),
double3(0.919000000000,0.039550000000,0.534550000000),
double3(0.935500000000,0.135050000000,0.536550000000),
double3(0.814300000000,0.457550000000,0.733450000000),
double3(0.875500000000,0.490400000000,0.788450000000),
double3(0.839600000000,0.410150000000,0.801600000000),
double3(0.780100000000,0.350250000000,0.825250000000),
double3(0.831000000000,0.460450000000,0.784550000000),
double3(0.814500000000,0.364950000000,0.786550000000),
double3(0.685700000000,0.207550000000,0.516550000000),
double3(0.624500000000,0.240400000000,0.961550000000),
double3(0.660400000000,0.160150000000,0.948400000000),
double3(0.719900000000,0.100250000000,0.924750000000),
double3(0.669000000000,0.210450000000,0.965450000000),
double3(0.685500000000,0.114950000000,0.963450000000),
double3(0.564300000000,0.292450000000,0.766550000000),
double3(0.625500000000,0.259600000000,0.711550000000),
double3(0.589600000000,0.339850000000,0.698400000000),
double3(0.530100000000,0.399750000000,0.674750000000),
double3(0.581000000000,0.289550000000,0.715450000000),
double3(0.564500000000,0.385050000000,0.713450000000),
double3(0.983450000000,0.435700000000,0.542450000000),
double3(0.538450000000,0.374500000000,0.509600000000),
double3(0.551600000000,0.410400000000,0.589850000000),
double3(0.575250000000,0.469900000000,0.649750000000),
double3(0.534550000000,0.419000000000,0.539550000000),
double3(0.536550000000,0.435500000000,0.635050000000),
double3(0.766550000000,0.064300000000,0.792450000000),
double3(0.711550000000,0.125500000000,0.759600000000),
double3(0.698400000000,0.089600000000,0.839850000000),
double3(0.674750000000,0.030100000000,0.899750000000),
double3(0.715450000000,0.081000000000,0.789550000000),
double3(0.713450000000,0.064500000000,0.885050000000),
double3(0.733450000000,0.314300000000,0.957550000000),
double3(0.788450000000,0.375500000000,0.990400000000),
double3(0.801600000000,0.339600000000,0.910150000000),
double3(0.825250000000,0.280100000000,0.850250000000),
double3(0.784550000000,0.331000000000,0.960450000000),
double3(0.786550000000,0.314500000000,0.864950000000),
double3(0.516550000000,0.185700000000,0.707550000000),
double3(0.961550000000,0.124500000000,0.740400000000),
double3(0.948400000000,0.160400000000,0.660150000000),
double3(0.924750000000,0.219900000000,0.600250000000),
double3(0.965450000000,0.169000000000,0.710450000000),
double3(0.963450000000,0.185500000000,0.614950000000),
double3(0.542450000000,0.483450000000,0.935700000000),
double3(0.509600000000,0.038450000000,0.874500000000),
double3(0.589850000000,0.051600000000,0.910400000000),
double3(0.649750000000,0.075250000000,0.969900000000),
double3(0.539550000000,0.034550000000,0.919000000000),
double3(0.635050000000,0.036550000000,0.935500000000),
double3(0.792450000000,0.266550000000,0.564300000000),
double3(0.759600000000,0.211550000000,0.625500000000),
double3(0.839850000000,0.198400000000,0.589600000000),
double3(0.899750000000,0.174750000000,0.530100000000),
double3(0.789550000000,0.215450000000,0.581000000000),
double3(0.885050000000,0.213450000000,0.564500000000),
double3(0.957550000000,0.233450000000,0.814300000000),
double3(0.990400000000,0.288450000000,0.875500000000),
double3(0.910150000000,0.301600000000,0.839600000000),
double3(0.850250000000,0.325250000000,0.780100000000),
double3(0.960450000000,0.284550000000,0.831000000000),
double3(0.864950000000,0.286550000000,0.814500000000),
double3(0.707550000000,0.016550000000,0.685700000000),
double3(0.740400000000,0.461550000000,0.624500000000),
double3(0.660150000000,0.448400000000,0.660400000000),
double3(0.600250000000,0.424750000000,0.719900000000),
double3(0.710450000000,0.465450000000,0.669000000000),
double3(0.614950000000,0.463450000000,0.685500000000),
double3(0.564300000000,0.457550000000,0.516550000000),
double3(0.625500000000,0.490400000000,0.961550000000),
double3(0.589600000000,0.410150000000,0.948400000000),
double3(0.530100000000,0.350250000000,0.924750000000),
double3(0.581000000000,0.460450000000,0.965450000000),
double3(0.564500000000,0.364950000000,0.963450000000),
double3(0.685700000000,0.042450000000,0.766550000000),
double3(0.624500000000,0.009600000000,0.711550000000),
double3(0.660400000000,0.089850000000,0.698400000000),
double3(0.719900000000,0.149750000000,0.674750000000),
double3(0.669000000000,0.039550000000,0.715450000000),
double3(0.685500000000,0.135050000000,0.713450000000),
double3(0.814300000000,0.292450000000,0.983450000000),
double3(0.875500000000,0.259600000000,0.538450000000),
double3(0.839600000000,0.339850000000,0.551600000000),
double3(0.780100000000,0.399750000000,0.575250000000),
double3(0.831000000000,0.289550000000,0.534550000000),
double3(0.814500000000,0.385050000000,0.536550000000),
double3(0.935700000000,0.207550000000,0.733450000000),
double3(0.874500000000,0.240400000000,0.788450000000),
double3(0.910400000000,0.160150000000,0.801600000000),
double3(0.969900000000,0.100250000000,0.825250000000),
double3(0.919000000000,0.210450000000,0.784550000000),
double3(0.935500000000,0.114950000000,0.786550000000),
double3(0.516550000000,0.064300000000,0.957550000000),
double3(0.961550000000,0.125500000000,0.990400000000),
double3(0.948400000000,0.089600000000,0.910150000000),
double3(0.924750000000,0.030100000000,0.850250000000),
double3(0.965450000000,0.081000000000,0.960450000000),
double3(0.963450000000,0.064500000000,0.864950000000),
double3(0.733450000000,0.435700000000,0.707550000000),
double3(0.788450000000,0.374500000000,0.740400000000),
double3(0.801600000000,0.410400000000,0.660150000000),
double3(0.825250000000,0.469900000000,0.600250000000),
double3(0.784550000000,0.419000000000,0.710450000000),
double3(0.786550000000,0.435500000000,0.614950000000),
double3(0.766550000000,0.185700000000,0.542450000000),
double3(0.711550000000,0.124500000000,0.509600000000),
double3(0.698400000000,0.160400000000,0.589850000000),
double3(0.674750000000,0.219900000000,0.649750000000),
double3(0.715450000000,0.169000000000,0.539550000000),
double3(0.713450000000,0.185500000000,0.635050000000),
double3(0.983450000000,0.314300000000,0.792450000000),
double3(0.538450000000,0.375500000000,0.759600000000),
double3(0.551600000000,0.339600000000,0.839850000000),
double3(0.575250000000,0.280100000000,0.899750000000),
double3(0.534550000000,0.331000000000,0.789550000000),
double3(0.536550000000,0.314500000000,0.885050000000),
double3(0.957550000000,0.016550000000,0.564300000000),
double3(0.990400000000,0.461550000000,0.625500000000),
double3(0.910150000000,0.448400000000,0.589600000000),
double3(0.850250000000,0.424750000000,0.530100000000),
double3(0.960450000000,0.465450000000,0.581000000000),
double3(0.864950000000,0.463450000000,0.564500000000),
double3(0.707550000000,0.233450000000,0.935700000000),
double3(0.740400000000,0.288450000000,0.874500000000),
double3(0.660150000000,0.301600000000,0.910400000000),
double3(0.600250000000,0.325250000000,0.969900000000),
double3(0.710450000000,0.284550000000,0.919000000000),
double3(0.614950000000,0.286550000000,0.935500000000),
double3(0.542450000000,0.266550000000,0.685700000000),
double3(0.509600000000,0.211550000000,0.624500000000),
double3(0.589850000000,0.198400000000,0.660400000000),
double3(0.649750000000,0.174750000000,0.719900000000),
double3(0.539550000000,0.215450000000,0.669000000000),
double3(0.635050000000,0.213450000000,0.685500000000),
double3(0.792450000000,0.483450000000,0.814300000000),
double3(0.759600000000,0.038450000000,0.875500000000),
double3(0.839850000000,0.051600000000,0.839600000000),
double3(0.899750000000,0.075250000000,0.780100000000),
double3(0.789550000000,0.034550000000,0.831000000000),
double3(0.885050000000,0.036550000000,0.814500000000),
double3(0.935700000000,0.542450000000,0.483450000000),
double3(0.874500000000,0.509600000000,0.038450000000),
double3(0.910400000000,0.589850000000,0.051600000000),
double3(0.969900000000,0.649750000000,0.075250000000),
double3(0.919000000000,0.539550000000,0.034550000000),
double3(0.935500000000,0.635050000000,0.036550000000),
double3(0.814300000000,0.957550000000,0.233450000000),
double3(0.875500000000,0.990400000000,0.288450000000),
double3(0.839600000000,0.910150000000,0.301600000000),
double3(0.780100000000,0.850250000000,0.325250000000),
double3(0.831000000000,0.960450000000,0.284550000000),
double3(0.814500000000,0.864950000000,0.286550000000),
double3(0.685700000000,0.707550000000,0.016550000000),
double3(0.624500000000,0.740400000000,0.461550000000),
double3(0.660400000000,0.660150000000,0.448400000000),
double3(0.719900000000,0.600250000000,0.424750000000),
double3(0.669000000000,0.710450000000,0.465450000000),
double3(0.685500000000,0.614950000000,0.463450000000),
double3(0.564300000000,0.792450000000,0.266550000000),
double3(0.625500000000,0.759600000000,0.211550000000),
double3(0.589600000000,0.839850000000,0.198400000000),
double3(0.530100000000,0.899750000000,0.174750000000),
double3(0.581000000000,0.789550000000,0.215450000000),
double3(0.564500000000,0.885050000000,0.213450000000),
double3(0.983450000000,0.935700000000,0.042450000000),
double3(0.538450000000,0.874500000000,0.009600000000),
double3(0.551600000000,0.910400000000,0.089850000000),
double3(0.575250000000,0.969900000000,0.149750000000),
double3(0.534550000000,0.919000000000,0.039550000000),
double3(0.536550000000,0.935500000000,0.135050000000),
double3(0.766550000000,0.564300000000,0.292450000000),
double3(0.711550000000,0.625500000000,0.259600000000),
double3(0.698400000000,0.589600000000,0.339850000000),
double3(0.674750000000,0.530100000000,0.399750000000),
double3(0.715450000000,0.581000000000,0.289550000000),
double3(0.713450000000,0.564500000000,0.385050000000),
double3(0.733450000000,0.814300000000,0.457550000000),
double3(0.788450000000,0.875500000000,0.490400000000),
double3(0.801600000000,0.839600000000,0.410150000000),
double3(0.825250000000,0.780100000000,0.350250000000),
double3(0.784550000000,0.831000000000,0.460450000000),
double3(0.786550000000,0.814500000000,0.364950000000),
double3(0.516550000000,0.685700000000,0.207550000000),
double3(0.961550000000,0.624500000000,0.240400000000),
double3(0.948400000000,0.660400000000,0.160150000000),
double3(0.924750000000,0.719900000000,0.100250000000),
double3(0.965450000000,0.669000000000,0.210450000000),
double3(0.963450000000,0.685500000000,0.114950000000),
double3(0.542450000000,0.983450000000,0.435700000000),
double3(0.509600000000,0.538450000000,0.374500000000),
double3(0.589850000000,0.551600000000,0.410400000000),
double3(0.649750000000,0.575250000000,0.469900000000),
double3(0.539550000000,0.534550000000,0.419000000000),
double3(0.635050000000,0.536550000000,0.435500000000),
double3(0.792450000000,0.766550000000,0.064300000000),
double3(0.759600000000,0.711550000000,0.125500000000),
double3(0.839850000000,0.698400000000,0.089600000000),
double3(0.899750000000,0.674750000000,0.030100000000),
double3(0.789550000000,0.715450000000,0.081000000000),
double3(0.885050000000,0.713450000000,0.064500000000),
double3(0.957550000000,0.733450000000,0.314300000000),
double3(0.990400000000,0.788450000000,0.375500000000),
double3(0.910150000000,0.801600000000,0.339600000000),
double3(0.850250000000,0.825250000000,0.280100000000),
double3(0.960450000000,0.784550000000,0.331000000000),
double3(0.864950000000,0.786550000000,0.314500000000),
double3(0.707550000000,0.516550000000,0.185700000000),
double3(0.740400000000,0.961550000000,0.124500000000),
double3(0.660150000000,0.948400000000,0.160400000000),
double3(0.600250000000,0.924750000000,0.219900000000),
double3(0.710450000000,0.965450000000,0.169000000000),
double3(0.614950000000,0.963450000000,0.185500000000),
double3(0.564300000000,0.957550000000,0.016550000000),
double3(0.625500000000,0.990400000000,0.461550000000),
double3(0.589600000000,0.910150000000,0.448400000000),
double3(0.530100000000,0.850250000000,0.424750000000),
double3(0.581000000000,0.960450000000,0.465450000000),
double3(0.564500000000,0.864950000000,0.463450000000),
double3(0.685700000000,0.542450000000,0.266550000000),
double3(0.624500000000,0.509600000000,0.211550000000),
double3(0.660400000000,0.589850000000,0.198400000000),
double3(0.719900000000,0.649750000000,0.174750000000),
double3(0.669000000000,0.539550000000,0.215450000000),
double3(0.685500000000,0.635050000000,0.213450000000),
double3(0.814300000000,0.792450000000,0.483450000000),
double3(0.875500000000,0.759600000000,0.038450000000),
double3(0.839600000000,0.839850000000,0.051600000000),
double3(0.780100000000,0.899750000000,0.075250000000),
double3(0.831000000000,0.789550000000,0.034550000000),
double3(0.814500000000,0.885050000000,0.036550000000),
double3(0.935700000000,0.707550000000,0.233450000000),
double3(0.874500000000,0.740400000000,0.288450000000),
double3(0.910400000000,0.660150000000,0.301600000000),
double3(0.969900000000,0.600250000000,0.325250000000),
double3(0.919000000000,0.710450000000,0.284550000000),
double3(0.935500000000,0.614950000000,0.286550000000),
double3(0.516550000000,0.564300000000,0.457550000000),
double3(0.961550000000,0.625500000000,0.490400000000),
double3(0.948400000000,0.589600000000,0.410150000000),
double3(0.924750000000,0.530100000000,0.350250000000),
double3(0.965450000000,0.581000000000,0.460450000000),
double3(0.963450000000,0.564500000000,0.364950000000),
double3(0.733450000000,0.935700000000,0.207550000000),
double3(0.788450000000,0.874500000000,0.240400000000),
double3(0.801600000000,0.910400000000,0.160150000000),
double3(0.825250000000,0.969900000000,0.100250000000),
double3(0.784550000000,0.919000000000,0.210450000000),
double3(0.786550000000,0.935500000000,0.114950000000),
double3(0.766550000000,0.685700000000,0.042450000000),
double3(0.711550000000,0.624500000000,0.009600000000),
double3(0.698400000000,0.660400000000,0.089850000000),
double3(0.674750000000,0.719900000000,0.149750000000),
double3(0.715450000000,0.669000000000,0.039550000000),
double3(0.713450000000,0.685500000000,0.135050000000),
double3(0.983450000000,0.814300000000,0.292450000000),
double3(0.538450000000,0.875500000000,0.259600000000),
double3(0.551600000000,0.839600000000,0.339850000000),
double3(0.575250000000,0.780100000000,0.399750000000),
double3(0.534550000000,0.831000000000,0.289550000000),
double3(0.536550000000,0.814500000000,0.385050000000),
double3(0.957550000000,0.516550000000,0.064300000000),
double3(0.990400000000,0.961550000000,0.125500000000),
double3(0.910150000000,0.948400000000,0.089600000000),
double3(0.850250000000,0.924750000000,0.030100000000),
double3(0.960450000000,0.965450000000,0.081000000000),
double3(0.864950000000,0.963450000000,0.064500000000),
double3(0.707550000000,0.733450000000,0.435700000000),
double3(0.740400000000,0.788450000000,0.374500000000),
double3(0.660150000000,0.801600000000,0.410400000000),
double3(0.600250000000,0.825250000000,0.469900000000),
double3(0.710450000000,0.784550000000,0.419000000000),
double3(0.614950000000,0.786550000000,0.435500000000),
double3(0.542450000000,0.766550000000,0.185700000000),
double3(0.509600000000,0.711550000000,0.124500000000),
double3(0.589850000000,0.698400000000,0.160400000000),
double3(0.649750000000,0.674750000000,0.219900000000),
double3(0.539550000000,0.715450000000,0.169000000000),
double3(0.635050000000,0.713450000000,0.185500000000),
double3(0.792450000000,0.983450000000,0.314300000000),
double3(0.759600000000,0.538450000000,0.375500000000),
double3(0.839850000000,0.551600000000,0.339600000000),
double3(0.899750000000,0.575250000000,0.280100000000),
double3(0.789550000000,0.534550000000,0.331000000000),
double3(0.885050000000,0.536550000000,0.314500000000),
double3(0.935700000000,0.542450000000,0.983450000000),
double3(0.874500000000,0.509600000000,0.538450000000),
double3(0.910400000000,0.589850000000,0.551600000000),
double3(0.969900000000,0.649750000000,0.575250000000),
double3(0.919000000000,0.539550000000,0.534550000000),
double3(0.935500000000,0.635050000000,0.536550000000),
double3(0.814300000000,0.957550000000,0.733450000000),
double3(0.875500000000,0.990400000000,0.788450000000),
double3(0.839600000000,0.910150000000,0.801600000000),
double3(0.780100000000,0.850250000000,0.825250000000),
double3(0.831000000000,0.960450000000,0.784550000000),
double3(0.814500000000,0.864950000000,0.786550000000),
double3(0.685700000000,0.707550000000,0.516550000000),
double3(0.624500000000,0.740400000000,0.961550000000),
double3(0.660400000000,0.660150000000,0.948400000000),
double3(0.719900000000,0.600250000000,0.924750000000),
double3(0.669000000000,0.710450000000,0.965450000000),
double3(0.685500000000,0.614950000000,0.963450000000),
double3(0.564300000000,0.792450000000,0.766550000000),
double3(0.625500000000,0.759600000000,0.711550000000),
double3(0.589600000000,0.839850000000,0.698400000000),
double3(0.530100000000,0.899750000000,0.674750000000),
double3(0.581000000000,0.789550000000,0.715450000000),
double3(0.564500000000,0.885050000000,0.713450000000),
double3(0.983450000000,0.935700000000,0.542450000000),
double3(0.538450000000,0.874500000000,0.509600000000),
double3(0.551600000000,0.910400000000,0.589850000000),
double3(0.575250000000,0.969900000000,0.649750000000),
double3(0.534550000000,0.919000000000,0.539550000000),
double3(0.536550000000,0.935500000000,0.635050000000),
double3(0.766550000000,0.564300000000,0.792450000000),
double3(0.711550000000,0.625500000000,0.759600000000),
double3(0.698400000000,0.589600000000,0.839850000000),
double3(0.674750000000,0.530100000000,0.899750000000),
double3(0.715450000000,0.581000000000,0.789550000000),
double3(0.713450000000,0.564500000000,0.885050000000),
double3(0.733450000000,0.814300000000,0.957550000000),
double3(0.788450000000,0.875500000000,0.990400000000),
double3(0.801600000000,0.839600000000,0.910150000000),
double3(0.825250000000,0.780100000000,0.850250000000),
double3(0.784550000000,0.831000000000,0.960450000000),
double3(0.786550000000,0.814500000000,0.864950000000),
double3(0.516550000000,0.685700000000,0.707550000000),
double3(0.961550000000,0.624500000000,0.740400000000),
double3(0.948400000000,0.660400000000,0.660150000000),
double3(0.924750000000,0.719900000000,0.600250000000),
double3(0.965450000000,0.669000000000,0.710450000000),
double3(0.963450000000,0.685500000000,0.614950000000),
double3(0.542450000000,0.983450000000,0.935700000000),
double3(0.509600000000,0.538450000000,0.874500000000),
double3(0.589850000000,0.551600000000,0.910400000000),
double3(0.649750000000,0.575250000000,0.969900000000),
double3(0.539550000000,0.534550000000,0.919000000000),
double3(0.635050000000,0.536550000000,0.935500000000),
double3(0.792450000000,0.766550000000,0.564300000000),
double3(0.759600000000,0.711550000000,0.625500000000),
double3(0.839850000000,0.698400000000,0.589600000000),
double3(0.899750000000,0.674750000000,0.530100000000),
double3(0.789550000000,0.715450000000,0.581000000000),
double3(0.885050000000,0.713450000000,0.564500000000),
double3(0.957550000000,0.733450000000,0.814300000000),
double3(0.990400000000,0.788450000000,0.875500000000),
double3(0.910150000000,0.801600000000,0.839600000000),
double3(0.850250000000,0.825250000000,0.780100000000),
double3(0.960450000000,0.784550000000,0.831000000000),
double3(0.864950000000,0.786550000000,0.814500000000),
double3(0.707550000000,0.516550000000,0.685700000000),
double3(0.740400000000,0.961550000000,0.624500000000),
double3(0.660150000000,0.948400000000,0.660400000000),
double3(0.600250000000,0.924750000000,0.719900000000),
double3(0.710450000000,0.965450000000,0.669000000000),
double3(0.614950000000,0.963450000000,0.685500000000),
double3(0.564300000000,0.957550000000,0.516550000000),
double3(0.625500000000,0.990400000000,0.961550000000),
double3(0.589600000000,0.910150000000,0.948400000000),
double3(0.530100000000,0.850250000000,0.924750000000),
double3(0.581000000000,0.960450000000,0.965450000000),
double3(0.564500000000,0.864950000000,0.963450000000),
double3(0.685700000000,0.542450000000,0.766550000000),
double3(0.624500000000,0.509600000000,0.711550000000),
double3(0.660400000000,0.589850000000,0.698400000000),
double3(0.719900000000,0.649750000000,0.674750000000),
double3(0.669000000000,0.539550000000,0.715450000000),
double3(0.685500000000,0.635050000000,0.713450000000),
double3(0.814300000000,0.792450000000,0.983450000000),
double3(0.875500000000,0.759600000000,0.538450000000),
double3(0.839600000000,0.839850000000,0.551600000000),
double3(0.780100000000,0.899750000000,0.575250000000),
double3(0.831000000000,0.789550000000,0.534550000000),
double3(0.814500000000,0.885050000000,0.536550000000),
double3(0.935700000000,0.707550000000,0.733450000000),
double3(0.874500000000,0.740400000000,0.788450000000),
double3(0.910400000000,0.660150000000,0.801600000000),
double3(0.969900000000,0.600250000000,0.825250000000),
double3(0.919000000000,0.710450000000,0.784550000000),
double3(0.935500000000,0.614950000000,0.786550000000),
double3(0.516550000000,0.564300000000,0.957550000000),
double3(0.961550000000,0.625500000000,0.990400000000),
double3(0.948400000000,0.589600000000,0.910150000000),
double3(0.924750000000,0.530100000000,0.850250000000),
double3(0.965450000000,0.581000000000,0.960450000000),
double3(0.963450000000,0.564500000000,0.864950000000),
double3(0.733450000000,0.935700000000,0.707550000000),
double3(0.788450000000,0.874500000000,0.740400000000),
double3(0.801600000000,0.910400000000,0.660150000000),
double3(0.825250000000,0.969900000000,0.600250000000),
double3(0.784550000000,0.919000000000,0.710450000000),
double3(0.786550000000,0.935500000000,0.614950000000),
double3(0.766550000000,0.685700000000,0.542450000000),
double3(0.711550000000,0.624500000000,0.509600000000),
double3(0.698400000000,0.660400000000,0.589850000000),
double3(0.674750000000,0.719900000000,0.649750000000),
double3(0.715450000000,0.669000000000,0.539550000000),
double3(0.713450000000,0.685500000000,0.635050000000),
double3(0.983450000000,0.814300000000,0.792450000000),
double3(0.538450000000,0.875500000000,0.759600000000),
double3(0.551600000000,0.839600000000,0.839850000000),
double3(0.575250000000,0.780100000000,0.899750000000),
double3(0.534550000000,0.831000000000,0.789550000000),
double3(0.536550000000,0.814500000000,0.885050000000),
double3(0.957550000000,0.516550000000,0.564300000000),
double3(0.990400000000,0.961550000000,0.625500000000),
double3(0.910150000000,0.948400000000,0.589600000000),
double3(0.850250000000,0.924750000000,0.530100000000),
double3(0.960450000000,0.965450000000,0.581000000000),
double3(0.864950000000,0.963450000000,0.564500000000),
double3(0.707550000000,0.733450000000,0.935700000000),
double3(0.740400000000,0.788450000000,0.874500000000),
double3(0.660150000000,0.801600000000,0.910400000000),
double3(0.600250000000,0.825250000000,0.969900000000),
double3(0.710450000000,0.784550000000,0.919000000000),
double3(0.614950000000,0.786550000000,0.935500000000),
double3(0.542450000000,0.766550000000,0.685700000000),
double3(0.509600000000,0.711550000000,0.624500000000),
double3(0.589850000000,0.698400000000,0.660400000000),
double3(0.649750000000,0.674750000000,0.719900000000),
double3(0.539550000000,0.715450000000,0.669000000000),
double3(0.635050000000,0.713450000000,0.685500000000),
double3(0.792450000000,0.983450000000,0.814300000000),
double3(0.759600000000,0.538450000000,0.875500000000),
double3(0.839850000000,0.551600000000,0.839600000000),
double3(0.899750000000,0.575250000000,0.780100000000),
double3(0.789550000000,0.534550000000,0.831000000000),
double3(0.885050000000,0.536550000000,0.814500000000),
