 # Derivative distribution function -dV(r)/dr (or -dV(d)/dd) vs d
  0.1250000      0.0000000E+00
  0.3750000      0.0000000E+00
  0.6250000      0.0000000E+00
  0.8750000      0.0000000E+00
   1.125000      0.0000000E+00
   1.375000      0.0000000E+00
   1.625000      0.0000000E+00
   1.875000      0.0000000E+00
   2.125000      0.0000000E+00
   2.375000      0.0000000E+00
   2.625000      0.0000000E+00
   2.875000      0.0000000E+00
   3.125000      3.2234192E-03
   3.375000      1.2893677E-02
   3.625000      2.4795413E-02
   3.875000      3.0002475E-02
   4.125000      2.7522922E-02
   4.375000      2.5043368E-02
   4.625000      2.5787234E-02
   4.875000      3.3721805E-02
   5.125000      4.4135928E-02
   5.375000      0.2090255    
   5.625000      0.3873047    
   5.875000      0.2350607    
   6.125000      6.6203833E-02
   6.375000      6.3972235E-02
   6.625000      6.3724279E-02
   6.875000      6.1988592E-02
   7.125000      7.0667028E-02
   7.375000      0.3657327    
   7.625000      0.3768906    
   7.875000      9.9181712E-02
   8.125000      0.1009175    
   8.375000      0.2167121    
   8.625000      0.8088271    
   8.875000      0.6466650    
   9.125000      0.0000000E+00
   9.375000      0.0000000E+00
   9.625000      0.0000000E+00
   9.875000      0.0000000E+00
   10.12500      0.0000000E+00
   10.37500      0.0000000E+00
   10.62500      0.0000000E+00
   10.87500      0.0000000E+00
   11.12500      0.0000000E+00
   11.37500      0.0000000E+00
   11.62500      0.0000000E+00
   11.87500      0.0000000E+00
   12.12500      0.0000000E+00
   12.37500      0.0000000E+00
   12.62500      0.0000000E+00
   12.87500      0.0000000E+00
   13.12500      0.0000000E+00
   13.37500      0.0000000E+00
   13.62500      0.0000000E+00
   13.87500      0.0000000E+00
   14.12500      0.0000000E+00
   14.37500      0.0000000E+00
   14.62500      0.0000000E+00
   14.87500      0.0000000E+00
   15.12500      0.0000000E+00
   15.37500      0.0000000E+00
   15.62500      0.0000000E+00
   15.87500      0.0000000E+00
   16.12500      0.0000000E+00
   16.37500      0.0000000E+00
   16.62500      0.0000000E+00
   16.87500      0.0000000E+00
   17.12500      0.0000000E+00
   17.37500      0.0000000E+00
   17.62500      0.0000000E+00
   17.87500      0.0000000E+00
   18.12500      0.0000000E+00
   18.37500      0.0000000E+00
   18.62500      0.0000000E+00
   18.87500      0.0000000E+00
   19.12500      0.0000000E+00
   19.37500      0.0000000E+00
