[double3(13.058000000000,0.000000000000,0.000000000000),double3(-6.529000000000,11.308559722617,0.000000000000),double3(0.000000000000,0.000000000000,25.919000000000)]

double3(0.193466666667,0.146233333333,0.177600000000),
double3(0.139466666667,0.073900000000,0.153500000000),
double3(0.189000000000,0.120433333333,0.082800000000),
double3(0.133900000000,0.133900000000,0.118300000000),
double3(0.110433333333,0.000000000000,0.182200000000),
double3(0.145766666667,0.057100000000,0.250000000000),
double3(0.222233333333,0.111100000000,0.000000000000),
double3(0.163933333333,0.118633333333,0.133000000000),
double3(0.145666666667,0.044566666667,0.190800000000),
double3(0.222233333333,0.111100000000,0.062000000000),
double3(0.047233333333,0.193466666667,0.677600000000),
double3(0.065566666667,0.139466666667,0.653500000000),
double3(0.068566666667,0.189000000000,0.582800000000),
double3(0.000000000000,0.133900000000,0.618300000000),
double3(0.110433333333,0.110433333333,0.682200000000),
double3(0.088666666667,0.145766666667,0.750000000000),
double3(0.111133333333,0.222233333333,0.500000000000),
double3(0.045300000000,0.163933333333,0.633000000000),
double3(0.101100000000,0.145666666667,0.690800000000),
double3(0.111133333333,0.222233333333,0.562000000000),
double3(0.187100000000,0.047233333333,0.177600000000),
double3(0.259433333333,0.065566666667,0.153500000000),
double3(0.212900000000,0.068566666667,0.082800000000),
double3(0.199433333333,0.000000000000,0.118300000000),
double3(0.000000000000,0.110433333333,0.182200000000),
double3(0.276233333333,0.088666666667,0.250000000000),
double3(0.214700000000,0.045300000000,0.133000000000),
double3(0.288766666667,0.101100000000,0.190800000000),
double3(0.139866666667,0.187100000000,0.677600000000),
double3(0.193866666667,0.259433333333,0.653500000000),
double3(0.144333333333,0.212900000000,0.582800000000),
double3(0.199433333333,0.199433333333,0.618300000000),
double3(0.222900000000,0.000000000000,0.682200000000),
double3(0.187566666667,0.276233333333,0.750000000000),
double3(0.169400000000,0.214700000000,0.633000000000),
double3(0.187666666667,0.288766666667,0.690800000000),
double3(0.286100000000,0.139866666667,0.177600000000),
double3(0.267766666667,0.193866666667,0.153500000000),
double3(0.264766666667,0.144333333333,0.082800000000),
double3(0.000000000000,0.199433333333,0.118300000000),
double3(0.222900000000,0.222900000000,0.182200000000),
double3(0.244666666667,0.187566666667,0.250000000000),
double3(0.288033333333,0.169400000000,0.133000000000),
double3(0.232233333333,0.187666666667,0.190800000000),
double3(0.146233333333,0.286100000000,0.677600000000),
double3(0.073900000000,0.267766666667,0.653500000000),
double3(0.120433333333,0.264766666667,0.582800000000),
double3(0.133900000000,0.000000000000,0.618300000000),
double3(0.000000000000,0.222900000000,0.682200000000),
double3(0.057100000000,0.244666666667,0.750000000000),
double3(0.118633333333,0.288033333333,0.633000000000),
double3(0.044566666667,0.232233333333,0.690800000000),
double3(0.187100000000,0.139866666667,0.822400000000),
double3(0.259433333333,0.193866666667,0.846500000000),
double3(0.212900000000,0.144333333333,0.917200000000),
double3(0.199433333333,0.199433333333,0.881700000000),
double3(0.000000000000,0.222900000000,0.817800000000),
double3(0.276233333333,0.187566666667,0.750000000000),
double3(0.214700000000,0.169400000000,0.867000000000),
double3(0.288766666667,0.187666666667,0.809200000000),
double3(0.222233333333,0.111100000000,0.938000000000),
double3(0.047233333333,0.187100000000,0.322400000000),
double3(0.065566666667,0.259433333333,0.346500000000),
double3(0.068566666667,0.212900000000,0.417200000000),
double3(0.000000000000,0.199433333333,0.381700000000),
double3(0.110433333333,0.000000000000,0.317800000000),
double3(0.088666666667,0.276233333333,0.250000000000),
double3(0.045300000000,0.214700000000,0.367000000000),
double3(0.101100000000,0.288766666667,0.309200000000),
double3(0.111133333333,0.222233333333,0.438000000000),
double3(0.193466666667,0.047233333333,0.822400000000),
double3(0.139466666667,0.065566666667,0.846500000000),
double3(0.189000000000,0.068566666667,0.917200000000),
double3(0.133900000000,0.000000000000,0.881700000000),
double3(0.110433333333,0.110433333333,0.817800000000),
double3(0.145766666667,0.088666666667,0.750000000000),
double3(0.163933333333,0.045300000000,0.867000000000),
double3(0.145666666667,0.101100000000,0.809200000000),
double3(0.146233333333,0.193466666667,0.322400000000),
double3(0.073900000000,0.139466666667,0.346500000000),
double3(0.120433333333,0.189000000000,0.417200000000),
double3(0.133900000000,0.133900000000,0.381700000000),
double3(0.000000000000,0.110433333333,0.317800000000),
double3(0.057100000000,0.145766666667,0.250000000000),
double3(0.118633333333,0.163933333333,0.367000000000),
double3(0.044566666667,0.145666666667,0.309200000000),
double3(0.286100000000,0.146233333333,0.822400000000),
double3(0.267766666667,0.073900000000,0.846500000000),
double3(0.264766666667,0.120433333333,0.917200000000),
double3(0.000000000000,0.133900000000,0.881700000000),
double3(0.222900000000,0.000000000000,0.817800000000),
double3(0.244666666667,0.057100000000,0.750000000000),
double3(0.288033333333,0.118633333333,0.867000000000),
double3(0.232233333333,0.044566666667,0.809200000000),
double3(0.139866666667,0.286100000000,0.322400000000),
double3(0.193866666667,0.267766666667,0.346500000000),
double3(0.144333333333,0.264766666667,0.417200000000),
double3(0.199433333333,0.000000000000,0.381700000000),
double3(0.222900000000,0.222900000000,0.317800000000),
double3(0.187566666667,0.244666666667,0.250000000000),
double3(0.169400000000,0.288033333333,0.367000000000),
double3(0.187666666667,0.232233333333,0.309200000000),
double3(0.139866666667,0.187100000000,0.822400000000),
double3(0.193866666667,0.259433333333,0.846500000000),
double3(0.144333333333,0.212900000000,0.917200000000),
double3(0.111100000000,0.222233333333,0.000000000000),
double3(0.169400000000,0.214700000000,0.867000000000),
double3(0.187666666667,0.288766666667,0.809200000000),
double3(0.111100000000,0.222233333333,0.938000000000),
double3(0.286100000000,0.139866666667,0.322400000000),
double3(0.267766666667,0.193866666667,0.346500000000),
double3(0.264766666667,0.144333333333,0.417200000000),
double3(0.222200000000,0.111100000000,0.500000000000),
double3(0.288033333333,0.169400000000,0.367000000000),
double3(0.232233333333,0.187666666667,0.309200000000),
double3(0.222200000000,0.111100000000,0.438000000000),
double3(0.146233333333,0.286100000000,0.822400000000),
double3(0.073900000000,0.267766666667,0.846500000000),
double3(0.120433333333,0.264766666667,0.917200000000),
double3(0.118633333333,0.288033333333,0.867000000000),
double3(0.044566666667,0.232233333333,0.809200000000),
double3(0.193466666667,0.146233333333,0.322400000000),
double3(0.139466666667,0.073900000000,0.346500000000),
double3(0.189000000000,0.120433333333,0.417200000000),
double3(0.163933333333,0.118633333333,0.367000000000),
double3(0.145666666667,0.044566666667,0.309200000000),
double3(0.047233333333,0.193466666667,0.822400000000),
double3(0.065566666667,0.139466666667,0.846500000000),
double3(0.068566666667,0.189000000000,0.917200000000),
double3(0.045300000000,0.163933333333,0.867000000000),
double3(0.101100000000,0.145666666667,0.809200000000),
double3(0.187100000000,0.047233333333,0.322400000000),
double3(0.259433333333,0.065566666667,0.346500000000),
double3(0.212900000000,0.068566666667,0.417200000000),
double3(0.214700000000,0.045300000000,0.367000000000),
double3(0.288766666667,0.101100000000,0.309200000000),
double3(0.146233333333,0.193466666667,0.177600000000),
double3(0.073900000000,0.139466666667,0.153500000000),
double3(0.120433333333,0.189000000000,0.082800000000),
double3(0.118633333333,0.163933333333,0.133000000000),
double3(0.044566666667,0.145666666667,0.190800000000),
double3(0.111100000000,0.222233333333,0.062000000000),
double3(0.286100000000,0.146233333333,0.677600000000),
double3(0.267766666667,0.073900000000,0.653500000000),
double3(0.264766666667,0.120433333333,0.582800000000),
double3(0.288033333333,0.118633333333,0.633000000000),
double3(0.232233333333,0.044566666667,0.690800000000),
double3(0.222200000000,0.111100000000,0.562000000000),
double3(0.139866666667,0.286100000000,0.177600000000),
double3(0.193866666667,0.267766666667,0.153500000000),
double3(0.144333333333,0.264766666667,0.082800000000),
double3(0.169400000000,0.288033333333,0.133000000000),
double3(0.187666666667,0.232233333333,0.190800000000),
double3(0.187100000000,0.139866666667,0.677600000000),
double3(0.259433333333,0.193866666667,0.653500000000),
double3(0.212900000000,0.144333333333,0.582800000000),
double3(0.214700000000,0.169400000000,0.633000000000),
double3(0.288766666667,0.187666666667,0.690800000000),
double3(0.047233333333,0.187100000000,0.177600000000),
double3(0.065566666667,0.259433333333,0.153500000000),
double3(0.068566666667,0.212900000000,0.082800000000),
double3(0.045300000000,0.214700000000,0.133000000000),
double3(0.101100000000,0.288766666667,0.190800000000),
double3(0.193466666667,0.047233333333,0.677600000000),
double3(0.139466666667,0.065566666667,0.653500000000),
double3(0.189000000000,0.068566666667,0.582800000000),
double3(0.163933333333,0.045300000000,0.633000000000),
double3(0.145666666667,0.101100000000,0.690800000000),
double3(0.193466666667,0.479566666667,0.177600000000),
double3(0.139466666667,0.407233333333,0.153500000000),
double3(0.189000000000,0.453766666667,0.082800000000),
double3(0.133900000000,0.467233333333,0.118300000000),
double3(0.110433333333,0.333333333333,0.182200000000),
double3(0.145766666667,0.390433333333,0.250000000000),
double3(0.222233333333,0.444433333333,0.000000000000),
double3(0.163933333333,0.451966666667,0.133000000000),
double3(0.145666666667,0.377900000000,0.190800000000),
double3(0.222233333333,0.444433333333,0.062000000000),
double3(0.047233333333,0.526800000000,0.677600000000),
double3(0.065566666667,0.472800000000,0.653500000000),
double3(0.068566666667,0.522333333333,0.582800000000),
double3(0.000000000000,0.467233333333,0.618300000000),
double3(0.110433333333,0.443766666667,0.682200000000),
double3(0.088666666667,0.479100000000,0.750000000000),
double3(0.111133333333,0.555566666667,0.500000000000),
double3(0.045300000000,0.497266666667,0.633000000000),
double3(0.101100000000,0.479000000000,0.690800000000),
double3(0.111133333333,0.555566666667,0.562000000000),
double3(0.187100000000,0.380566666667,0.177600000000),
double3(0.259433333333,0.398900000000,0.153500000000),
double3(0.212900000000,0.401900000000,0.082800000000),
double3(0.199433333333,0.333333333333,0.118300000000),
double3(0.000000000000,0.443766666667,0.182200000000),
double3(0.276233333333,0.422000000000,0.250000000000),
double3(0.214700000000,0.378633333333,0.133000000000),
double3(0.288766666667,0.434433333333,0.190800000000),
double3(0.139866666667,0.520433333333,0.677600000000),
double3(0.193866666667,0.592766666667,0.653500000000),
double3(0.144333333333,0.546233333333,0.582800000000),
double3(0.199433333333,0.532766666667,0.618300000000),
double3(0.222900000000,0.333333333333,0.682200000000),
double3(0.187566666667,0.609566666667,0.750000000000),
double3(0.169400000000,0.548033333333,0.633000000000),
double3(0.187666666667,0.622100000000,0.690800000000),
double3(0.286100000000,0.473200000000,0.177600000000),
double3(0.267766666667,0.527200000000,0.153500000000),
double3(0.264766666667,0.477666666667,0.082800000000),
double3(0.000000000000,0.532766666667,0.118300000000),
double3(0.222900000000,0.556233333333,0.182200000000),
double3(0.244666666667,0.520900000000,0.250000000000),
double3(0.288033333333,0.502733333333,0.133000000000),
double3(0.232233333333,0.521000000000,0.190800000000),
double3(0.146233333333,0.619433333333,0.677600000000),
double3(0.073900000000,0.601100000000,0.653500000000),
double3(0.120433333333,0.598100000000,0.582800000000),
double3(0.133900000000,0.333333333333,0.618300000000),
double3(0.000000000000,0.556233333333,0.682200000000),
double3(0.057100000000,0.578000000000,0.750000000000),
double3(0.118633333333,0.621366666667,0.633000000000),
double3(0.044566666667,0.565566666667,0.690800000000),
double3(0.187100000000,0.473200000000,0.822400000000),
double3(0.259433333333,0.527200000000,0.846500000000),
double3(0.212900000000,0.477666666667,0.917200000000),
double3(0.199433333333,0.532766666667,0.881700000000),
double3(0.000000000000,0.556233333333,0.817800000000),
double3(0.276233333333,0.520900000000,0.750000000000),
double3(0.214700000000,0.502733333333,0.867000000000),
double3(0.288766666667,0.521000000000,0.809200000000),
double3(0.222233333333,0.444433333333,0.938000000000),
double3(0.047233333333,0.520433333333,0.322400000000),
double3(0.065566666667,0.592766666667,0.346500000000),
double3(0.068566666667,0.546233333333,0.417200000000),
double3(0.000000000000,0.532766666667,0.381700000000),
double3(0.110433333333,0.333333333333,0.317800000000),
double3(0.088666666667,0.609566666667,0.250000000000),
double3(0.045300000000,0.548033333333,0.367000000000),
double3(0.101100000000,0.622100000000,0.309200000000),
double3(0.111133333333,0.555566666667,0.438000000000),
double3(0.193466666667,0.380566666667,0.822400000000),
double3(0.139466666667,0.398900000000,0.846500000000),
double3(0.189000000000,0.401900000000,0.917200000000),
double3(0.133900000000,0.333333333333,0.881700000000),
double3(0.110433333333,0.443766666667,0.817800000000),
double3(0.145766666667,0.422000000000,0.750000000000),
double3(0.163933333333,0.378633333333,0.867000000000),
double3(0.145666666667,0.434433333333,0.809200000000),
double3(0.146233333333,0.526800000000,0.322400000000),
double3(0.073900000000,0.472800000000,0.346500000000),
double3(0.120433333333,0.522333333333,0.417200000000),
double3(0.133900000000,0.467233333333,0.381700000000),
double3(0.000000000000,0.443766666667,0.317800000000),
double3(0.057100000000,0.479100000000,0.250000000000),
double3(0.118633333333,0.497266666667,0.367000000000),
double3(0.044566666667,0.479000000000,0.309200000000),
double3(0.286100000000,0.479566666667,0.822400000000),
double3(0.267766666667,0.407233333333,0.846500000000),
double3(0.264766666667,0.453766666667,0.917200000000),
double3(0.000000000000,0.467233333333,0.881700000000),
double3(0.222900000000,0.333333333333,0.817800000000),
double3(0.244666666667,0.390433333333,0.750000000000),
double3(0.288033333333,0.451966666667,0.867000000000),
double3(0.232233333333,0.377900000000,0.809200000000),
double3(0.139866666667,0.619433333333,0.322400000000),
double3(0.193866666667,0.601100000000,0.346500000000),
double3(0.144333333333,0.598100000000,0.417200000000),
double3(0.199433333333,0.333333333333,0.381700000000),
double3(0.222900000000,0.556233333333,0.317800000000),
double3(0.187566666667,0.578000000000,0.250000000000),
double3(0.169400000000,0.621366666667,0.367000000000),
double3(0.187666666667,0.565566666667,0.309200000000),
double3(0.139866666667,0.520433333333,0.822400000000),
double3(0.193866666667,0.592766666667,0.846500000000),
double3(0.144333333333,0.546233333333,0.917200000000),
double3(0.111100000000,0.555566666667,0.000000000000),
double3(0.169400000000,0.548033333333,0.867000000000),
double3(0.187666666667,0.622100000000,0.809200000000),
double3(0.111100000000,0.555566666667,0.938000000000),
double3(0.286100000000,0.473200000000,0.322400000000),
double3(0.267766666667,0.527200000000,0.346500000000),
double3(0.264766666667,0.477666666667,0.417200000000),
double3(0.222200000000,0.444433333333,0.500000000000),
double3(0.288033333333,0.502733333333,0.367000000000),
double3(0.232233333333,0.521000000000,0.309200000000),
double3(0.222200000000,0.444433333333,0.438000000000),
double3(0.146233333333,0.619433333333,0.822400000000),
double3(0.073900000000,0.601100000000,0.846500000000),
double3(0.120433333333,0.598100000000,0.917200000000),
double3(0.118633333333,0.621366666667,0.867000000000),
double3(0.044566666667,0.565566666667,0.809200000000),
double3(0.193466666667,0.479566666667,0.322400000000),
double3(0.139466666667,0.407233333333,0.346500000000),
double3(0.189000000000,0.453766666667,0.417200000000),
double3(0.163933333333,0.451966666667,0.367000000000),
double3(0.145666666667,0.377900000000,0.309200000000),
double3(0.047233333333,0.526800000000,0.822400000000),
double3(0.065566666667,0.472800000000,0.846500000000),
double3(0.068566666667,0.522333333333,0.917200000000),
double3(0.045300000000,0.497266666667,0.867000000000),
double3(0.101100000000,0.479000000000,0.809200000000),
double3(0.187100000000,0.380566666667,0.322400000000),
double3(0.259433333333,0.398900000000,0.346500000000),
double3(0.212900000000,0.401900000000,0.417200000000),
double3(0.214700000000,0.378633333333,0.367000000000),
double3(0.288766666667,0.434433333333,0.309200000000),
double3(0.146233333333,0.526800000000,0.177600000000),
double3(0.073900000000,0.472800000000,0.153500000000),
double3(0.120433333333,0.522333333333,0.082800000000),
double3(0.118633333333,0.497266666667,0.133000000000),
double3(0.044566666667,0.479000000000,0.190800000000),
double3(0.111100000000,0.555566666667,0.062000000000),
double3(0.286100000000,0.479566666667,0.677600000000),
double3(0.267766666667,0.407233333333,0.653500000000),
double3(0.264766666667,0.453766666667,0.582800000000),
double3(0.288033333333,0.451966666667,0.633000000000),
double3(0.232233333333,0.377900000000,0.690800000000),
double3(0.222200000000,0.444433333333,0.562000000000),
double3(0.139866666667,0.619433333333,0.177600000000),
double3(0.193866666667,0.601100000000,0.153500000000),
double3(0.144333333333,0.598100000000,0.082800000000),
double3(0.169400000000,0.621366666667,0.133000000000),
double3(0.187666666667,0.565566666667,0.190800000000),
double3(0.187100000000,0.473200000000,0.677600000000),
double3(0.259433333333,0.527200000000,0.653500000000),
double3(0.212900000000,0.477666666667,0.582800000000),
double3(0.214700000000,0.502733333333,0.633000000000),
double3(0.288766666667,0.521000000000,0.690800000000),
double3(0.047233333333,0.520433333333,0.177600000000),
double3(0.065566666667,0.592766666667,0.153500000000),
double3(0.068566666667,0.546233333333,0.082800000000),
double3(0.045300000000,0.548033333333,0.133000000000),
double3(0.101100000000,0.622100000000,0.190800000000),
double3(0.193466666667,0.380566666667,0.677600000000),
double3(0.139466666667,0.398900000000,0.653500000000),
double3(0.189000000000,0.401900000000,0.582800000000),
double3(0.163933333333,0.378633333333,0.633000000000),
double3(0.145666666667,0.434433333333,0.690800000000),
double3(0.193466666667,0.812900000000,0.177600000000),
double3(0.139466666667,0.740566666667,0.153500000000),
double3(0.189000000000,0.787100000000,0.082800000000),
double3(0.133900000000,0.800566666667,0.118300000000),
double3(0.110433333333,0.666666666667,0.182200000000),
double3(0.145766666667,0.723766666667,0.250000000000),
double3(0.222233333333,0.777766666667,0.000000000000),
double3(0.163933333333,0.785300000000,0.133000000000),
double3(0.145666666667,0.711233333333,0.190800000000),
double3(0.222233333333,0.777766666667,0.062000000000),
double3(0.047233333333,0.860133333333,0.677600000000),
double3(0.065566666667,0.806133333333,0.653500000000),
double3(0.068566666667,0.855666666667,0.582800000000),
double3(0.000000000000,0.800566666667,0.618300000000),
double3(0.110433333333,0.777100000000,0.682200000000),
double3(0.088666666667,0.812433333333,0.750000000000),
double3(0.111133333333,0.888900000000,0.500000000000),
double3(0.045300000000,0.830600000000,0.633000000000),
double3(0.101100000000,0.812333333333,0.690800000000),
double3(0.111133333333,0.888900000000,0.562000000000),
double3(0.187100000000,0.713900000000,0.177600000000),
double3(0.259433333333,0.732233333333,0.153500000000),
double3(0.212900000000,0.735233333333,0.082800000000),
double3(0.199433333333,0.666666666667,0.118300000000),
double3(0.000000000000,0.777100000000,0.182200000000),
double3(0.276233333333,0.755333333333,0.250000000000),
double3(0.214700000000,0.711966666667,0.133000000000),
double3(0.288766666667,0.767766666667,0.190800000000),
double3(0.139866666667,0.853766666667,0.677600000000),
double3(0.193866666667,0.926100000000,0.653500000000),
double3(0.144333333333,0.879566666667,0.582800000000),
double3(0.199433333333,0.866100000000,0.618300000000),
double3(0.222900000000,0.666666666667,0.682200000000),
double3(0.187566666667,0.942900000000,0.750000000000),
double3(0.169400000000,0.881366666667,0.633000000000),
double3(0.187666666667,0.955433333333,0.690800000000),
double3(0.286100000000,0.806533333333,0.177600000000),
double3(0.267766666667,0.860533333333,0.153500000000),
double3(0.264766666667,0.811000000000,0.082800000000),
double3(0.000000000000,0.866100000000,0.118300000000),
double3(0.222900000000,0.889566666667,0.182200000000),
double3(0.244666666667,0.854233333333,0.250000000000),
double3(0.288033333333,0.836066666667,0.133000000000),
double3(0.232233333333,0.854333333333,0.190800000000),
double3(0.146233333333,0.952766666667,0.677600000000),
double3(0.073900000000,0.934433333333,0.653500000000),
double3(0.120433333333,0.931433333333,0.582800000000),
double3(0.133900000000,0.666666666667,0.618300000000),
double3(0.000000000000,0.889566666667,0.682200000000),
double3(0.057100000000,0.911333333333,0.750000000000),
double3(0.118633333333,0.954700000000,0.633000000000),
double3(0.044566666667,0.898900000000,0.690800000000),
double3(0.187100000000,0.806533333333,0.822400000000),
double3(0.259433333333,0.860533333333,0.846500000000),
double3(0.212900000000,0.811000000000,0.917200000000),
double3(0.199433333333,0.866100000000,0.881700000000),
double3(0.000000000000,0.889566666667,0.817800000000),
double3(0.276233333333,0.854233333333,0.750000000000),
double3(0.214700000000,0.836066666667,0.867000000000),
double3(0.288766666667,0.854333333333,0.809200000000),
double3(0.222233333333,0.777766666667,0.938000000000),
double3(0.047233333333,0.853766666667,0.322400000000),
double3(0.065566666667,0.926100000000,0.346500000000),
double3(0.068566666667,0.879566666667,0.417200000000),
double3(0.000000000000,0.866100000000,0.381700000000),
double3(0.110433333333,0.666666666667,0.317800000000),
double3(0.088666666667,0.942900000000,0.250000000000),
double3(0.045300000000,0.881366666667,0.367000000000),
double3(0.101100000000,0.955433333333,0.309200000000),
double3(0.111133333333,0.888900000000,0.438000000000),
double3(0.193466666667,0.713900000000,0.822400000000),
double3(0.139466666667,0.732233333333,0.846500000000),
double3(0.189000000000,0.735233333333,0.917200000000),
double3(0.133900000000,0.666666666667,0.881700000000),
double3(0.110433333333,0.777100000000,0.817800000000),
double3(0.145766666667,0.755333333333,0.750000000000),
double3(0.163933333333,0.711966666667,0.867000000000),
double3(0.145666666667,0.767766666667,0.809200000000),
double3(0.146233333333,0.860133333333,0.322400000000),
double3(0.073900000000,0.806133333333,0.346500000000),
double3(0.120433333333,0.855666666667,0.417200000000),
double3(0.133900000000,0.800566666667,0.381700000000),
double3(0.000000000000,0.777100000000,0.317800000000),
double3(0.057100000000,0.812433333333,0.250000000000),
double3(0.118633333333,0.830600000000,0.367000000000),
double3(0.044566666667,0.812333333333,0.309200000000),
double3(0.286100000000,0.812900000000,0.822400000000),
double3(0.267766666667,0.740566666667,0.846500000000),
double3(0.264766666667,0.787100000000,0.917200000000),
double3(0.000000000000,0.800566666667,0.881700000000),
double3(0.222900000000,0.666666666667,0.817800000000),
double3(0.244666666667,0.723766666667,0.750000000000),
double3(0.288033333333,0.785300000000,0.867000000000),
double3(0.232233333333,0.711233333333,0.809200000000),
double3(0.139866666667,0.952766666667,0.322400000000),
double3(0.193866666667,0.934433333333,0.346500000000),
double3(0.144333333333,0.931433333333,0.417200000000),
double3(0.199433333333,0.666666666667,0.381700000000),
double3(0.222900000000,0.889566666667,0.317800000000),
double3(0.187566666667,0.911333333333,0.250000000000),
double3(0.169400000000,0.954700000000,0.367000000000),
double3(0.187666666667,0.898900000000,0.309200000000),
double3(0.139866666667,0.853766666667,0.822400000000),
double3(0.193866666667,0.926100000000,0.846500000000),
double3(0.144333333333,0.879566666667,0.917200000000),
double3(0.111100000000,0.888900000000,0.000000000000),
double3(0.169400000000,0.881366666667,0.867000000000),
double3(0.187666666667,0.955433333333,0.809200000000),
double3(0.111100000000,0.888900000000,0.938000000000),
double3(0.286100000000,0.806533333333,0.322400000000),
double3(0.267766666667,0.860533333333,0.346500000000),
double3(0.264766666667,0.811000000000,0.417200000000),
double3(0.222200000000,0.777766666667,0.500000000000),
double3(0.288033333333,0.836066666667,0.367000000000),
double3(0.232233333333,0.854333333333,0.309200000000),
double3(0.222200000000,0.777766666667,0.438000000000),
double3(0.146233333333,0.952766666667,0.822400000000),
double3(0.073900000000,0.934433333333,0.846500000000),
double3(0.120433333333,0.931433333333,0.917200000000),
double3(0.118633333333,0.954700000000,0.867000000000),
double3(0.044566666667,0.898900000000,0.809200000000),
double3(0.193466666667,0.812900000000,0.322400000000),
double3(0.139466666667,0.740566666667,0.346500000000),
double3(0.189000000000,0.787100000000,0.417200000000),
double3(0.163933333333,0.785300000000,0.367000000000),
double3(0.145666666667,0.711233333333,0.309200000000),
double3(0.047233333333,0.860133333333,0.822400000000),
double3(0.065566666667,0.806133333333,0.846500000000),
double3(0.068566666667,0.855666666667,0.917200000000),
double3(0.045300000000,0.830600000000,0.867000000000),
double3(0.101100000000,0.812333333333,0.809200000000),
double3(0.187100000000,0.713900000000,0.322400000000),
double3(0.259433333333,0.732233333333,0.346500000000),
double3(0.212900000000,0.735233333333,0.417200000000),
double3(0.214700000000,0.711966666667,0.367000000000),
double3(0.288766666667,0.767766666667,0.309200000000),
double3(0.146233333333,0.860133333333,0.177600000000),
double3(0.073900000000,0.806133333333,0.153500000000),
double3(0.120433333333,0.855666666667,0.082800000000),
double3(0.118633333333,0.830600000000,0.133000000000),
double3(0.044566666667,0.812333333333,0.190800000000),
double3(0.111100000000,0.888900000000,0.062000000000),
double3(0.286100000000,0.812900000000,0.677600000000),
double3(0.267766666667,0.740566666667,0.653500000000),
double3(0.264766666667,0.787100000000,0.582800000000),
double3(0.288033333333,0.785300000000,0.633000000000),
double3(0.232233333333,0.711233333333,0.690800000000),
double3(0.222200000000,0.777766666667,0.562000000000),
double3(0.139866666667,0.952766666667,0.177600000000),
double3(0.193866666667,0.934433333333,0.153500000000),
double3(0.144333333333,0.931433333333,0.082800000000),
double3(0.169400000000,0.954700000000,0.133000000000),
double3(0.187666666667,0.898900000000,0.190800000000),
double3(0.187100000000,0.806533333333,0.677600000000),
double3(0.259433333333,0.860533333333,0.653500000000),
double3(0.212900000000,0.811000000000,0.582800000000),
double3(0.214700000000,0.836066666667,0.633000000000),
double3(0.288766666667,0.854333333333,0.690800000000),
double3(0.047233333333,0.853766666667,0.177600000000),
double3(0.065566666667,0.926100000000,0.153500000000),
double3(0.068566666667,0.879566666667,0.082800000000),
double3(0.045300000000,0.881366666667,0.133000000000),
double3(0.101100000000,0.955433333333,0.190800000000),
double3(0.193466666667,0.713900000000,0.677600000000),
double3(0.139466666667,0.732233333333,0.653500000000),
double3(0.189000000000,0.735233333333,0.582800000000),
double3(0.163933333333,0.711966666667,0.633000000000),
double3(0.145666666667,0.767766666667,0.690800000000),
double3(0.526800000000,0.146233333333,0.177600000000),
double3(0.472800000000,0.073900000000,0.153500000000),
double3(0.522333333333,0.120433333333,0.082800000000),
double3(0.467233333333,0.133900000000,0.118300000000),
double3(0.443766666667,0.000000000000,0.182200000000),
double3(0.479100000000,0.057100000000,0.250000000000),
double3(0.555566666667,0.111100000000,0.000000000000),
double3(0.497266666667,0.118633333333,0.133000000000),
double3(0.479000000000,0.044566666667,0.190800000000),
double3(0.555566666667,0.111100000000,0.062000000000),
double3(0.380566666667,0.193466666667,0.677600000000),
double3(0.398900000000,0.139466666667,0.653500000000),
double3(0.401900000000,0.189000000000,0.582800000000),
double3(0.333333333333,0.133900000000,0.618300000000),
double3(0.443766666667,0.110433333333,0.682200000000),
double3(0.422000000000,0.145766666667,0.750000000000),
double3(0.444466666667,0.222233333333,0.500000000000),
double3(0.378633333333,0.163933333333,0.633000000000),
double3(0.434433333333,0.145666666667,0.690800000000),
double3(0.444466666667,0.222233333333,0.562000000000),
double3(0.520433333333,0.047233333333,0.177600000000),
double3(0.592766666667,0.065566666667,0.153500000000),
double3(0.546233333333,0.068566666667,0.082800000000),
double3(0.532766666667,0.000000000000,0.118300000000),
double3(0.333333333333,0.110433333333,0.182200000000),
double3(0.609566666667,0.088666666667,0.250000000000),
double3(0.548033333333,0.045300000000,0.133000000000),
double3(0.622100000000,0.101100000000,0.190800000000),
double3(0.473200000000,0.187100000000,0.677600000000),
double3(0.527200000000,0.259433333333,0.653500000000),
double3(0.477666666667,0.212900000000,0.582800000000),
double3(0.532766666667,0.199433333333,0.618300000000),
double3(0.556233333333,0.000000000000,0.682200000000),
double3(0.520900000000,0.276233333333,0.750000000000),
double3(0.502733333333,0.214700000000,0.633000000000),
double3(0.521000000000,0.288766666667,0.690800000000),
double3(0.619433333333,0.139866666667,0.177600000000),
double3(0.601100000000,0.193866666667,0.153500000000),
double3(0.598100000000,0.144333333333,0.082800000000),
double3(0.333333333333,0.199433333333,0.118300000000),
double3(0.556233333333,0.222900000000,0.182200000000),
double3(0.578000000000,0.187566666667,0.250000000000),
double3(0.621366666667,0.169400000000,0.133000000000),
double3(0.565566666667,0.187666666667,0.190800000000),
double3(0.479566666667,0.286100000000,0.677600000000),
double3(0.407233333333,0.267766666667,0.653500000000),
double3(0.453766666667,0.264766666667,0.582800000000),
double3(0.467233333333,0.000000000000,0.618300000000),
double3(0.333333333333,0.222900000000,0.682200000000),
double3(0.390433333333,0.244666666667,0.750000000000),
double3(0.451966666667,0.288033333333,0.633000000000),
double3(0.377900000000,0.232233333333,0.690800000000),
double3(0.520433333333,0.139866666667,0.822400000000),
double3(0.592766666667,0.193866666667,0.846500000000),
double3(0.546233333333,0.144333333333,0.917200000000),
double3(0.532766666667,0.199433333333,0.881700000000),
double3(0.333333333333,0.222900000000,0.817800000000),
double3(0.609566666667,0.187566666667,0.750000000000),
double3(0.548033333333,0.169400000000,0.867000000000),
double3(0.622100000000,0.187666666667,0.809200000000),
double3(0.555566666667,0.111100000000,0.938000000000),
double3(0.380566666667,0.187100000000,0.322400000000),
double3(0.398900000000,0.259433333333,0.346500000000),
double3(0.401900000000,0.212900000000,0.417200000000),
double3(0.333333333333,0.199433333333,0.381700000000),
double3(0.443766666667,0.000000000000,0.317800000000),
double3(0.422000000000,0.276233333333,0.250000000000),
double3(0.378633333333,0.214700000000,0.367000000000),
double3(0.434433333333,0.288766666667,0.309200000000),
double3(0.444466666667,0.222233333333,0.438000000000),
double3(0.526800000000,0.047233333333,0.822400000000),
double3(0.472800000000,0.065566666667,0.846500000000),
double3(0.522333333333,0.068566666667,0.917200000000),
double3(0.467233333333,0.000000000000,0.881700000000),
double3(0.443766666667,0.110433333333,0.817800000000),
double3(0.479100000000,0.088666666667,0.750000000000),
double3(0.497266666667,0.045300000000,0.867000000000),
double3(0.479000000000,0.101100000000,0.809200000000),
double3(0.479566666667,0.193466666667,0.322400000000),
double3(0.407233333333,0.139466666667,0.346500000000),
double3(0.453766666667,0.189000000000,0.417200000000),
double3(0.467233333333,0.133900000000,0.381700000000),
double3(0.333333333333,0.110433333333,0.317800000000),
double3(0.390433333333,0.145766666667,0.250000000000),
double3(0.451966666667,0.163933333333,0.367000000000),
double3(0.377900000000,0.145666666667,0.309200000000),
double3(0.619433333333,0.146233333333,0.822400000000),
double3(0.601100000000,0.073900000000,0.846500000000),
double3(0.598100000000,0.120433333333,0.917200000000),
double3(0.333333333333,0.133900000000,0.881700000000),
double3(0.556233333333,0.000000000000,0.817800000000),
double3(0.578000000000,0.057100000000,0.750000000000),
double3(0.621366666667,0.118633333333,0.867000000000),
double3(0.565566666667,0.044566666667,0.809200000000),
double3(0.473200000000,0.286100000000,0.322400000000),
double3(0.527200000000,0.267766666667,0.346500000000),
double3(0.477666666667,0.264766666667,0.417200000000),
double3(0.532766666667,0.000000000000,0.381700000000),
double3(0.556233333333,0.222900000000,0.317800000000),
double3(0.520900000000,0.244666666667,0.250000000000),
double3(0.502733333333,0.288033333333,0.367000000000),
double3(0.521000000000,0.232233333333,0.309200000000),
double3(0.473200000000,0.187100000000,0.822400000000),
double3(0.527200000000,0.259433333333,0.846500000000),
double3(0.477666666667,0.212900000000,0.917200000000),
double3(0.444433333333,0.222233333333,0.000000000000),
double3(0.502733333333,0.214700000000,0.867000000000),
double3(0.521000000000,0.288766666667,0.809200000000),
double3(0.444433333333,0.222233333333,0.938000000000),
double3(0.619433333333,0.139866666667,0.322400000000),
double3(0.601100000000,0.193866666667,0.346500000000),
double3(0.598100000000,0.144333333333,0.417200000000),
double3(0.555533333333,0.111100000000,0.500000000000),
double3(0.621366666667,0.169400000000,0.367000000000),
double3(0.565566666667,0.187666666667,0.309200000000),
double3(0.555533333333,0.111100000000,0.438000000000),
double3(0.479566666667,0.286100000000,0.822400000000),
double3(0.407233333333,0.267766666667,0.846500000000),
double3(0.453766666667,0.264766666667,0.917200000000),
double3(0.451966666667,0.288033333333,0.867000000000),
double3(0.377900000000,0.232233333333,0.809200000000),
double3(0.526800000000,0.146233333333,0.322400000000),
double3(0.472800000000,0.073900000000,0.346500000000),
double3(0.522333333333,0.120433333333,0.417200000000),
double3(0.497266666667,0.118633333333,0.367000000000),
double3(0.479000000000,0.044566666667,0.309200000000),
double3(0.380566666667,0.193466666667,0.822400000000),
double3(0.398900000000,0.139466666667,0.846500000000),
double3(0.401900000000,0.189000000000,0.917200000000),
double3(0.378633333333,0.163933333333,0.867000000000),
double3(0.434433333333,0.145666666667,0.809200000000),
double3(0.520433333333,0.047233333333,0.322400000000),
double3(0.592766666667,0.065566666667,0.346500000000),
double3(0.546233333333,0.068566666667,0.417200000000),
double3(0.548033333333,0.045300000000,0.367000000000),
double3(0.622100000000,0.101100000000,0.309200000000),
double3(0.479566666667,0.193466666667,0.177600000000),
double3(0.407233333333,0.139466666667,0.153500000000),
double3(0.453766666667,0.189000000000,0.082800000000),
double3(0.451966666667,0.163933333333,0.133000000000),
double3(0.377900000000,0.145666666667,0.190800000000),
double3(0.444433333333,0.222233333333,0.062000000000),
double3(0.619433333333,0.146233333333,0.677600000000),
double3(0.601100000000,0.073900000000,0.653500000000),
double3(0.598100000000,0.120433333333,0.582800000000),
double3(0.621366666667,0.118633333333,0.633000000000),
double3(0.565566666667,0.044566666667,0.690800000000),
double3(0.555533333333,0.111100000000,0.562000000000),
double3(0.473200000000,0.286100000000,0.177600000000),
double3(0.527200000000,0.267766666667,0.153500000000),
double3(0.477666666667,0.264766666667,0.082800000000),
double3(0.502733333333,0.288033333333,0.133000000000),
double3(0.521000000000,0.232233333333,0.190800000000),
double3(0.520433333333,0.139866666667,0.677600000000),
double3(0.592766666667,0.193866666667,0.653500000000),
double3(0.546233333333,0.144333333333,0.582800000000),
double3(0.548033333333,0.169400000000,0.633000000000),
double3(0.622100000000,0.187666666667,0.690800000000),
double3(0.380566666667,0.187100000000,0.177600000000),
double3(0.398900000000,0.259433333333,0.153500000000),
double3(0.401900000000,0.212900000000,0.082800000000),
double3(0.378633333333,0.214700000000,0.133000000000),
double3(0.434433333333,0.288766666667,0.190800000000),
double3(0.526800000000,0.047233333333,0.677600000000),
double3(0.472800000000,0.065566666667,0.653500000000),
double3(0.522333333333,0.068566666667,0.582800000000),
double3(0.497266666667,0.045300000000,0.633000000000),
double3(0.479000000000,0.101100000000,0.690800000000),
double3(0.526800000000,0.479566666667,0.177600000000),
double3(0.472800000000,0.407233333333,0.153500000000),
double3(0.522333333333,0.453766666667,0.082800000000),
double3(0.467233333333,0.467233333333,0.118300000000),
double3(0.443766666667,0.333333333333,0.182200000000),
double3(0.479100000000,0.390433333333,0.250000000000),
double3(0.555566666667,0.444433333333,0.000000000000),
double3(0.497266666667,0.451966666667,0.133000000000),
double3(0.479000000000,0.377900000000,0.190800000000),
double3(0.555566666667,0.444433333333,0.062000000000),
double3(0.380566666667,0.526800000000,0.677600000000),
double3(0.398900000000,0.472800000000,0.653500000000),
double3(0.401900000000,0.522333333333,0.582800000000),
double3(0.333333333333,0.467233333333,0.618300000000),
double3(0.443766666667,0.443766666667,0.682200000000),
double3(0.422000000000,0.479100000000,0.750000000000),
double3(0.444466666667,0.555566666667,0.500000000000),
double3(0.378633333333,0.497266666667,0.633000000000),
double3(0.434433333333,0.479000000000,0.690800000000),
double3(0.444466666667,0.555566666667,0.562000000000),
double3(0.520433333333,0.380566666667,0.177600000000),
double3(0.592766666667,0.398900000000,0.153500000000),
double3(0.546233333333,0.401900000000,0.082800000000),
double3(0.532766666667,0.333333333333,0.118300000000),
double3(0.333333333333,0.443766666667,0.182200000000),
double3(0.609566666667,0.422000000000,0.250000000000),
double3(0.548033333333,0.378633333333,0.133000000000),
double3(0.622100000000,0.434433333333,0.190800000000),
double3(0.473200000000,0.520433333333,0.677600000000),
double3(0.527200000000,0.592766666667,0.653500000000),
double3(0.477666666667,0.546233333333,0.582800000000),
double3(0.532766666667,0.532766666667,0.618300000000),
double3(0.556233333333,0.333333333333,0.682200000000),
double3(0.520900000000,0.609566666667,0.750000000000),
double3(0.502733333333,0.548033333333,0.633000000000),
double3(0.521000000000,0.622100000000,0.690800000000),
double3(0.619433333333,0.473200000000,0.177600000000),
double3(0.601100000000,0.527200000000,0.153500000000),
double3(0.598100000000,0.477666666667,0.082800000000),
double3(0.333333333333,0.532766666667,0.118300000000),
double3(0.556233333333,0.556233333333,0.182200000000),
double3(0.578000000000,0.520900000000,0.250000000000),
double3(0.621366666667,0.502733333333,0.133000000000),
double3(0.565566666667,0.521000000000,0.190800000000),
double3(0.479566666667,0.619433333333,0.677600000000),
double3(0.407233333333,0.601100000000,0.653500000000),
double3(0.453766666667,0.598100000000,0.582800000000),
double3(0.467233333333,0.333333333333,0.618300000000),
double3(0.333333333333,0.556233333333,0.682200000000),
double3(0.390433333333,0.578000000000,0.750000000000),
double3(0.451966666667,0.621366666667,0.633000000000),
double3(0.377900000000,0.565566666667,0.690800000000),
double3(0.520433333333,0.473200000000,0.822400000000),
double3(0.592766666667,0.527200000000,0.846500000000),
double3(0.546233333333,0.477666666667,0.917200000000),
double3(0.532766666667,0.532766666667,0.881700000000),
double3(0.333333333333,0.556233333333,0.817800000000),
double3(0.609566666667,0.520900000000,0.750000000000),
double3(0.548033333333,0.502733333333,0.867000000000),
double3(0.622100000000,0.521000000000,0.809200000000),
double3(0.555566666667,0.444433333333,0.938000000000),
double3(0.380566666667,0.520433333333,0.322400000000),
double3(0.398900000000,0.592766666667,0.346500000000),
double3(0.401900000000,0.546233333333,0.417200000000),
double3(0.333333333333,0.532766666667,0.381700000000),
double3(0.443766666667,0.333333333333,0.317800000000),
double3(0.422000000000,0.609566666667,0.250000000000),
double3(0.378633333333,0.548033333333,0.367000000000),
double3(0.434433333333,0.622100000000,0.309200000000),
double3(0.444466666667,0.555566666667,0.438000000000),
double3(0.526800000000,0.380566666667,0.822400000000),
double3(0.472800000000,0.398900000000,0.846500000000),
double3(0.522333333333,0.401900000000,0.917200000000),
double3(0.467233333333,0.333333333333,0.881700000000),
double3(0.443766666667,0.443766666667,0.817800000000),
double3(0.479100000000,0.422000000000,0.750000000000),
double3(0.497266666667,0.378633333333,0.867000000000),
double3(0.479000000000,0.434433333333,0.809200000000),
double3(0.479566666667,0.526800000000,0.322400000000),
double3(0.407233333333,0.472800000000,0.346500000000),
double3(0.453766666667,0.522333333333,0.417200000000),
double3(0.467233333333,0.467233333333,0.381700000000),
double3(0.333333333333,0.443766666667,0.317800000000),
double3(0.390433333333,0.479100000000,0.250000000000),
double3(0.451966666667,0.497266666667,0.367000000000),
double3(0.377900000000,0.479000000000,0.309200000000),
double3(0.619433333333,0.479566666667,0.822400000000),
double3(0.601100000000,0.407233333333,0.846500000000),
double3(0.598100000000,0.453766666667,0.917200000000),
double3(0.333333333333,0.467233333333,0.881700000000),
double3(0.556233333333,0.333333333333,0.817800000000),
double3(0.578000000000,0.390433333333,0.750000000000),
double3(0.621366666667,0.451966666667,0.867000000000),
double3(0.565566666667,0.377900000000,0.809200000000),
double3(0.473200000000,0.619433333333,0.322400000000),
double3(0.527200000000,0.601100000000,0.346500000000),
double3(0.477666666667,0.598100000000,0.417200000000),
double3(0.532766666667,0.333333333333,0.381700000000),
double3(0.556233333333,0.556233333333,0.317800000000),
double3(0.520900000000,0.578000000000,0.250000000000),
double3(0.502733333333,0.621366666667,0.367000000000),
double3(0.521000000000,0.565566666667,0.309200000000),
double3(0.473200000000,0.520433333333,0.822400000000),
double3(0.527200000000,0.592766666667,0.846500000000),
double3(0.477666666667,0.546233333333,0.917200000000),
double3(0.444433333333,0.555566666667,0.000000000000),
double3(0.502733333333,0.548033333333,0.867000000000),
double3(0.521000000000,0.622100000000,0.809200000000),
double3(0.444433333333,0.555566666667,0.938000000000),
double3(0.619433333333,0.473200000000,0.322400000000),
double3(0.601100000000,0.527200000000,0.346500000000),
double3(0.598100000000,0.477666666667,0.417200000000),
double3(0.555533333333,0.444433333333,0.500000000000),
double3(0.621366666667,0.502733333333,0.367000000000),
double3(0.565566666667,0.521000000000,0.309200000000),
double3(0.555533333333,0.444433333333,0.438000000000),
double3(0.479566666667,0.619433333333,0.822400000000),
double3(0.407233333333,0.601100000000,0.846500000000),
double3(0.453766666667,0.598100000000,0.917200000000),
double3(0.451966666667,0.621366666667,0.867000000000),
double3(0.377900000000,0.565566666667,0.809200000000),
double3(0.526800000000,0.479566666667,0.322400000000),
double3(0.472800000000,0.407233333333,0.346500000000),
double3(0.522333333333,0.453766666667,0.417200000000),
double3(0.497266666667,0.451966666667,0.367000000000),
double3(0.479000000000,0.377900000000,0.309200000000),
double3(0.380566666667,0.526800000000,0.822400000000),
double3(0.398900000000,0.472800000000,0.846500000000),
double3(0.401900000000,0.522333333333,0.917200000000),
double3(0.378633333333,0.497266666667,0.867000000000),
double3(0.434433333333,0.479000000000,0.809200000000),
double3(0.520433333333,0.380566666667,0.322400000000),
double3(0.592766666667,0.398900000000,0.346500000000),
double3(0.546233333333,0.401900000000,0.417200000000),
double3(0.548033333333,0.378633333333,0.367000000000),
double3(0.622100000000,0.434433333333,0.309200000000),
double3(0.479566666667,0.526800000000,0.177600000000),
double3(0.407233333333,0.472800000000,0.153500000000),
double3(0.453766666667,0.522333333333,0.082800000000),
double3(0.451966666667,0.497266666667,0.133000000000),
double3(0.377900000000,0.479000000000,0.190800000000),
double3(0.444433333333,0.555566666667,0.062000000000),
double3(0.619433333333,0.479566666667,0.677600000000),
double3(0.601100000000,0.407233333333,0.653500000000),
double3(0.598100000000,0.453766666667,0.582800000000),
double3(0.621366666667,0.451966666667,0.633000000000),
double3(0.565566666667,0.377900000000,0.690800000000),
double3(0.555533333333,0.444433333333,0.562000000000),
double3(0.473200000000,0.619433333333,0.177600000000),
double3(0.527200000000,0.601100000000,0.153500000000),
double3(0.477666666667,0.598100000000,0.082800000000),
double3(0.502733333333,0.621366666667,0.133000000000),
double3(0.521000000000,0.565566666667,0.190800000000),
double3(0.520433333333,0.473200000000,0.677600000000),
double3(0.592766666667,0.527200000000,0.653500000000),
double3(0.546233333333,0.477666666667,0.582800000000),
double3(0.548033333333,0.502733333333,0.633000000000),
double3(0.622100000000,0.521000000000,0.690800000000),
double3(0.380566666667,0.520433333333,0.177600000000),
double3(0.398900000000,0.592766666667,0.153500000000),
double3(0.401900000000,0.546233333333,0.082800000000),
double3(0.378633333333,0.548033333333,0.133000000000),
double3(0.434433333333,0.622100000000,0.190800000000),
double3(0.526800000000,0.380566666667,0.677600000000),
double3(0.472800000000,0.398900000000,0.653500000000),
double3(0.522333333333,0.401900000000,0.582800000000),
double3(0.497266666667,0.378633333333,0.633000000000),
double3(0.479000000000,0.434433333333,0.690800000000),
double3(0.526800000000,0.812900000000,0.177600000000),
double3(0.472800000000,0.740566666667,0.153500000000),
double3(0.522333333333,0.787100000000,0.082800000000),
double3(0.467233333333,0.800566666667,0.118300000000),
double3(0.443766666667,0.666666666667,0.182200000000),
double3(0.479100000000,0.723766666667,0.250000000000),
double3(0.555566666667,0.777766666667,0.000000000000),
double3(0.497266666667,0.785300000000,0.133000000000),
double3(0.479000000000,0.711233333333,0.190800000000),
double3(0.555566666667,0.777766666667,0.062000000000),
double3(0.380566666667,0.860133333333,0.677600000000),
double3(0.398900000000,0.806133333333,0.653500000000),
double3(0.401900000000,0.855666666667,0.582800000000),
double3(0.333333333333,0.800566666667,0.618300000000),
double3(0.443766666667,0.777100000000,0.682200000000),
double3(0.422000000000,0.812433333333,0.750000000000),
double3(0.444466666667,0.888900000000,0.500000000000),
double3(0.378633333333,0.830600000000,0.633000000000),
double3(0.434433333333,0.812333333333,0.690800000000),
double3(0.444466666667,0.888900000000,0.562000000000),
double3(0.520433333333,0.713900000000,0.177600000000),
double3(0.592766666667,0.732233333333,0.153500000000),
double3(0.546233333333,0.735233333333,0.082800000000),
double3(0.532766666667,0.666666666667,0.118300000000),
double3(0.333333333333,0.777100000000,0.182200000000),
double3(0.609566666667,0.755333333333,0.250000000000),
double3(0.548033333333,0.711966666667,0.133000000000),
double3(0.622100000000,0.767766666667,0.190800000000),
double3(0.473200000000,0.853766666667,0.677600000000),
double3(0.527200000000,0.926100000000,0.653500000000),
double3(0.477666666667,0.879566666667,0.582800000000),
double3(0.532766666667,0.866100000000,0.618300000000),
double3(0.556233333333,0.666666666667,0.682200000000),
double3(0.520900000000,0.942900000000,0.750000000000),
double3(0.502733333333,0.881366666667,0.633000000000),
double3(0.521000000000,0.955433333333,0.690800000000),
double3(0.619433333333,0.806533333333,0.177600000000),
double3(0.601100000000,0.860533333333,0.153500000000),
double3(0.598100000000,0.811000000000,0.082800000000),
double3(0.333333333333,0.866100000000,0.118300000000),
double3(0.556233333333,0.889566666667,0.182200000000),
double3(0.578000000000,0.854233333333,0.250000000000),
double3(0.621366666667,0.836066666667,0.133000000000),
double3(0.565566666667,0.854333333333,0.190800000000),
double3(0.479566666667,0.952766666667,0.677600000000),
double3(0.407233333333,0.934433333333,0.653500000000),
double3(0.453766666667,0.931433333333,0.582800000000),
double3(0.467233333333,0.666666666667,0.618300000000),
double3(0.333333333333,0.889566666667,0.682200000000),
double3(0.390433333333,0.911333333333,0.750000000000),
double3(0.451966666667,0.954700000000,0.633000000000),
double3(0.377900000000,0.898900000000,0.690800000000),
double3(0.520433333333,0.806533333333,0.822400000000),
double3(0.592766666667,0.860533333333,0.846500000000),
double3(0.546233333333,0.811000000000,0.917200000000),
double3(0.532766666667,0.866100000000,0.881700000000),
double3(0.333333333333,0.889566666667,0.817800000000),
double3(0.609566666667,0.854233333333,0.750000000000),
double3(0.548033333333,0.836066666667,0.867000000000),
double3(0.622100000000,0.854333333333,0.809200000000),
double3(0.555566666667,0.777766666667,0.938000000000),
double3(0.380566666667,0.853766666667,0.322400000000),
double3(0.398900000000,0.926100000000,0.346500000000),
double3(0.401900000000,0.879566666667,0.417200000000),
double3(0.333333333333,0.866100000000,0.381700000000),
double3(0.443766666667,0.666666666667,0.317800000000),
double3(0.422000000000,0.942900000000,0.250000000000),
double3(0.378633333333,0.881366666667,0.367000000000),
double3(0.434433333333,0.955433333333,0.309200000000),
double3(0.444466666667,0.888900000000,0.438000000000),
double3(0.526800000000,0.713900000000,0.822400000000),
double3(0.472800000000,0.732233333333,0.846500000000),
double3(0.522333333333,0.735233333333,0.917200000000),
double3(0.467233333333,0.666666666667,0.881700000000),
double3(0.443766666667,0.777100000000,0.817800000000),
double3(0.479100000000,0.755333333333,0.750000000000),
double3(0.497266666667,0.711966666667,0.867000000000),
double3(0.479000000000,0.767766666667,0.809200000000),
double3(0.479566666667,0.860133333333,0.322400000000),
double3(0.407233333333,0.806133333333,0.346500000000),
double3(0.453766666667,0.855666666667,0.417200000000),
double3(0.467233333333,0.800566666667,0.381700000000),
double3(0.333333333333,0.777100000000,0.317800000000),
double3(0.390433333333,0.812433333333,0.250000000000),
double3(0.451966666667,0.830600000000,0.367000000000),
double3(0.377900000000,0.812333333333,0.309200000000),
double3(0.619433333333,0.812900000000,0.822400000000),
double3(0.601100000000,0.740566666667,0.846500000000),
double3(0.598100000000,0.787100000000,0.917200000000),
double3(0.333333333333,0.800566666667,0.881700000000),
double3(0.556233333333,0.666666666667,0.817800000000),
double3(0.578000000000,0.723766666667,0.750000000000),
double3(0.621366666667,0.785300000000,0.867000000000),
double3(0.565566666667,0.711233333333,0.809200000000),
double3(0.473200000000,0.952766666667,0.322400000000),
double3(0.527200000000,0.934433333333,0.346500000000),
double3(0.477666666667,0.931433333333,0.417200000000),
double3(0.532766666667,0.666666666667,0.381700000000),
double3(0.556233333333,0.889566666667,0.317800000000),
double3(0.520900000000,0.911333333333,0.250000000000),
double3(0.502733333333,0.954700000000,0.367000000000),
double3(0.521000000000,0.898900000000,0.309200000000),
double3(0.473200000000,0.853766666667,0.822400000000),
double3(0.527200000000,0.926100000000,0.846500000000),
double3(0.477666666667,0.879566666667,0.917200000000),
double3(0.444433333333,0.888900000000,0.000000000000),
double3(0.502733333333,0.881366666667,0.867000000000),
double3(0.521000000000,0.955433333333,0.809200000000),
double3(0.444433333333,0.888900000000,0.938000000000),
double3(0.619433333333,0.806533333333,0.322400000000),
double3(0.601100000000,0.860533333333,0.346500000000),
double3(0.598100000000,0.811000000000,0.417200000000),
double3(0.555533333333,0.777766666667,0.500000000000),
double3(0.621366666667,0.836066666667,0.367000000000),
double3(0.565566666667,0.854333333333,0.309200000000),
double3(0.555533333333,0.777766666667,0.438000000000),
double3(0.479566666667,0.952766666667,0.822400000000),
double3(0.407233333333,0.934433333333,0.846500000000),
double3(0.453766666667,0.931433333333,0.917200000000),
double3(0.451966666667,0.954700000000,0.867000000000),
double3(0.377900000000,0.898900000000,0.809200000000),
double3(0.526800000000,0.812900000000,0.322400000000),
double3(0.472800000000,0.740566666667,0.346500000000),
double3(0.522333333333,0.787100000000,0.417200000000),
double3(0.497266666667,0.785300000000,0.367000000000),
double3(0.479000000000,0.711233333333,0.309200000000),
double3(0.380566666667,0.860133333333,0.822400000000),
double3(0.398900000000,0.806133333333,0.846500000000),
double3(0.401900000000,0.855666666667,0.917200000000),
double3(0.378633333333,0.830600000000,0.867000000000),
double3(0.434433333333,0.812333333333,0.809200000000),
double3(0.520433333333,0.713900000000,0.322400000000),
double3(0.592766666667,0.732233333333,0.346500000000),
double3(0.546233333333,0.735233333333,0.417200000000),
double3(0.548033333333,0.711966666667,0.367000000000),
double3(0.622100000000,0.767766666667,0.309200000000),
double3(0.479566666667,0.860133333333,0.177600000000),
double3(0.407233333333,0.806133333333,0.153500000000),
double3(0.453766666667,0.855666666667,0.082800000000),
double3(0.451966666667,0.830600000000,0.133000000000),
double3(0.377900000000,0.812333333333,0.190800000000),
double3(0.444433333333,0.888900000000,0.062000000000),
double3(0.619433333333,0.812900000000,0.677600000000),
double3(0.601100000000,0.740566666667,0.653500000000),
double3(0.598100000000,0.787100000000,0.582800000000),
double3(0.621366666667,0.785300000000,0.633000000000),
double3(0.565566666667,0.711233333333,0.690800000000),
double3(0.555533333333,0.777766666667,0.562000000000),
double3(0.473200000000,0.952766666667,0.177600000000),
double3(0.527200000000,0.934433333333,0.153500000000),
double3(0.477666666667,0.931433333333,0.082800000000),
double3(0.502733333333,0.954700000000,0.133000000000),
double3(0.521000000000,0.898900000000,0.190800000000),
double3(0.520433333333,0.806533333333,0.677600000000),
double3(0.592766666667,0.860533333333,0.653500000000),
double3(0.546233333333,0.811000000000,0.582800000000),
double3(0.548033333333,0.836066666667,0.633000000000),
double3(0.622100000000,0.854333333333,0.690800000000),
double3(0.380566666667,0.853766666667,0.177600000000),
double3(0.398900000000,0.926100000000,0.153500000000),
double3(0.401900000000,0.879566666667,0.082800000000),
double3(0.378633333333,0.881366666667,0.133000000000),
double3(0.434433333333,0.955433333333,0.190800000000),
double3(0.526800000000,0.713900000000,0.677600000000),
double3(0.472800000000,0.732233333333,0.653500000000),
double3(0.522333333333,0.735233333333,0.582800000000),
double3(0.497266666667,0.711966666667,0.633000000000),
double3(0.479000000000,0.767766666667,0.690800000000),
double3(0.860133333333,0.146233333333,0.177600000000),
double3(0.806133333333,0.073900000000,0.153500000000),
double3(0.855666666667,0.120433333333,0.082800000000),
double3(0.800566666667,0.133900000000,0.118300000000),
double3(0.777100000000,0.000000000000,0.182200000000),
double3(0.812433333333,0.057100000000,0.250000000000),
double3(0.888900000000,0.111100000000,0.000000000000),
double3(0.830600000000,0.118633333333,0.133000000000),
double3(0.812333333333,0.044566666667,0.190800000000),
double3(0.888900000000,0.111100000000,0.062000000000),
double3(0.713900000000,0.193466666667,0.677600000000),
double3(0.732233333333,0.139466666667,0.653500000000),
double3(0.735233333333,0.189000000000,0.582800000000),
double3(0.666666666667,0.133900000000,0.618300000000),
double3(0.777100000000,0.110433333333,0.682200000000),
double3(0.755333333333,0.145766666667,0.750000000000),
double3(0.777800000000,0.222233333333,0.500000000000),
double3(0.711966666667,0.163933333333,0.633000000000),
double3(0.767766666667,0.145666666667,0.690800000000),
double3(0.777800000000,0.222233333333,0.562000000000),
double3(0.853766666667,0.047233333333,0.177600000000),
double3(0.926100000000,0.065566666667,0.153500000000),
double3(0.879566666667,0.068566666667,0.082800000000),
double3(0.866100000000,0.000000000000,0.118300000000),
double3(0.666666666667,0.110433333333,0.182200000000),
double3(0.942900000000,0.088666666667,0.250000000000),
double3(0.881366666667,0.045300000000,0.133000000000),
double3(0.955433333333,0.101100000000,0.190800000000),
double3(0.806533333333,0.187100000000,0.677600000000),
double3(0.860533333333,0.259433333333,0.653500000000),
double3(0.811000000000,0.212900000000,0.582800000000),
double3(0.866100000000,0.199433333333,0.618300000000),
double3(0.889566666667,0.000000000000,0.682200000000),
double3(0.854233333333,0.276233333333,0.750000000000),
double3(0.836066666667,0.214700000000,0.633000000000),
double3(0.854333333333,0.288766666667,0.690800000000),
double3(0.952766666667,0.139866666667,0.177600000000),
double3(0.934433333333,0.193866666667,0.153500000000),
double3(0.931433333333,0.144333333333,0.082800000000),
double3(0.666666666667,0.199433333333,0.118300000000),
double3(0.889566666667,0.222900000000,0.182200000000),
double3(0.911333333333,0.187566666667,0.250000000000),
double3(0.954700000000,0.169400000000,0.133000000000),
double3(0.898900000000,0.187666666667,0.190800000000),
double3(0.812900000000,0.286100000000,0.677600000000),
double3(0.740566666667,0.267766666667,0.653500000000),
double3(0.787100000000,0.264766666667,0.582800000000),
double3(0.800566666667,0.000000000000,0.618300000000),
double3(0.666666666667,0.222900000000,0.682200000000),
double3(0.723766666667,0.244666666667,0.750000000000),
double3(0.785300000000,0.288033333333,0.633000000000),
double3(0.711233333333,0.232233333333,0.690800000000),
double3(0.853766666667,0.139866666667,0.822400000000),
double3(0.926100000000,0.193866666667,0.846500000000),
double3(0.879566666667,0.144333333333,0.917200000000),
double3(0.866100000000,0.199433333333,0.881700000000),
double3(0.666666666667,0.222900000000,0.817800000000),
double3(0.942900000000,0.187566666667,0.750000000000),
double3(0.881366666667,0.169400000000,0.867000000000),
double3(0.955433333333,0.187666666667,0.809200000000),
double3(0.888900000000,0.111100000000,0.938000000000),
double3(0.713900000000,0.187100000000,0.322400000000),
double3(0.732233333333,0.259433333333,0.346500000000),
double3(0.735233333333,0.212900000000,0.417200000000),
double3(0.666666666667,0.199433333333,0.381700000000),
double3(0.777100000000,0.000000000000,0.317800000000),
double3(0.755333333333,0.276233333333,0.250000000000),
double3(0.711966666667,0.214700000000,0.367000000000),
double3(0.767766666667,0.288766666667,0.309200000000),
double3(0.777800000000,0.222233333333,0.438000000000),
double3(0.860133333333,0.047233333333,0.822400000000),
double3(0.806133333333,0.065566666667,0.846500000000),
double3(0.855666666667,0.068566666667,0.917200000000),
double3(0.800566666667,0.000000000000,0.881700000000),
double3(0.777100000000,0.110433333333,0.817800000000),
double3(0.812433333333,0.088666666667,0.750000000000),
double3(0.830600000000,0.045300000000,0.867000000000),
double3(0.812333333333,0.101100000000,0.809200000000),
double3(0.812900000000,0.193466666667,0.322400000000),
double3(0.740566666667,0.139466666667,0.346500000000),
double3(0.787100000000,0.189000000000,0.417200000000),
double3(0.800566666667,0.133900000000,0.381700000000),
double3(0.666666666667,0.110433333333,0.317800000000),
double3(0.723766666667,0.145766666667,0.250000000000),
double3(0.785300000000,0.163933333333,0.367000000000),
double3(0.711233333333,0.145666666667,0.309200000000),
double3(0.952766666667,0.146233333333,0.822400000000),
double3(0.934433333333,0.073900000000,0.846500000000),
double3(0.931433333333,0.120433333333,0.917200000000),
double3(0.666666666667,0.133900000000,0.881700000000),
double3(0.889566666667,0.000000000000,0.817800000000),
double3(0.911333333333,0.057100000000,0.750000000000),
double3(0.954700000000,0.118633333333,0.867000000000),
double3(0.898900000000,0.044566666667,0.809200000000),
double3(0.806533333333,0.286100000000,0.322400000000),
double3(0.860533333333,0.267766666667,0.346500000000),
double3(0.811000000000,0.264766666667,0.417200000000),
double3(0.866100000000,0.000000000000,0.381700000000),
double3(0.889566666667,0.222900000000,0.317800000000),
double3(0.854233333333,0.244666666667,0.250000000000),
double3(0.836066666667,0.288033333333,0.367000000000),
double3(0.854333333333,0.232233333333,0.309200000000),
double3(0.806533333333,0.187100000000,0.822400000000),
double3(0.860533333333,0.259433333333,0.846500000000),
double3(0.811000000000,0.212900000000,0.917200000000),
double3(0.777766666667,0.222233333333,0.000000000000),
double3(0.836066666667,0.214700000000,0.867000000000),
double3(0.854333333333,0.288766666667,0.809200000000),
double3(0.777766666667,0.222233333333,0.938000000000),
double3(0.952766666667,0.139866666667,0.322400000000),
double3(0.934433333333,0.193866666667,0.346500000000),
double3(0.931433333333,0.144333333333,0.417200000000),
double3(0.888866666667,0.111100000000,0.500000000000),
double3(0.954700000000,0.169400000000,0.367000000000),
double3(0.898900000000,0.187666666667,0.309200000000),
double3(0.888866666667,0.111100000000,0.438000000000),
double3(0.812900000000,0.286100000000,0.822400000000),
double3(0.740566666667,0.267766666667,0.846500000000),
double3(0.787100000000,0.264766666667,0.917200000000),
double3(0.785300000000,0.288033333333,0.867000000000),
double3(0.711233333333,0.232233333333,0.809200000000),
double3(0.860133333333,0.146233333333,0.322400000000),
double3(0.806133333333,0.073900000000,0.346500000000),
double3(0.855666666667,0.120433333333,0.417200000000),
double3(0.830600000000,0.118633333333,0.367000000000),
double3(0.812333333333,0.044566666667,0.309200000000),
double3(0.713900000000,0.193466666667,0.822400000000),
double3(0.732233333333,0.139466666667,0.846500000000),
double3(0.735233333333,0.189000000000,0.917200000000),
double3(0.711966666667,0.163933333333,0.867000000000),
double3(0.767766666667,0.145666666667,0.809200000000),
double3(0.853766666667,0.047233333333,0.322400000000),
double3(0.926100000000,0.065566666667,0.346500000000),
double3(0.879566666667,0.068566666667,0.417200000000),
double3(0.881366666667,0.045300000000,0.367000000000),
double3(0.955433333333,0.101100000000,0.309200000000),
double3(0.812900000000,0.193466666667,0.177600000000),
double3(0.740566666667,0.139466666667,0.153500000000),
double3(0.787100000000,0.189000000000,0.082800000000),
double3(0.785300000000,0.163933333333,0.133000000000),
double3(0.711233333333,0.145666666667,0.190800000000),
double3(0.777766666667,0.222233333333,0.062000000000),
double3(0.952766666667,0.146233333333,0.677600000000),
double3(0.934433333333,0.073900000000,0.653500000000),
double3(0.931433333333,0.120433333333,0.582800000000),
double3(0.954700000000,0.118633333333,0.633000000000),
double3(0.898900000000,0.044566666667,0.690800000000),
double3(0.888866666667,0.111100000000,0.562000000000),
double3(0.806533333333,0.286100000000,0.177600000000),
double3(0.860533333333,0.267766666667,0.153500000000),
double3(0.811000000000,0.264766666667,0.082800000000),
double3(0.836066666667,0.288033333333,0.133000000000),
double3(0.854333333333,0.232233333333,0.190800000000),
double3(0.853766666667,0.139866666667,0.677600000000),
double3(0.926100000000,0.193866666667,0.653500000000),
double3(0.879566666667,0.144333333333,0.582800000000),
double3(0.881366666667,0.169400000000,0.633000000000),
double3(0.955433333333,0.187666666667,0.690800000000),
double3(0.713900000000,0.187100000000,0.177600000000),
double3(0.732233333333,0.259433333333,0.153500000000),
double3(0.735233333333,0.212900000000,0.082800000000),
double3(0.711966666667,0.214700000000,0.133000000000),
double3(0.767766666667,0.288766666667,0.190800000000),
double3(0.860133333333,0.047233333333,0.677600000000),
double3(0.806133333333,0.065566666667,0.653500000000),
double3(0.855666666667,0.068566666667,0.582800000000),
double3(0.830600000000,0.045300000000,0.633000000000),
double3(0.812333333333,0.101100000000,0.690800000000),
double3(0.860133333333,0.479566666667,0.177600000000),
double3(0.806133333333,0.407233333333,0.153500000000),
double3(0.855666666667,0.453766666667,0.082800000000),
double3(0.800566666667,0.467233333333,0.118300000000),
double3(0.777100000000,0.333333333333,0.182200000000),
double3(0.812433333333,0.390433333333,0.250000000000),
double3(0.888900000000,0.444433333333,0.000000000000),
double3(0.830600000000,0.451966666667,0.133000000000),
double3(0.812333333333,0.377900000000,0.190800000000),
double3(0.888900000000,0.444433333333,0.062000000000),
double3(0.713900000000,0.526800000000,0.677600000000),
double3(0.732233333333,0.472800000000,0.653500000000),
double3(0.735233333333,0.522333333333,0.582800000000),
double3(0.666666666667,0.467233333333,0.618300000000),
double3(0.777100000000,0.443766666667,0.682200000000),
double3(0.755333333333,0.479100000000,0.750000000000),
double3(0.777800000000,0.555566666667,0.500000000000),
double3(0.711966666667,0.497266666667,0.633000000000),
double3(0.767766666667,0.479000000000,0.690800000000),
double3(0.777800000000,0.555566666667,0.562000000000),
double3(0.853766666667,0.380566666667,0.177600000000),
double3(0.926100000000,0.398900000000,0.153500000000),
double3(0.879566666667,0.401900000000,0.082800000000),
double3(0.866100000000,0.333333333333,0.118300000000),
double3(0.666666666667,0.443766666667,0.182200000000),
double3(0.942900000000,0.422000000000,0.250000000000),
double3(0.881366666667,0.378633333333,0.133000000000),
double3(0.955433333333,0.434433333333,0.190800000000),
double3(0.806533333333,0.520433333333,0.677600000000),
double3(0.860533333333,0.592766666667,0.653500000000),
double3(0.811000000000,0.546233333333,0.582800000000),
double3(0.866100000000,0.532766666667,0.618300000000),
double3(0.889566666667,0.333333333333,0.682200000000),
double3(0.854233333333,0.609566666667,0.750000000000),
double3(0.836066666667,0.548033333333,0.633000000000),
double3(0.854333333333,0.622100000000,0.690800000000),
double3(0.952766666667,0.473200000000,0.177600000000),
double3(0.934433333333,0.527200000000,0.153500000000),
double3(0.931433333333,0.477666666667,0.082800000000),
double3(0.666666666667,0.532766666667,0.118300000000),
double3(0.889566666667,0.556233333333,0.182200000000),
double3(0.911333333333,0.520900000000,0.250000000000),
double3(0.954700000000,0.502733333333,0.133000000000),
double3(0.898900000000,0.521000000000,0.190800000000),
double3(0.812900000000,0.619433333333,0.677600000000),
double3(0.740566666667,0.601100000000,0.653500000000),
double3(0.787100000000,0.598100000000,0.582800000000),
double3(0.800566666667,0.333333333333,0.618300000000),
double3(0.666666666667,0.556233333333,0.682200000000),
double3(0.723766666667,0.578000000000,0.750000000000),
double3(0.785300000000,0.621366666667,0.633000000000),
double3(0.711233333333,0.565566666667,0.690800000000),
double3(0.853766666667,0.473200000000,0.822400000000),
double3(0.926100000000,0.527200000000,0.846500000000),
double3(0.879566666667,0.477666666667,0.917200000000),
double3(0.866100000000,0.532766666667,0.881700000000),
double3(0.666666666667,0.556233333333,0.817800000000),
double3(0.942900000000,0.520900000000,0.750000000000),
double3(0.881366666667,0.502733333333,0.867000000000),
double3(0.955433333333,0.521000000000,0.809200000000),
double3(0.888900000000,0.444433333333,0.938000000000),
double3(0.713900000000,0.520433333333,0.322400000000),
double3(0.732233333333,0.592766666667,0.346500000000),
double3(0.735233333333,0.546233333333,0.417200000000),
double3(0.666666666667,0.532766666667,0.381700000000),
double3(0.777100000000,0.333333333333,0.317800000000),
double3(0.755333333333,0.609566666667,0.250000000000),
double3(0.711966666667,0.548033333333,0.367000000000),
double3(0.767766666667,0.622100000000,0.309200000000),
double3(0.777800000000,0.555566666667,0.438000000000),
double3(0.860133333333,0.380566666667,0.822400000000),
double3(0.806133333333,0.398900000000,0.846500000000),
double3(0.855666666667,0.401900000000,0.917200000000),
double3(0.800566666667,0.333333333333,0.881700000000),
double3(0.777100000000,0.443766666667,0.817800000000),
double3(0.812433333333,0.422000000000,0.750000000000),
double3(0.830600000000,0.378633333333,0.867000000000),
double3(0.812333333333,0.434433333333,0.809200000000),
double3(0.812900000000,0.526800000000,0.322400000000),
double3(0.740566666667,0.472800000000,0.346500000000),
double3(0.787100000000,0.522333333333,0.417200000000),
double3(0.800566666667,0.467233333333,0.381700000000),
double3(0.666666666667,0.443766666667,0.317800000000),
double3(0.723766666667,0.479100000000,0.250000000000),
double3(0.785300000000,0.497266666667,0.367000000000),
double3(0.711233333333,0.479000000000,0.309200000000),
double3(0.952766666667,0.479566666667,0.822400000000),
double3(0.934433333333,0.407233333333,0.846500000000),
double3(0.931433333333,0.453766666667,0.917200000000),
double3(0.666666666667,0.467233333333,0.881700000000),
double3(0.889566666667,0.333333333333,0.817800000000),
double3(0.911333333333,0.390433333333,0.750000000000),
double3(0.954700000000,0.451966666667,0.867000000000),
double3(0.898900000000,0.377900000000,0.809200000000),
double3(0.806533333333,0.619433333333,0.322400000000),
double3(0.860533333333,0.601100000000,0.346500000000),
double3(0.811000000000,0.598100000000,0.417200000000),
double3(0.866100000000,0.333333333333,0.381700000000),
double3(0.889566666667,0.556233333333,0.317800000000),
double3(0.854233333333,0.578000000000,0.250000000000),
double3(0.836066666667,0.621366666667,0.367000000000),
double3(0.854333333333,0.565566666667,0.309200000000),
double3(0.806533333333,0.520433333333,0.822400000000),
double3(0.860533333333,0.592766666667,0.846500000000),
double3(0.811000000000,0.546233333333,0.917200000000),
double3(0.777766666667,0.555566666667,0.000000000000),
double3(0.836066666667,0.548033333333,0.867000000000),
double3(0.854333333333,0.622100000000,0.809200000000),
double3(0.777766666667,0.555566666667,0.938000000000),
double3(0.952766666667,0.473200000000,0.322400000000),
double3(0.934433333333,0.527200000000,0.346500000000),
double3(0.931433333333,0.477666666667,0.417200000000),
double3(0.888866666667,0.444433333333,0.500000000000),
double3(0.954700000000,0.502733333333,0.367000000000),
double3(0.898900000000,0.521000000000,0.309200000000),
double3(0.888866666667,0.444433333333,0.438000000000),
double3(0.812900000000,0.619433333333,0.822400000000),
double3(0.740566666667,0.601100000000,0.846500000000),
double3(0.787100000000,0.598100000000,0.917200000000),
double3(0.785300000000,0.621366666667,0.867000000000),
double3(0.711233333333,0.565566666667,0.809200000000),
double3(0.860133333333,0.479566666667,0.322400000000),
double3(0.806133333333,0.407233333333,0.346500000000),
double3(0.855666666667,0.453766666667,0.417200000000),
double3(0.830600000000,0.451966666667,0.367000000000),
double3(0.812333333333,0.377900000000,0.309200000000),
double3(0.713900000000,0.526800000000,0.822400000000),
double3(0.732233333333,0.472800000000,0.846500000000),
double3(0.735233333333,0.522333333333,0.917200000000),
double3(0.711966666667,0.497266666667,0.867000000000),
double3(0.767766666667,0.479000000000,0.809200000000),
double3(0.853766666667,0.380566666667,0.322400000000),
double3(0.926100000000,0.398900000000,0.346500000000),
double3(0.879566666667,0.401900000000,0.417200000000),
double3(0.881366666667,0.378633333333,0.367000000000),
double3(0.955433333333,0.434433333333,0.309200000000),
double3(0.812900000000,0.526800000000,0.177600000000),
double3(0.740566666667,0.472800000000,0.153500000000),
double3(0.787100000000,0.522333333333,0.082800000000),
double3(0.785300000000,0.497266666667,0.133000000000),
double3(0.711233333333,0.479000000000,0.190800000000),
double3(0.777766666667,0.555566666667,0.062000000000),
double3(0.952766666667,0.479566666667,0.677600000000),
double3(0.934433333333,0.407233333333,0.653500000000),
double3(0.931433333333,0.453766666667,0.582800000000),
double3(0.954700000000,0.451966666667,0.633000000000),
double3(0.898900000000,0.377900000000,0.690800000000),
double3(0.888866666667,0.444433333333,0.562000000000),
double3(0.806533333333,0.619433333333,0.177600000000),
double3(0.860533333333,0.601100000000,0.153500000000),
double3(0.811000000000,0.598100000000,0.082800000000),
double3(0.836066666667,0.621366666667,0.133000000000),
double3(0.854333333333,0.565566666667,0.190800000000),
double3(0.853766666667,0.473200000000,0.677600000000),
double3(0.926100000000,0.527200000000,0.653500000000),
double3(0.879566666667,0.477666666667,0.582800000000),
double3(0.881366666667,0.502733333333,0.633000000000),
double3(0.955433333333,0.521000000000,0.690800000000),
double3(0.713900000000,0.520433333333,0.177600000000),
double3(0.732233333333,0.592766666667,0.153500000000),
double3(0.735233333333,0.546233333333,0.082800000000),
double3(0.711966666667,0.548033333333,0.133000000000),
double3(0.767766666667,0.622100000000,0.190800000000),
double3(0.860133333333,0.380566666667,0.677600000000),
double3(0.806133333333,0.398900000000,0.653500000000),
double3(0.855666666667,0.401900000000,0.582800000000),
double3(0.830600000000,0.378633333333,0.633000000000),
double3(0.812333333333,0.434433333333,0.690800000000),
double3(0.860133333333,0.812900000000,0.177600000000),
double3(0.806133333333,0.740566666667,0.153500000000),
double3(0.855666666667,0.787100000000,0.082800000000),
double3(0.800566666667,0.800566666667,0.118300000000),
double3(0.777100000000,0.666666666667,0.182200000000),
double3(0.812433333333,0.723766666667,0.250000000000),
double3(0.888900000000,0.777766666667,0.000000000000),
double3(0.830600000000,0.785300000000,0.133000000000),
double3(0.812333333333,0.711233333333,0.190800000000),
double3(0.888900000000,0.777766666667,0.062000000000),
double3(0.713900000000,0.860133333333,0.677600000000),
double3(0.732233333333,0.806133333333,0.653500000000),
double3(0.735233333333,0.855666666667,0.582800000000),
double3(0.666666666667,0.800566666667,0.618300000000),
double3(0.777100000000,0.777100000000,0.682200000000),
double3(0.755333333333,0.812433333333,0.750000000000),
double3(0.777800000000,0.888900000000,0.500000000000),
double3(0.711966666667,0.830600000000,0.633000000000),
double3(0.767766666667,0.812333333333,0.690800000000),
double3(0.777800000000,0.888900000000,0.562000000000),
double3(0.853766666667,0.713900000000,0.177600000000),
double3(0.926100000000,0.732233333333,0.153500000000),
double3(0.879566666667,0.735233333333,0.082800000000),
double3(0.866100000000,0.666666666667,0.118300000000),
double3(0.666666666667,0.777100000000,0.182200000000),
double3(0.942900000000,0.755333333333,0.250000000000),
double3(0.881366666667,0.711966666667,0.133000000000),
double3(0.955433333333,0.767766666667,0.190800000000),
double3(0.806533333333,0.853766666667,0.677600000000),
double3(0.860533333333,0.926100000000,0.653500000000),
double3(0.811000000000,0.879566666667,0.582800000000),
double3(0.866100000000,0.866100000000,0.618300000000),
double3(0.889566666667,0.666666666667,0.682200000000),
double3(0.854233333333,0.942900000000,0.750000000000),
double3(0.836066666667,0.881366666667,0.633000000000),
double3(0.854333333333,0.955433333333,0.690800000000),
double3(0.952766666667,0.806533333333,0.177600000000),
double3(0.934433333333,0.860533333333,0.153500000000),
double3(0.931433333333,0.811000000000,0.082800000000),
double3(0.666666666667,0.866100000000,0.118300000000),
double3(0.889566666667,0.889566666667,0.182200000000),
double3(0.911333333333,0.854233333333,0.250000000000),
double3(0.954700000000,0.836066666667,0.133000000000),
double3(0.898900000000,0.854333333333,0.190800000000),
double3(0.812900000000,0.952766666667,0.677600000000),
double3(0.740566666667,0.934433333333,0.653500000000),
double3(0.787100000000,0.931433333333,0.582800000000),
double3(0.800566666667,0.666666666667,0.618300000000),
double3(0.666666666667,0.889566666667,0.682200000000),
double3(0.723766666667,0.911333333333,0.750000000000),
double3(0.785300000000,0.954700000000,0.633000000000),
double3(0.711233333333,0.898900000000,0.690800000000),
double3(0.853766666667,0.806533333333,0.822400000000),
double3(0.926100000000,0.860533333333,0.846500000000),
double3(0.879566666667,0.811000000000,0.917200000000),
double3(0.866100000000,0.866100000000,0.881700000000),
double3(0.666666666667,0.889566666667,0.817800000000),
double3(0.942900000000,0.854233333333,0.750000000000),
double3(0.881366666667,0.836066666667,0.867000000000),
double3(0.955433333333,0.854333333333,0.809200000000),
double3(0.888900000000,0.777766666667,0.938000000000),
double3(0.713900000000,0.853766666667,0.322400000000),
double3(0.732233333333,0.926100000000,0.346500000000),
double3(0.735233333333,0.879566666667,0.417200000000),
double3(0.666666666667,0.866100000000,0.381700000000),
double3(0.777100000000,0.666666666667,0.317800000000),
double3(0.755333333333,0.942900000000,0.250000000000),
double3(0.711966666667,0.881366666667,0.367000000000),
double3(0.767766666667,0.955433333333,0.309200000000),
double3(0.777800000000,0.888900000000,0.438000000000),
double3(0.860133333333,0.713900000000,0.822400000000),
double3(0.806133333333,0.732233333333,0.846500000000),
double3(0.855666666667,0.735233333333,0.917200000000),
double3(0.800566666667,0.666666666667,0.881700000000),
double3(0.777100000000,0.777100000000,0.817800000000),
double3(0.812433333333,0.755333333333,0.750000000000),
double3(0.830600000000,0.711966666667,0.867000000000),
double3(0.812333333333,0.767766666667,0.809200000000),
double3(0.812900000000,0.860133333333,0.322400000000),
double3(0.740566666667,0.806133333333,0.346500000000),
double3(0.787100000000,0.855666666667,0.417200000000),
double3(0.800566666667,0.800566666667,0.381700000000),
double3(0.666666666667,0.777100000000,0.317800000000),
double3(0.723766666667,0.812433333333,0.250000000000),
double3(0.785300000000,0.830600000000,0.367000000000),
double3(0.711233333333,0.812333333333,0.309200000000),
double3(0.952766666667,0.812900000000,0.822400000000),
double3(0.934433333333,0.740566666667,0.846500000000),
double3(0.931433333333,0.787100000000,0.917200000000),
double3(0.666666666667,0.800566666667,0.881700000000),
double3(0.889566666667,0.666666666667,0.817800000000),
double3(0.911333333333,0.723766666667,0.750000000000),
double3(0.954700000000,0.785300000000,0.867000000000),
double3(0.898900000000,0.711233333333,0.809200000000),
double3(0.806533333333,0.952766666667,0.322400000000),
double3(0.860533333333,0.934433333333,0.346500000000),
double3(0.811000000000,0.931433333333,0.417200000000),
double3(0.866100000000,0.666666666667,0.381700000000),
double3(0.889566666667,0.889566666667,0.317800000000),
double3(0.854233333333,0.911333333333,0.250000000000),
double3(0.836066666667,0.954700000000,0.367000000000),
double3(0.854333333333,0.898900000000,0.309200000000),
double3(0.806533333333,0.853766666667,0.822400000000),
double3(0.860533333333,0.926100000000,0.846500000000),
double3(0.811000000000,0.879566666667,0.917200000000),
double3(0.777766666667,0.888900000000,0.000000000000),
double3(0.836066666667,0.881366666667,0.867000000000),
double3(0.854333333333,0.955433333333,0.809200000000),
double3(0.777766666667,0.888900000000,0.938000000000),
double3(0.952766666667,0.806533333333,0.322400000000),
double3(0.934433333333,0.860533333333,0.346500000000),
double3(0.931433333333,0.811000000000,0.417200000000),
double3(0.888866666667,0.777766666667,0.500000000000),
double3(0.954700000000,0.836066666667,0.367000000000),
double3(0.898900000000,0.854333333333,0.309200000000),
double3(0.888866666667,0.777766666667,0.438000000000),
double3(0.812900000000,0.952766666667,0.822400000000),
double3(0.740566666667,0.934433333333,0.846500000000),
double3(0.787100000000,0.931433333333,0.917200000000),
double3(0.785300000000,0.954700000000,0.867000000000),
double3(0.711233333333,0.898900000000,0.809200000000),
double3(0.860133333333,0.812900000000,0.322400000000),
double3(0.806133333333,0.740566666667,0.346500000000),
double3(0.855666666667,0.787100000000,0.417200000000),
double3(0.830600000000,0.785300000000,0.367000000000),
double3(0.812333333333,0.711233333333,0.309200000000),
double3(0.713900000000,0.860133333333,0.822400000000),
double3(0.732233333333,0.806133333333,0.846500000000),
double3(0.735233333333,0.855666666667,0.917200000000),
double3(0.711966666667,0.830600000000,0.867000000000),
double3(0.767766666667,0.812333333333,0.809200000000),
double3(0.853766666667,0.713900000000,0.322400000000),
double3(0.926100000000,0.732233333333,0.346500000000),
double3(0.879566666667,0.735233333333,0.417200000000),
double3(0.881366666667,0.711966666667,0.367000000000),
double3(0.955433333333,0.767766666667,0.309200000000),
double3(0.812900000000,0.860133333333,0.177600000000),
double3(0.740566666667,0.806133333333,0.153500000000),
double3(0.787100000000,0.855666666667,0.082800000000),
double3(0.785300000000,0.830600000000,0.133000000000),
double3(0.711233333333,0.812333333333,0.190800000000),
double3(0.777766666667,0.888900000000,0.062000000000),
double3(0.952766666667,0.812900000000,0.677600000000),
double3(0.934433333333,0.740566666667,0.653500000000),
double3(0.931433333333,0.787100000000,0.582800000000),
double3(0.954700000000,0.785300000000,0.633000000000),
double3(0.898900000000,0.711233333333,0.690800000000),
double3(0.888866666667,0.777766666667,0.562000000000),
double3(0.806533333333,0.952766666667,0.177600000000),
double3(0.860533333333,0.934433333333,0.153500000000),
double3(0.811000000000,0.931433333333,0.082800000000),
double3(0.836066666667,0.954700000000,0.133000000000),
double3(0.854333333333,0.898900000000,0.190800000000),
double3(0.853766666667,0.806533333333,0.677600000000),
double3(0.926100000000,0.860533333333,0.653500000000),
double3(0.879566666667,0.811000000000,0.582800000000),
double3(0.881366666667,0.836066666667,0.633000000000),
double3(0.955433333333,0.854333333333,0.690800000000),
double3(0.713900000000,0.853766666667,0.177600000000),
double3(0.732233333333,0.926100000000,0.153500000000),
double3(0.735233333333,0.879566666667,0.082800000000),
double3(0.711966666667,0.881366666667,0.133000000000),
double3(0.767766666667,0.955433333333,0.190800000000),
double3(0.860133333333,0.713900000000,0.677600000000),
double3(0.806133333333,0.732233333333,0.653500000000),
double3(0.855666666667,0.735233333333,0.582800000000),
double3(0.830600000000,0.711966666667,0.633000000000),
double3(0.812333333333,0.767766666667,0.690800000000),
