[double3(14.919000000000,0.000000000000,0.000000000000),double3(0.000000000000,14.919000000000,0.000000000000),double3(0.000000000000,0.000000000000,14.919000000000)]

double3(0.167200000000,0.064900000000,0.167200000000),
double3(0.137700000000,0.059650000000,0.250000000000),
double3(0.125000000000,0.051850000000,0.198150000000),
double3(0.435100000000,0.167200000000,0.167200000000),
double3(0.440350000000,0.137700000000,0.250000000000),
double3(0.448150000000,0.125000000000,0.198150000000),
double3(0.332800000000,0.435100000000,0.167200000000),
double3(0.362300000000,0.440350000000,0.250000000000),
double3(0.375000000000,0.448150000000,0.198150000000),
double3(0.064900000000,0.332800000000,0.167200000000),
double3(0.059650000000,0.362300000000,0.250000000000),
double3(0.051850000000,0.375000000000,0.198150000000),
double3(0.167200000000,0.435100000000,0.332800000000),
double3(0.137700000000,0.440350000000,0.250000000000),
double3(0.125000000000,0.448150000000,0.301850000000),
double3(0.064900000000,0.167200000000,0.332800000000),
double3(0.059650000000,0.137700000000,0.250000000000),
double3(0.051850000000,0.125000000000,0.301850000000),
double3(0.332800000000,0.064900000000,0.332800000000),
double3(0.362300000000,0.059650000000,0.250000000000),
double3(0.375000000000,0.051850000000,0.301850000000),
double3(0.435100000000,0.332800000000,0.332800000000),
double3(0.440350000000,0.362300000000,0.250000000000),
double3(0.448150000000,0.375000000000,0.301850000000),
double3(0.167200000000,0.167200000000,0.064900000000),
double3(0.250000000000,0.137700000000,0.059650000000),
double3(0.198150000000,0.125000000000,0.051850000000),
double3(0.332800000000,0.167200000000,0.064900000000),
double3(0.362300000000,0.250000000000,0.059650000000),
double3(0.375000000000,0.198150000000,0.051850000000),
double3(0.332800000000,0.332800000000,0.064900000000),
double3(0.250000000000,0.362300000000,0.059650000000),
double3(0.301850000000,0.375000000000,0.051850000000),
double3(0.167200000000,0.332800000000,0.064900000000),
double3(0.137700000000,0.250000000000,0.059650000000),
double3(0.125000000000,0.301850000000,0.051850000000),
double3(0.167200000000,0.332800000000,0.435100000000),
double3(0.250000000000,0.362300000000,0.440350000000),
double3(0.198150000000,0.375000000000,0.448150000000),
double3(0.167200000000,0.167200000000,0.435100000000),
double3(0.137700000000,0.250000000000,0.440350000000),
double3(0.125000000000,0.198150000000,0.448150000000),
double3(0.332800000000,0.167200000000,0.435100000000),
double3(0.250000000000,0.137700000000,0.440350000000),
double3(0.301850000000,0.125000000000,0.448150000000),
double3(0.332800000000,0.332800000000,0.435100000000),
double3(0.362300000000,0.250000000000,0.440350000000),
double3(0.375000000000,0.301850000000,0.448150000000),
double3(0.064900000000,0.167200000000,0.167200000000),
double3(0.059650000000,0.250000000000,0.137700000000),
double3(0.051850000000,0.198150000000,0.125000000000),
double3(0.064900000000,0.332800000000,0.332800000000),
double3(0.059650000000,0.250000000000,0.362300000000),
double3(0.051850000000,0.301850000000,0.375000000000),
double3(0.167200000000,0.064900000000,0.332800000000),
double3(0.250000000000,0.059650000000,0.362300000000),
double3(0.198150000000,0.051850000000,0.375000000000),
double3(0.435100000000,0.167200000000,0.332800000000),
double3(0.440350000000,0.250000000000,0.362300000000),
double3(0.448150000000,0.198150000000,0.375000000000),
double3(0.332800000000,0.435100000000,0.332800000000),
double3(0.250000000000,0.440350000000,0.362300000000),
double3(0.301850000000,0.448150000000,0.375000000000),
double3(0.435100000000,0.332800000000,0.167200000000),
double3(0.440350000000,0.250000000000,0.137700000000),
double3(0.448150000000,0.301850000000,0.125000000000),
double3(0.167200000000,0.435100000000,0.167200000000),
double3(0.250000000000,0.440350000000,0.137700000000),
double3(0.198150000000,0.448150000000,0.125000000000),
double3(0.332800000000,0.064900000000,0.167200000000),
double3(0.250000000000,0.059650000000,0.137700000000),
double3(0.301850000000,0.051850000000,0.125000000000),
double3(0.375000000000,0.448150000000,0.301850000000),
double3(0.051850000000,0.375000000000,0.301850000000),
double3(0.125000000000,0.051850000000,0.301850000000),
double3(0.448150000000,0.125000000000,0.301850000000),
double3(0.375000000000,0.051850000000,0.198150000000),
double3(0.448150000000,0.375000000000,0.198150000000),
double3(0.125000000000,0.448150000000,0.198150000000),
double3(0.051850000000,0.125000000000,0.198150000000),
double3(0.301850000000,0.375000000000,0.448150000000),
double3(0.125000000000,0.301850000000,0.448150000000),
double3(0.198150000000,0.125000000000,0.448150000000),
double3(0.375000000000,0.198150000000,0.448150000000),
double3(0.301850000000,0.125000000000,0.051850000000),
double3(0.375000000000,0.301850000000,0.051850000000),
double3(0.198150000000,0.375000000000,0.051850000000),
double3(0.125000000000,0.198150000000,0.051850000000),
double3(0.448150000000,0.301850000000,0.375000000000),
double3(0.448150000000,0.198150000000,0.125000000000),
double3(0.301850000000,0.448150000000,0.125000000000),
double3(0.051850000000,0.301850000000,0.125000000000),
double3(0.198150000000,0.051850000000,0.125000000000),
double3(0.051850000000,0.198150000000,0.375000000000),
double3(0.301850000000,0.051850000000,0.375000000000),
double3(0.198150000000,0.448150000000,0.375000000000),
double3(0.417200000000,0.314900000000,0.417200000000),
double3(0.387700000000,0.309650000000,0.000000000000),
double3(0.185100000000,0.417200000000,0.417200000000),
double3(0.190350000000,0.387700000000,0.000000000000),
double3(0.082800000000,0.185100000000,0.417200000000),
double3(0.112300000000,0.190350000000,0.000000000000),
double3(0.314900000000,0.082800000000,0.417200000000),
double3(0.309650000000,0.112300000000,0.000000000000),
double3(0.417200000000,0.185100000000,0.082800000000),
double3(0.387700000000,0.190350000000,0.000000000000),
double3(0.314900000000,0.417200000000,0.082800000000),
double3(0.309650000000,0.387700000000,0.000000000000),
double3(0.082800000000,0.314900000000,0.082800000000),
double3(0.112300000000,0.309650000000,0.000000000000),
double3(0.185100000000,0.082800000000,0.082800000000),
double3(0.190350000000,0.112300000000,0.000000000000),
double3(0.417200000000,0.417200000000,0.314900000000),
double3(0.000000000000,0.387700000000,0.309650000000),
double3(0.082800000000,0.417200000000,0.314900000000),
double3(0.112300000000,0.000000000000,0.309650000000),
double3(0.082800000000,0.082800000000,0.314900000000),
double3(0.000000000000,0.112300000000,0.309650000000),
double3(0.417200000000,0.082800000000,0.314900000000),
double3(0.387700000000,0.000000000000,0.309650000000),
double3(0.417200000000,0.082800000000,0.185100000000),
double3(0.000000000000,0.112300000000,0.190350000000),
double3(0.417200000000,0.417200000000,0.185100000000),
double3(0.387700000000,0.000000000000,0.190350000000),
double3(0.082800000000,0.417200000000,0.185100000000),
double3(0.000000000000,0.387700000000,0.190350000000),
double3(0.082800000000,0.082800000000,0.185100000000),
double3(0.112300000000,0.000000000000,0.190350000000),
double3(0.314900000000,0.417200000000,0.417200000000),
double3(0.309650000000,0.000000000000,0.387700000000),
double3(0.314900000000,0.082800000000,0.082800000000),
double3(0.309650000000,0.000000000000,0.112300000000),
double3(0.417200000000,0.314900000000,0.082800000000),
double3(0.000000000000,0.309650000000,0.112300000000),
double3(0.185100000000,0.417200000000,0.082800000000),
double3(0.190350000000,0.000000000000,0.112300000000),
double3(0.082800000000,0.185100000000,0.082800000000),
double3(0.000000000000,0.190350000000,0.112300000000),
double3(0.185100000000,0.082800000000,0.417200000000),
double3(0.190350000000,0.000000000000,0.387700000000),
double3(0.417200000000,0.185100000000,0.417200000000),
double3(0.000000000000,0.190350000000,0.387700000000),
double3(0.082800000000,0.314900000000,0.417200000000),
double3(0.000000000000,0.309650000000,0.387700000000),
double3(0.167200000000,0.064900000000,0.667200000000),
double3(0.137700000000,0.059650000000,0.750000000000),
double3(0.125000000000,0.051850000000,0.698150000000),
double3(0.435100000000,0.167200000000,0.667200000000),
double3(0.440350000000,0.137700000000,0.750000000000),
double3(0.448150000000,0.125000000000,0.698150000000),
double3(0.332800000000,0.435100000000,0.667200000000),
double3(0.362300000000,0.440350000000,0.750000000000),
double3(0.375000000000,0.448150000000,0.698150000000),
double3(0.064900000000,0.332800000000,0.667200000000),
double3(0.059650000000,0.362300000000,0.750000000000),
double3(0.051850000000,0.375000000000,0.698150000000),
double3(0.167200000000,0.435100000000,0.832800000000),
double3(0.137700000000,0.440350000000,0.750000000000),
double3(0.125000000000,0.448150000000,0.801850000000),
double3(0.064900000000,0.167200000000,0.832800000000),
double3(0.059650000000,0.137700000000,0.750000000000),
double3(0.051850000000,0.125000000000,0.801850000000),
double3(0.332800000000,0.064900000000,0.832800000000),
double3(0.362300000000,0.059650000000,0.750000000000),
double3(0.375000000000,0.051850000000,0.801850000000),
double3(0.435100000000,0.332800000000,0.832800000000),
double3(0.440350000000,0.362300000000,0.750000000000),
double3(0.448150000000,0.375000000000,0.801850000000),
double3(0.167200000000,0.167200000000,0.564900000000),
double3(0.250000000000,0.137700000000,0.559650000000),
double3(0.198150000000,0.125000000000,0.551850000000),
double3(0.332800000000,0.167200000000,0.564900000000),
double3(0.362300000000,0.250000000000,0.559650000000),
double3(0.375000000000,0.198150000000,0.551850000000),
double3(0.332800000000,0.332800000000,0.564900000000),
double3(0.250000000000,0.362300000000,0.559650000000),
double3(0.301850000000,0.375000000000,0.551850000000),
double3(0.167200000000,0.332800000000,0.564900000000),
double3(0.137700000000,0.250000000000,0.559650000000),
double3(0.125000000000,0.301850000000,0.551850000000),
double3(0.167200000000,0.332800000000,0.935100000000),
double3(0.250000000000,0.362300000000,0.940350000000),
double3(0.198150000000,0.375000000000,0.948150000000),
double3(0.167200000000,0.167200000000,0.935100000000),
double3(0.137700000000,0.250000000000,0.940350000000),
double3(0.125000000000,0.198150000000,0.948150000000),
double3(0.332800000000,0.167200000000,0.935100000000),
double3(0.250000000000,0.137700000000,0.940350000000),
double3(0.301850000000,0.125000000000,0.948150000000),
double3(0.332800000000,0.332800000000,0.935100000000),
double3(0.362300000000,0.250000000000,0.940350000000),
double3(0.375000000000,0.301850000000,0.948150000000),
double3(0.064900000000,0.167200000000,0.667200000000),
double3(0.059650000000,0.250000000000,0.637700000000),
double3(0.051850000000,0.198150000000,0.625000000000),
double3(0.064900000000,0.332800000000,0.832800000000),
double3(0.059650000000,0.250000000000,0.862300000000),
double3(0.051850000000,0.301850000000,0.875000000000),
double3(0.167200000000,0.064900000000,0.832800000000),
double3(0.250000000000,0.059650000000,0.862300000000),
double3(0.198150000000,0.051850000000,0.875000000000),
double3(0.435100000000,0.167200000000,0.832800000000),
double3(0.440350000000,0.250000000000,0.862300000000),
double3(0.448150000000,0.198150000000,0.875000000000),
double3(0.332800000000,0.435100000000,0.832800000000),
double3(0.250000000000,0.440350000000,0.862300000000),
double3(0.301850000000,0.448150000000,0.875000000000),
double3(0.435100000000,0.332800000000,0.667200000000),
double3(0.440350000000,0.250000000000,0.637700000000),
double3(0.448150000000,0.301850000000,0.625000000000),
double3(0.167200000000,0.435100000000,0.667200000000),
double3(0.250000000000,0.440350000000,0.637700000000),
double3(0.198150000000,0.448150000000,0.625000000000),
double3(0.332800000000,0.064900000000,0.667200000000),
double3(0.250000000000,0.059650000000,0.637700000000),
double3(0.301850000000,0.051850000000,0.625000000000),
double3(0.375000000000,0.448150000000,0.801850000000),
double3(0.051850000000,0.375000000000,0.801850000000),
double3(0.125000000000,0.051850000000,0.801850000000),
double3(0.448150000000,0.125000000000,0.801850000000),
double3(0.375000000000,0.051850000000,0.698150000000),
double3(0.448150000000,0.375000000000,0.698150000000),
double3(0.125000000000,0.448150000000,0.698150000000),
double3(0.051850000000,0.125000000000,0.698150000000),
double3(0.301850000000,0.375000000000,0.948150000000),
double3(0.125000000000,0.301850000000,0.948150000000),
double3(0.198150000000,0.125000000000,0.948150000000),
double3(0.375000000000,0.198150000000,0.948150000000),
double3(0.301850000000,0.125000000000,0.551850000000),
double3(0.375000000000,0.301850000000,0.551850000000),
double3(0.198150000000,0.375000000000,0.551850000000),
double3(0.125000000000,0.198150000000,0.551850000000),
double3(0.448150000000,0.301850000000,0.875000000000),
double3(0.448150000000,0.198150000000,0.625000000000),
double3(0.301850000000,0.448150000000,0.625000000000),
double3(0.051850000000,0.301850000000,0.625000000000),
double3(0.198150000000,0.051850000000,0.625000000000),
double3(0.051850000000,0.198150000000,0.875000000000),
double3(0.301850000000,0.051850000000,0.875000000000),
double3(0.198150000000,0.448150000000,0.875000000000),
double3(0.417200000000,0.314900000000,0.917200000000),
double3(0.387700000000,0.309650000000,0.500000000000),
double3(0.185100000000,0.417200000000,0.917200000000),
double3(0.190350000000,0.387700000000,0.500000000000),
double3(0.082800000000,0.185100000000,0.917200000000),
double3(0.112300000000,0.190350000000,0.500000000000),
double3(0.314900000000,0.082800000000,0.917200000000),
double3(0.309650000000,0.112300000000,0.500000000000),
double3(0.417200000000,0.185100000000,0.582800000000),
double3(0.387700000000,0.190350000000,0.500000000000),
double3(0.314900000000,0.417200000000,0.582800000000),
double3(0.309650000000,0.387700000000,0.500000000000),
double3(0.082800000000,0.314900000000,0.582800000000),
double3(0.112300000000,0.309650000000,0.500000000000),
double3(0.185100000000,0.082800000000,0.582800000000),
double3(0.190350000000,0.112300000000,0.500000000000),
double3(0.417200000000,0.417200000000,0.814900000000),
double3(0.000000000000,0.387700000000,0.809650000000),
double3(0.082800000000,0.417200000000,0.814900000000),
double3(0.112300000000,0.000000000000,0.809650000000),
double3(0.082800000000,0.082800000000,0.814900000000),
double3(0.000000000000,0.112300000000,0.809650000000),
double3(0.417200000000,0.082800000000,0.814900000000),
double3(0.387700000000,0.000000000000,0.809650000000),
double3(0.417200000000,0.082800000000,0.685100000000),
double3(0.000000000000,0.112300000000,0.690350000000),
double3(0.417200000000,0.417200000000,0.685100000000),
double3(0.387700000000,0.000000000000,0.690350000000),
double3(0.082800000000,0.417200000000,0.685100000000),
double3(0.000000000000,0.387700000000,0.690350000000),
double3(0.082800000000,0.082800000000,0.685100000000),
double3(0.112300000000,0.000000000000,0.690350000000),
double3(0.314900000000,0.417200000000,0.917200000000),
double3(0.309650000000,0.000000000000,0.887700000000),
double3(0.314900000000,0.082800000000,0.582800000000),
double3(0.309650000000,0.000000000000,0.612300000000),
double3(0.417200000000,0.314900000000,0.582800000000),
double3(0.000000000000,0.309650000000,0.612300000000),
double3(0.185100000000,0.417200000000,0.582800000000),
double3(0.190350000000,0.000000000000,0.612300000000),
double3(0.082800000000,0.185100000000,0.582800000000),
double3(0.000000000000,0.190350000000,0.612300000000),
double3(0.185100000000,0.082800000000,0.917200000000),
double3(0.190350000000,0.000000000000,0.887700000000),
double3(0.417200000000,0.185100000000,0.917200000000),
double3(0.000000000000,0.190350000000,0.887700000000),
double3(0.082800000000,0.314900000000,0.917200000000),
double3(0.000000000000,0.309650000000,0.887700000000),
double3(0.167200000000,0.564900000000,0.167200000000),
double3(0.137700000000,0.559650000000,0.250000000000),
double3(0.125000000000,0.551850000000,0.198150000000),
double3(0.435100000000,0.667200000000,0.167200000000),
double3(0.440350000000,0.637700000000,0.250000000000),
double3(0.448150000000,0.625000000000,0.198150000000),
double3(0.332800000000,0.935100000000,0.167200000000),
double3(0.362300000000,0.940350000000,0.250000000000),
double3(0.375000000000,0.948150000000,0.198150000000),
double3(0.064900000000,0.832800000000,0.167200000000),
double3(0.059650000000,0.862300000000,0.250000000000),
double3(0.051850000000,0.875000000000,0.198150000000),
double3(0.167200000000,0.935100000000,0.332800000000),
double3(0.137700000000,0.940350000000,0.250000000000),
double3(0.125000000000,0.948150000000,0.301850000000),
double3(0.064900000000,0.667200000000,0.332800000000),
double3(0.059650000000,0.637700000000,0.250000000000),
double3(0.051850000000,0.625000000000,0.301850000000),
double3(0.332800000000,0.564900000000,0.332800000000),
double3(0.362300000000,0.559650000000,0.250000000000),
double3(0.375000000000,0.551850000000,0.301850000000),
double3(0.435100000000,0.832800000000,0.332800000000),
double3(0.440350000000,0.862300000000,0.250000000000),
double3(0.448150000000,0.875000000000,0.301850000000),
double3(0.167200000000,0.667200000000,0.064900000000),
double3(0.250000000000,0.637700000000,0.059650000000),
double3(0.198150000000,0.625000000000,0.051850000000),
double3(0.332800000000,0.667200000000,0.064900000000),
double3(0.362300000000,0.750000000000,0.059650000000),
double3(0.375000000000,0.698150000000,0.051850000000),
double3(0.332800000000,0.832800000000,0.064900000000),
double3(0.250000000000,0.862300000000,0.059650000000),
double3(0.301850000000,0.875000000000,0.051850000000),
double3(0.167200000000,0.832800000000,0.064900000000),
double3(0.137700000000,0.750000000000,0.059650000000),
double3(0.125000000000,0.801850000000,0.051850000000),
double3(0.167200000000,0.832800000000,0.435100000000),
double3(0.250000000000,0.862300000000,0.440350000000),
double3(0.198150000000,0.875000000000,0.448150000000),
double3(0.167200000000,0.667200000000,0.435100000000),
double3(0.137700000000,0.750000000000,0.440350000000),
double3(0.125000000000,0.698150000000,0.448150000000),
double3(0.332800000000,0.667200000000,0.435100000000),
double3(0.250000000000,0.637700000000,0.440350000000),
double3(0.301850000000,0.625000000000,0.448150000000),
double3(0.332800000000,0.832800000000,0.435100000000),
double3(0.362300000000,0.750000000000,0.440350000000),
double3(0.375000000000,0.801850000000,0.448150000000),
double3(0.064900000000,0.667200000000,0.167200000000),
double3(0.059650000000,0.750000000000,0.137700000000),
double3(0.051850000000,0.698150000000,0.125000000000),
double3(0.064900000000,0.832800000000,0.332800000000),
double3(0.059650000000,0.750000000000,0.362300000000),
double3(0.051850000000,0.801850000000,0.375000000000),
double3(0.167200000000,0.564900000000,0.332800000000),
double3(0.250000000000,0.559650000000,0.362300000000),
double3(0.198150000000,0.551850000000,0.375000000000),
double3(0.435100000000,0.667200000000,0.332800000000),
double3(0.440350000000,0.750000000000,0.362300000000),
double3(0.448150000000,0.698150000000,0.375000000000),
double3(0.332800000000,0.935100000000,0.332800000000),
double3(0.250000000000,0.940350000000,0.362300000000),
double3(0.301850000000,0.948150000000,0.375000000000),
double3(0.435100000000,0.832800000000,0.167200000000),
double3(0.440350000000,0.750000000000,0.137700000000),
double3(0.448150000000,0.801850000000,0.125000000000),
double3(0.167200000000,0.935100000000,0.167200000000),
double3(0.250000000000,0.940350000000,0.137700000000),
double3(0.198150000000,0.948150000000,0.125000000000),
double3(0.332800000000,0.564900000000,0.167200000000),
double3(0.250000000000,0.559650000000,0.137700000000),
double3(0.301850000000,0.551850000000,0.125000000000),
double3(0.375000000000,0.948150000000,0.301850000000),
double3(0.051850000000,0.875000000000,0.301850000000),
double3(0.125000000000,0.551850000000,0.301850000000),
double3(0.448150000000,0.625000000000,0.301850000000),
double3(0.375000000000,0.551850000000,0.198150000000),
double3(0.448150000000,0.875000000000,0.198150000000),
double3(0.125000000000,0.948150000000,0.198150000000),
double3(0.051850000000,0.625000000000,0.198150000000),
double3(0.301850000000,0.875000000000,0.448150000000),
double3(0.125000000000,0.801850000000,0.448150000000),
double3(0.198150000000,0.625000000000,0.448150000000),
double3(0.375000000000,0.698150000000,0.448150000000),
double3(0.301850000000,0.625000000000,0.051850000000),
double3(0.375000000000,0.801850000000,0.051850000000),
double3(0.198150000000,0.875000000000,0.051850000000),
double3(0.125000000000,0.698150000000,0.051850000000),
double3(0.448150000000,0.801850000000,0.375000000000),
double3(0.448150000000,0.698150000000,0.125000000000),
double3(0.301850000000,0.948150000000,0.125000000000),
double3(0.051850000000,0.801850000000,0.125000000000),
double3(0.198150000000,0.551850000000,0.125000000000),
double3(0.051850000000,0.698150000000,0.375000000000),
double3(0.301850000000,0.551850000000,0.375000000000),
double3(0.198150000000,0.948150000000,0.375000000000),
double3(0.417200000000,0.814900000000,0.417200000000),
double3(0.387700000000,0.809650000000,0.000000000000),
double3(0.185100000000,0.917200000000,0.417200000000),
double3(0.190350000000,0.887700000000,0.000000000000),
double3(0.082800000000,0.685100000000,0.417200000000),
double3(0.112300000000,0.690350000000,0.000000000000),
double3(0.314900000000,0.582800000000,0.417200000000),
double3(0.309650000000,0.612300000000,0.000000000000),
double3(0.417200000000,0.685100000000,0.082800000000),
double3(0.387700000000,0.690350000000,0.000000000000),
double3(0.314900000000,0.917200000000,0.082800000000),
double3(0.309650000000,0.887700000000,0.000000000000),
double3(0.082800000000,0.814900000000,0.082800000000),
double3(0.112300000000,0.809650000000,0.000000000000),
double3(0.185100000000,0.582800000000,0.082800000000),
double3(0.190350000000,0.612300000000,0.000000000000),
double3(0.417200000000,0.917200000000,0.314900000000),
double3(0.000000000000,0.887700000000,0.309650000000),
double3(0.082800000000,0.917200000000,0.314900000000),
double3(0.112300000000,0.500000000000,0.309650000000),
double3(0.082800000000,0.582800000000,0.314900000000),
double3(0.000000000000,0.612300000000,0.309650000000),
double3(0.417200000000,0.582800000000,0.314900000000),
double3(0.387700000000,0.500000000000,0.309650000000),
double3(0.417200000000,0.582800000000,0.185100000000),
double3(0.000000000000,0.612300000000,0.190350000000),
double3(0.417200000000,0.917200000000,0.185100000000),
double3(0.387700000000,0.500000000000,0.190350000000),
double3(0.082800000000,0.917200000000,0.185100000000),
double3(0.000000000000,0.887700000000,0.190350000000),
double3(0.082800000000,0.582800000000,0.185100000000),
double3(0.112300000000,0.500000000000,0.190350000000),
double3(0.314900000000,0.917200000000,0.417200000000),
double3(0.309650000000,0.500000000000,0.387700000000),
double3(0.314900000000,0.582800000000,0.082800000000),
double3(0.309650000000,0.500000000000,0.112300000000),
double3(0.417200000000,0.814900000000,0.082800000000),
double3(0.000000000000,0.809650000000,0.112300000000),
double3(0.185100000000,0.917200000000,0.082800000000),
double3(0.190350000000,0.500000000000,0.112300000000),
double3(0.082800000000,0.685100000000,0.082800000000),
double3(0.000000000000,0.690350000000,0.112300000000),
double3(0.185100000000,0.582800000000,0.417200000000),
double3(0.190350000000,0.500000000000,0.387700000000),
double3(0.417200000000,0.685100000000,0.417200000000),
double3(0.000000000000,0.690350000000,0.387700000000),
double3(0.082800000000,0.814900000000,0.417200000000),
double3(0.000000000000,0.809650000000,0.387700000000),
double3(0.167200000000,0.564900000000,0.667200000000),
double3(0.137700000000,0.559650000000,0.750000000000),
double3(0.125000000000,0.551850000000,0.698150000000),
double3(0.435100000000,0.667200000000,0.667200000000),
double3(0.440350000000,0.637700000000,0.750000000000),
double3(0.448150000000,0.625000000000,0.698150000000),
double3(0.332800000000,0.935100000000,0.667200000000),
double3(0.362300000000,0.940350000000,0.750000000000),
double3(0.375000000000,0.948150000000,0.698150000000),
double3(0.064900000000,0.832800000000,0.667200000000),
double3(0.059650000000,0.862300000000,0.750000000000),
double3(0.051850000000,0.875000000000,0.698150000000),
double3(0.167200000000,0.935100000000,0.832800000000),
double3(0.137700000000,0.940350000000,0.750000000000),
double3(0.125000000000,0.948150000000,0.801850000000),
double3(0.064900000000,0.667200000000,0.832800000000),
double3(0.059650000000,0.637700000000,0.750000000000),
double3(0.051850000000,0.625000000000,0.801850000000),
double3(0.332800000000,0.564900000000,0.832800000000),
double3(0.362300000000,0.559650000000,0.750000000000),
double3(0.375000000000,0.551850000000,0.801850000000),
double3(0.435100000000,0.832800000000,0.832800000000),
double3(0.440350000000,0.862300000000,0.750000000000),
double3(0.448150000000,0.875000000000,0.801850000000),
double3(0.167200000000,0.667200000000,0.564900000000),
double3(0.250000000000,0.637700000000,0.559650000000),
double3(0.198150000000,0.625000000000,0.551850000000),
double3(0.332800000000,0.667200000000,0.564900000000),
double3(0.362300000000,0.750000000000,0.559650000000),
double3(0.375000000000,0.698150000000,0.551850000000),
double3(0.332800000000,0.832800000000,0.564900000000),
double3(0.250000000000,0.862300000000,0.559650000000),
double3(0.301850000000,0.875000000000,0.551850000000),
double3(0.167200000000,0.832800000000,0.564900000000),
double3(0.137700000000,0.750000000000,0.559650000000),
double3(0.125000000000,0.801850000000,0.551850000000),
double3(0.167200000000,0.832800000000,0.935100000000),
double3(0.250000000000,0.862300000000,0.940350000000),
double3(0.198150000000,0.875000000000,0.948150000000),
double3(0.167200000000,0.667200000000,0.935100000000),
double3(0.137700000000,0.750000000000,0.940350000000),
double3(0.125000000000,0.698150000000,0.948150000000),
double3(0.332800000000,0.667200000000,0.935100000000),
double3(0.250000000000,0.637700000000,0.940350000000),
double3(0.301850000000,0.625000000000,0.948150000000),
double3(0.332800000000,0.832800000000,0.935100000000),
double3(0.362300000000,0.750000000000,0.940350000000),
double3(0.375000000000,0.801850000000,0.948150000000),
double3(0.064900000000,0.667200000000,0.667200000000),
double3(0.059650000000,0.750000000000,0.637700000000),
double3(0.051850000000,0.698150000000,0.625000000000),
double3(0.064900000000,0.832800000000,0.832800000000),
double3(0.059650000000,0.750000000000,0.862300000000),
double3(0.051850000000,0.801850000000,0.875000000000),
double3(0.167200000000,0.564900000000,0.832800000000),
double3(0.250000000000,0.559650000000,0.862300000000),
double3(0.198150000000,0.551850000000,0.875000000000),
double3(0.435100000000,0.667200000000,0.832800000000),
double3(0.440350000000,0.750000000000,0.862300000000),
double3(0.448150000000,0.698150000000,0.875000000000),
double3(0.332800000000,0.935100000000,0.832800000000),
double3(0.250000000000,0.940350000000,0.862300000000),
double3(0.301850000000,0.948150000000,0.875000000000),
double3(0.435100000000,0.832800000000,0.667200000000),
double3(0.440350000000,0.750000000000,0.637700000000),
double3(0.448150000000,0.801850000000,0.625000000000),
double3(0.167200000000,0.935100000000,0.667200000000),
double3(0.250000000000,0.940350000000,0.637700000000),
double3(0.198150000000,0.948150000000,0.625000000000),
double3(0.332800000000,0.564900000000,0.667200000000),
double3(0.250000000000,0.559650000000,0.637700000000),
double3(0.301850000000,0.551850000000,0.625000000000),
double3(0.375000000000,0.948150000000,0.801850000000),
double3(0.051850000000,0.875000000000,0.801850000000),
double3(0.125000000000,0.551850000000,0.801850000000),
double3(0.448150000000,0.625000000000,0.801850000000),
double3(0.375000000000,0.551850000000,0.698150000000),
double3(0.448150000000,0.875000000000,0.698150000000),
double3(0.125000000000,0.948150000000,0.698150000000),
double3(0.051850000000,0.625000000000,0.698150000000),
double3(0.301850000000,0.875000000000,0.948150000000),
double3(0.125000000000,0.801850000000,0.948150000000),
double3(0.198150000000,0.625000000000,0.948150000000),
double3(0.375000000000,0.698150000000,0.948150000000),
double3(0.301850000000,0.625000000000,0.551850000000),
double3(0.375000000000,0.801850000000,0.551850000000),
double3(0.198150000000,0.875000000000,0.551850000000),
double3(0.125000000000,0.698150000000,0.551850000000),
double3(0.448150000000,0.801850000000,0.875000000000),
double3(0.448150000000,0.698150000000,0.625000000000),
double3(0.301850000000,0.948150000000,0.625000000000),
double3(0.051850000000,0.801850000000,0.625000000000),
double3(0.198150000000,0.551850000000,0.625000000000),
double3(0.051850000000,0.698150000000,0.875000000000),
double3(0.301850000000,0.551850000000,0.875000000000),
double3(0.198150000000,0.948150000000,0.875000000000),
double3(0.417200000000,0.814900000000,0.917200000000),
double3(0.387700000000,0.809650000000,0.500000000000),
double3(0.185100000000,0.917200000000,0.917200000000),
double3(0.190350000000,0.887700000000,0.500000000000),
double3(0.082800000000,0.685100000000,0.917200000000),
double3(0.112300000000,0.690350000000,0.500000000000),
double3(0.314900000000,0.582800000000,0.917200000000),
double3(0.309650000000,0.612300000000,0.500000000000),
double3(0.417200000000,0.685100000000,0.582800000000),
double3(0.387700000000,0.690350000000,0.500000000000),
double3(0.314900000000,0.917200000000,0.582800000000),
double3(0.309650000000,0.887700000000,0.500000000000),
double3(0.082800000000,0.814900000000,0.582800000000),
double3(0.112300000000,0.809650000000,0.500000000000),
double3(0.185100000000,0.582800000000,0.582800000000),
double3(0.190350000000,0.612300000000,0.500000000000),
double3(0.417200000000,0.917200000000,0.814900000000),
double3(0.000000000000,0.887700000000,0.809650000000),
double3(0.082800000000,0.917200000000,0.814900000000),
double3(0.112300000000,0.500000000000,0.809650000000),
double3(0.082800000000,0.582800000000,0.814900000000),
double3(0.000000000000,0.612300000000,0.809650000000),
double3(0.417200000000,0.582800000000,0.814900000000),
double3(0.387700000000,0.500000000000,0.809650000000),
double3(0.417200000000,0.582800000000,0.685100000000),
double3(0.000000000000,0.612300000000,0.690350000000),
double3(0.417200000000,0.917200000000,0.685100000000),
double3(0.387700000000,0.500000000000,0.690350000000),
double3(0.082800000000,0.917200000000,0.685100000000),
double3(0.000000000000,0.887700000000,0.690350000000),
double3(0.082800000000,0.582800000000,0.685100000000),
double3(0.112300000000,0.500000000000,0.690350000000),
double3(0.314900000000,0.917200000000,0.917200000000),
double3(0.309650000000,0.500000000000,0.887700000000),
double3(0.314900000000,0.582800000000,0.582800000000),
double3(0.309650000000,0.500000000000,0.612300000000),
double3(0.417200000000,0.814900000000,0.582800000000),
double3(0.000000000000,0.809650000000,0.612300000000),
double3(0.185100000000,0.917200000000,0.582800000000),
double3(0.190350000000,0.500000000000,0.612300000000),
double3(0.082800000000,0.685100000000,0.582800000000),
double3(0.000000000000,0.690350000000,0.612300000000),
double3(0.185100000000,0.582800000000,0.917200000000),
double3(0.190350000000,0.500000000000,0.887700000000),
double3(0.417200000000,0.685100000000,0.917200000000),
double3(0.000000000000,0.690350000000,0.887700000000),
double3(0.082800000000,0.814900000000,0.917200000000),
double3(0.000000000000,0.809650000000,0.887700000000),
double3(0.667200000000,0.064900000000,0.167200000000),
double3(0.637700000000,0.059650000000,0.250000000000),
double3(0.625000000000,0.051850000000,0.198150000000),
double3(0.935100000000,0.167200000000,0.167200000000),
double3(0.940350000000,0.137700000000,0.250000000000),
double3(0.948150000000,0.125000000000,0.198150000000),
double3(0.832800000000,0.435100000000,0.167200000000),
double3(0.862300000000,0.440350000000,0.250000000000),
double3(0.875000000000,0.448150000000,0.198150000000),
double3(0.564900000000,0.332800000000,0.167200000000),
double3(0.559650000000,0.362300000000,0.250000000000),
double3(0.551850000000,0.375000000000,0.198150000000),
double3(0.667200000000,0.435100000000,0.332800000000),
double3(0.637700000000,0.440350000000,0.250000000000),
double3(0.625000000000,0.448150000000,0.301850000000),
double3(0.564900000000,0.167200000000,0.332800000000),
double3(0.559650000000,0.137700000000,0.250000000000),
double3(0.551850000000,0.125000000000,0.301850000000),
double3(0.832800000000,0.064900000000,0.332800000000),
double3(0.862300000000,0.059650000000,0.250000000000),
double3(0.875000000000,0.051850000000,0.301850000000),
double3(0.935100000000,0.332800000000,0.332800000000),
double3(0.940350000000,0.362300000000,0.250000000000),
double3(0.948150000000,0.375000000000,0.301850000000),
double3(0.667200000000,0.167200000000,0.064900000000),
double3(0.750000000000,0.137700000000,0.059650000000),
double3(0.698150000000,0.125000000000,0.051850000000),
double3(0.832800000000,0.167200000000,0.064900000000),
double3(0.862300000000,0.250000000000,0.059650000000),
double3(0.875000000000,0.198150000000,0.051850000000),
double3(0.832800000000,0.332800000000,0.064900000000),
double3(0.750000000000,0.362300000000,0.059650000000),
double3(0.801850000000,0.375000000000,0.051850000000),
double3(0.667200000000,0.332800000000,0.064900000000),
double3(0.637700000000,0.250000000000,0.059650000000),
double3(0.625000000000,0.301850000000,0.051850000000),
double3(0.667200000000,0.332800000000,0.435100000000),
double3(0.750000000000,0.362300000000,0.440350000000),
double3(0.698150000000,0.375000000000,0.448150000000),
double3(0.667200000000,0.167200000000,0.435100000000),
double3(0.637700000000,0.250000000000,0.440350000000),
double3(0.625000000000,0.198150000000,0.448150000000),
double3(0.832800000000,0.167200000000,0.435100000000),
double3(0.750000000000,0.137700000000,0.440350000000),
double3(0.801850000000,0.125000000000,0.448150000000),
double3(0.832800000000,0.332800000000,0.435100000000),
double3(0.862300000000,0.250000000000,0.440350000000),
double3(0.875000000000,0.301850000000,0.448150000000),
double3(0.564900000000,0.167200000000,0.167200000000),
double3(0.559650000000,0.250000000000,0.137700000000),
double3(0.551850000000,0.198150000000,0.125000000000),
double3(0.564900000000,0.332800000000,0.332800000000),
double3(0.559650000000,0.250000000000,0.362300000000),
double3(0.551850000000,0.301850000000,0.375000000000),
double3(0.667200000000,0.064900000000,0.332800000000),
double3(0.750000000000,0.059650000000,0.362300000000),
double3(0.698150000000,0.051850000000,0.375000000000),
double3(0.935100000000,0.167200000000,0.332800000000),
double3(0.940350000000,0.250000000000,0.362300000000),
double3(0.948150000000,0.198150000000,0.375000000000),
double3(0.832800000000,0.435100000000,0.332800000000),
double3(0.750000000000,0.440350000000,0.362300000000),
double3(0.801850000000,0.448150000000,0.375000000000),
double3(0.935100000000,0.332800000000,0.167200000000),
double3(0.940350000000,0.250000000000,0.137700000000),
double3(0.948150000000,0.301850000000,0.125000000000),
double3(0.667200000000,0.435100000000,0.167200000000),
double3(0.750000000000,0.440350000000,0.137700000000),
double3(0.698150000000,0.448150000000,0.125000000000),
double3(0.832800000000,0.064900000000,0.167200000000),
double3(0.750000000000,0.059650000000,0.137700000000),
double3(0.801850000000,0.051850000000,0.125000000000),
double3(0.875000000000,0.448150000000,0.301850000000),
double3(0.551850000000,0.375000000000,0.301850000000),
double3(0.625000000000,0.051850000000,0.301850000000),
double3(0.948150000000,0.125000000000,0.301850000000),
double3(0.875000000000,0.051850000000,0.198150000000),
double3(0.948150000000,0.375000000000,0.198150000000),
double3(0.625000000000,0.448150000000,0.198150000000),
double3(0.551850000000,0.125000000000,0.198150000000),
double3(0.801850000000,0.375000000000,0.448150000000),
double3(0.625000000000,0.301850000000,0.448150000000),
double3(0.698150000000,0.125000000000,0.448150000000),
double3(0.875000000000,0.198150000000,0.448150000000),
double3(0.801850000000,0.125000000000,0.051850000000),
double3(0.875000000000,0.301850000000,0.051850000000),
double3(0.698150000000,0.375000000000,0.051850000000),
double3(0.625000000000,0.198150000000,0.051850000000),
double3(0.948150000000,0.301850000000,0.375000000000),
double3(0.948150000000,0.198150000000,0.125000000000),
double3(0.801850000000,0.448150000000,0.125000000000),
double3(0.551850000000,0.301850000000,0.125000000000),
double3(0.698150000000,0.051850000000,0.125000000000),
double3(0.551850000000,0.198150000000,0.375000000000),
double3(0.801850000000,0.051850000000,0.375000000000),
double3(0.698150000000,0.448150000000,0.375000000000),
double3(0.917200000000,0.314900000000,0.417200000000),
double3(0.887700000000,0.309650000000,0.000000000000),
double3(0.685100000000,0.417200000000,0.417200000000),
double3(0.690350000000,0.387700000000,0.000000000000),
double3(0.582800000000,0.185100000000,0.417200000000),
double3(0.612300000000,0.190350000000,0.000000000000),
double3(0.814900000000,0.082800000000,0.417200000000),
double3(0.809650000000,0.112300000000,0.000000000000),
double3(0.917200000000,0.185100000000,0.082800000000),
double3(0.887700000000,0.190350000000,0.000000000000),
double3(0.814900000000,0.417200000000,0.082800000000),
double3(0.809650000000,0.387700000000,0.000000000000),
double3(0.582800000000,0.314900000000,0.082800000000),
double3(0.612300000000,0.309650000000,0.000000000000),
double3(0.685100000000,0.082800000000,0.082800000000),
double3(0.690350000000,0.112300000000,0.000000000000),
double3(0.917200000000,0.417200000000,0.314900000000),
double3(0.500000000000,0.387700000000,0.309650000000),
double3(0.582800000000,0.417200000000,0.314900000000),
double3(0.612300000000,0.000000000000,0.309650000000),
double3(0.582800000000,0.082800000000,0.314900000000),
double3(0.500000000000,0.112300000000,0.309650000000),
double3(0.917200000000,0.082800000000,0.314900000000),
double3(0.887700000000,0.000000000000,0.309650000000),
double3(0.917200000000,0.082800000000,0.185100000000),
double3(0.500000000000,0.112300000000,0.190350000000),
double3(0.917200000000,0.417200000000,0.185100000000),
double3(0.887700000000,0.000000000000,0.190350000000),
double3(0.582800000000,0.417200000000,0.185100000000),
double3(0.500000000000,0.387700000000,0.190350000000),
double3(0.582800000000,0.082800000000,0.185100000000),
double3(0.612300000000,0.000000000000,0.190350000000),
double3(0.814900000000,0.417200000000,0.417200000000),
double3(0.809650000000,0.000000000000,0.387700000000),
double3(0.814900000000,0.082800000000,0.082800000000),
double3(0.809650000000,0.000000000000,0.112300000000),
double3(0.917200000000,0.314900000000,0.082800000000),
double3(0.500000000000,0.309650000000,0.112300000000),
double3(0.685100000000,0.417200000000,0.082800000000),
double3(0.690350000000,0.000000000000,0.112300000000),
double3(0.582800000000,0.185100000000,0.082800000000),
double3(0.500000000000,0.190350000000,0.112300000000),
double3(0.685100000000,0.082800000000,0.417200000000),
double3(0.690350000000,0.000000000000,0.387700000000),
double3(0.917200000000,0.185100000000,0.417200000000),
double3(0.500000000000,0.190350000000,0.387700000000),
double3(0.582800000000,0.314900000000,0.417200000000),
double3(0.500000000000,0.309650000000,0.387700000000),
double3(0.667200000000,0.064900000000,0.667200000000),
double3(0.637700000000,0.059650000000,0.750000000000),
double3(0.625000000000,0.051850000000,0.698150000000),
double3(0.935100000000,0.167200000000,0.667200000000),
double3(0.940350000000,0.137700000000,0.750000000000),
double3(0.948150000000,0.125000000000,0.698150000000),
double3(0.832800000000,0.435100000000,0.667200000000),
double3(0.862300000000,0.440350000000,0.750000000000),
double3(0.875000000000,0.448150000000,0.698150000000),
double3(0.564900000000,0.332800000000,0.667200000000),
double3(0.559650000000,0.362300000000,0.750000000000),
double3(0.551850000000,0.375000000000,0.698150000000),
double3(0.667200000000,0.435100000000,0.832800000000),
double3(0.637700000000,0.440350000000,0.750000000000),
double3(0.625000000000,0.448150000000,0.801850000000),
double3(0.564900000000,0.167200000000,0.832800000000),
double3(0.559650000000,0.137700000000,0.750000000000),
double3(0.551850000000,0.125000000000,0.801850000000),
double3(0.832800000000,0.064900000000,0.832800000000),
double3(0.862300000000,0.059650000000,0.750000000000),
double3(0.875000000000,0.051850000000,0.801850000000),
double3(0.935100000000,0.332800000000,0.832800000000),
double3(0.940350000000,0.362300000000,0.750000000000),
double3(0.948150000000,0.375000000000,0.801850000000),
double3(0.667200000000,0.167200000000,0.564900000000),
double3(0.750000000000,0.137700000000,0.559650000000),
double3(0.698150000000,0.125000000000,0.551850000000),
double3(0.832800000000,0.167200000000,0.564900000000),
double3(0.862300000000,0.250000000000,0.559650000000),
double3(0.875000000000,0.198150000000,0.551850000000),
double3(0.832800000000,0.332800000000,0.564900000000),
double3(0.750000000000,0.362300000000,0.559650000000),
double3(0.801850000000,0.375000000000,0.551850000000),
double3(0.667200000000,0.332800000000,0.564900000000),
double3(0.637700000000,0.250000000000,0.559650000000),
double3(0.625000000000,0.301850000000,0.551850000000),
double3(0.667200000000,0.332800000000,0.935100000000),
double3(0.750000000000,0.362300000000,0.940350000000),
double3(0.698150000000,0.375000000000,0.948150000000),
double3(0.667200000000,0.167200000000,0.935100000000),
double3(0.637700000000,0.250000000000,0.940350000000),
double3(0.625000000000,0.198150000000,0.948150000000),
double3(0.832800000000,0.167200000000,0.935100000000),
double3(0.750000000000,0.137700000000,0.940350000000),
double3(0.801850000000,0.125000000000,0.948150000000),
double3(0.832800000000,0.332800000000,0.935100000000),
double3(0.862300000000,0.250000000000,0.940350000000),
double3(0.875000000000,0.301850000000,0.948150000000),
double3(0.564900000000,0.167200000000,0.667200000000),
double3(0.559650000000,0.250000000000,0.637700000000),
double3(0.551850000000,0.198150000000,0.625000000000),
double3(0.564900000000,0.332800000000,0.832800000000),
double3(0.559650000000,0.250000000000,0.862300000000),
double3(0.551850000000,0.301850000000,0.875000000000),
double3(0.667200000000,0.064900000000,0.832800000000),
double3(0.750000000000,0.059650000000,0.862300000000),
double3(0.698150000000,0.051850000000,0.875000000000),
double3(0.935100000000,0.167200000000,0.832800000000),
double3(0.940350000000,0.250000000000,0.862300000000),
double3(0.948150000000,0.198150000000,0.875000000000),
double3(0.832800000000,0.435100000000,0.832800000000),
double3(0.750000000000,0.440350000000,0.862300000000),
double3(0.801850000000,0.448150000000,0.875000000000),
double3(0.935100000000,0.332800000000,0.667200000000),
double3(0.940350000000,0.250000000000,0.637700000000),
double3(0.948150000000,0.301850000000,0.625000000000),
double3(0.667200000000,0.435100000000,0.667200000000),
double3(0.750000000000,0.440350000000,0.637700000000),
double3(0.698150000000,0.448150000000,0.625000000000),
double3(0.832800000000,0.064900000000,0.667200000000),
double3(0.750000000000,0.059650000000,0.637700000000),
double3(0.801850000000,0.051850000000,0.625000000000),
double3(0.875000000000,0.448150000000,0.801850000000),
double3(0.551850000000,0.375000000000,0.801850000000),
double3(0.625000000000,0.051850000000,0.801850000000),
double3(0.948150000000,0.125000000000,0.801850000000),
double3(0.875000000000,0.051850000000,0.698150000000),
double3(0.948150000000,0.375000000000,0.698150000000),
double3(0.625000000000,0.448150000000,0.698150000000),
double3(0.551850000000,0.125000000000,0.698150000000),
double3(0.801850000000,0.375000000000,0.948150000000),
double3(0.625000000000,0.301850000000,0.948150000000),
double3(0.698150000000,0.125000000000,0.948150000000),
double3(0.875000000000,0.198150000000,0.948150000000),
double3(0.801850000000,0.125000000000,0.551850000000),
double3(0.875000000000,0.301850000000,0.551850000000),
double3(0.698150000000,0.375000000000,0.551850000000),
double3(0.625000000000,0.198150000000,0.551850000000),
double3(0.948150000000,0.301850000000,0.875000000000),
double3(0.948150000000,0.198150000000,0.625000000000),
double3(0.801850000000,0.448150000000,0.625000000000),
double3(0.551850000000,0.301850000000,0.625000000000),
double3(0.698150000000,0.051850000000,0.625000000000),
double3(0.551850000000,0.198150000000,0.875000000000),
double3(0.801850000000,0.051850000000,0.875000000000),
double3(0.698150000000,0.448150000000,0.875000000000),
double3(0.917200000000,0.314900000000,0.917200000000),
double3(0.887700000000,0.309650000000,0.500000000000),
double3(0.685100000000,0.417200000000,0.917200000000),
double3(0.690350000000,0.387700000000,0.500000000000),
double3(0.582800000000,0.185100000000,0.917200000000),
double3(0.612300000000,0.190350000000,0.500000000000),
double3(0.814900000000,0.082800000000,0.917200000000),
double3(0.809650000000,0.112300000000,0.500000000000),
double3(0.917200000000,0.185100000000,0.582800000000),
double3(0.887700000000,0.190350000000,0.500000000000),
double3(0.814900000000,0.417200000000,0.582800000000),
double3(0.809650000000,0.387700000000,0.500000000000),
double3(0.582800000000,0.314900000000,0.582800000000),
double3(0.612300000000,0.309650000000,0.500000000000),
double3(0.685100000000,0.082800000000,0.582800000000),
double3(0.690350000000,0.112300000000,0.500000000000),
double3(0.917200000000,0.417200000000,0.814900000000),
double3(0.500000000000,0.387700000000,0.809650000000),
double3(0.582800000000,0.417200000000,0.814900000000),
double3(0.612300000000,0.000000000000,0.809650000000),
double3(0.582800000000,0.082800000000,0.814900000000),
double3(0.500000000000,0.112300000000,0.809650000000),
double3(0.917200000000,0.082800000000,0.814900000000),
double3(0.887700000000,0.000000000000,0.809650000000),
double3(0.917200000000,0.082800000000,0.685100000000),
double3(0.500000000000,0.112300000000,0.690350000000),
double3(0.917200000000,0.417200000000,0.685100000000),
double3(0.887700000000,0.000000000000,0.690350000000),
double3(0.582800000000,0.417200000000,0.685100000000),
double3(0.500000000000,0.387700000000,0.690350000000),
double3(0.582800000000,0.082800000000,0.685100000000),
double3(0.612300000000,0.000000000000,0.690350000000),
double3(0.814900000000,0.417200000000,0.917200000000),
double3(0.809650000000,0.000000000000,0.887700000000),
double3(0.814900000000,0.082800000000,0.582800000000),
double3(0.809650000000,0.000000000000,0.612300000000),
double3(0.917200000000,0.314900000000,0.582800000000),
double3(0.500000000000,0.309650000000,0.612300000000),
double3(0.685100000000,0.417200000000,0.582800000000),
double3(0.690350000000,0.000000000000,0.612300000000),
double3(0.582800000000,0.185100000000,0.582800000000),
double3(0.500000000000,0.190350000000,0.612300000000),
double3(0.685100000000,0.082800000000,0.917200000000),
double3(0.690350000000,0.000000000000,0.887700000000),
double3(0.917200000000,0.185100000000,0.917200000000),
double3(0.500000000000,0.190350000000,0.887700000000),
double3(0.582800000000,0.314900000000,0.917200000000),
double3(0.500000000000,0.309650000000,0.887700000000),
double3(0.667200000000,0.564900000000,0.167200000000),
double3(0.637700000000,0.559650000000,0.250000000000),
double3(0.625000000000,0.551850000000,0.198150000000),
double3(0.935100000000,0.667200000000,0.167200000000),
double3(0.940350000000,0.637700000000,0.250000000000),
double3(0.948150000000,0.625000000000,0.198150000000),
double3(0.832800000000,0.935100000000,0.167200000000),
double3(0.862300000000,0.940350000000,0.250000000000),
double3(0.875000000000,0.948150000000,0.198150000000),
double3(0.564900000000,0.832800000000,0.167200000000),
double3(0.559650000000,0.862300000000,0.250000000000),
double3(0.551850000000,0.875000000000,0.198150000000),
double3(0.667200000000,0.935100000000,0.332800000000),
double3(0.637700000000,0.940350000000,0.250000000000),
double3(0.625000000000,0.948150000000,0.301850000000),
double3(0.564900000000,0.667200000000,0.332800000000),
double3(0.559650000000,0.637700000000,0.250000000000),
double3(0.551850000000,0.625000000000,0.301850000000),
double3(0.832800000000,0.564900000000,0.332800000000),
double3(0.862300000000,0.559650000000,0.250000000000),
double3(0.875000000000,0.551850000000,0.301850000000),
double3(0.935100000000,0.832800000000,0.332800000000),
double3(0.940350000000,0.862300000000,0.250000000000),
double3(0.948150000000,0.875000000000,0.301850000000),
double3(0.667200000000,0.667200000000,0.064900000000),
double3(0.750000000000,0.637700000000,0.059650000000),
double3(0.698150000000,0.625000000000,0.051850000000),
double3(0.832800000000,0.667200000000,0.064900000000),
double3(0.862300000000,0.750000000000,0.059650000000),
double3(0.875000000000,0.698150000000,0.051850000000),
double3(0.832800000000,0.832800000000,0.064900000000),
double3(0.750000000000,0.862300000000,0.059650000000),
double3(0.801850000000,0.875000000000,0.051850000000),
double3(0.667200000000,0.832800000000,0.064900000000),
double3(0.637700000000,0.750000000000,0.059650000000),
double3(0.625000000000,0.801850000000,0.051850000000),
double3(0.667200000000,0.832800000000,0.435100000000),
double3(0.750000000000,0.862300000000,0.440350000000),
double3(0.698150000000,0.875000000000,0.448150000000),
double3(0.667200000000,0.667200000000,0.435100000000),
double3(0.637700000000,0.750000000000,0.440350000000),
double3(0.625000000000,0.698150000000,0.448150000000),
double3(0.832800000000,0.667200000000,0.435100000000),
double3(0.750000000000,0.637700000000,0.440350000000),
double3(0.801850000000,0.625000000000,0.448150000000),
double3(0.832800000000,0.832800000000,0.435100000000),
double3(0.862300000000,0.750000000000,0.440350000000),
double3(0.875000000000,0.801850000000,0.448150000000),
double3(0.564900000000,0.667200000000,0.167200000000),
double3(0.559650000000,0.750000000000,0.137700000000),
double3(0.551850000000,0.698150000000,0.125000000000),
double3(0.564900000000,0.832800000000,0.332800000000),
double3(0.559650000000,0.750000000000,0.362300000000),
double3(0.551850000000,0.801850000000,0.375000000000),
double3(0.667200000000,0.564900000000,0.332800000000),
double3(0.750000000000,0.559650000000,0.362300000000),
double3(0.698150000000,0.551850000000,0.375000000000),
double3(0.935100000000,0.667200000000,0.332800000000),
double3(0.940350000000,0.750000000000,0.362300000000),
double3(0.948150000000,0.698150000000,0.375000000000),
double3(0.832800000000,0.935100000000,0.332800000000),
double3(0.750000000000,0.940350000000,0.362300000000),
double3(0.801850000000,0.948150000000,0.375000000000),
double3(0.935100000000,0.832800000000,0.167200000000),
double3(0.940350000000,0.750000000000,0.137700000000),
double3(0.948150000000,0.801850000000,0.125000000000),
double3(0.667200000000,0.935100000000,0.167200000000),
double3(0.750000000000,0.940350000000,0.137700000000),
double3(0.698150000000,0.948150000000,0.125000000000),
double3(0.832800000000,0.564900000000,0.167200000000),
double3(0.750000000000,0.559650000000,0.137700000000),
double3(0.801850000000,0.551850000000,0.125000000000),
double3(0.875000000000,0.948150000000,0.301850000000),
double3(0.551850000000,0.875000000000,0.301850000000),
double3(0.625000000000,0.551850000000,0.301850000000),
double3(0.948150000000,0.625000000000,0.301850000000),
double3(0.875000000000,0.551850000000,0.198150000000),
double3(0.948150000000,0.875000000000,0.198150000000),
double3(0.625000000000,0.948150000000,0.198150000000),
double3(0.551850000000,0.625000000000,0.198150000000),
double3(0.801850000000,0.875000000000,0.448150000000),
double3(0.625000000000,0.801850000000,0.448150000000),
double3(0.698150000000,0.625000000000,0.448150000000),
double3(0.875000000000,0.698150000000,0.448150000000),
double3(0.801850000000,0.625000000000,0.051850000000),
double3(0.875000000000,0.801850000000,0.051850000000),
double3(0.698150000000,0.875000000000,0.051850000000),
double3(0.625000000000,0.698150000000,0.051850000000),
double3(0.948150000000,0.801850000000,0.375000000000),
double3(0.948150000000,0.698150000000,0.125000000000),
double3(0.801850000000,0.948150000000,0.125000000000),
double3(0.551850000000,0.801850000000,0.125000000000),
double3(0.698150000000,0.551850000000,0.125000000000),
double3(0.551850000000,0.698150000000,0.375000000000),
double3(0.801850000000,0.551850000000,0.375000000000),
double3(0.698150000000,0.948150000000,0.375000000000),
double3(0.917200000000,0.814900000000,0.417200000000),
double3(0.887700000000,0.809650000000,0.000000000000),
double3(0.685100000000,0.917200000000,0.417200000000),
double3(0.690350000000,0.887700000000,0.000000000000),
double3(0.582800000000,0.685100000000,0.417200000000),
double3(0.612300000000,0.690350000000,0.000000000000),
double3(0.814900000000,0.582800000000,0.417200000000),
double3(0.809650000000,0.612300000000,0.000000000000),
double3(0.917200000000,0.685100000000,0.082800000000),
double3(0.887700000000,0.690350000000,0.000000000000),
double3(0.814900000000,0.917200000000,0.082800000000),
double3(0.809650000000,0.887700000000,0.000000000000),
double3(0.582800000000,0.814900000000,0.082800000000),
double3(0.612300000000,0.809650000000,0.000000000000),
double3(0.685100000000,0.582800000000,0.082800000000),
double3(0.690350000000,0.612300000000,0.000000000000),
double3(0.917200000000,0.917200000000,0.314900000000),
double3(0.500000000000,0.887700000000,0.309650000000),
double3(0.582800000000,0.917200000000,0.314900000000),
double3(0.612300000000,0.500000000000,0.309650000000),
double3(0.582800000000,0.582800000000,0.314900000000),
double3(0.500000000000,0.612300000000,0.309650000000),
double3(0.917200000000,0.582800000000,0.314900000000),
double3(0.887700000000,0.500000000000,0.309650000000),
double3(0.917200000000,0.582800000000,0.185100000000),
double3(0.500000000000,0.612300000000,0.190350000000),
double3(0.917200000000,0.917200000000,0.185100000000),
double3(0.887700000000,0.500000000000,0.190350000000),
double3(0.582800000000,0.917200000000,0.185100000000),
double3(0.500000000000,0.887700000000,0.190350000000),
double3(0.582800000000,0.582800000000,0.185100000000),
double3(0.612300000000,0.500000000000,0.190350000000),
double3(0.814900000000,0.917200000000,0.417200000000),
double3(0.809650000000,0.500000000000,0.387700000000),
double3(0.814900000000,0.582800000000,0.082800000000),
double3(0.809650000000,0.500000000000,0.112300000000),
double3(0.917200000000,0.814900000000,0.082800000000),
double3(0.500000000000,0.809650000000,0.112300000000),
double3(0.685100000000,0.917200000000,0.082800000000),
double3(0.690350000000,0.500000000000,0.112300000000),
double3(0.582800000000,0.685100000000,0.082800000000),
double3(0.500000000000,0.690350000000,0.112300000000),
double3(0.685100000000,0.582800000000,0.417200000000),
double3(0.690350000000,0.500000000000,0.387700000000),
double3(0.917200000000,0.685100000000,0.417200000000),
double3(0.500000000000,0.690350000000,0.387700000000),
double3(0.582800000000,0.814900000000,0.417200000000),
double3(0.500000000000,0.809650000000,0.387700000000),
double3(0.667200000000,0.564900000000,0.667200000000),
double3(0.637700000000,0.559650000000,0.750000000000),
double3(0.625000000000,0.551850000000,0.698150000000),
double3(0.935100000000,0.667200000000,0.667200000000),
double3(0.940350000000,0.637700000000,0.750000000000),
double3(0.948150000000,0.625000000000,0.698150000000),
double3(0.832800000000,0.935100000000,0.667200000000),
double3(0.862300000000,0.940350000000,0.750000000000),
double3(0.875000000000,0.948150000000,0.698150000000),
double3(0.564900000000,0.832800000000,0.667200000000),
double3(0.559650000000,0.862300000000,0.750000000000),
double3(0.551850000000,0.875000000000,0.698150000000),
double3(0.667200000000,0.935100000000,0.832800000000),
double3(0.637700000000,0.940350000000,0.750000000000),
double3(0.625000000000,0.948150000000,0.801850000000),
double3(0.564900000000,0.667200000000,0.832800000000),
double3(0.559650000000,0.637700000000,0.750000000000),
double3(0.551850000000,0.625000000000,0.801850000000),
double3(0.832800000000,0.564900000000,0.832800000000),
double3(0.862300000000,0.559650000000,0.750000000000),
double3(0.875000000000,0.551850000000,0.801850000000),
double3(0.935100000000,0.832800000000,0.832800000000),
double3(0.940350000000,0.862300000000,0.750000000000),
double3(0.948150000000,0.875000000000,0.801850000000),
double3(0.667200000000,0.667200000000,0.564900000000),
double3(0.750000000000,0.637700000000,0.559650000000),
double3(0.698150000000,0.625000000000,0.551850000000),
double3(0.832800000000,0.667200000000,0.564900000000),
double3(0.862300000000,0.750000000000,0.559650000000),
double3(0.875000000000,0.698150000000,0.551850000000),
double3(0.832800000000,0.832800000000,0.564900000000),
double3(0.750000000000,0.862300000000,0.559650000000),
double3(0.801850000000,0.875000000000,0.551850000000),
double3(0.667200000000,0.832800000000,0.564900000000),
double3(0.637700000000,0.750000000000,0.559650000000),
double3(0.625000000000,0.801850000000,0.551850000000),
double3(0.667200000000,0.832800000000,0.935100000000),
double3(0.750000000000,0.862300000000,0.940350000000),
double3(0.698150000000,0.875000000000,0.948150000000),
double3(0.667200000000,0.667200000000,0.935100000000),
double3(0.637700000000,0.750000000000,0.940350000000),
double3(0.625000000000,0.698150000000,0.948150000000),
double3(0.832800000000,0.667200000000,0.935100000000),
double3(0.750000000000,0.637700000000,0.940350000000),
double3(0.801850000000,0.625000000000,0.948150000000),
double3(0.832800000000,0.832800000000,0.935100000000),
double3(0.862300000000,0.750000000000,0.940350000000),
double3(0.875000000000,0.801850000000,0.948150000000),
double3(0.564900000000,0.667200000000,0.667200000000),
double3(0.559650000000,0.750000000000,0.637700000000),
double3(0.551850000000,0.698150000000,0.625000000000),
double3(0.564900000000,0.832800000000,0.832800000000),
double3(0.559650000000,0.750000000000,0.862300000000),
double3(0.551850000000,0.801850000000,0.875000000000),
double3(0.667200000000,0.564900000000,0.832800000000),
double3(0.750000000000,0.559650000000,0.862300000000),
double3(0.698150000000,0.551850000000,0.875000000000),
double3(0.935100000000,0.667200000000,0.832800000000),
double3(0.940350000000,0.750000000000,0.862300000000),
double3(0.948150000000,0.698150000000,0.875000000000),
double3(0.832800000000,0.935100000000,0.832800000000),
double3(0.750000000000,0.940350000000,0.862300000000),
double3(0.801850000000,0.948150000000,0.875000000000),
double3(0.935100000000,0.832800000000,0.667200000000),
double3(0.940350000000,0.750000000000,0.637700000000),
double3(0.948150000000,0.801850000000,0.625000000000),
double3(0.667200000000,0.935100000000,0.667200000000),
double3(0.750000000000,0.940350000000,0.637700000000),
double3(0.698150000000,0.948150000000,0.625000000000),
double3(0.832800000000,0.564900000000,0.667200000000),
double3(0.750000000000,0.559650000000,0.637700000000),
double3(0.801850000000,0.551850000000,0.625000000000),
double3(0.875000000000,0.948150000000,0.801850000000),
double3(0.551850000000,0.875000000000,0.801850000000),
double3(0.625000000000,0.551850000000,0.801850000000),
double3(0.948150000000,0.625000000000,0.801850000000),
double3(0.875000000000,0.551850000000,0.698150000000),
double3(0.948150000000,0.875000000000,0.698150000000),
double3(0.625000000000,0.948150000000,0.698150000000),
double3(0.551850000000,0.625000000000,0.698150000000),
double3(0.801850000000,0.875000000000,0.948150000000),
double3(0.625000000000,0.801850000000,0.948150000000),
double3(0.698150000000,0.625000000000,0.948150000000),
double3(0.875000000000,0.698150000000,0.948150000000),
double3(0.801850000000,0.625000000000,0.551850000000),
double3(0.875000000000,0.801850000000,0.551850000000),
double3(0.698150000000,0.875000000000,0.551850000000),
double3(0.625000000000,0.698150000000,0.551850000000),
double3(0.948150000000,0.801850000000,0.875000000000),
double3(0.948150000000,0.698150000000,0.625000000000),
double3(0.801850000000,0.948150000000,0.625000000000),
double3(0.551850000000,0.801850000000,0.625000000000),
double3(0.698150000000,0.551850000000,0.625000000000),
double3(0.551850000000,0.698150000000,0.875000000000),
double3(0.801850000000,0.551850000000,0.875000000000),
double3(0.698150000000,0.948150000000,0.875000000000),
double3(0.917200000000,0.814900000000,0.917200000000),
double3(0.887700000000,0.809650000000,0.500000000000),
double3(0.685100000000,0.917200000000,0.917200000000),
double3(0.690350000000,0.887700000000,0.500000000000),
double3(0.582800000000,0.685100000000,0.917200000000),
double3(0.612300000000,0.690350000000,0.500000000000),
double3(0.814900000000,0.582800000000,0.917200000000),
double3(0.809650000000,0.612300000000,0.500000000000),
double3(0.917200000000,0.685100000000,0.582800000000),
double3(0.887700000000,0.690350000000,0.500000000000),
double3(0.814900000000,0.917200000000,0.582800000000),
double3(0.809650000000,0.887700000000,0.500000000000),
double3(0.582800000000,0.814900000000,0.582800000000),
double3(0.612300000000,0.809650000000,0.500000000000),
double3(0.685100000000,0.582800000000,0.582800000000),
double3(0.690350000000,0.612300000000,0.500000000000),
double3(0.917200000000,0.917200000000,0.814900000000),
double3(0.500000000000,0.887700000000,0.809650000000),
double3(0.582800000000,0.917200000000,0.814900000000),
double3(0.612300000000,0.500000000000,0.809650000000),
double3(0.582800000000,0.582800000000,0.814900000000),
double3(0.500000000000,0.612300000000,0.809650000000),
double3(0.917200000000,0.582800000000,0.814900000000),
double3(0.887700000000,0.500000000000,0.809650000000),
double3(0.917200000000,0.582800000000,0.685100000000),
double3(0.500000000000,0.612300000000,0.690350000000),
double3(0.917200000000,0.917200000000,0.685100000000),
double3(0.887700000000,0.500000000000,0.690350000000),
double3(0.582800000000,0.917200000000,0.685100000000),
double3(0.500000000000,0.887700000000,0.690350000000),
double3(0.582800000000,0.582800000000,0.685100000000),
double3(0.612300000000,0.500000000000,0.690350000000),
double3(0.814900000000,0.917200000000,0.917200000000),
double3(0.809650000000,0.500000000000,0.887700000000),
double3(0.814900000000,0.582800000000,0.582800000000),
double3(0.809650000000,0.500000000000,0.612300000000),
double3(0.917200000000,0.814900000000,0.582800000000),
double3(0.500000000000,0.809650000000,0.612300000000),
double3(0.685100000000,0.917200000000,0.582800000000),
double3(0.690350000000,0.500000000000,0.612300000000),
double3(0.582800000000,0.685100000000,0.582800000000),
double3(0.500000000000,0.690350000000,0.612300000000),
double3(0.685100000000,0.582800000000,0.917200000000),
double3(0.690350000000,0.500000000000,0.887700000000),
double3(0.917200000000,0.685100000000,0.917200000000),
double3(0.500000000000,0.690350000000,0.887700000000),
double3(0.582800000000,0.814900000000,0.917200000000),
double3(0.500000000000,0.809650000000,0.887700000000),
