[double3(14.148800000000,0.000000000000,0.000000000000),double3(0.000000000000,35.708200000000,0.000000000000),double3(0.000000000000,0.000000000000,14.077000000000)]

double3(0.000000000000,0.719800000000,0.078450000000),
double3(0.203700000000,0.272300000000,0.125000000000),
double3(0.110450000000,0.372800000000,0.125000000000),
double3(0.084400000000,0.345200000000,0.042000000000),
double3(0.148200000000,0.397900000000,0.045550000000),
double3(0.169150000000,0.330600000000,0.078400000000),
double3(0.071250000000,0.048400000000,0.125000000000),
double3(0.086650000000,0.082500000000,0.043450000000),
double3(0.061450000000,0.012200000000,0.044100000000),
double3(0.000000000000,0.064400000000,0.068250000000),
double3(0.000000000000,0.657100000000,0.125000000000),
double3(0.296350000000,0.161600000000,0.043700000000),
double3(0.000000000000,0.835000000000,0.125000000000),
double3(0.126950000000,0.035100000000,0.485400000000),
double3(0.173000000000,0.096100000000,0.012950000000),
double3(0.000000000000,0.373200000000,0.022650000000),
double3(0.128000000000,0.361500000000,0.072450000000),
double3(0.054550000000,0.051900000000,0.070550000000),
double3(0.122250000000,0.078800000000,0.499000000000),
double3(0.052200000000,0.365000000000,0.002150000000),
double3(0.197600000000,0.317200000000,0.125000000000),
double3(0.000000000000,0.674900000000,0.072350000000),
double3(0.094300000000,0.000000000000,0.000000000000),
double3(0.000000000000,0.746100000000,0.125000000000),
double3(0.000000000000,0.280200000000,0.328450000000),
double3(0.296300000000,0.727700000000,0.375000000000),
double3(0.389550000000,0.627200000000,0.375000000000),
double3(0.415600000000,0.654800000000,0.292000000000),
double3(0.351800000000,0.602100000000,0.295550000000),
double3(0.330850000000,0.669400000000,0.328400000000),
double3(0.428750000000,0.951600000000,0.375000000000),
double3(0.413350000000,0.917500000000,0.293450000000),
double3(0.438550000000,0.987800000000,0.294100000000),
double3(0.000000000000,0.935600000000,0.318250000000),
double3(0.000000000000,0.342900000000,0.375000000000),
double3(0.203650000000,0.838400000000,0.293700000000),
double3(0.000000000000,0.165000000000,0.375000000000),
double3(0.373050000000,0.964900000000,0.235400000000),
double3(0.327000000000,0.903900000000,0.262950000000),
double3(0.000000000000,0.626800000000,0.272650000000),
double3(0.372000000000,0.638500000000,0.322450000000),
double3(0.445450000000,0.948100000000,0.320550000000),
double3(0.377750000000,0.921200000000,0.249000000000),
double3(0.447800000000,0.635000000000,0.252150000000),
double3(0.302400000000,0.682800000000,0.375000000000),
double3(0.000000000000,0.325100000000,0.322350000000),
double3(0.405700000000,0.000000000000,0.250000000000),
double3(0.000000000000,0.253900000000,0.375000000000),
double3(0.000000000000,0.280200000000,0.421550000000),
double3(0.203700000000,0.727700000000,0.375000000000),
double3(0.110450000000,0.627200000000,0.375000000000),
double3(0.084400000000,0.654800000000,0.458000000000),
double3(0.148200000000,0.602100000000,0.454450000000),
double3(0.169150000000,0.669400000000,0.421600000000),
double3(0.071250000000,0.951600000000,0.375000000000),
double3(0.086650000000,0.917500000000,0.456550000000),
double3(0.061450000000,0.987800000000,0.455900000000),
double3(0.000000000000,0.935600000000,0.431750000000),
double3(0.296350000000,0.838400000000,0.456300000000),
double3(0.126950000000,0.964900000000,0.014600000000),
double3(0.173000000000,0.903900000000,0.487050000000),
double3(0.000000000000,0.626800000000,0.477350000000),
double3(0.128000000000,0.638500000000,0.427550000000),
double3(0.054550000000,0.948100000000,0.429450000000),
double3(0.122250000000,0.921200000000,0.001000000000),
double3(0.052200000000,0.635000000000,0.497850000000),
double3(0.197600000000,0.682800000000,0.375000000000),
double3(0.000000000000,0.325100000000,0.427650000000),
double3(0.000000000000,0.719800000000,0.171550000000),
double3(0.296300000000,0.272300000000,0.125000000000),
double3(0.389550000000,0.372800000000,0.125000000000),
double3(0.415600000000,0.345200000000,0.208000000000),
double3(0.351800000000,0.397900000000,0.204450000000),
double3(0.330850000000,0.330600000000,0.171600000000),
double3(0.428750000000,0.048400000000,0.125000000000),
double3(0.413350000000,0.082500000000,0.206550000000),
double3(0.438550000000,0.012200000000,0.205900000000),
double3(0.000000000000,0.064400000000,0.181750000000),
double3(0.203650000000,0.161600000000,0.206300000000),
double3(0.373050000000,0.035100000000,0.264600000000),
double3(0.327000000000,0.096100000000,0.237050000000),
double3(0.000000000000,0.373200000000,0.227350000000),
double3(0.372000000000,0.361500000000,0.177550000000),
double3(0.445450000000,0.051900000000,0.179450000000),
double3(0.377750000000,0.078800000000,0.251000000000),
double3(0.447800000000,0.365000000000,0.247850000000),
double3(0.302400000000,0.317200000000,0.125000000000),
double3(0.000000000000,0.674900000000,0.177650000000),
double3(0.415600000000,0.654800000000,0.458000000000),
double3(0.351800000000,0.602100000000,0.454450000000),
double3(0.330850000000,0.669400000000,0.421600000000),
double3(0.413350000000,0.917500000000,0.456550000000),
double3(0.438550000000,0.987800000000,0.455900000000),
double3(0.203650000000,0.838400000000,0.456300000000),
double3(0.373050000000,0.964900000000,0.014600000000),
double3(0.327000000000,0.903900000000,0.487050000000),
double3(0.372000000000,0.638500000000,0.427550000000),
double3(0.445450000000,0.948100000000,0.429450000000),
double3(0.377750000000,0.921200000000,0.001000000000),
double3(0.447800000000,0.635000000000,0.497850000000),
double3(0.405700000000,0.000000000000,0.000000000000),
double3(0.084400000000,0.345200000000,0.208000000000),
double3(0.148200000000,0.397900000000,0.204450000000),
double3(0.169150000000,0.330600000000,0.171600000000),
double3(0.086650000000,0.082500000000,0.206550000000),
double3(0.061450000000,0.012200000000,0.205900000000),
double3(0.296350000000,0.161600000000,0.206300000000),
double3(0.126950000000,0.035100000000,0.264600000000),
double3(0.173000000000,0.096100000000,0.237050000000),
double3(0.128000000000,0.361500000000,0.177550000000),
double3(0.054550000000,0.051900000000,0.179450000000),
double3(0.122250000000,0.078800000000,0.251000000000),
double3(0.052200000000,0.365000000000,0.247850000000),
double3(0.094300000000,0.000000000000,0.250000000000),
double3(0.415600000000,0.345200000000,0.042000000000),
double3(0.351800000000,0.397900000000,0.045550000000),
double3(0.330850000000,0.330600000000,0.078400000000),
double3(0.413350000000,0.082500000000,0.043450000000),
double3(0.438550000000,0.012200000000,0.044100000000),
double3(0.203650000000,0.161600000000,0.043700000000),
double3(0.373050000000,0.035100000000,0.485400000000),
double3(0.327000000000,0.096100000000,0.012950000000),
double3(0.372000000000,0.361500000000,0.072450000000),
double3(0.445450000000,0.051900000000,0.070550000000),
double3(0.377750000000,0.078800000000,0.499000000000),
double3(0.447800000000,0.365000000000,0.002150000000),
double3(0.084400000000,0.654800000000,0.292000000000),
double3(0.148200000000,0.602100000000,0.295550000000),
double3(0.169150000000,0.669400000000,0.328400000000),
double3(0.086650000000,0.917500000000,0.293450000000),
double3(0.061450000000,0.987800000000,0.294100000000),
double3(0.296350000000,0.838400000000,0.293700000000),
double3(0.126950000000,0.964900000000,0.235400000000),
double3(0.173000000000,0.903900000000,0.262950000000),
double3(0.128000000000,0.638500000000,0.322450000000),
double3(0.054550000000,0.948100000000,0.320550000000),
double3(0.122250000000,0.921200000000,0.249000000000),
double3(0.052200000000,0.635000000000,0.252150000000),
double3(0.250000000000,0.219800000000,0.078450000000),
double3(0.453700000000,0.772300000000,0.125000000000),
double3(0.360450000000,0.872800000000,0.125000000000),
double3(0.334400000000,0.845200000000,0.042000000000),
double3(0.398200000000,0.897900000000,0.045550000000),
double3(0.419150000000,0.830600000000,0.078400000000),
double3(0.321250000000,0.548400000000,0.125000000000),
double3(0.336650000000,0.582500000000,0.043450000000),
double3(0.311450000000,0.512200000000,0.044100000000),
double3(0.250000000000,0.564400000000,0.068250000000),
double3(0.250000000000,0.157100000000,0.125000000000),
double3(0.046350000000,0.661600000000,0.043700000000),
double3(0.250000000000,0.335000000000,0.125000000000),
double3(0.376950000000,0.535100000000,0.485400000000),
double3(0.423000000000,0.596100000000,0.012950000000),
double3(0.250000000000,0.873200000000,0.022650000000),
double3(0.378000000000,0.861500000000,0.072450000000),
double3(0.304550000000,0.551900000000,0.070550000000),
double3(0.372250000000,0.578800000000,0.499000000000),
double3(0.302200000000,0.865000000000,0.002150000000),
double3(0.447600000000,0.817200000000,0.125000000000),
double3(0.250000000000,0.174900000000,0.072350000000),
double3(0.344300000000,0.500000000000,0.000000000000),
double3(0.250000000000,0.246100000000,0.125000000000),
double3(0.250000000000,0.780200000000,0.328450000000),
double3(0.046300000000,0.227700000000,0.375000000000),
double3(0.139550000000,0.127200000000,0.375000000000),
double3(0.165600000000,0.154800000000,0.292000000000),
double3(0.101800000000,0.102100000000,0.295550000000),
double3(0.080850000000,0.169400000000,0.328400000000),
double3(0.178750000000,0.451600000000,0.375000000000),
double3(0.163350000000,0.417500000000,0.293450000000),
double3(0.188550000000,0.487800000000,0.294100000000),
double3(0.250000000000,0.435600000000,0.318250000000),
double3(0.250000000000,0.842900000000,0.375000000000),
double3(0.453650000000,0.338400000000,0.293700000000),
double3(0.250000000000,0.665000000000,0.375000000000),
double3(0.123050000000,0.464900000000,0.235400000000),
double3(0.077000000000,0.403900000000,0.262950000000),
double3(0.250000000000,0.126800000000,0.272650000000),
double3(0.122000000000,0.138500000000,0.322450000000),
double3(0.195450000000,0.448100000000,0.320550000000),
double3(0.127750000000,0.421200000000,0.249000000000),
double3(0.197800000000,0.135000000000,0.252150000000),
double3(0.052400000000,0.182800000000,0.375000000000),
double3(0.250000000000,0.825100000000,0.322350000000),
double3(0.155700000000,0.500000000000,0.250000000000),
double3(0.250000000000,0.753900000000,0.375000000000),
double3(0.250000000000,0.780200000000,0.421550000000),
double3(0.453700000000,0.227700000000,0.375000000000),
double3(0.360450000000,0.127200000000,0.375000000000),
double3(0.334400000000,0.154800000000,0.458000000000),
double3(0.398200000000,0.102100000000,0.454450000000),
double3(0.419150000000,0.169400000000,0.421600000000),
double3(0.321250000000,0.451600000000,0.375000000000),
double3(0.336650000000,0.417500000000,0.456550000000),
double3(0.311450000000,0.487800000000,0.455900000000),
double3(0.250000000000,0.435600000000,0.431750000000),
double3(0.046350000000,0.338400000000,0.456300000000),
double3(0.376950000000,0.464900000000,0.014600000000),
double3(0.423000000000,0.403900000000,0.487050000000),
double3(0.250000000000,0.126800000000,0.477350000000),
double3(0.378000000000,0.138500000000,0.427550000000),
double3(0.304550000000,0.448100000000,0.429450000000),
double3(0.372250000000,0.421200000000,0.001000000000),
double3(0.302200000000,0.135000000000,0.497850000000),
double3(0.447600000000,0.182800000000,0.375000000000),
double3(0.250000000000,0.825100000000,0.427650000000),
double3(0.250000000000,0.219800000000,0.171550000000),
double3(0.046300000000,0.772300000000,0.125000000000),
double3(0.139550000000,0.872800000000,0.125000000000),
double3(0.165600000000,0.845200000000,0.208000000000),
double3(0.101800000000,0.897900000000,0.204450000000),
double3(0.080850000000,0.830600000000,0.171600000000),
double3(0.178750000000,0.548400000000,0.125000000000),
double3(0.163350000000,0.582500000000,0.206550000000),
double3(0.188550000000,0.512200000000,0.205900000000),
double3(0.250000000000,0.564400000000,0.181750000000),
double3(0.453650000000,0.661600000000,0.206300000000),
double3(0.123050000000,0.535100000000,0.264600000000),
double3(0.077000000000,0.596100000000,0.237050000000),
double3(0.250000000000,0.873200000000,0.227350000000),
double3(0.122000000000,0.861500000000,0.177550000000),
double3(0.195450000000,0.551900000000,0.179450000000),
double3(0.127750000000,0.578800000000,0.251000000000),
double3(0.197800000000,0.865000000000,0.247850000000),
double3(0.052400000000,0.817200000000,0.125000000000),
double3(0.250000000000,0.174900000000,0.177650000000),
double3(0.165600000000,0.154800000000,0.458000000000),
double3(0.101800000000,0.102100000000,0.454450000000),
double3(0.080850000000,0.169400000000,0.421600000000),
double3(0.163350000000,0.417500000000,0.456550000000),
double3(0.188550000000,0.487800000000,0.455900000000),
double3(0.453650000000,0.338400000000,0.456300000000),
double3(0.123050000000,0.464900000000,0.014600000000),
double3(0.077000000000,0.403900000000,0.487050000000),
double3(0.122000000000,0.138500000000,0.427550000000),
double3(0.195450000000,0.448100000000,0.429450000000),
double3(0.127750000000,0.421200000000,0.001000000000),
double3(0.197800000000,0.135000000000,0.497850000000),
double3(0.155700000000,0.500000000000,0.000000000000),
double3(0.334400000000,0.845200000000,0.208000000000),
double3(0.398200000000,0.897900000000,0.204450000000),
double3(0.419150000000,0.830600000000,0.171600000000),
double3(0.336650000000,0.582500000000,0.206550000000),
double3(0.311450000000,0.512200000000,0.205900000000),
double3(0.046350000000,0.661600000000,0.206300000000),
double3(0.376950000000,0.535100000000,0.264600000000),
double3(0.423000000000,0.596100000000,0.237050000000),
double3(0.378000000000,0.861500000000,0.177550000000),
double3(0.304550000000,0.551900000000,0.179450000000),
double3(0.372250000000,0.578800000000,0.251000000000),
double3(0.302200000000,0.865000000000,0.247850000000),
double3(0.344300000000,0.500000000000,0.250000000000),
double3(0.165600000000,0.845200000000,0.042000000000),
double3(0.101800000000,0.897900000000,0.045550000000),
double3(0.080850000000,0.830600000000,0.078400000000),
double3(0.163350000000,0.582500000000,0.043450000000),
double3(0.188550000000,0.512200000000,0.044100000000),
double3(0.453650000000,0.661600000000,0.043700000000),
double3(0.123050000000,0.535100000000,0.485400000000),
double3(0.077000000000,0.596100000000,0.012950000000),
double3(0.122000000000,0.861500000000,0.072450000000),
double3(0.195450000000,0.551900000000,0.070550000000),
double3(0.127750000000,0.578800000000,0.499000000000),
double3(0.197800000000,0.865000000000,0.002150000000),
double3(0.334400000000,0.154800000000,0.292000000000),
double3(0.398200000000,0.102100000000,0.295550000000),
double3(0.419150000000,0.169400000000,0.328400000000),
double3(0.336650000000,0.417500000000,0.293450000000),
double3(0.311450000000,0.487800000000,0.294100000000),
double3(0.046350000000,0.338400000000,0.293700000000),
double3(0.376950000000,0.464900000000,0.235400000000),
double3(0.423000000000,0.403900000000,0.262950000000),
double3(0.378000000000,0.138500000000,0.322450000000),
double3(0.304550000000,0.448100000000,0.320550000000),
double3(0.372250000000,0.421200000000,0.249000000000),
double3(0.302200000000,0.135000000000,0.252150000000),
double3(0.000000000000,0.719800000000,0.578450000000),
double3(0.203700000000,0.272300000000,0.625000000000),
double3(0.110450000000,0.372800000000,0.625000000000),
double3(0.084400000000,0.345200000000,0.542000000000),
double3(0.148200000000,0.397900000000,0.545550000000),
double3(0.169150000000,0.330600000000,0.578400000000),
double3(0.071250000000,0.048400000000,0.625000000000),
double3(0.086650000000,0.082500000000,0.543450000000),
double3(0.061450000000,0.012200000000,0.544100000000),
double3(0.000000000000,0.064400000000,0.568250000000),
double3(0.000000000000,0.657100000000,0.625000000000),
double3(0.296350000000,0.161600000000,0.543700000000),
double3(0.000000000000,0.835000000000,0.625000000000),
double3(0.126950000000,0.035100000000,0.985400000000),
double3(0.173000000000,0.096100000000,0.512950000000),
double3(0.000000000000,0.373200000000,0.522650000000),
double3(0.128000000000,0.361500000000,0.572450000000),
double3(0.054550000000,0.051900000000,0.570550000000),
double3(0.122250000000,0.078800000000,0.999000000000),
double3(0.052200000000,0.365000000000,0.502150000000),
double3(0.197600000000,0.317200000000,0.625000000000),
double3(0.000000000000,0.674900000000,0.572350000000),
double3(0.094300000000,0.000000000000,0.500000000000),
double3(0.000000000000,0.746100000000,0.625000000000),
double3(0.000000000000,0.280200000000,0.828450000000),
double3(0.296300000000,0.727700000000,0.875000000000),
double3(0.389550000000,0.627200000000,0.875000000000),
double3(0.415600000000,0.654800000000,0.792000000000),
double3(0.351800000000,0.602100000000,0.795550000000),
double3(0.330850000000,0.669400000000,0.828400000000),
double3(0.428750000000,0.951600000000,0.875000000000),
double3(0.413350000000,0.917500000000,0.793450000000),
double3(0.438550000000,0.987800000000,0.794100000000),
double3(0.000000000000,0.935600000000,0.818250000000),
double3(0.000000000000,0.342900000000,0.875000000000),
double3(0.203650000000,0.838400000000,0.793700000000),
double3(0.000000000000,0.165000000000,0.875000000000),
double3(0.373050000000,0.964900000000,0.735400000000),
double3(0.327000000000,0.903900000000,0.762950000000),
double3(0.000000000000,0.626800000000,0.772650000000),
double3(0.372000000000,0.638500000000,0.822450000000),
double3(0.445450000000,0.948100000000,0.820550000000),
double3(0.377750000000,0.921200000000,0.749000000000),
double3(0.447800000000,0.635000000000,0.752150000000),
double3(0.302400000000,0.682800000000,0.875000000000),
double3(0.000000000000,0.325100000000,0.822350000000),
double3(0.405700000000,0.000000000000,0.750000000000),
double3(0.000000000000,0.253900000000,0.875000000000),
double3(0.000000000000,0.280200000000,0.921550000000),
double3(0.203700000000,0.727700000000,0.875000000000),
double3(0.110450000000,0.627200000000,0.875000000000),
double3(0.084400000000,0.654800000000,0.958000000000),
double3(0.148200000000,0.602100000000,0.954450000000),
double3(0.169150000000,0.669400000000,0.921600000000),
double3(0.071250000000,0.951600000000,0.875000000000),
double3(0.086650000000,0.917500000000,0.956550000000),
double3(0.061450000000,0.987800000000,0.955900000000),
double3(0.000000000000,0.935600000000,0.931750000000),
double3(0.296350000000,0.838400000000,0.956300000000),
double3(0.126950000000,0.964900000000,0.514600000000),
double3(0.173000000000,0.903900000000,0.987050000000),
double3(0.000000000000,0.626800000000,0.977350000000),
double3(0.128000000000,0.638500000000,0.927550000000),
double3(0.054550000000,0.948100000000,0.929450000000),
double3(0.122250000000,0.921200000000,0.501000000000),
double3(0.052200000000,0.635000000000,0.997850000000),
double3(0.197600000000,0.682800000000,0.875000000000),
double3(0.000000000000,0.325100000000,0.927650000000),
double3(0.000000000000,0.719800000000,0.671550000000),
double3(0.296300000000,0.272300000000,0.625000000000),
double3(0.389550000000,0.372800000000,0.625000000000),
double3(0.415600000000,0.345200000000,0.708000000000),
double3(0.351800000000,0.397900000000,0.704450000000),
double3(0.330850000000,0.330600000000,0.671600000000),
double3(0.428750000000,0.048400000000,0.625000000000),
double3(0.413350000000,0.082500000000,0.706550000000),
double3(0.438550000000,0.012200000000,0.705900000000),
double3(0.000000000000,0.064400000000,0.681750000000),
double3(0.203650000000,0.161600000000,0.706300000000),
double3(0.373050000000,0.035100000000,0.764600000000),
double3(0.327000000000,0.096100000000,0.737050000000),
double3(0.000000000000,0.373200000000,0.727350000000),
double3(0.372000000000,0.361500000000,0.677550000000),
double3(0.445450000000,0.051900000000,0.679450000000),
double3(0.377750000000,0.078800000000,0.751000000000),
double3(0.447800000000,0.365000000000,0.747850000000),
double3(0.302400000000,0.317200000000,0.625000000000),
double3(0.000000000000,0.674900000000,0.677650000000),
double3(0.415600000000,0.654800000000,0.958000000000),
double3(0.351800000000,0.602100000000,0.954450000000),
double3(0.330850000000,0.669400000000,0.921600000000),
double3(0.413350000000,0.917500000000,0.956550000000),
double3(0.438550000000,0.987800000000,0.955900000000),
double3(0.203650000000,0.838400000000,0.956300000000),
double3(0.373050000000,0.964900000000,0.514600000000),
double3(0.327000000000,0.903900000000,0.987050000000),
double3(0.372000000000,0.638500000000,0.927550000000),
double3(0.445450000000,0.948100000000,0.929450000000),
double3(0.377750000000,0.921200000000,0.501000000000),
double3(0.447800000000,0.635000000000,0.997850000000),
double3(0.405700000000,0.000000000000,0.500000000000),
double3(0.084400000000,0.345200000000,0.708000000000),
double3(0.148200000000,0.397900000000,0.704450000000),
double3(0.169150000000,0.330600000000,0.671600000000),
double3(0.086650000000,0.082500000000,0.706550000000),
double3(0.061450000000,0.012200000000,0.705900000000),
double3(0.296350000000,0.161600000000,0.706300000000),
double3(0.126950000000,0.035100000000,0.764600000000),
double3(0.173000000000,0.096100000000,0.737050000000),
double3(0.128000000000,0.361500000000,0.677550000000),
double3(0.054550000000,0.051900000000,0.679450000000),
double3(0.122250000000,0.078800000000,0.751000000000),
double3(0.052200000000,0.365000000000,0.747850000000),
double3(0.094300000000,0.000000000000,0.750000000000),
double3(0.415600000000,0.345200000000,0.542000000000),
double3(0.351800000000,0.397900000000,0.545550000000),
double3(0.330850000000,0.330600000000,0.578400000000),
double3(0.413350000000,0.082500000000,0.543450000000),
double3(0.438550000000,0.012200000000,0.544100000000),
double3(0.203650000000,0.161600000000,0.543700000000),
double3(0.373050000000,0.035100000000,0.985400000000),
double3(0.327000000000,0.096100000000,0.512950000000),
double3(0.372000000000,0.361500000000,0.572450000000),
double3(0.445450000000,0.051900000000,0.570550000000),
double3(0.377750000000,0.078800000000,0.999000000000),
double3(0.447800000000,0.365000000000,0.502150000000),
double3(0.084400000000,0.654800000000,0.792000000000),
double3(0.148200000000,0.602100000000,0.795550000000),
double3(0.169150000000,0.669400000000,0.828400000000),
double3(0.086650000000,0.917500000000,0.793450000000),
double3(0.061450000000,0.987800000000,0.794100000000),
double3(0.296350000000,0.838400000000,0.793700000000),
double3(0.126950000000,0.964900000000,0.735400000000),
double3(0.173000000000,0.903900000000,0.762950000000),
double3(0.128000000000,0.638500000000,0.822450000000),
double3(0.054550000000,0.948100000000,0.820550000000),
double3(0.122250000000,0.921200000000,0.749000000000),
double3(0.052200000000,0.635000000000,0.752150000000),
double3(0.250000000000,0.219800000000,0.578450000000),
double3(0.453700000000,0.772300000000,0.625000000000),
double3(0.360450000000,0.872800000000,0.625000000000),
double3(0.334400000000,0.845200000000,0.542000000000),
double3(0.398200000000,0.897900000000,0.545550000000),
double3(0.419150000000,0.830600000000,0.578400000000),
double3(0.321250000000,0.548400000000,0.625000000000),
double3(0.336650000000,0.582500000000,0.543450000000),
double3(0.311450000000,0.512200000000,0.544100000000),
double3(0.250000000000,0.564400000000,0.568250000000),
double3(0.250000000000,0.157100000000,0.625000000000),
double3(0.046350000000,0.661600000000,0.543700000000),
double3(0.250000000000,0.335000000000,0.625000000000),
double3(0.376950000000,0.535100000000,0.985400000000),
double3(0.423000000000,0.596100000000,0.512950000000),
double3(0.250000000000,0.873200000000,0.522650000000),
double3(0.378000000000,0.861500000000,0.572450000000),
double3(0.304550000000,0.551900000000,0.570550000000),
double3(0.372250000000,0.578800000000,0.999000000000),
double3(0.302200000000,0.865000000000,0.502150000000),
double3(0.447600000000,0.817200000000,0.625000000000),
double3(0.250000000000,0.174900000000,0.572350000000),
double3(0.344300000000,0.500000000000,0.500000000000),
double3(0.250000000000,0.246100000000,0.625000000000),
double3(0.250000000000,0.780200000000,0.828450000000),
double3(0.046300000000,0.227700000000,0.875000000000),
double3(0.139550000000,0.127200000000,0.875000000000),
double3(0.165600000000,0.154800000000,0.792000000000),
double3(0.101800000000,0.102100000000,0.795550000000),
double3(0.080850000000,0.169400000000,0.828400000000),
double3(0.178750000000,0.451600000000,0.875000000000),
double3(0.163350000000,0.417500000000,0.793450000000),
double3(0.188550000000,0.487800000000,0.794100000000),
double3(0.250000000000,0.435600000000,0.818250000000),
double3(0.250000000000,0.842900000000,0.875000000000),
double3(0.453650000000,0.338400000000,0.793700000000),
double3(0.250000000000,0.665000000000,0.875000000000),
double3(0.123050000000,0.464900000000,0.735400000000),
double3(0.077000000000,0.403900000000,0.762950000000),
double3(0.250000000000,0.126800000000,0.772650000000),
double3(0.122000000000,0.138500000000,0.822450000000),
double3(0.195450000000,0.448100000000,0.820550000000),
double3(0.127750000000,0.421200000000,0.749000000000),
double3(0.197800000000,0.135000000000,0.752150000000),
double3(0.052400000000,0.182800000000,0.875000000000),
double3(0.250000000000,0.825100000000,0.822350000000),
double3(0.155700000000,0.500000000000,0.750000000000),
double3(0.250000000000,0.753900000000,0.875000000000),
double3(0.250000000000,0.780200000000,0.921550000000),
double3(0.453700000000,0.227700000000,0.875000000000),
double3(0.360450000000,0.127200000000,0.875000000000),
double3(0.334400000000,0.154800000000,0.958000000000),
double3(0.398200000000,0.102100000000,0.954450000000),
double3(0.419150000000,0.169400000000,0.921600000000),
double3(0.321250000000,0.451600000000,0.875000000000),
double3(0.336650000000,0.417500000000,0.956550000000),
double3(0.311450000000,0.487800000000,0.955900000000),
double3(0.250000000000,0.435600000000,0.931750000000),
double3(0.046350000000,0.338400000000,0.956300000000),
double3(0.376950000000,0.464900000000,0.514600000000),
double3(0.423000000000,0.403900000000,0.987050000000),
double3(0.250000000000,0.126800000000,0.977350000000),
double3(0.378000000000,0.138500000000,0.927550000000),
double3(0.304550000000,0.448100000000,0.929450000000),
double3(0.372250000000,0.421200000000,0.501000000000),
double3(0.302200000000,0.135000000000,0.997850000000),
double3(0.447600000000,0.182800000000,0.875000000000),
double3(0.250000000000,0.825100000000,0.927650000000),
double3(0.250000000000,0.219800000000,0.671550000000),
double3(0.046300000000,0.772300000000,0.625000000000),
double3(0.139550000000,0.872800000000,0.625000000000),
double3(0.165600000000,0.845200000000,0.708000000000),
double3(0.101800000000,0.897900000000,0.704450000000),
double3(0.080850000000,0.830600000000,0.671600000000),
double3(0.178750000000,0.548400000000,0.625000000000),
double3(0.163350000000,0.582500000000,0.706550000000),
double3(0.188550000000,0.512200000000,0.705900000000),
double3(0.250000000000,0.564400000000,0.681750000000),
double3(0.453650000000,0.661600000000,0.706300000000),
double3(0.123050000000,0.535100000000,0.764600000000),
double3(0.077000000000,0.596100000000,0.737050000000),
double3(0.250000000000,0.873200000000,0.727350000000),
double3(0.122000000000,0.861500000000,0.677550000000),
double3(0.195450000000,0.551900000000,0.679450000000),
double3(0.127750000000,0.578800000000,0.751000000000),
double3(0.197800000000,0.865000000000,0.747850000000),
double3(0.052400000000,0.817200000000,0.625000000000),
double3(0.250000000000,0.174900000000,0.677650000000),
double3(0.165600000000,0.154800000000,0.958000000000),
double3(0.101800000000,0.102100000000,0.954450000000),
double3(0.080850000000,0.169400000000,0.921600000000),
double3(0.163350000000,0.417500000000,0.956550000000),
double3(0.188550000000,0.487800000000,0.955900000000),
double3(0.453650000000,0.338400000000,0.956300000000),
double3(0.123050000000,0.464900000000,0.514600000000),
double3(0.077000000000,0.403900000000,0.987050000000),
double3(0.122000000000,0.138500000000,0.927550000000),
double3(0.195450000000,0.448100000000,0.929450000000),
double3(0.127750000000,0.421200000000,0.501000000000),
double3(0.197800000000,0.135000000000,0.997850000000),
double3(0.155700000000,0.500000000000,0.500000000000),
double3(0.334400000000,0.845200000000,0.708000000000),
double3(0.398200000000,0.897900000000,0.704450000000),
double3(0.419150000000,0.830600000000,0.671600000000),
double3(0.336650000000,0.582500000000,0.706550000000),
double3(0.311450000000,0.512200000000,0.705900000000),
double3(0.046350000000,0.661600000000,0.706300000000),
double3(0.376950000000,0.535100000000,0.764600000000),
double3(0.423000000000,0.596100000000,0.737050000000),
double3(0.378000000000,0.861500000000,0.677550000000),
double3(0.304550000000,0.551900000000,0.679450000000),
double3(0.372250000000,0.578800000000,0.751000000000),
double3(0.302200000000,0.865000000000,0.747850000000),
double3(0.344300000000,0.500000000000,0.750000000000),
double3(0.165600000000,0.845200000000,0.542000000000),
double3(0.101800000000,0.897900000000,0.545550000000),
double3(0.080850000000,0.830600000000,0.578400000000),
double3(0.163350000000,0.582500000000,0.543450000000),
double3(0.188550000000,0.512200000000,0.544100000000),
double3(0.453650000000,0.661600000000,0.543700000000),
double3(0.123050000000,0.535100000000,0.985400000000),
double3(0.077000000000,0.596100000000,0.512950000000),
double3(0.122000000000,0.861500000000,0.572450000000),
double3(0.195450000000,0.551900000000,0.570550000000),
double3(0.127750000000,0.578800000000,0.999000000000),
double3(0.197800000000,0.865000000000,0.502150000000),
double3(0.334400000000,0.154800000000,0.792000000000),
double3(0.398200000000,0.102100000000,0.795550000000),
double3(0.419150000000,0.169400000000,0.828400000000),
double3(0.336650000000,0.417500000000,0.793450000000),
double3(0.311450000000,0.487800000000,0.794100000000),
double3(0.046350000000,0.338400000000,0.793700000000),
double3(0.376950000000,0.464900000000,0.735400000000),
double3(0.423000000000,0.403900000000,0.762950000000),
double3(0.378000000000,0.138500000000,0.822450000000),
double3(0.304550000000,0.448100000000,0.820550000000),
double3(0.372250000000,0.421200000000,0.749000000000),
double3(0.302200000000,0.135000000000,0.752150000000),
double3(0.500000000000,0.719800000000,0.078450000000),
double3(0.703700000000,0.272300000000,0.125000000000),
double3(0.610450000000,0.372800000000,0.125000000000),
double3(0.584400000000,0.345200000000,0.042000000000),
double3(0.648200000000,0.397900000000,0.045550000000),
double3(0.669150000000,0.330600000000,0.078400000000),
double3(0.571250000000,0.048400000000,0.125000000000),
double3(0.586650000000,0.082500000000,0.043450000000),
double3(0.561450000000,0.012200000000,0.044100000000),
double3(0.500000000000,0.064400000000,0.068250000000),
double3(0.500000000000,0.657100000000,0.125000000000),
double3(0.796350000000,0.161600000000,0.043700000000),
double3(0.500000000000,0.835000000000,0.125000000000),
double3(0.626950000000,0.035100000000,0.485400000000),
double3(0.673000000000,0.096100000000,0.012950000000),
double3(0.500000000000,0.373200000000,0.022650000000),
double3(0.628000000000,0.361500000000,0.072450000000),
double3(0.554550000000,0.051900000000,0.070550000000),
double3(0.622250000000,0.078800000000,0.499000000000),
double3(0.552200000000,0.365000000000,0.002150000000),
double3(0.697600000000,0.317200000000,0.125000000000),
double3(0.500000000000,0.674900000000,0.072350000000),
double3(0.594300000000,0.000000000000,0.000000000000),
double3(0.500000000000,0.746100000000,0.125000000000),
double3(0.500000000000,0.280200000000,0.328450000000),
double3(0.796300000000,0.727700000000,0.375000000000),
double3(0.889550000000,0.627200000000,0.375000000000),
double3(0.915600000000,0.654800000000,0.292000000000),
double3(0.851800000000,0.602100000000,0.295550000000),
double3(0.830850000000,0.669400000000,0.328400000000),
double3(0.928750000000,0.951600000000,0.375000000000),
double3(0.913350000000,0.917500000000,0.293450000000),
double3(0.938550000000,0.987800000000,0.294100000000),
double3(0.500000000000,0.935600000000,0.318250000000),
double3(0.500000000000,0.342900000000,0.375000000000),
double3(0.703650000000,0.838400000000,0.293700000000),
double3(0.500000000000,0.165000000000,0.375000000000),
double3(0.873050000000,0.964900000000,0.235400000000),
double3(0.827000000000,0.903900000000,0.262950000000),
double3(0.500000000000,0.626800000000,0.272650000000),
double3(0.872000000000,0.638500000000,0.322450000000),
double3(0.945450000000,0.948100000000,0.320550000000),
double3(0.877750000000,0.921200000000,0.249000000000),
double3(0.947800000000,0.635000000000,0.252150000000),
double3(0.802400000000,0.682800000000,0.375000000000),
double3(0.500000000000,0.325100000000,0.322350000000),
double3(0.905700000000,0.000000000000,0.250000000000),
double3(0.500000000000,0.253900000000,0.375000000000),
double3(0.500000000000,0.280200000000,0.421550000000),
double3(0.703700000000,0.727700000000,0.375000000000),
double3(0.610450000000,0.627200000000,0.375000000000),
double3(0.584400000000,0.654800000000,0.458000000000),
double3(0.648200000000,0.602100000000,0.454450000000),
double3(0.669150000000,0.669400000000,0.421600000000),
double3(0.571250000000,0.951600000000,0.375000000000),
double3(0.586650000000,0.917500000000,0.456550000000),
double3(0.561450000000,0.987800000000,0.455900000000),
double3(0.500000000000,0.935600000000,0.431750000000),
double3(0.796350000000,0.838400000000,0.456300000000),
double3(0.626950000000,0.964900000000,0.014600000000),
double3(0.673000000000,0.903900000000,0.487050000000),
double3(0.500000000000,0.626800000000,0.477350000000),
double3(0.628000000000,0.638500000000,0.427550000000),
double3(0.554550000000,0.948100000000,0.429450000000),
double3(0.622250000000,0.921200000000,0.001000000000),
double3(0.552200000000,0.635000000000,0.497850000000),
double3(0.697600000000,0.682800000000,0.375000000000),
double3(0.500000000000,0.325100000000,0.427650000000),
double3(0.500000000000,0.719800000000,0.171550000000),
double3(0.796300000000,0.272300000000,0.125000000000),
double3(0.889550000000,0.372800000000,0.125000000000),
double3(0.915600000000,0.345200000000,0.208000000000),
double3(0.851800000000,0.397900000000,0.204450000000),
double3(0.830850000000,0.330600000000,0.171600000000),
double3(0.928750000000,0.048400000000,0.125000000000),
double3(0.913350000000,0.082500000000,0.206550000000),
double3(0.938550000000,0.012200000000,0.205900000000),
double3(0.500000000000,0.064400000000,0.181750000000),
double3(0.703650000000,0.161600000000,0.206300000000),
double3(0.873050000000,0.035100000000,0.264600000000),
double3(0.827000000000,0.096100000000,0.237050000000),
double3(0.500000000000,0.373200000000,0.227350000000),
double3(0.872000000000,0.361500000000,0.177550000000),
double3(0.945450000000,0.051900000000,0.179450000000),
double3(0.877750000000,0.078800000000,0.251000000000),
double3(0.947800000000,0.365000000000,0.247850000000),
double3(0.802400000000,0.317200000000,0.125000000000),
double3(0.500000000000,0.674900000000,0.177650000000),
double3(0.915600000000,0.654800000000,0.458000000000),
double3(0.851800000000,0.602100000000,0.454450000000),
double3(0.830850000000,0.669400000000,0.421600000000),
double3(0.913350000000,0.917500000000,0.456550000000),
double3(0.938550000000,0.987800000000,0.455900000000),
double3(0.703650000000,0.838400000000,0.456300000000),
double3(0.873050000000,0.964900000000,0.014600000000),
double3(0.827000000000,0.903900000000,0.487050000000),
double3(0.872000000000,0.638500000000,0.427550000000),
double3(0.945450000000,0.948100000000,0.429450000000),
double3(0.877750000000,0.921200000000,0.001000000000),
double3(0.947800000000,0.635000000000,0.497850000000),
double3(0.905700000000,0.000000000000,0.000000000000),
double3(0.584400000000,0.345200000000,0.208000000000),
double3(0.648200000000,0.397900000000,0.204450000000),
double3(0.669150000000,0.330600000000,0.171600000000),
double3(0.586650000000,0.082500000000,0.206550000000),
double3(0.561450000000,0.012200000000,0.205900000000),
double3(0.796350000000,0.161600000000,0.206300000000),
double3(0.626950000000,0.035100000000,0.264600000000),
double3(0.673000000000,0.096100000000,0.237050000000),
double3(0.628000000000,0.361500000000,0.177550000000),
double3(0.554550000000,0.051900000000,0.179450000000),
double3(0.622250000000,0.078800000000,0.251000000000),
double3(0.552200000000,0.365000000000,0.247850000000),
double3(0.594300000000,0.000000000000,0.250000000000),
double3(0.915600000000,0.345200000000,0.042000000000),
double3(0.851800000000,0.397900000000,0.045550000000),
double3(0.830850000000,0.330600000000,0.078400000000),
double3(0.913350000000,0.082500000000,0.043450000000),
double3(0.938550000000,0.012200000000,0.044100000000),
double3(0.703650000000,0.161600000000,0.043700000000),
double3(0.873050000000,0.035100000000,0.485400000000),
double3(0.827000000000,0.096100000000,0.012950000000),
double3(0.872000000000,0.361500000000,0.072450000000),
double3(0.945450000000,0.051900000000,0.070550000000),
double3(0.877750000000,0.078800000000,0.499000000000),
double3(0.947800000000,0.365000000000,0.002150000000),
double3(0.584400000000,0.654800000000,0.292000000000),
double3(0.648200000000,0.602100000000,0.295550000000),
double3(0.669150000000,0.669400000000,0.328400000000),
double3(0.586650000000,0.917500000000,0.293450000000),
double3(0.561450000000,0.987800000000,0.294100000000),
double3(0.796350000000,0.838400000000,0.293700000000),
double3(0.626950000000,0.964900000000,0.235400000000),
double3(0.673000000000,0.903900000000,0.262950000000),
double3(0.628000000000,0.638500000000,0.322450000000),
double3(0.554550000000,0.948100000000,0.320550000000),
double3(0.622250000000,0.921200000000,0.249000000000),
double3(0.552200000000,0.635000000000,0.252150000000),
double3(0.750000000000,0.219800000000,0.078450000000),
double3(0.953700000000,0.772300000000,0.125000000000),
double3(0.860450000000,0.872800000000,0.125000000000),
double3(0.834400000000,0.845200000000,0.042000000000),
double3(0.898200000000,0.897900000000,0.045550000000),
double3(0.919150000000,0.830600000000,0.078400000000),
double3(0.821250000000,0.548400000000,0.125000000000),
double3(0.836650000000,0.582500000000,0.043450000000),
double3(0.811450000000,0.512200000000,0.044100000000),
double3(0.750000000000,0.564400000000,0.068250000000),
double3(0.750000000000,0.157100000000,0.125000000000),
double3(0.546350000000,0.661600000000,0.043700000000),
double3(0.750000000000,0.335000000000,0.125000000000),
double3(0.876950000000,0.535100000000,0.485400000000),
double3(0.923000000000,0.596100000000,0.012950000000),
double3(0.750000000000,0.873200000000,0.022650000000),
double3(0.878000000000,0.861500000000,0.072450000000),
double3(0.804550000000,0.551900000000,0.070550000000),
double3(0.872250000000,0.578800000000,0.499000000000),
double3(0.802200000000,0.865000000000,0.002150000000),
double3(0.947600000000,0.817200000000,0.125000000000),
double3(0.750000000000,0.174900000000,0.072350000000),
double3(0.844300000000,0.500000000000,0.000000000000),
double3(0.750000000000,0.246100000000,0.125000000000),
double3(0.750000000000,0.780200000000,0.328450000000),
double3(0.546300000000,0.227700000000,0.375000000000),
double3(0.639550000000,0.127200000000,0.375000000000),
double3(0.665600000000,0.154800000000,0.292000000000),
double3(0.601800000000,0.102100000000,0.295550000000),
double3(0.580850000000,0.169400000000,0.328400000000),
double3(0.678750000000,0.451600000000,0.375000000000),
double3(0.663350000000,0.417500000000,0.293450000000),
double3(0.688550000000,0.487800000000,0.294100000000),
double3(0.750000000000,0.435600000000,0.318250000000),
double3(0.750000000000,0.842900000000,0.375000000000),
double3(0.953650000000,0.338400000000,0.293700000000),
double3(0.750000000000,0.665000000000,0.375000000000),
double3(0.623050000000,0.464900000000,0.235400000000),
double3(0.577000000000,0.403900000000,0.262950000000),
double3(0.750000000000,0.126800000000,0.272650000000),
double3(0.622000000000,0.138500000000,0.322450000000),
double3(0.695450000000,0.448100000000,0.320550000000),
double3(0.627750000000,0.421200000000,0.249000000000),
double3(0.697800000000,0.135000000000,0.252150000000),
double3(0.552400000000,0.182800000000,0.375000000000),
double3(0.750000000000,0.825100000000,0.322350000000),
double3(0.655700000000,0.500000000000,0.250000000000),
double3(0.750000000000,0.753900000000,0.375000000000),
double3(0.750000000000,0.780200000000,0.421550000000),
double3(0.953700000000,0.227700000000,0.375000000000),
double3(0.860450000000,0.127200000000,0.375000000000),
double3(0.834400000000,0.154800000000,0.458000000000),
double3(0.898200000000,0.102100000000,0.454450000000),
double3(0.919150000000,0.169400000000,0.421600000000),
double3(0.821250000000,0.451600000000,0.375000000000),
double3(0.836650000000,0.417500000000,0.456550000000),
double3(0.811450000000,0.487800000000,0.455900000000),
double3(0.750000000000,0.435600000000,0.431750000000),
double3(0.546350000000,0.338400000000,0.456300000000),
double3(0.876950000000,0.464900000000,0.014600000000),
double3(0.923000000000,0.403900000000,0.487050000000),
double3(0.750000000000,0.126800000000,0.477350000000),
double3(0.878000000000,0.138500000000,0.427550000000),
double3(0.804550000000,0.448100000000,0.429450000000),
double3(0.872250000000,0.421200000000,0.001000000000),
double3(0.802200000000,0.135000000000,0.497850000000),
double3(0.947600000000,0.182800000000,0.375000000000),
double3(0.750000000000,0.825100000000,0.427650000000),
double3(0.750000000000,0.219800000000,0.171550000000),
double3(0.546300000000,0.772300000000,0.125000000000),
double3(0.639550000000,0.872800000000,0.125000000000),
double3(0.665600000000,0.845200000000,0.208000000000),
double3(0.601800000000,0.897900000000,0.204450000000),
double3(0.580850000000,0.830600000000,0.171600000000),
double3(0.678750000000,0.548400000000,0.125000000000),
double3(0.663350000000,0.582500000000,0.206550000000),
double3(0.688550000000,0.512200000000,0.205900000000),
double3(0.750000000000,0.564400000000,0.181750000000),
double3(0.953650000000,0.661600000000,0.206300000000),
double3(0.623050000000,0.535100000000,0.264600000000),
double3(0.577000000000,0.596100000000,0.237050000000),
double3(0.750000000000,0.873200000000,0.227350000000),
double3(0.622000000000,0.861500000000,0.177550000000),
double3(0.695450000000,0.551900000000,0.179450000000),
double3(0.627750000000,0.578800000000,0.251000000000),
double3(0.697800000000,0.865000000000,0.247850000000),
double3(0.552400000000,0.817200000000,0.125000000000),
double3(0.750000000000,0.174900000000,0.177650000000),
double3(0.665600000000,0.154800000000,0.458000000000),
double3(0.601800000000,0.102100000000,0.454450000000),
double3(0.580850000000,0.169400000000,0.421600000000),
double3(0.663350000000,0.417500000000,0.456550000000),
double3(0.688550000000,0.487800000000,0.455900000000),
double3(0.953650000000,0.338400000000,0.456300000000),
double3(0.623050000000,0.464900000000,0.014600000000),
double3(0.577000000000,0.403900000000,0.487050000000),
double3(0.622000000000,0.138500000000,0.427550000000),
double3(0.695450000000,0.448100000000,0.429450000000),
double3(0.627750000000,0.421200000000,0.001000000000),
double3(0.697800000000,0.135000000000,0.497850000000),
double3(0.655700000000,0.500000000000,0.000000000000),
double3(0.834400000000,0.845200000000,0.208000000000),
double3(0.898200000000,0.897900000000,0.204450000000),
double3(0.919150000000,0.830600000000,0.171600000000),
double3(0.836650000000,0.582500000000,0.206550000000),
double3(0.811450000000,0.512200000000,0.205900000000),
double3(0.546350000000,0.661600000000,0.206300000000),
double3(0.876950000000,0.535100000000,0.264600000000),
double3(0.923000000000,0.596100000000,0.237050000000),
double3(0.878000000000,0.861500000000,0.177550000000),
double3(0.804550000000,0.551900000000,0.179450000000),
double3(0.872250000000,0.578800000000,0.251000000000),
double3(0.802200000000,0.865000000000,0.247850000000),
double3(0.844300000000,0.500000000000,0.250000000000),
double3(0.665600000000,0.845200000000,0.042000000000),
double3(0.601800000000,0.897900000000,0.045550000000),
double3(0.580850000000,0.830600000000,0.078400000000),
double3(0.663350000000,0.582500000000,0.043450000000),
double3(0.688550000000,0.512200000000,0.044100000000),
double3(0.953650000000,0.661600000000,0.043700000000),
double3(0.623050000000,0.535100000000,0.485400000000),
double3(0.577000000000,0.596100000000,0.012950000000),
double3(0.622000000000,0.861500000000,0.072450000000),
double3(0.695450000000,0.551900000000,0.070550000000),
double3(0.627750000000,0.578800000000,0.499000000000),
double3(0.697800000000,0.865000000000,0.002150000000),
double3(0.834400000000,0.154800000000,0.292000000000),
double3(0.898200000000,0.102100000000,0.295550000000),
double3(0.919150000000,0.169400000000,0.328400000000),
double3(0.836650000000,0.417500000000,0.293450000000),
double3(0.811450000000,0.487800000000,0.294100000000),
double3(0.546350000000,0.338400000000,0.293700000000),
double3(0.876950000000,0.464900000000,0.235400000000),
double3(0.923000000000,0.403900000000,0.262950000000),
double3(0.878000000000,0.138500000000,0.322450000000),
double3(0.804550000000,0.448100000000,0.320550000000),
double3(0.872250000000,0.421200000000,0.249000000000),
double3(0.802200000000,0.135000000000,0.252150000000),
double3(0.500000000000,0.719800000000,0.578450000000),
double3(0.703700000000,0.272300000000,0.625000000000),
double3(0.610450000000,0.372800000000,0.625000000000),
double3(0.584400000000,0.345200000000,0.542000000000),
double3(0.648200000000,0.397900000000,0.545550000000),
double3(0.669150000000,0.330600000000,0.578400000000),
double3(0.571250000000,0.048400000000,0.625000000000),
double3(0.586650000000,0.082500000000,0.543450000000),
double3(0.561450000000,0.012200000000,0.544100000000),
double3(0.500000000000,0.064400000000,0.568250000000),
double3(0.500000000000,0.657100000000,0.625000000000),
double3(0.796350000000,0.161600000000,0.543700000000),
double3(0.500000000000,0.835000000000,0.625000000000),
double3(0.626950000000,0.035100000000,0.985400000000),
double3(0.673000000000,0.096100000000,0.512950000000),
double3(0.500000000000,0.373200000000,0.522650000000),
double3(0.628000000000,0.361500000000,0.572450000000),
double3(0.554550000000,0.051900000000,0.570550000000),
double3(0.622250000000,0.078800000000,0.999000000000),
double3(0.552200000000,0.365000000000,0.502150000000),
double3(0.697600000000,0.317200000000,0.625000000000),
double3(0.500000000000,0.674900000000,0.572350000000),
double3(0.594300000000,0.000000000000,0.500000000000),
double3(0.500000000000,0.746100000000,0.625000000000),
double3(0.500000000000,0.280200000000,0.828450000000),
double3(0.796300000000,0.727700000000,0.875000000000),
double3(0.889550000000,0.627200000000,0.875000000000),
double3(0.915600000000,0.654800000000,0.792000000000),
double3(0.851800000000,0.602100000000,0.795550000000),
double3(0.830850000000,0.669400000000,0.828400000000),
double3(0.928750000000,0.951600000000,0.875000000000),
double3(0.913350000000,0.917500000000,0.793450000000),
double3(0.938550000000,0.987800000000,0.794100000000),
double3(0.500000000000,0.935600000000,0.818250000000),
double3(0.500000000000,0.342900000000,0.875000000000),
double3(0.703650000000,0.838400000000,0.793700000000),
double3(0.500000000000,0.165000000000,0.875000000000),
double3(0.873050000000,0.964900000000,0.735400000000),
double3(0.827000000000,0.903900000000,0.762950000000),
double3(0.500000000000,0.626800000000,0.772650000000),
double3(0.872000000000,0.638500000000,0.822450000000),
double3(0.945450000000,0.948100000000,0.820550000000),
double3(0.877750000000,0.921200000000,0.749000000000),
double3(0.947800000000,0.635000000000,0.752150000000),
double3(0.802400000000,0.682800000000,0.875000000000),
double3(0.500000000000,0.325100000000,0.822350000000),
double3(0.905700000000,0.000000000000,0.750000000000),
double3(0.500000000000,0.253900000000,0.875000000000),
double3(0.500000000000,0.280200000000,0.921550000000),
double3(0.703700000000,0.727700000000,0.875000000000),
double3(0.610450000000,0.627200000000,0.875000000000),
double3(0.584400000000,0.654800000000,0.958000000000),
double3(0.648200000000,0.602100000000,0.954450000000),
double3(0.669150000000,0.669400000000,0.921600000000),
double3(0.571250000000,0.951600000000,0.875000000000),
double3(0.586650000000,0.917500000000,0.956550000000),
double3(0.561450000000,0.987800000000,0.955900000000),
double3(0.500000000000,0.935600000000,0.931750000000),
double3(0.796350000000,0.838400000000,0.956300000000),
double3(0.626950000000,0.964900000000,0.514600000000),
double3(0.673000000000,0.903900000000,0.987050000000),
double3(0.500000000000,0.626800000000,0.977350000000),
double3(0.628000000000,0.638500000000,0.927550000000),
double3(0.554550000000,0.948100000000,0.929450000000),
double3(0.622250000000,0.921200000000,0.501000000000),
double3(0.552200000000,0.635000000000,0.997850000000),
double3(0.697600000000,0.682800000000,0.875000000000),
double3(0.500000000000,0.325100000000,0.927650000000),
double3(0.500000000000,0.719800000000,0.671550000000),
double3(0.796300000000,0.272300000000,0.625000000000),
double3(0.889550000000,0.372800000000,0.625000000000),
double3(0.915600000000,0.345200000000,0.708000000000),
double3(0.851800000000,0.397900000000,0.704450000000),
double3(0.830850000000,0.330600000000,0.671600000000),
double3(0.928750000000,0.048400000000,0.625000000000),
double3(0.913350000000,0.082500000000,0.706550000000),
double3(0.938550000000,0.012200000000,0.705900000000),
double3(0.500000000000,0.064400000000,0.681750000000),
double3(0.703650000000,0.161600000000,0.706300000000),
double3(0.873050000000,0.035100000000,0.764600000000),
double3(0.827000000000,0.096100000000,0.737050000000),
double3(0.500000000000,0.373200000000,0.727350000000),
double3(0.872000000000,0.361500000000,0.677550000000),
double3(0.945450000000,0.051900000000,0.679450000000),
double3(0.877750000000,0.078800000000,0.751000000000),
double3(0.947800000000,0.365000000000,0.747850000000),
double3(0.802400000000,0.317200000000,0.625000000000),
double3(0.500000000000,0.674900000000,0.677650000000),
double3(0.915600000000,0.654800000000,0.958000000000),
double3(0.851800000000,0.602100000000,0.954450000000),
double3(0.830850000000,0.669400000000,0.921600000000),
double3(0.913350000000,0.917500000000,0.956550000000),
double3(0.938550000000,0.987800000000,0.955900000000),
double3(0.703650000000,0.838400000000,0.956300000000),
double3(0.873050000000,0.964900000000,0.514600000000),
double3(0.827000000000,0.903900000000,0.987050000000),
double3(0.872000000000,0.638500000000,0.927550000000),
double3(0.945450000000,0.948100000000,0.929450000000),
double3(0.877750000000,0.921200000000,0.501000000000),
double3(0.947800000000,0.635000000000,0.997850000000),
double3(0.905700000000,0.000000000000,0.500000000000),
double3(0.584400000000,0.345200000000,0.708000000000),
double3(0.648200000000,0.397900000000,0.704450000000),
double3(0.669150000000,0.330600000000,0.671600000000),
double3(0.586650000000,0.082500000000,0.706550000000),
double3(0.561450000000,0.012200000000,0.705900000000),
double3(0.796350000000,0.161600000000,0.706300000000),
double3(0.626950000000,0.035100000000,0.764600000000),
double3(0.673000000000,0.096100000000,0.737050000000),
double3(0.628000000000,0.361500000000,0.677550000000),
double3(0.554550000000,0.051900000000,0.679450000000),
double3(0.622250000000,0.078800000000,0.751000000000),
double3(0.552200000000,0.365000000000,0.747850000000),
double3(0.594300000000,0.000000000000,0.750000000000),
double3(0.915600000000,0.345200000000,0.542000000000),
double3(0.851800000000,0.397900000000,0.545550000000),
double3(0.830850000000,0.330600000000,0.578400000000),
double3(0.913350000000,0.082500000000,0.543450000000),
double3(0.938550000000,0.012200000000,0.544100000000),
double3(0.703650000000,0.161600000000,0.543700000000),
double3(0.873050000000,0.035100000000,0.985400000000),
double3(0.827000000000,0.096100000000,0.512950000000),
double3(0.872000000000,0.361500000000,0.572450000000),
double3(0.945450000000,0.051900000000,0.570550000000),
double3(0.877750000000,0.078800000000,0.999000000000),
double3(0.947800000000,0.365000000000,0.502150000000),
double3(0.584400000000,0.654800000000,0.792000000000),
double3(0.648200000000,0.602100000000,0.795550000000),
double3(0.669150000000,0.669400000000,0.828400000000),
double3(0.586650000000,0.917500000000,0.793450000000),
double3(0.561450000000,0.987800000000,0.794100000000),
double3(0.796350000000,0.838400000000,0.793700000000),
double3(0.626950000000,0.964900000000,0.735400000000),
double3(0.673000000000,0.903900000000,0.762950000000),
double3(0.628000000000,0.638500000000,0.822450000000),
double3(0.554550000000,0.948100000000,0.820550000000),
double3(0.622250000000,0.921200000000,0.749000000000),
double3(0.552200000000,0.635000000000,0.752150000000),
double3(0.750000000000,0.219800000000,0.578450000000),
double3(0.953700000000,0.772300000000,0.625000000000),
double3(0.860450000000,0.872800000000,0.625000000000),
double3(0.834400000000,0.845200000000,0.542000000000),
double3(0.898200000000,0.897900000000,0.545550000000),
double3(0.919150000000,0.830600000000,0.578400000000),
double3(0.821250000000,0.548400000000,0.625000000000),
double3(0.836650000000,0.582500000000,0.543450000000),
double3(0.811450000000,0.512200000000,0.544100000000),
double3(0.750000000000,0.564400000000,0.568250000000),
double3(0.750000000000,0.157100000000,0.625000000000),
double3(0.546350000000,0.661600000000,0.543700000000),
double3(0.750000000000,0.335000000000,0.625000000000),
double3(0.876950000000,0.535100000000,0.985400000000),
double3(0.923000000000,0.596100000000,0.512950000000),
double3(0.750000000000,0.873200000000,0.522650000000),
double3(0.878000000000,0.861500000000,0.572450000000),
double3(0.804550000000,0.551900000000,0.570550000000),
double3(0.872250000000,0.578800000000,0.999000000000),
double3(0.802200000000,0.865000000000,0.502150000000),
double3(0.947600000000,0.817200000000,0.625000000000),
double3(0.750000000000,0.174900000000,0.572350000000),
double3(0.844300000000,0.500000000000,0.500000000000),
double3(0.750000000000,0.246100000000,0.625000000000),
double3(0.750000000000,0.780200000000,0.828450000000),
double3(0.546300000000,0.227700000000,0.875000000000),
double3(0.639550000000,0.127200000000,0.875000000000),
double3(0.665600000000,0.154800000000,0.792000000000),
double3(0.601800000000,0.102100000000,0.795550000000),
double3(0.580850000000,0.169400000000,0.828400000000),
double3(0.678750000000,0.451600000000,0.875000000000),
double3(0.663350000000,0.417500000000,0.793450000000),
double3(0.688550000000,0.487800000000,0.794100000000),
double3(0.750000000000,0.435600000000,0.818250000000),
double3(0.750000000000,0.842900000000,0.875000000000),
double3(0.953650000000,0.338400000000,0.793700000000),
double3(0.750000000000,0.665000000000,0.875000000000),
double3(0.623050000000,0.464900000000,0.735400000000),
double3(0.577000000000,0.403900000000,0.762950000000),
double3(0.750000000000,0.126800000000,0.772650000000),
double3(0.622000000000,0.138500000000,0.822450000000),
double3(0.695450000000,0.448100000000,0.820550000000),
double3(0.627750000000,0.421200000000,0.749000000000),
double3(0.697800000000,0.135000000000,0.752150000000),
double3(0.552400000000,0.182800000000,0.875000000000),
double3(0.750000000000,0.825100000000,0.822350000000),
double3(0.655700000000,0.500000000000,0.750000000000),
double3(0.750000000000,0.753900000000,0.875000000000),
double3(0.750000000000,0.780200000000,0.921550000000),
double3(0.953700000000,0.227700000000,0.875000000000),
double3(0.860450000000,0.127200000000,0.875000000000),
double3(0.834400000000,0.154800000000,0.958000000000),
double3(0.898200000000,0.102100000000,0.954450000000),
double3(0.919150000000,0.169400000000,0.921600000000),
double3(0.821250000000,0.451600000000,0.875000000000),
double3(0.836650000000,0.417500000000,0.956550000000),
double3(0.811450000000,0.487800000000,0.955900000000),
double3(0.750000000000,0.435600000000,0.931750000000),
double3(0.546350000000,0.338400000000,0.956300000000),
double3(0.876950000000,0.464900000000,0.514600000000),
double3(0.923000000000,0.403900000000,0.987050000000),
double3(0.750000000000,0.126800000000,0.977350000000),
double3(0.878000000000,0.138500000000,0.927550000000),
double3(0.804550000000,0.448100000000,0.929450000000),
double3(0.872250000000,0.421200000000,0.501000000000),
double3(0.802200000000,0.135000000000,0.997850000000),
double3(0.947600000000,0.182800000000,0.875000000000),
double3(0.750000000000,0.825100000000,0.927650000000),
double3(0.750000000000,0.219800000000,0.671550000000),
double3(0.546300000000,0.772300000000,0.625000000000),
double3(0.639550000000,0.872800000000,0.625000000000),
double3(0.665600000000,0.845200000000,0.708000000000),
double3(0.601800000000,0.897900000000,0.704450000000),
double3(0.580850000000,0.830600000000,0.671600000000),
double3(0.678750000000,0.548400000000,0.625000000000),
double3(0.663350000000,0.582500000000,0.706550000000),
double3(0.688550000000,0.512200000000,0.705900000000),
double3(0.750000000000,0.564400000000,0.681750000000),
double3(0.953650000000,0.661600000000,0.706300000000),
double3(0.623050000000,0.535100000000,0.764600000000),
double3(0.577000000000,0.596100000000,0.737050000000),
double3(0.750000000000,0.873200000000,0.727350000000),
double3(0.622000000000,0.861500000000,0.677550000000),
double3(0.695450000000,0.551900000000,0.679450000000),
double3(0.627750000000,0.578800000000,0.751000000000),
double3(0.697800000000,0.865000000000,0.747850000000),
double3(0.552400000000,0.817200000000,0.625000000000),
double3(0.750000000000,0.174900000000,0.677650000000),
double3(0.665600000000,0.154800000000,0.958000000000),
double3(0.601800000000,0.102100000000,0.954450000000),
double3(0.580850000000,0.169400000000,0.921600000000),
double3(0.663350000000,0.417500000000,0.956550000000),
double3(0.688550000000,0.487800000000,0.955900000000),
double3(0.953650000000,0.338400000000,0.956300000000),
double3(0.623050000000,0.464900000000,0.514600000000),
double3(0.577000000000,0.403900000000,0.987050000000),
double3(0.622000000000,0.138500000000,0.927550000000),
double3(0.695450000000,0.448100000000,0.929450000000),
double3(0.627750000000,0.421200000000,0.501000000000),
double3(0.697800000000,0.135000000000,0.997850000000),
double3(0.655700000000,0.500000000000,0.500000000000),
double3(0.834400000000,0.845200000000,0.708000000000),
double3(0.898200000000,0.897900000000,0.704450000000),
double3(0.919150000000,0.830600000000,0.671600000000),
double3(0.836650000000,0.582500000000,0.706550000000),
double3(0.811450000000,0.512200000000,0.705900000000),
double3(0.546350000000,0.661600000000,0.706300000000),
double3(0.876950000000,0.535100000000,0.764600000000),
double3(0.923000000000,0.596100000000,0.737050000000),
double3(0.878000000000,0.861500000000,0.677550000000),
double3(0.804550000000,0.551900000000,0.679450000000),
double3(0.872250000000,0.578800000000,0.751000000000),
double3(0.802200000000,0.865000000000,0.747850000000),
double3(0.844300000000,0.500000000000,0.750000000000),
double3(0.665600000000,0.845200000000,0.542000000000),
double3(0.601800000000,0.897900000000,0.545550000000),
double3(0.580850000000,0.830600000000,0.578400000000),
double3(0.663350000000,0.582500000000,0.543450000000),
double3(0.688550000000,0.512200000000,0.544100000000),
double3(0.953650000000,0.661600000000,0.543700000000),
double3(0.623050000000,0.535100000000,0.985400000000),
double3(0.577000000000,0.596100000000,0.512950000000),
double3(0.622000000000,0.861500000000,0.572450000000),
double3(0.695450000000,0.551900000000,0.570550000000),
double3(0.627750000000,0.578800000000,0.999000000000),
double3(0.697800000000,0.865000000000,0.502150000000),
double3(0.834400000000,0.154800000000,0.792000000000),
double3(0.898200000000,0.102100000000,0.795550000000),
double3(0.919150000000,0.169400000000,0.828400000000),
double3(0.836650000000,0.417500000000,0.793450000000),
double3(0.811450000000,0.487800000000,0.794100000000),
double3(0.546350000000,0.338400000000,0.793700000000),
double3(0.876950000000,0.464900000000,0.735400000000),
double3(0.923000000000,0.403900000000,0.762950000000),
double3(0.878000000000,0.138500000000,0.822450000000),
double3(0.804550000000,0.448100000000,0.820550000000),
double3(0.872250000000,0.421200000000,0.749000000000),
double3(0.802200000000,0.135000000000,0.752150000000),
