[double3(14.012000000000,0.000000000000,0.000000000000),double3(0.000000000000,14.012000000000,0.000000000000),double3(0.000000000000,0.000000000000,9.954000000000)]

double3(0.086300000000,0.086300000000,0.061333333333),
double3(0.061150000000,0.148800000000,0.000000000000),
double3(0.000000000000,0.122850000000,0.062200000000),
double3(0.073750000000,0.176250000000,0.083333333333),
double3(0.055300000000,0.133550000000,0.051666666667),
double3(0.413700000000,0.086300000000,0.061333333333),
double3(0.351200000000,0.061150000000,0.000000000000),
double3(0.377150000000,0.000000000000,0.062200000000),
double3(0.323750000000,0.073750000000,0.083333333333),
double3(0.366450000000,0.055300000000,0.051666666667),
double3(0.413700000000,0.413700000000,0.061333333333),
double3(0.438850000000,0.351200000000,0.000000000000),
double3(0.000000000000,0.377150000000,0.062200000000),
double3(0.426250000000,0.323750000000,0.083333333333),
double3(0.444700000000,0.366450000000,0.051666666667),
double3(0.086300000000,0.413700000000,0.061333333333),
double3(0.148800000000,0.438850000000,0.000000000000),
double3(0.122850000000,0.000000000000,0.062200000000),
double3(0.176250000000,0.426250000000,0.083333333333),
double3(0.133550000000,0.444700000000,0.051666666667),
double3(0.086300000000,0.413700000000,0.272000000000),
double3(0.061150000000,0.351200000000,0.000000000000),
double3(0.000000000000,0.377150000000,0.271133333333),
double3(0.073750000000,0.323750000000,0.250000000000),
double3(0.055300000000,0.366450000000,0.281666666667),
double3(0.086300000000,0.086300000000,0.272000000000),
double3(0.148800000000,0.061150000000,0.000000000000),
double3(0.122850000000,0.000000000000,0.271133333333),
double3(0.176250000000,0.073750000000,0.250000000000),
double3(0.133550000000,0.055300000000,0.281666666667),
double3(0.413700000000,0.086300000000,0.272000000000),
double3(0.438850000000,0.148800000000,0.000000000000),
double3(0.000000000000,0.122850000000,0.271133333333),
double3(0.426250000000,0.176250000000,0.250000000000),
double3(0.444700000000,0.133550000000,0.281666666667),
double3(0.413700000000,0.413700000000,0.272000000000),
double3(0.351200000000,0.438850000000,0.000000000000),
double3(0.377150000000,0.000000000000,0.271133333333),
double3(0.323750000000,0.426250000000,0.250000000000),
double3(0.366450000000,0.444700000000,0.281666666667),
double3(0.426250000000,0.323750000000,0.250000000000),
double3(0.444700000000,0.366450000000,0.281666666667),
double3(0.176250000000,0.426250000000,0.250000000000),
double3(0.133550000000,0.444700000000,0.281666666667),
double3(0.073750000000,0.176250000000,0.250000000000),
double3(0.055300000000,0.133550000000,0.281666666667),
double3(0.323750000000,0.073750000000,0.250000000000),
double3(0.366450000000,0.055300000000,0.281666666667),
double3(0.426250000000,0.176250000000,0.083333333333),
double3(0.444700000000,0.133550000000,0.051666666667),
double3(0.323750000000,0.426250000000,0.083333333333),
double3(0.366450000000,0.444700000000,0.051666666667),
double3(0.073750000000,0.323750000000,0.083333333333),
double3(0.055300000000,0.366450000000,0.051666666667),
double3(0.176250000000,0.073750000000,0.083333333333),
double3(0.133550000000,0.055300000000,0.051666666667),
double3(0.336300000000,0.336300000000,0.228000000000),
double3(0.311150000000,0.398800000000,0.166666666667),
double3(0.250000000000,0.372850000000,0.228866666667),
double3(0.305300000000,0.383550000000,0.218333333333),
double3(0.163700000000,0.336300000000,0.228000000000),
double3(0.101200000000,0.311150000000,0.166666666667),
double3(0.127150000000,0.250000000000,0.228866666667),
double3(0.116450000000,0.305300000000,0.218333333333),
double3(0.163700000000,0.163700000000,0.228000000000),
double3(0.188850000000,0.101200000000,0.166666666667),
double3(0.250000000000,0.127150000000,0.228866666667),
double3(0.194700000000,0.116450000000,0.218333333333),
double3(0.336300000000,0.163700000000,0.228000000000),
double3(0.398800000000,0.188850000000,0.166666666667),
double3(0.372850000000,0.250000000000,0.228866666667),
double3(0.383550000000,0.194700000000,0.218333333333),
double3(0.336300000000,0.163700000000,0.105333333333),
double3(0.311150000000,0.101200000000,0.166666666667),
double3(0.250000000000,0.127150000000,0.104466666667),
double3(0.305300000000,0.116450000000,0.115000000000),
double3(0.336300000000,0.336300000000,0.105333333333),
double3(0.398800000000,0.311150000000,0.166666666667),
double3(0.372850000000,0.250000000000,0.104466666667),
double3(0.383550000000,0.305300000000,0.115000000000),
double3(0.163700000000,0.336300000000,0.105333333333),
double3(0.188850000000,0.398800000000,0.166666666667),
double3(0.250000000000,0.372850000000,0.104466666667),
double3(0.194700000000,0.383550000000,0.115000000000),
double3(0.163700000000,0.163700000000,0.105333333333),
double3(0.101200000000,0.188850000000,0.166666666667),
double3(0.127150000000,0.250000000000,0.104466666667),
double3(0.116450000000,0.194700000000,0.115000000000),
double3(0.194700000000,0.116450000000,0.115000000000),
double3(0.383550000000,0.194700000000,0.115000000000),
double3(0.305300000000,0.383550000000,0.115000000000),
double3(0.116450000000,0.305300000000,0.115000000000),
double3(0.194700000000,0.383550000000,0.218333333333),
double3(0.116450000000,0.194700000000,0.218333333333),
double3(0.305300000000,0.116450000000,0.218333333333),
double3(0.383550000000,0.305300000000,0.218333333333),
double3(0.086300000000,0.086300000000,0.394666666667),
double3(0.061150000000,0.148800000000,0.333333333333),
double3(0.000000000000,0.122850000000,0.395533333333),
double3(0.073750000000,0.176250000000,0.416666666667),
double3(0.055300000000,0.133550000000,0.385000000000),
double3(0.413700000000,0.086300000000,0.394666666667),
double3(0.351200000000,0.061150000000,0.333333333333),
double3(0.377150000000,0.000000000000,0.395533333333),
double3(0.323750000000,0.073750000000,0.416666666667),
double3(0.366450000000,0.055300000000,0.385000000000),
double3(0.413700000000,0.413700000000,0.394666666667),
double3(0.438850000000,0.351200000000,0.333333333333),
double3(0.000000000000,0.377150000000,0.395533333333),
double3(0.426250000000,0.323750000000,0.416666666667),
double3(0.444700000000,0.366450000000,0.385000000000),
double3(0.086300000000,0.413700000000,0.394666666667),
double3(0.148800000000,0.438850000000,0.333333333333),
double3(0.122850000000,0.000000000000,0.395533333333),
double3(0.176250000000,0.426250000000,0.416666666667),
double3(0.133550000000,0.444700000000,0.385000000000),
double3(0.086300000000,0.413700000000,0.605333333333),
double3(0.061150000000,0.351200000000,0.333333333333),
double3(0.000000000000,0.377150000000,0.604466666667),
double3(0.073750000000,0.323750000000,0.583333333333),
double3(0.055300000000,0.366450000000,0.615000000000),
double3(0.086300000000,0.086300000000,0.605333333333),
double3(0.148800000000,0.061150000000,0.333333333333),
double3(0.122850000000,0.000000000000,0.604466666667),
double3(0.176250000000,0.073750000000,0.583333333333),
double3(0.133550000000,0.055300000000,0.615000000000),
double3(0.413700000000,0.086300000000,0.605333333333),
double3(0.438850000000,0.148800000000,0.333333333333),
double3(0.000000000000,0.122850000000,0.604466666667),
double3(0.426250000000,0.176250000000,0.583333333333),
double3(0.444700000000,0.133550000000,0.615000000000),
double3(0.413700000000,0.413700000000,0.605333333333),
double3(0.351200000000,0.438850000000,0.333333333333),
double3(0.377150000000,0.000000000000,0.604466666667),
double3(0.323750000000,0.426250000000,0.583333333333),
double3(0.366450000000,0.444700000000,0.615000000000),
double3(0.426250000000,0.323750000000,0.583333333333),
double3(0.444700000000,0.366450000000,0.615000000000),
double3(0.176250000000,0.426250000000,0.583333333333),
double3(0.133550000000,0.444700000000,0.615000000000),
double3(0.073750000000,0.176250000000,0.583333333333),
double3(0.055300000000,0.133550000000,0.615000000000),
double3(0.323750000000,0.073750000000,0.583333333333),
double3(0.366450000000,0.055300000000,0.615000000000),
double3(0.426250000000,0.176250000000,0.416666666667),
double3(0.444700000000,0.133550000000,0.385000000000),
double3(0.323750000000,0.426250000000,0.416666666667),
double3(0.366450000000,0.444700000000,0.385000000000),
double3(0.073750000000,0.323750000000,0.416666666667),
double3(0.055300000000,0.366450000000,0.385000000000),
double3(0.176250000000,0.073750000000,0.416666666667),
double3(0.133550000000,0.055300000000,0.385000000000),
double3(0.336300000000,0.336300000000,0.561333333333),
double3(0.311150000000,0.398800000000,0.500000000000),
double3(0.250000000000,0.372850000000,0.562200000000),
double3(0.305300000000,0.383550000000,0.551666666667),
double3(0.163700000000,0.336300000000,0.561333333333),
double3(0.101200000000,0.311150000000,0.500000000000),
double3(0.127150000000,0.250000000000,0.562200000000),
double3(0.116450000000,0.305300000000,0.551666666667),
double3(0.163700000000,0.163700000000,0.561333333333),
double3(0.188850000000,0.101200000000,0.500000000000),
double3(0.250000000000,0.127150000000,0.562200000000),
double3(0.194700000000,0.116450000000,0.551666666667),
double3(0.336300000000,0.163700000000,0.561333333333),
double3(0.398800000000,0.188850000000,0.500000000000),
double3(0.372850000000,0.250000000000,0.562200000000),
double3(0.383550000000,0.194700000000,0.551666666667),
double3(0.336300000000,0.163700000000,0.438666666667),
double3(0.311150000000,0.101200000000,0.500000000000),
double3(0.250000000000,0.127150000000,0.437800000000),
double3(0.305300000000,0.116450000000,0.448333333333),
double3(0.336300000000,0.336300000000,0.438666666667),
double3(0.398800000000,0.311150000000,0.500000000000),
double3(0.372850000000,0.250000000000,0.437800000000),
double3(0.383550000000,0.305300000000,0.448333333333),
double3(0.163700000000,0.336300000000,0.438666666667),
double3(0.188850000000,0.398800000000,0.500000000000),
double3(0.250000000000,0.372850000000,0.437800000000),
double3(0.194700000000,0.383550000000,0.448333333333),
double3(0.163700000000,0.163700000000,0.438666666667),
double3(0.101200000000,0.188850000000,0.500000000000),
double3(0.127150000000,0.250000000000,0.437800000000),
double3(0.116450000000,0.194700000000,0.448333333333),
double3(0.194700000000,0.116450000000,0.448333333333),
double3(0.383550000000,0.194700000000,0.448333333333),
double3(0.305300000000,0.383550000000,0.448333333333),
double3(0.116450000000,0.305300000000,0.448333333333),
double3(0.194700000000,0.383550000000,0.551666666667),
double3(0.116450000000,0.194700000000,0.551666666667),
double3(0.305300000000,0.116450000000,0.551666666667),
double3(0.383550000000,0.305300000000,0.551666666667),
double3(0.086300000000,0.086300000000,0.728000000000),
double3(0.061150000000,0.148800000000,0.666666666667),
double3(0.000000000000,0.122850000000,0.728866666667),
double3(0.073750000000,0.176250000000,0.750000000000),
double3(0.055300000000,0.133550000000,0.718333333333),
double3(0.413700000000,0.086300000000,0.728000000000),
double3(0.351200000000,0.061150000000,0.666666666667),
double3(0.377150000000,0.000000000000,0.728866666667),
double3(0.323750000000,0.073750000000,0.750000000000),
double3(0.366450000000,0.055300000000,0.718333333333),
double3(0.413700000000,0.413700000000,0.728000000000),
double3(0.438850000000,0.351200000000,0.666666666667),
double3(0.000000000000,0.377150000000,0.728866666667),
double3(0.426250000000,0.323750000000,0.750000000000),
double3(0.444700000000,0.366450000000,0.718333333333),
double3(0.086300000000,0.413700000000,0.728000000000),
double3(0.148800000000,0.438850000000,0.666666666667),
double3(0.122850000000,0.000000000000,0.728866666667),
double3(0.176250000000,0.426250000000,0.750000000000),
double3(0.133550000000,0.444700000000,0.718333333333),
double3(0.086300000000,0.413700000000,0.938666666667),
double3(0.061150000000,0.351200000000,0.666666666667),
double3(0.000000000000,0.377150000000,0.937800000000),
double3(0.073750000000,0.323750000000,0.916666666667),
double3(0.055300000000,0.366450000000,0.948333333333),
double3(0.086300000000,0.086300000000,0.938666666667),
double3(0.148800000000,0.061150000000,0.666666666667),
double3(0.122850000000,0.000000000000,0.937800000000),
double3(0.176250000000,0.073750000000,0.916666666667),
double3(0.133550000000,0.055300000000,0.948333333333),
double3(0.413700000000,0.086300000000,0.938666666667),
double3(0.438850000000,0.148800000000,0.666666666667),
double3(0.000000000000,0.122850000000,0.937800000000),
double3(0.426250000000,0.176250000000,0.916666666667),
double3(0.444700000000,0.133550000000,0.948333333333),
double3(0.413700000000,0.413700000000,0.938666666667),
double3(0.351200000000,0.438850000000,0.666666666667),
double3(0.377150000000,0.000000000000,0.937800000000),
double3(0.323750000000,0.426250000000,0.916666666667),
double3(0.366450000000,0.444700000000,0.948333333333),
double3(0.426250000000,0.323750000000,0.916666666667),
double3(0.444700000000,0.366450000000,0.948333333333),
double3(0.176250000000,0.426250000000,0.916666666667),
double3(0.133550000000,0.444700000000,0.948333333333),
double3(0.073750000000,0.176250000000,0.916666666667),
double3(0.055300000000,0.133550000000,0.948333333333),
double3(0.323750000000,0.073750000000,0.916666666667),
double3(0.366450000000,0.055300000000,0.948333333333),
double3(0.426250000000,0.176250000000,0.750000000000),
double3(0.444700000000,0.133550000000,0.718333333333),
double3(0.323750000000,0.426250000000,0.750000000000),
double3(0.366450000000,0.444700000000,0.718333333333),
double3(0.073750000000,0.323750000000,0.750000000000),
double3(0.055300000000,0.366450000000,0.718333333333),
double3(0.176250000000,0.073750000000,0.750000000000),
double3(0.133550000000,0.055300000000,0.718333333333),
double3(0.336300000000,0.336300000000,0.894666666667),
double3(0.311150000000,0.398800000000,0.833333333333),
double3(0.250000000000,0.372850000000,0.895533333333),
double3(0.305300000000,0.383550000000,0.885000000000),
double3(0.163700000000,0.336300000000,0.894666666667),
double3(0.101200000000,0.311150000000,0.833333333333),
double3(0.127150000000,0.250000000000,0.895533333333),
double3(0.116450000000,0.305300000000,0.885000000000),
double3(0.163700000000,0.163700000000,0.894666666667),
double3(0.188850000000,0.101200000000,0.833333333333),
double3(0.250000000000,0.127150000000,0.895533333333),
double3(0.194700000000,0.116450000000,0.885000000000),
double3(0.336300000000,0.163700000000,0.894666666667),
double3(0.398800000000,0.188850000000,0.833333333333),
double3(0.372850000000,0.250000000000,0.895533333333),
double3(0.383550000000,0.194700000000,0.885000000000),
double3(0.336300000000,0.163700000000,0.772000000000),
double3(0.311150000000,0.101200000000,0.833333333333),
double3(0.250000000000,0.127150000000,0.771133333333),
double3(0.305300000000,0.116450000000,0.781666666667),
double3(0.336300000000,0.336300000000,0.772000000000),
double3(0.398800000000,0.311150000000,0.833333333333),
double3(0.372850000000,0.250000000000,0.771133333333),
double3(0.383550000000,0.305300000000,0.781666666667),
double3(0.163700000000,0.336300000000,0.772000000000),
double3(0.188850000000,0.398800000000,0.833333333333),
double3(0.250000000000,0.372850000000,0.771133333333),
double3(0.194700000000,0.383550000000,0.781666666667),
double3(0.163700000000,0.163700000000,0.772000000000),
double3(0.101200000000,0.188850000000,0.833333333333),
double3(0.127150000000,0.250000000000,0.771133333333),
double3(0.116450000000,0.194700000000,0.781666666667),
double3(0.194700000000,0.116450000000,0.781666666667),
double3(0.383550000000,0.194700000000,0.781666666667),
double3(0.305300000000,0.383550000000,0.781666666667),
double3(0.116450000000,0.305300000000,0.781666666667),
double3(0.194700000000,0.383550000000,0.885000000000),
double3(0.116450000000,0.194700000000,0.885000000000),
double3(0.305300000000,0.116450000000,0.885000000000),
double3(0.383550000000,0.305300000000,0.885000000000),
double3(0.086300000000,0.586300000000,0.061333333333),
double3(0.061150000000,0.648800000000,0.000000000000),
double3(0.000000000000,0.622850000000,0.062200000000),
double3(0.073750000000,0.676250000000,0.083333333333),
double3(0.055300000000,0.633550000000,0.051666666667),
double3(0.413700000000,0.586300000000,0.061333333333),
double3(0.351200000000,0.561150000000,0.000000000000),
double3(0.377150000000,0.500000000000,0.062200000000),
double3(0.323750000000,0.573750000000,0.083333333333),
double3(0.366450000000,0.555300000000,0.051666666667),
double3(0.413700000000,0.913700000000,0.061333333333),
double3(0.438850000000,0.851200000000,0.000000000000),
double3(0.000000000000,0.877150000000,0.062200000000),
double3(0.426250000000,0.823750000000,0.083333333333),
double3(0.444700000000,0.866450000000,0.051666666667),
double3(0.086300000000,0.913700000000,0.061333333333),
double3(0.148800000000,0.938850000000,0.000000000000),
double3(0.122850000000,0.500000000000,0.062200000000),
double3(0.176250000000,0.926250000000,0.083333333333),
double3(0.133550000000,0.944700000000,0.051666666667),
double3(0.086300000000,0.913700000000,0.272000000000),
double3(0.061150000000,0.851200000000,0.000000000000),
double3(0.000000000000,0.877150000000,0.271133333333),
double3(0.073750000000,0.823750000000,0.250000000000),
double3(0.055300000000,0.866450000000,0.281666666667),
double3(0.086300000000,0.586300000000,0.272000000000),
double3(0.148800000000,0.561150000000,0.000000000000),
double3(0.122850000000,0.500000000000,0.271133333333),
double3(0.176250000000,0.573750000000,0.250000000000),
double3(0.133550000000,0.555300000000,0.281666666667),
double3(0.413700000000,0.586300000000,0.272000000000),
double3(0.438850000000,0.648800000000,0.000000000000),
double3(0.000000000000,0.622850000000,0.271133333333),
double3(0.426250000000,0.676250000000,0.250000000000),
double3(0.444700000000,0.633550000000,0.281666666667),
double3(0.413700000000,0.913700000000,0.272000000000),
double3(0.351200000000,0.938850000000,0.000000000000),
double3(0.377150000000,0.500000000000,0.271133333333),
double3(0.323750000000,0.926250000000,0.250000000000),
double3(0.366450000000,0.944700000000,0.281666666667),
double3(0.426250000000,0.823750000000,0.250000000000),
double3(0.444700000000,0.866450000000,0.281666666667),
double3(0.176250000000,0.926250000000,0.250000000000),
double3(0.133550000000,0.944700000000,0.281666666667),
double3(0.073750000000,0.676250000000,0.250000000000),
double3(0.055300000000,0.633550000000,0.281666666667),
double3(0.323750000000,0.573750000000,0.250000000000),
double3(0.366450000000,0.555300000000,0.281666666667),
double3(0.426250000000,0.676250000000,0.083333333333),
double3(0.444700000000,0.633550000000,0.051666666667),
double3(0.323750000000,0.926250000000,0.083333333333),
double3(0.366450000000,0.944700000000,0.051666666667),
double3(0.073750000000,0.823750000000,0.083333333333),
double3(0.055300000000,0.866450000000,0.051666666667),
double3(0.176250000000,0.573750000000,0.083333333333),
double3(0.133550000000,0.555300000000,0.051666666667),
double3(0.336300000000,0.836300000000,0.228000000000),
double3(0.311150000000,0.898800000000,0.166666666667),
double3(0.250000000000,0.872850000000,0.228866666667),
double3(0.305300000000,0.883550000000,0.218333333333),
double3(0.163700000000,0.836300000000,0.228000000000),
double3(0.101200000000,0.811150000000,0.166666666667),
double3(0.127150000000,0.750000000000,0.228866666667),
double3(0.116450000000,0.805300000000,0.218333333333),
double3(0.163700000000,0.663700000000,0.228000000000),
double3(0.188850000000,0.601200000000,0.166666666667),
double3(0.250000000000,0.627150000000,0.228866666667),
double3(0.194700000000,0.616450000000,0.218333333333),
double3(0.336300000000,0.663700000000,0.228000000000),
double3(0.398800000000,0.688850000000,0.166666666667),
double3(0.372850000000,0.750000000000,0.228866666667),
double3(0.383550000000,0.694700000000,0.218333333333),
double3(0.336300000000,0.663700000000,0.105333333333),
double3(0.311150000000,0.601200000000,0.166666666667),
double3(0.250000000000,0.627150000000,0.104466666667),
double3(0.305300000000,0.616450000000,0.115000000000),
double3(0.336300000000,0.836300000000,0.105333333333),
double3(0.398800000000,0.811150000000,0.166666666667),
double3(0.372850000000,0.750000000000,0.104466666667),
double3(0.383550000000,0.805300000000,0.115000000000),
double3(0.163700000000,0.836300000000,0.105333333333),
double3(0.188850000000,0.898800000000,0.166666666667),
double3(0.250000000000,0.872850000000,0.104466666667),
double3(0.194700000000,0.883550000000,0.115000000000),
double3(0.163700000000,0.663700000000,0.105333333333),
double3(0.101200000000,0.688850000000,0.166666666667),
double3(0.127150000000,0.750000000000,0.104466666667),
double3(0.116450000000,0.694700000000,0.115000000000),
double3(0.194700000000,0.616450000000,0.115000000000),
double3(0.383550000000,0.694700000000,0.115000000000),
double3(0.305300000000,0.883550000000,0.115000000000),
double3(0.116450000000,0.805300000000,0.115000000000),
double3(0.194700000000,0.883550000000,0.218333333333),
double3(0.116450000000,0.694700000000,0.218333333333),
double3(0.305300000000,0.616450000000,0.218333333333),
double3(0.383550000000,0.805300000000,0.218333333333),
double3(0.086300000000,0.586300000000,0.394666666667),
double3(0.061150000000,0.648800000000,0.333333333333),
double3(0.000000000000,0.622850000000,0.395533333333),
double3(0.073750000000,0.676250000000,0.416666666667),
double3(0.055300000000,0.633550000000,0.385000000000),
double3(0.413700000000,0.586300000000,0.394666666667),
double3(0.351200000000,0.561150000000,0.333333333333),
double3(0.377150000000,0.500000000000,0.395533333333),
double3(0.323750000000,0.573750000000,0.416666666667),
double3(0.366450000000,0.555300000000,0.385000000000),
double3(0.413700000000,0.913700000000,0.394666666667),
double3(0.438850000000,0.851200000000,0.333333333333),
double3(0.000000000000,0.877150000000,0.395533333333),
double3(0.426250000000,0.823750000000,0.416666666667),
double3(0.444700000000,0.866450000000,0.385000000000),
double3(0.086300000000,0.913700000000,0.394666666667),
double3(0.148800000000,0.938850000000,0.333333333333),
double3(0.122850000000,0.500000000000,0.395533333333),
double3(0.176250000000,0.926250000000,0.416666666667),
double3(0.133550000000,0.944700000000,0.385000000000),
double3(0.086300000000,0.913700000000,0.605333333333),
double3(0.061150000000,0.851200000000,0.333333333333),
double3(0.000000000000,0.877150000000,0.604466666667),
double3(0.073750000000,0.823750000000,0.583333333333),
double3(0.055300000000,0.866450000000,0.615000000000),
double3(0.086300000000,0.586300000000,0.605333333333),
double3(0.148800000000,0.561150000000,0.333333333333),
double3(0.122850000000,0.500000000000,0.604466666667),
double3(0.176250000000,0.573750000000,0.583333333333),
double3(0.133550000000,0.555300000000,0.615000000000),
double3(0.413700000000,0.586300000000,0.605333333333),
double3(0.438850000000,0.648800000000,0.333333333333),
double3(0.000000000000,0.622850000000,0.604466666667),
double3(0.426250000000,0.676250000000,0.583333333333),
double3(0.444700000000,0.633550000000,0.615000000000),
double3(0.413700000000,0.913700000000,0.605333333333),
double3(0.351200000000,0.938850000000,0.333333333333),
double3(0.377150000000,0.500000000000,0.604466666667),
double3(0.323750000000,0.926250000000,0.583333333333),
double3(0.366450000000,0.944700000000,0.615000000000),
double3(0.426250000000,0.823750000000,0.583333333333),
double3(0.444700000000,0.866450000000,0.615000000000),
double3(0.176250000000,0.926250000000,0.583333333333),
double3(0.133550000000,0.944700000000,0.615000000000),
double3(0.073750000000,0.676250000000,0.583333333333),
double3(0.055300000000,0.633550000000,0.615000000000),
double3(0.323750000000,0.573750000000,0.583333333333),
double3(0.366450000000,0.555300000000,0.615000000000),
double3(0.426250000000,0.676250000000,0.416666666667),
double3(0.444700000000,0.633550000000,0.385000000000),
double3(0.323750000000,0.926250000000,0.416666666667),
double3(0.366450000000,0.944700000000,0.385000000000),
double3(0.073750000000,0.823750000000,0.416666666667),
double3(0.055300000000,0.866450000000,0.385000000000),
double3(0.176250000000,0.573750000000,0.416666666667),
double3(0.133550000000,0.555300000000,0.385000000000),
double3(0.336300000000,0.836300000000,0.561333333333),
double3(0.311150000000,0.898800000000,0.500000000000),
double3(0.250000000000,0.872850000000,0.562200000000),
double3(0.305300000000,0.883550000000,0.551666666667),
double3(0.163700000000,0.836300000000,0.561333333333),
double3(0.101200000000,0.811150000000,0.500000000000),
double3(0.127150000000,0.750000000000,0.562200000000),
double3(0.116450000000,0.805300000000,0.551666666667),
double3(0.163700000000,0.663700000000,0.561333333333),
double3(0.188850000000,0.601200000000,0.500000000000),
double3(0.250000000000,0.627150000000,0.562200000000),
double3(0.194700000000,0.616450000000,0.551666666667),
double3(0.336300000000,0.663700000000,0.561333333333),
double3(0.398800000000,0.688850000000,0.500000000000),
double3(0.372850000000,0.750000000000,0.562200000000),
double3(0.383550000000,0.694700000000,0.551666666667),
double3(0.336300000000,0.663700000000,0.438666666667),
double3(0.311150000000,0.601200000000,0.500000000000),
double3(0.250000000000,0.627150000000,0.437800000000),
double3(0.305300000000,0.616450000000,0.448333333333),
double3(0.336300000000,0.836300000000,0.438666666667),
double3(0.398800000000,0.811150000000,0.500000000000),
double3(0.372850000000,0.750000000000,0.437800000000),
double3(0.383550000000,0.805300000000,0.448333333333),
double3(0.163700000000,0.836300000000,0.438666666667),
double3(0.188850000000,0.898800000000,0.500000000000),
double3(0.250000000000,0.872850000000,0.437800000000),
double3(0.194700000000,0.883550000000,0.448333333333),
double3(0.163700000000,0.663700000000,0.438666666667),
double3(0.101200000000,0.688850000000,0.500000000000),
double3(0.127150000000,0.750000000000,0.437800000000),
double3(0.116450000000,0.694700000000,0.448333333333),
double3(0.194700000000,0.616450000000,0.448333333333),
double3(0.383550000000,0.694700000000,0.448333333333),
double3(0.305300000000,0.883550000000,0.448333333333),
double3(0.116450000000,0.805300000000,0.448333333333),
double3(0.194700000000,0.883550000000,0.551666666667),
double3(0.116450000000,0.694700000000,0.551666666667),
double3(0.305300000000,0.616450000000,0.551666666667),
double3(0.383550000000,0.805300000000,0.551666666667),
double3(0.086300000000,0.586300000000,0.728000000000),
double3(0.061150000000,0.648800000000,0.666666666667),
double3(0.000000000000,0.622850000000,0.728866666667),
double3(0.073750000000,0.676250000000,0.750000000000),
double3(0.055300000000,0.633550000000,0.718333333333),
double3(0.413700000000,0.586300000000,0.728000000000),
double3(0.351200000000,0.561150000000,0.666666666667),
double3(0.377150000000,0.500000000000,0.728866666667),
double3(0.323750000000,0.573750000000,0.750000000000),
double3(0.366450000000,0.555300000000,0.718333333333),
double3(0.413700000000,0.913700000000,0.728000000000),
double3(0.438850000000,0.851200000000,0.666666666667),
double3(0.000000000000,0.877150000000,0.728866666667),
double3(0.426250000000,0.823750000000,0.750000000000),
double3(0.444700000000,0.866450000000,0.718333333333),
double3(0.086300000000,0.913700000000,0.728000000000),
double3(0.148800000000,0.938850000000,0.666666666667),
double3(0.122850000000,0.500000000000,0.728866666667),
double3(0.176250000000,0.926250000000,0.750000000000),
double3(0.133550000000,0.944700000000,0.718333333333),
double3(0.086300000000,0.913700000000,0.938666666667),
double3(0.061150000000,0.851200000000,0.666666666667),
double3(0.000000000000,0.877150000000,0.937800000000),
double3(0.073750000000,0.823750000000,0.916666666667),
double3(0.055300000000,0.866450000000,0.948333333333),
double3(0.086300000000,0.586300000000,0.938666666667),
double3(0.148800000000,0.561150000000,0.666666666667),
double3(0.122850000000,0.500000000000,0.937800000000),
double3(0.176250000000,0.573750000000,0.916666666667),
double3(0.133550000000,0.555300000000,0.948333333333),
double3(0.413700000000,0.586300000000,0.938666666667),
double3(0.438850000000,0.648800000000,0.666666666667),
double3(0.000000000000,0.622850000000,0.937800000000),
double3(0.426250000000,0.676250000000,0.916666666667),
double3(0.444700000000,0.633550000000,0.948333333333),
double3(0.413700000000,0.913700000000,0.938666666667),
double3(0.351200000000,0.938850000000,0.666666666667),
double3(0.377150000000,0.500000000000,0.937800000000),
double3(0.323750000000,0.926250000000,0.916666666667),
double3(0.366450000000,0.944700000000,0.948333333333),
double3(0.426250000000,0.823750000000,0.916666666667),
double3(0.444700000000,0.866450000000,0.948333333333),
double3(0.176250000000,0.926250000000,0.916666666667),
double3(0.133550000000,0.944700000000,0.948333333333),
double3(0.073750000000,0.676250000000,0.916666666667),
double3(0.055300000000,0.633550000000,0.948333333333),
double3(0.323750000000,0.573750000000,0.916666666667),
double3(0.366450000000,0.555300000000,0.948333333333),
double3(0.426250000000,0.676250000000,0.750000000000),
double3(0.444700000000,0.633550000000,0.718333333333),
double3(0.323750000000,0.926250000000,0.750000000000),
double3(0.366450000000,0.944700000000,0.718333333333),
double3(0.073750000000,0.823750000000,0.750000000000),
double3(0.055300000000,0.866450000000,0.718333333333),
double3(0.176250000000,0.573750000000,0.750000000000),
double3(0.133550000000,0.555300000000,0.718333333333),
double3(0.336300000000,0.836300000000,0.894666666667),
double3(0.311150000000,0.898800000000,0.833333333333),
double3(0.250000000000,0.872850000000,0.895533333333),
double3(0.305300000000,0.883550000000,0.885000000000),
double3(0.163700000000,0.836300000000,0.894666666667),
double3(0.101200000000,0.811150000000,0.833333333333),
double3(0.127150000000,0.750000000000,0.895533333333),
double3(0.116450000000,0.805300000000,0.885000000000),
double3(0.163700000000,0.663700000000,0.894666666667),
double3(0.188850000000,0.601200000000,0.833333333333),
double3(0.250000000000,0.627150000000,0.895533333333),
double3(0.194700000000,0.616450000000,0.885000000000),
double3(0.336300000000,0.663700000000,0.894666666667),
double3(0.398800000000,0.688850000000,0.833333333333),
double3(0.372850000000,0.750000000000,0.895533333333),
double3(0.383550000000,0.694700000000,0.885000000000),
double3(0.336300000000,0.663700000000,0.772000000000),
double3(0.311150000000,0.601200000000,0.833333333333),
double3(0.250000000000,0.627150000000,0.771133333333),
double3(0.305300000000,0.616450000000,0.781666666667),
double3(0.336300000000,0.836300000000,0.772000000000),
double3(0.398800000000,0.811150000000,0.833333333333),
double3(0.372850000000,0.750000000000,0.771133333333),
double3(0.383550000000,0.805300000000,0.781666666667),
double3(0.163700000000,0.836300000000,0.772000000000),
double3(0.188850000000,0.898800000000,0.833333333333),
double3(0.250000000000,0.872850000000,0.771133333333),
double3(0.194700000000,0.883550000000,0.781666666667),
double3(0.163700000000,0.663700000000,0.772000000000),
double3(0.101200000000,0.688850000000,0.833333333333),
double3(0.127150000000,0.750000000000,0.771133333333),
double3(0.116450000000,0.694700000000,0.781666666667),
double3(0.194700000000,0.616450000000,0.781666666667),
double3(0.383550000000,0.694700000000,0.781666666667),
double3(0.305300000000,0.883550000000,0.781666666667),
double3(0.116450000000,0.805300000000,0.781666666667),
double3(0.194700000000,0.883550000000,0.885000000000),
double3(0.116450000000,0.694700000000,0.885000000000),
double3(0.305300000000,0.616450000000,0.885000000000),
double3(0.383550000000,0.805300000000,0.885000000000),
double3(0.586300000000,0.086300000000,0.061333333333),
double3(0.561150000000,0.148800000000,0.000000000000),
double3(0.500000000000,0.122850000000,0.062200000000),
double3(0.573750000000,0.176250000000,0.083333333333),
double3(0.555300000000,0.133550000000,0.051666666667),
double3(0.913700000000,0.086300000000,0.061333333333),
double3(0.851200000000,0.061150000000,0.000000000000),
double3(0.877150000000,0.000000000000,0.062200000000),
double3(0.823750000000,0.073750000000,0.083333333333),
double3(0.866450000000,0.055300000000,0.051666666667),
double3(0.913700000000,0.413700000000,0.061333333333),
double3(0.938850000000,0.351200000000,0.000000000000),
double3(0.500000000000,0.377150000000,0.062200000000),
double3(0.926250000000,0.323750000000,0.083333333333),
double3(0.944700000000,0.366450000000,0.051666666667),
double3(0.586300000000,0.413700000000,0.061333333333),
double3(0.648800000000,0.438850000000,0.000000000000),
double3(0.622850000000,0.000000000000,0.062200000000),
double3(0.676250000000,0.426250000000,0.083333333333),
double3(0.633550000000,0.444700000000,0.051666666667),
double3(0.586300000000,0.413700000000,0.272000000000),
double3(0.561150000000,0.351200000000,0.000000000000),
double3(0.500000000000,0.377150000000,0.271133333333),
double3(0.573750000000,0.323750000000,0.250000000000),
double3(0.555300000000,0.366450000000,0.281666666667),
double3(0.586300000000,0.086300000000,0.272000000000),
double3(0.648800000000,0.061150000000,0.000000000000),
double3(0.622850000000,0.000000000000,0.271133333333),
double3(0.676250000000,0.073750000000,0.250000000000),
double3(0.633550000000,0.055300000000,0.281666666667),
double3(0.913700000000,0.086300000000,0.272000000000),
double3(0.938850000000,0.148800000000,0.000000000000),
double3(0.500000000000,0.122850000000,0.271133333333),
double3(0.926250000000,0.176250000000,0.250000000000),
double3(0.944700000000,0.133550000000,0.281666666667),
double3(0.913700000000,0.413700000000,0.272000000000),
double3(0.851200000000,0.438850000000,0.000000000000),
double3(0.877150000000,0.000000000000,0.271133333333),
double3(0.823750000000,0.426250000000,0.250000000000),
double3(0.866450000000,0.444700000000,0.281666666667),
double3(0.926250000000,0.323750000000,0.250000000000),
double3(0.944700000000,0.366450000000,0.281666666667),
double3(0.676250000000,0.426250000000,0.250000000000),
double3(0.633550000000,0.444700000000,0.281666666667),
double3(0.573750000000,0.176250000000,0.250000000000),
double3(0.555300000000,0.133550000000,0.281666666667),
double3(0.823750000000,0.073750000000,0.250000000000),
double3(0.866450000000,0.055300000000,0.281666666667),
double3(0.926250000000,0.176250000000,0.083333333333),
double3(0.944700000000,0.133550000000,0.051666666667),
double3(0.823750000000,0.426250000000,0.083333333333),
double3(0.866450000000,0.444700000000,0.051666666667),
double3(0.573750000000,0.323750000000,0.083333333333),
double3(0.555300000000,0.366450000000,0.051666666667),
double3(0.676250000000,0.073750000000,0.083333333333),
double3(0.633550000000,0.055300000000,0.051666666667),
double3(0.836300000000,0.336300000000,0.228000000000),
double3(0.811150000000,0.398800000000,0.166666666667),
double3(0.750000000000,0.372850000000,0.228866666667),
double3(0.805300000000,0.383550000000,0.218333333333),
double3(0.663700000000,0.336300000000,0.228000000000),
double3(0.601200000000,0.311150000000,0.166666666667),
double3(0.627150000000,0.250000000000,0.228866666667),
double3(0.616450000000,0.305300000000,0.218333333333),
double3(0.663700000000,0.163700000000,0.228000000000),
double3(0.688850000000,0.101200000000,0.166666666667),
double3(0.750000000000,0.127150000000,0.228866666667),
double3(0.694700000000,0.116450000000,0.218333333333),
double3(0.836300000000,0.163700000000,0.228000000000),
double3(0.898800000000,0.188850000000,0.166666666667),
double3(0.872850000000,0.250000000000,0.228866666667),
double3(0.883550000000,0.194700000000,0.218333333333),
double3(0.836300000000,0.163700000000,0.105333333333),
double3(0.811150000000,0.101200000000,0.166666666667),
double3(0.750000000000,0.127150000000,0.104466666667),
double3(0.805300000000,0.116450000000,0.115000000000),
double3(0.836300000000,0.336300000000,0.105333333333),
double3(0.898800000000,0.311150000000,0.166666666667),
double3(0.872850000000,0.250000000000,0.104466666667),
double3(0.883550000000,0.305300000000,0.115000000000),
double3(0.663700000000,0.336300000000,0.105333333333),
double3(0.688850000000,0.398800000000,0.166666666667),
double3(0.750000000000,0.372850000000,0.104466666667),
double3(0.694700000000,0.383550000000,0.115000000000),
double3(0.663700000000,0.163700000000,0.105333333333),
double3(0.601200000000,0.188850000000,0.166666666667),
double3(0.627150000000,0.250000000000,0.104466666667),
double3(0.616450000000,0.194700000000,0.115000000000),
double3(0.694700000000,0.116450000000,0.115000000000),
double3(0.883550000000,0.194700000000,0.115000000000),
double3(0.805300000000,0.383550000000,0.115000000000),
double3(0.616450000000,0.305300000000,0.115000000000),
double3(0.694700000000,0.383550000000,0.218333333333),
double3(0.616450000000,0.194700000000,0.218333333333),
double3(0.805300000000,0.116450000000,0.218333333333),
double3(0.883550000000,0.305300000000,0.218333333333),
double3(0.586300000000,0.086300000000,0.394666666667),
double3(0.561150000000,0.148800000000,0.333333333333),
double3(0.500000000000,0.122850000000,0.395533333333),
double3(0.573750000000,0.176250000000,0.416666666667),
double3(0.555300000000,0.133550000000,0.385000000000),
double3(0.913700000000,0.086300000000,0.394666666667),
double3(0.851200000000,0.061150000000,0.333333333333),
double3(0.877150000000,0.000000000000,0.395533333333),
double3(0.823750000000,0.073750000000,0.416666666667),
double3(0.866450000000,0.055300000000,0.385000000000),
double3(0.913700000000,0.413700000000,0.394666666667),
double3(0.938850000000,0.351200000000,0.333333333333),
double3(0.500000000000,0.377150000000,0.395533333333),
double3(0.926250000000,0.323750000000,0.416666666667),
double3(0.944700000000,0.366450000000,0.385000000000),
double3(0.586300000000,0.413700000000,0.394666666667),
double3(0.648800000000,0.438850000000,0.333333333333),
double3(0.622850000000,0.000000000000,0.395533333333),
double3(0.676250000000,0.426250000000,0.416666666667),
double3(0.633550000000,0.444700000000,0.385000000000),
double3(0.586300000000,0.413700000000,0.605333333333),
double3(0.561150000000,0.351200000000,0.333333333333),
double3(0.500000000000,0.377150000000,0.604466666667),
double3(0.573750000000,0.323750000000,0.583333333333),
double3(0.555300000000,0.366450000000,0.615000000000),
double3(0.586300000000,0.086300000000,0.605333333333),
double3(0.648800000000,0.061150000000,0.333333333333),
double3(0.622850000000,0.000000000000,0.604466666667),
double3(0.676250000000,0.073750000000,0.583333333333),
double3(0.633550000000,0.055300000000,0.615000000000),
double3(0.913700000000,0.086300000000,0.605333333333),
double3(0.938850000000,0.148800000000,0.333333333333),
double3(0.500000000000,0.122850000000,0.604466666667),
double3(0.926250000000,0.176250000000,0.583333333333),
double3(0.944700000000,0.133550000000,0.615000000000),
double3(0.913700000000,0.413700000000,0.605333333333),
double3(0.851200000000,0.438850000000,0.333333333333),
double3(0.877150000000,0.000000000000,0.604466666667),
double3(0.823750000000,0.426250000000,0.583333333333),
double3(0.866450000000,0.444700000000,0.615000000000),
double3(0.926250000000,0.323750000000,0.583333333333),
double3(0.944700000000,0.366450000000,0.615000000000),
double3(0.676250000000,0.426250000000,0.583333333333),
double3(0.633550000000,0.444700000000,0.615000000000),
double3(0.573750000000,0.176250000000,0.583333333333),
double3(0.555300000000,0.133550000000,0.615000000000),
double3(0.823750000000,0.073750000000,0.583333333333),
double3(0.866450000000,0.055300000000,0.615000000000),
double3(0.926250000000,0.176250000000,0.416666666667),
double3(0.944700000000,0.133550000000,0.385000000000),
double3(0.823750000000,0.426250000000,0.416666666667),
double3(0.866450000000,0.444700000000,0.385000000000),
double3(0.573750000000,0.323750000000,0.416666666667),
double3(0.555300000000,0.366450000000,0.385000000000),
double3(0.676250000000,0.073750000000,0.416666666667),
double3(0.633550000000,0.055300000000,0.385000000000),
double3(0.836300000000,0.336300000000,0.561333333333),
double3(0.811150000000,0.398800000000,0.500000000000),
double3(0.750000000000,0.372850000000,0.562200000000),
double3(0.805300000000,0.383550000000,0.551666666667),
double3(0.663700000000,0.336300000000,0.561333333333),
double3(0.601200000000,0.311150000000,0.500000000000),
double3(0.627150000000,0.250000000000,0.562200000000),
double3(0.616450000000,0.305300000000,0.551666666667),
double3(0.663700000000,0.163700000000,0.561333333333),
double3(0.688850000000,0.101200000000,0.500000000000),
double3(0.750000000000,0.127150000000,0.562200000000),
double3(0.694700000000,0.116450000000,0.551666666667),
double3(0.836300000000,0.163700000000,0.561333333333),
double3(0.898800000000,0.188850000000,0.500000000000),
double3(0.872850000000,0.250000000000,0.562200000000),
double3(0.883550000000,0.194700000000,0.551666666667),
double3(0.836300000000,0.163700000000,0.438666666667),
double3(0.811150000000,0.101200000000,0.500000000000),
double3(0.750000000000,0.127150000000,0.437800000000),
double3(0.805300000000,0.116450000000,0.448333333333),
double3(0.836300000000,0.336300000000,0.438666666667),
double3(0.898800000000,0.311150000000,0.500000000000),
double3(0.872850000000,0.250000000000,0.437800000000),
double3(0.883550000000,0.305300000000,0.448333333333),
double3(0.663700000000,0.336300000000,0.438666666667),
double3(0.688850000000,0.398800000000,0.500000000000),
double3(0.750000000000,0.372850000000,0.437800000000),
double3(0.694700000000,0.383550000000,0.448333333333),
double3(0.663700000000,0.163700000000,0.438666666667),
double3(0.601200000000,0.188850000000,0.500000000000),
double3(0.627150000000,0.250000000000,0.437800000000),
double3(0.616450000000,0.194700000000,0.448333333333),
double3(0.694700000000,0.116450000000,0.448333333333),
double3(0.883550000000,0.194700000000,0.448333333333),
double3(0.805300000000,0.383550000000,0.448333333333),
double3(0.616450000000,0.305300000000,0.448333333333),
double3(0.694700000000,0.383550000000,0.551666666667),
double3(0.616450000000,0.194700000000,0.551666666667),
double3(0.805300000000,0.116450000000,0.551666666667),
double3(0.883550000000,0.305300000000,0.551666666667),
double3(0.586300000000,0.086300000000,0.728000000000),
double3(0.561150000000,0.148800000000,0.666666666667),
double3(0.500000000000,0.122850000000,0.728866666667),
double3(0.573750000000,0.176250000000,0.750000000000),
double3(0.555300000000,0.133550000000,0.718333333333),
double3(0.913700000000,0.086300000000,0.728000000000),
double3(0.851200000000,0.061150000000,0.666666666667),
double3(0.877150000000,0.000000000000,0.728866666667),
double3(0.823750000000,0.073750000000,0.750000000000),
double3(0.866450000000,0.055300000000,0.718333333333),
double3(0.913700000000,0.413700000000,0.728000000000),
double3(0.938850000000,0.351200000000,0.666666666667),
double3(0.500000000000,0.377150000000,0.728866666667),
double3(0.926250000000,0.323750000000,0.750000000000),
double3(0.944700000000,0.366450000000,0.718333333333),
double3(0.586300000000,0.413700000000,0.728000000000),
double3(0.648800000000,0.438850000000,0.666666666667),
double3(0.622850000000,0.000000000000,0.728866666667),
double3(0.676250000000,0.426250000000,0.750000000000),
double3(0.633550000000,0.444700000000,0.718333333333),
double3(0.586300000000,0.413700000000,0.938666666667),
double3(0.561150000000,0.351200000000,0.666666666667),
double3(0.500000000000,0.377150000000,0.937800000000),
double3(0.573750000000,0.323750000000,0.916666666667),
double3(0.555300000000,0.366450000000,0.948333333333),
double3(0.586300000000,0.086300000000,0.938666666667),
double3(0.648800000000,0.061150000000,0.666666666667),
double3(0.622850000000,0.000000000000,0.937800000000),
double3(0.676250000000,0.073750000000,0.916666666667),
double3(0.633550000000,0.055300000000,0.948333333333),
double3(0.913700000000,0.086300000000,0.938666666667),
double3(0.938850000000,0.148800000000,0.666666666667),
double3(0.500000000000,0.122850000000,0.937800000000),
double3(0.926250000000,0.176250000000,0.916666666667),
double3(0.944700000000,0.133550000000,0.948333333333),
double3(0.913700000000,0.413700000000,0.938666666667),
double3(0.851200000000,0.438850000000,0.666666666667),
double3(0.877150000000,0.000000000000,0.937800000000),
double3(0.823750000000,0.426250000000,0.916666666667),
double3(0.866450000000,0.444700000000,0.948333333333),
double3(0.926250000000,0.323750000000,0.916666666667),
double3(0.944700000000,0.366450000000,0.948333333333),
double3(0.676250000000,0.426250000000,0.916666666667),
double3(0.633550000000,0.444700000000,0.948333333333),
double3(0.573750000000,0.176250000000,0.916666666667),
double3(0.555300000000,0.133550000000,0.948333333333),
double3(0.823750000000,0.073750000000,0.916666666667),
double3(0.866450000000,0.055300000000,0.948333333333),
double3(0.926250000000,0.176250000000,0.750000000000),
double3(0.944700000000,0.133550000000,0.718333333333),
double3(0.823750000000,0.426250000000,0.750000000000),
double3(0.866450000000,0.444700000000,0.718333333333),
double3(0.573750000000,0.323750000000,0.750000000000),
double3(0.555300000000,0.366450000000,0.718333333333),
double3(0.676250000000,0.073750000000,0.750000000000),
double3(0.633550000000,0.055300000000,0.718333333333),
double3(0.836300000000,0.336300000000,0.894666666667),
double3(0.811150000000,0.398800000000,0.833333333333),
double3(0.750000000000,0.372850000000,0.895533333333),
double3(0.805300000000,0.383550000000,0.885000000000),
double3(0.663700000000,0.336300000000,0.894666666667),
double3(0.601200000000,0.311150000000,0.833333333333),
double3(0.627150000000,0.250000000000,0.895533333333),
double3(0.616450000000,0.305300000000,0.885000000000),
double3(0.663700000000,0.163700000000,0.894666666667),
double3(0.688850000000,0.101200000000,0.833333333333),
double3(0.750000000000,0.127150000000,0.895533333333),
double3(0.694700000000,0.116450000000,0.885000000000),
double3(0.836300000000,0.163700000000,0.894666666667),
double3(0.898800000000,0.188850000000,0.833333333333),
double3(0.872850000000,0.250000000000,0.895533333333),
double3(0.883550000000,0.194700000000,0.885000000000),
double3(0.836300000000,0.163700000000,0.772000000000),
double3(0.811150000000,0.101200000000,0.833333333333),
double3(0.750000000000,0.127150000000,0.771133333333),
double3(0.805300000000,0.116450000000,0.781666666667),
double3(0.836300000000,0.336300000000,0.772000000000),
double3(0.898800000000,0.311150000000,0.833333333333),
double3(0.872850000000,0.250000000000,0.771133333333),
double3(0.883550000000,0.305300000000,0.781666666667),
double3(0.663700000000,0.336300000000,0.772000000000),
double3(0.688850000000,0.398800000000,0.833333333333),
double3(0.750000000000,0.372850000000,0.771133333333),
double3(0.694700000000,0.383550000000,0.781666666667),
double3(0.663700000000,0.163700000000,0.772000000000),
double3(0.601200000000,0.188850000000,0.833333333333),
double3(0.627150000000,0.250000000000,0.771133333333),
double3(0.616450000000,0.194700000000,0.781666666667),
double3(0.694700000000,0.116450000000,0.781666666667),
double3(0.883550000000,0.194700000000,0.781666666667),
double3(0.805300000000,0.383550000000,0.781666666667),
double3(0.616450000000,0.305300000000,0.781666666667),
double3(0.694700000000,0.383550000000,0.885000000000),
double3(0.616450000000,0.194700000000,0.885000000000),
double3(0.805300000000,0.116450000000,0.885000000000),
double3(0.883550000000,0.305300000000,0.885000000000),
double3(0.586300000000,0.586300000000,0.061333333333),
double3(0.561150000000,0.648800000000,0.000000000000),
double3(0.500000000000,0.622850000000,0.062200000000),
double3(0.573750000000,0.676250000000,0.083333333333),
double3(0.555300000000,0.633550000000,0.051666666667),
double3(0.913700000000,0.586300000000,0.061333333333),
double3(0.851200000000,0.561150000000,0.000000000000),
double3(0.877150000000,0.500000000000,0.062200000000),
double3(0.823750000000,0.573750000000,0.083333333333),
double3(0.866450000000,0.555300000000,0.051666666667),
double3(0.913700000000,0.913700000000,0.061333333333),
double3(0.938850000000,0.851200000000,0.000000000000),
double3(0.500000000000,0.877150000000,0.062200000000),
double3(0.926250000000,0.823750000000,0.083333333333),
double3(0.944700000000,0.866450000000,0.051666666667),
double3(0.586300000000,0.913700000000,0.061333333333),
double3(0.648800000000,0.938850000000,0.000000000000),
double3(0.622850000000,0.500000000000,0.062200000000),
double3(0.676250000000,0.926250000000,0.083333333333),
double3(0.633550000000,0.944700000000,0.051666666667),
double3(0.586300000000,0.913700000000,0.272000000000),
double3(0.561150000000,0.851200000000,0.000000000000),
double3(0.500000000000,0.877150000000,0.271133333333),
double3(0.573750000000,0.823750000000,0.250000000000),
double3(0.555300000000,0.866450000000,0.281666666667),
double3(0.586300000000,0.586300000000,0.272000000000),
double3(0.648800000000,0.561150000000,0.000000000000),
double3(0.622850000000,0.500000000000,0.271133333333),
double3(0.676250000000,0.573750000000,0.250000000000),
double3(0.633550000000,0.555300000000,0.281666666667),
double3(0.913700000000,0.586300000000,0.272000000000),
double3(0.938850000000,0.648800000000,0.000000000000),
double3(0.500000000000,0.622850000000,0.271133333333),
double3(0.926250000000,0.676250000000,0.250000000000),
double3(0.944700000000,0.633550000000,0.281666666667),
double3(0.913700000000,0.913700000000,0.272000000000),
double3(0.851200000000,0.938850000000,0.000000000000),
double3(0.877150000000,0.500000000000,0.271133333333),
double3(0.823750000000,0.926250000000,0.250000000000),
double3(0.866450000000,0.944700000000,0.281666666667),
double3(0.926250000000,0.823750000000,0.250000000000),
double3(0.944700000000,0.866450000000,0.281666666667),
double3(0.676250000000,0.926250000000,0.250000000000),
double3(0.633550000000,0.944700000000,0.281666666667),
double3(0.573750000000,0.676250000000,0.250000000000),
double3(0.555300000000,0.633550000000,0.281666666667),
double3(0.823750000000,0.573750000000,0.250000000000),
double3(0.866450000000,0.555300000000,0.281666666667),
double3(0.926250000000,0.676250000000,0.083333333333),
double3(0.944700000000,0.633550000000,0.051666666667),
double3(0.823750000000,0.926250000000,0.083333333333),
double3(0.866450000000,0.944700000000,0.051666666667),
double3(0.573750000000,0.823750000000,0.083333333333),
double3(0.555300000000,0.866450000000,0.051666666667),
double3(0.676250000000,0.573750000000,0.083333333333),
double3(0.633550000000,0.555300000000,0.051666666667),
double3(0.836300000000,0.836300000000,0.228000000000),
double3(0.811150000000,0.898800000000,0.166666666667),
double3(0.750000000000,0.872850000000,0.228866666667),
double3(0.805300000000,0.883550000000,0.218333333333),
double3(0.663700000000,0.836300000000,0.228000000000),
double3(0.601200000000,0.811150000000,0.166666666667),
double3(0.627150000000,0.750000000000,0.228866666667),
double3(0.616450000000,0.805300000000,0.218333333333),
double3(0.663700000000,0.663700000000,0.228000000000),
double3(0.688850000000,0.601200000000,0.166666666667),
double3(0.750000000000,0.627150000000,0.228866666667),
double3(0.694700000000,0.616450000000,0.218333333333),
double3(0.836300000000,0.663700000000,0.228000000000),
double3(0.898800000000,0.688850000000,0.166666666667),
double3(0.872850000000,0.750000000000,0.228866666667),
double3(0.883550000000,0.694700000000,0.218333333333),
double3(0.836300000000,0.663700000000,0.105333333333),
double3(0.811150000000,0.601200000000,0.166666666667),
double3(0.750000000000,0.627150000000,0.104466666667),
double3(0.805300000000,0.616450000000,0.115000000000),
double3(0.836300000000,0.836300000000,0.105333333333),
double3(0.898800000000,0.811150000000,0.166666666667),
double3(0.872850000000,0.750000000000,0.104466666667),
double3(0.883550000000,0.805300000000,0.115000000000),
double3(0.663700000000,0.836300000000,0.105333333333),
double3(0.688850000000,0.898800000000,0.166666666667),
double3(0.750000000000,0.872850000000,0.104466666667),
double3(0.694700000000,0.883550000000,0.115000000000),
double3(0.663700000000,0.663700000000,0.105333333333),
double3(0.601200000000,0.688850000000,0.166666666667),
double3(0.627150000000,0.750000000000,0.104466666667),
double3(0.616450000000,0.694700000000,0.115000000000),
double3(0.694700000000,0.616450000000,0.115000000000),
double3(0.883550000000,0.694700000000,0.115000000000),
double3(0.805300000000,0.883550000000,0.115000000000),
double3(0.616450000000,0.805300000000,0.115000000000),
double3(0.694700000000,0.883550000000,0.218333333333),
double3(0.616450000000,0.694700000000,0.218333333333),
double3(0.805300000000,0.616450000000,0.218333333333),
double3(0.883550000000,0.805300000000,0.218333333333),
double3(0.586300000000,0.586300000000,0.394666666667),
double3(0.561150000000,0.648800000000,0.333333333333),
double3(0.500000000000,0.622850000000,0.395533333333),
double3(0.573750000000,0.676250000000,0.416666666667),
double3(0.555300000000,0.633550000000,0.385000000000),
double3(0.913700000000,0.586300000000,0.394666666667),
double3(0.851200000000,0.561150000000,0.333333333333),
double3(0.877150000000,0.500000000000,0.395533333333),
double3(0.823750000000,0.573750000000,0.416666666667),
double3(0.866450000000,0.555300000000,0.385000000000),
double3(0.913700000000,0.913700000000,0.394666666667),
double3(0.938850000000,0.851200000000,0.333333333333),
double3(0.500000000000,0.877150000000,0.395533333333),
double3(0.926250000000,0.823750000000,0.416666666667),
double3(0.944700000000,0.866450000000,0.385000000000),
double3(0.586300000000,0.913700000000,0.394666666667),
double3(0.648800000000,0.938850000000,0.333333333333),
double3(0.622850000000,0.500000000000,0.395533333333),
double3(0.676250000000,0.926250000000,0.416666666667),
double3(0.633550000000,0.944700000000,0.385000000000),
double3(0.586300000000,0.913700000000,0.605333333333),
double3(0.561150000000,0.851200000000,0.333333333333),
double3(0.500000000000,0.877150000000,0.604466666667),
double3(0.573750000000,0.823750000000,0.583333333333),
double3(0.555300000000,0.866450000000,0.615000000000),
double3(0.586300000000,0.586300000000,0.605333333333),
double3(0.648800000000,0.561150000000,0.333333333333),
double3(0.622850000000,0.500000000000,0.604466666667),
double3(0.676250000000,0.573750000000,0.583333333333),
double3(0.633550000000,0.555300000000,0.615000000000),
double3(0.913700000000,0.586300000000,0.605333333333),
double3(0.938850000000,0.648800000000,0.333333333333),
double3(0.500000000000,0.622850000000,0.604466666667),
double3(0.926250000000,0.676250000000,0.583333333333),
double3(0.944700000000,0.633550000000,0.615000000000),
double3(0.913700000000,0.913700000000,0.605333333333),
double3(0.851200000000,0.938850000000,0.333333333333),
double3(0.877150000000,0.500000000000,0.604466666667),
double3(0.823750000000,0.926250000000,0.583333333333),
double3(0.866450000000,0.944700000000,0.615000000000),
double3(0.926250000000,0.823750000000,0.583333333333),
double3(0.944700000000,0.866450000000,0.615000000000),
double3(0.676250000000,0.926250000000,0.583333333333),
double3(0.633550000000,0.944700000000,0.615000000000),
double3(0.573750000000,0.676250000000,0.583333333333),
double3(0.555300000000,0.633550000000,0.615000000000),
double3(0.823750000000,0.573750000000,0.583333333333),
double3(0.866450000000,0.555300000000,0.615000000000),
double3(0.926250000000,0.676250000000,0.416666666667),
double3(0.944700000000,0.633550000000,0.385000000000),
double3(0.823750000000,0.926250000000,0.416666666667),
double3(0.866450000000,0.944700000000,0.385000000000),
double3(0.573750000000,0.823750000000,0.416666666667),
double3(0.555300000000,0.866450000000,0.385000000000),
double3(0.676250000000,0.573750000000,0.416666666667),
double3(0.633550000000,0.555300000000,0.385000000000),
double3(0.836300000000,0.836300000000,0.561333333333),
double3(0.811150000000,0.898800000000,0.500000000000),
double3(0.750000000000,0.872850000000,0.562200000000),
double3(0.805300000000,0.883550000000,0.551666666667),
double3(0.663700000000,0.836300000000,0.561333333333),
double3(0.601200000000,0.811150000000,0.500000000000),
double3(0.627150000000,0.750000000000,0.562200000000),
double3(0.616450000000,0.805300000000,0.551666666667),
double3(0.663700000000,0.663700000000,0.561333333333),
double3(0.688850000000,0.601200000000,0.500000000000),
double3(0.750000000000,0.627150000000,0.562200000000),
double3(0.694700000000,0.616450000000,0.551666666667),
double3(0.836300000000,0.663700000000,0.561333333333),
double3(0.898800000000,0.688850000000,0.500000000000),
double3(0.872850000000,0.750000000000,0.562200000000),
double3(0.883550000000,0.694700000000,0.551666666667),
double3(0.836300000000,0.663700000000,0.438666666667),
double3(0.811150000000,0.601200000000,0.500000000000),
double3(0.750000000000,0.627150000000,0.437800000000),
double3(0.805300000000,0.616450000000,0.448333333333),
double3(0.836300000000,0.836300000000,0.438666666667),
double3(0.898800000000,0.811150000000,0.500000000000),
double3(0.872850000000,0.750000000000,0.437800000000),
double3(0.883550000000,0.805300000000,0.448333333333),
double3(0.663700000000,0.836300000000,0.438666666667),
double3(0.688850000000,0.898800000000,0.500000000000),
double3(0.750000000000,0.872850000000,0.437800000000),
double3(0.694700000000,0.883550000000,0.448333333333),
double3(0.663700000000,0.663700000000,0.438666666667),
double3(0.601200000000,0.688850000000,0.500000000000),
double3(0.627150000000,0.750000000000,0.437800000000),
double3(0.616450000000,0.694700000000,0.448333333333),
double3(0.694700000000,0.616450000000,0.448333333333),
double3(0.883550000000,0.694700000000,0.448333333333),
double3(0.805300000000,0.883550000000,0.448333333333),
double3(0.616450000000,0.805300000000,0.448333333333),
double3(0.694700000000,0.883550000000,0.551666666667),
double3(0.616450000000,0.694700000000,0.551666666667),
double3(0.805300000000,0.616450000000,0.551666666667),
double3(0.883550000000,0.805300000000,0.551666666667),
double3(0.586300000000,0.586300000000,0.728000000000),
double3(0.561150000000,0.648800000000,0.666666666667),
double3(0.500000000000,0.622850000000,0.728866666667),
double3(0.573750000000,0.676250000000,0.750000000000),
double3(0.555300000000,0.633550000000,0.718333333333),
double3(0.913700000000,0.586300000000,0.728000000000),
double3(0.851200000000,0.561150000000,0.666666666667),
double3(0.877150000000,0.500000000000,0.728866666667),
double3(0.823750000000,0.573750000000,0.750000000000),
double3(0.866450000000,0.555300000000,0.718333333333),
double3(0.913700000000,0.913700000000,0.728000000000),
double3(0.938850000000,0.851200000000,0.666666666667),
double3(0.500000000000,0.877150000000,0.728866666667),
double3(0.926250000000,0.823750000000,0.750000000000),
double3(0.944700000000,0.866450000000,0.718333333333),
double3(0.586300000000,0.913700000000,0.728000000000),
double3(0.648800000000,0.938850000000,0.666666666667),
double3(0.622850000000,0.500000000000,0.728866666667),
double3(0.676250000000,0.926250000000,0.750000000000),
double3(0.633550000000,0.944700000000,0.718333333333),
double3(0.586300000000,0.913700000000,0.938666666667),
double3(0.561150000000,0.851200000000,0.666666666667),
double3(0.500000000000,0.877150000000,0.937800000000),
double3(0.573750000000,0.823750000000,0.916666666667),
double3(0.555300000000,0.866450000000,0.948333333333),
double3(0.586300000000,0.586300000000,0.938666666667),
double3(0.648800000000,0.561150000000,0.666666666667),
double3(0.622850000000,0.500000000000,0.937800000000),
double3(0.676250000000,0.573750000000,0.916666666667),
double3(0.633550000000,0.555300000000,0.948333333333),
double3(0.913700000000,0.586300000000,0.938666666667),
double3(0.938850000000,0.648800000000,0.666666666667),
double3(0.500000000000,0.622850000000,0.937800000000),
double3(0.926250000000,0.676250000000,0.916666666667),
double3(0.944700000000,0.633550000000,0.948333333333),
double3(0.913700000000,0.913700000000,0.938666666667),
double3(0.851200000000,0.938850000000,0.666666666667),
double3(0.877150000000,0.500000000000,0.937800000000),
double3(0.823750000000,0.926250000000,0.916666666667),
double3(0.866450000000,0.944700000000,0.948333333333),
double3(0.926250000000,0.823750000000,0.916666666667),
double3(0.944700000000,0.866450000000,0.948333333333),
double3(0.676250000000,0.926250000000,0.916666666667),
double3(0.633550000000,0.944700000000,0.948333333333),
double3(0.573750000000,0.676250000000,0.916666666667),
double3(0.555300000000,0.633550000000,0.948333333333),
double3(0.823750000000,0.573750000000,0.916666666667),
double3(0.866450000000,0.555300000000,0.948333333333),
double3(0.926250000000,0.676250000000,0.750000000000),
double3(0.944700000000,0.633550000000,0.718333333333),
double3(0.823750000000,0.926250000000,0.750000000000),
double3(0.866450000000,0.944700000000,0.718333333333),
double3(0.573750000000,0.823750000000,0.750000000000),
double3(0.555300000000,0.866450000000,0.718333333333),
double3(0.676250000000,0.573750000000,0.750000000000),
double3(0.633550000000,0.555300000000,0.718333333333),
double3(0.836300000000,0.836300000000,0.894666666667),
double3(0.811150000000,0.898800000000,0.833333333333),
double3(0.750000000000,0.872850000000,0.895533333333),
double3(0.805300000000,0.883550000000,0.885000000000),
double3(0.663700000000,0.836300000000,0.894666666667),
double3(0.601200000000,0.811150000000,0.833333333333),
double3(0.627150000000,0.750000000000,0.895533333333),
double3(0.616450000000,0.805300000000,0.885000000000),
double3(0.663700000000,0.663700000000,0.894666666667),
double3(0.688850000000,0.601200000000,0.833333333333),
double3(0.750000000000,0.627150000000,0.895533333333),
double3(0.694700000000,0.616450000000,0.885000000000),
double3(0.836300000000,0.663700000000,0.894666666667),
double3(0.898800000000,0.688850000000,0.833333333333),
double3(0.872850000000,0.750000000000,0.895533333333),
double3(0.883550000000,0.694700000000,0.885000000000),
double3(0.836300000000,0.663700000000,0.772000000000),
double3(0.811150000000,0.601200000000,0.833333333333),
double3(0.750000000000,0.627150000000,0.771133333333),
double3(0.805300000000,0.616450000000,0.781666666667),
double3(0.836300000000,0.836300000000,0.772000000000),
double3(0.898800000000,0.811150000000,0.833333333333),
double3(0.872850000000,0.750000000000,0.771133333333),
double3(0.883550000000,0.805300000000,0.781666666667),
double3(0.663700000000,0.836300000000,0.772000000000),
double3(0.688850000000,0.898800000000,0.833333333333),
double3(0.750000000000,0.872850000000,0.771133333333),
double3(0.694700000000,0.883550000000,0.781666666667),
double3(0.663700000000,0.663700000000,0.772000000000),
double3(0.601200000000,0.688850000000,0.833333333333),
double3(0.627150000000,0.750000000000,0.771133333333),
double3(0.616450000000,0.694700000000,0.781666666667),
double3(0.694700000000,0.616450000000,0.781666666667),
double3(0.883550000000,0.694700000000,0.781666666667),
double3(0.805300000000,0.883550000000,0.781666666667),
double3(0.616450000000,0.805300000000,0.781666666667),
double3(0.694700000000,0.883550000000,0.885000000000),
double3(0.616450000000,0.694700000000,0.885000000000),
double3(0.805300000000,0.616450000000,0.885000000000),
double3(0.883550000000,0.805300000000,0.885000000000),
