[double3(11.887000000000,0.000000000000,0.000000000000),double3(-5.943500000000,10.294443974786,0.000000000000),double3(0.000000000000,0.000000000000,29.915000000000)]

double3(0.304266666667,0.000000000000,0.000000000000),
double3(0.110933333333,0.190866666667,0.333700000000),
double3(0.040533333333,0.070966666667,0.972800000000),
double3(0.311466666667,0.021866666667,0.916700000000),
double3(0.299933333333,0.069366666667,0.976800000000),
double3(0.213400000000,0.106700000000,0.083300000000),
double3(0.125266666667,0.114866666667,0.966400000000),
double3(0.259900000000,0.105633333333,0.015400000000),
double3(0.258400000000,0.177000000000,0.034800000000),
double3(0.077033333333,0.108200000000,0.897100000000),
double3(0.197900000000,0.186466666667,0.985800000000),
double3(0.194566666667,0.138766666667,0.916700000000),
double3(0.230566666667,0.124933333333,0.033800000000),
double3(0.177266666667,0.137933333333,0.966700000000),
double3(0.099900000000,0.131400000000,0.850800000000),
double3(0.081066666667,0.112666666667,0.950600000000),
double3(0.322333333333,0.040700000000,0.966600000000),
double3(0.304266666667,0.304266666667,0.166666666667),
double3(0.253400000000,0.110933333333,0.500366666667),
double3(0.302900000000,0.040533333333,0.139466666667),
double3(0.289600000000,0.311466666667,0.083366666667),
double3(0.230566666667,0.299933333333,0.143466666667),
double3(0.106700000000,0.213400000000,0.249966666667),
double3(0.010400000000,0.125266666667,0.133066666667),
double3(0.154266666667,0.259900000000,0.182066666667),
double3(0.081400000000,0.258400000000,0.201466666667),
double3(0.302166666667,0.077033333333,0.063766666667),
double3(0.011433333333,0.197900000000,0.152466666667),
double3(0.055800000000,0.194566666667,0.083366666667),
double3(0.105633333333,0.230566666667,0.200466666667),
double3(0.039333333333,0.177266666667,0.133366666667),
double3(0.301833333333,0.099900000000,0.017466666667),
double3(0.301733333333,0.081066666667,0.117266666667),
double3(0.281633333333,0.322333333333,0.133266666667),
double3(0.000000000000,0.304266666667,0.333333333333),
double3(0.142466666667,0.253400000000,0.667033333333),
double3(0.262366666667,0.302900000000,0.306133333333),
double3(0.311466666667,0.289600000000,0.250033333333),
double3(0.263966666667,0.230566666667,0.310133333333),
double3(0.226633333333,0.106700000000,0.416633333333),
double3(0.218466666667,0.010400000000,0.299733333333),
double3(0.227700000000,0.154266666667,0.348733333333),
double3(0.156333333333,0.081400000000,0.368133333333),
double3(0.225133333333,0.302166666667,0.230433333333),
double3(0.146866666667,0.011433333333,0.319133333333),
double3(0.194566666667,0.055800000000,0.250033333333),
double3(0.208400000000,0.105633333333,0.367133333333),
double3(0.195400000000,0.039333333333,0.300033333333),
double3(0.201933333333,0.301833333333,0.184133333333),
double3(0.220666666667,0.301733333333,0.283933333333),
double3(0.292633333333,0.281633333333,0.299933333333),
double3(0.029066666667,0.000000000000,0.500000000000),
double3(0.222400000000,0.142466666667,0.833700000000),
double3(0.292800000000,0.262366666667,0.472800000000),
double3(0.021866666667,0.311466666667,0.416700000000),
double3(0.033400000000,0.263966666667,0.476800000000),
double3(0.119933333333,0.226633333333,0.583300000000),
double3(0.208066666667,0.218466666667,0.466400000000),
double3(0.073433333333,0.227700000000,0.515400000000),
double3(0.074933333333,0.156333333333,0.534800000000),
double3(0.256300000000,0.225133333333,0.397100000000),
double3(0.135433333333,0.146866666667,0.485800000000),
double3(0.138766666667,0.194566666667,0.416700000000),
double3(0.102766666667,0.208400000000,0.533800000000),
double3(0.156066666667,0.195400000000,0.466700000000),
double3(0.233433333333,0.201933333333,0.350800000000),
double3(0.252266666667,0.220666666667,0.450600000000),
double3(0.011000000000,0.292633333333,0.466600000000),
double3(0.029066666667,0.029066666667,0.666666666667),
double3(0.079933333333,0.222400000000,0.000366666667),
double3(0.030433333333,0.292800000000,0.639466666667),
double3(0.043733333333,0.021866666667,0.583366666667),
double3(0.102766666667,0.033400000000,0.643466666667),
double3(0.226633333333,0.119933333333,0.749966666667),
double3(0.322933333333,0.208066666667,0.633066666667),
double3(0.179066666667,0.073433333333,0.682066666667),
double3(0.251933333333,0.074933333333,0.701466666667),
double3(0.031166666667,0.256300000000,0.563766666667),
double3(0.321900000000,0.135433333333,0.652466666667),
double3(0.277533333333,0.138766666667,0.583366666667),
double3(0.227700000000,0.102766666667,0.700466666667),
double3(0.294000000000,0.156066666667,0.633366666667),
double3(0.031500000000,0.233433333333,0.517466666667),
double3(0.031600000000,0.252266666667,0.617266666667),
double3(0.051700000000,0.011000000000,0.633266666667),
double3(0.000000000000,0.029066666667,0.833333333333),
double3(0.190866666667,0.079933333333,0.167033333333),
double3(0.070966666667,0.030433333333,0.806133333333),
double3(0.021866666667,0.043733333333,0.750033333333),
double3(0.069366666667,0.102766666667,0.810133333333),
double3(0.106700000000,0.226633333333,0.916633333333),
double3(0.114866666667,0.322933333333,0.799733333333),
double3(0.105633333333,0.179066666667,0.848733333333),
double3(0.177000000000,0.251933333333,0.868133333333),
double3(0.108200000000,0.031166666667,0.730433333333),
double3(0.186466666667,0.321900000000,0.819133333333),
double3(0.138766666667,0.277533333333,0.750033333333),
double3(0.124933333333,0.227700000000,0.867133333333),
double3(0.137933333333,0.294000000000,0.800033333333),
double3(0.131400000000,0.031500000000,0.684133333333),
double3(0.112666666667,0.031600000000,0.783933333333),
double3(0.040700000000,0.051700000000,0.799933333333),
double3(0.142466666667,0.222400000000,0.499633333333),
double3(0.262366666667,0.292800000000,0.860533333333),
double3(0.263966666667,0.033400000000,0.856533333333),
double3(0.218466666667,0.208066666667,0.866933333333),
double3(0.227700000000,0.073433333333,0.817933333333),
double3(0.156333333333,0.074933333333,0.798533333333),
double3(0.225133333333,0.256300000000,0.936233333333),
double3(0.146866666667,0.135433333333,0.847533333333),
double3(0.208400000000,0.102766666667,0.799533333333),
double3(0.195400000000,0.156066666667,0.866633333333),
double3(0.201933333333,0.233433333333,0.982533333333),
double3(0.220666666667,0.252266666667,0.882733333333),
double3(0.292633333333,0.011000000000,0.866733333333),
double3(0.253400000000,0.142466666667,0.666300000000),
double3(0.302900000000,0.262366666667,0.027200000000),
double3(0.230566666667,0.263966666667,0.023200000000),
double3(0.010400000000,0.218466666667,0.033600000000),
double3(0.154266666667,0.227700000000,0.984600000000),
double3(0.081400000000,0.156333333333,0.965200000000),
double3(0.302166666667,0.225133333333,0.102900000000),
double3(0.011433333333,0.146866666667,0.014200000000),
double3(0.105633333333,0.208400000000,0.966200000000),
double3(0.039333333333,0.195400000000,0.033300000000),
double3(0.301833333333,0.201933333333,0.149200000000),
double3(0.301733333333,0.220666666667,0.049400000000),
double3(0.281633333333,0.292633333333,0.033400000000),
double3(0.110933333333,0.253400000000,0.832966666667),
double3(0.040533333333,0.302900000000,0.193866666667),
double3(0.299933333333,0.230566666667,0.189866666667),
double3(0.125266666667,0.010400000000,0.200266666667),
double3(0.259900000000,0.154266666667,0.151266666667),
double3(0.258400000000,0.081400000000,0.131866666667),
double3(0.077033333333,0.302166666667,0.269566666667),
double3(0.197900000000,0.011433333333,0.180866666667),
double3(0.230566666667,0.105633333333,0.132866666667),
double3(0.177266666667,0.039333333333,0.199966666667),
double3(0.099900000000,0.301833333333,0.315866666667),
double3(0.081066666667,0.301733333333,0.216066666667),
double3(0.322333333333,0.281633333333,0.200066666667),
double3(0.190866666667,0.110933333333,0.999633333333),
double3(0.070966666667,0.040533333333,0.360533333333),
double3(0.069366666667,0.299933333333,0.356533333333),
double3(0.114866666667,0.125266666667,0.366933333333),
double3(0.105633333333,0.259900000000,0.317933333333),
double3(0.177000000000,0.258400000000,0.298533333333),
double3(0.108200000000,0.077033333333,0.436233333333),
double3(0.186466666667,0.197900000000,0.347533333333),
double3(0.124933333333,0.230566666667,0.299533333333),
double3(0.137933333333,0.177266666667,0.366633333333),
double3(0.131400000000,0.099900000000,0.482533333333),
double3(0.112666666667,0.081066666667,0.382733333333),
double3(0.040700000000,0.322333333333,0.366733333333),
double3(0.079933333333,0.190866666667,0.166300000000),
double3(0.030433333333,0.070966666667,0.527200000000),
double3(0.102766666667,0.069366666667,0.523200000000),
double3(0.322933333333,0.114866666667,0.533600000000),
double3(0.179066666667,0.105633333333,0.484600000000),
double3(0.251933333333,0.177000000000,0.465200000000),
double3(0.031166666667,0.108200000000,0.602900000000),
double3(0.321900000000,0.186466666667,0.514200000000),
double3(0.227700000000,0.124933333333,0.466200000000),
double3(0.294000000000,0.137933333333,0.533300000000),
double3(0.031500000000,0.131400000000,0.649200000000),
double3(0.031600000000,0.112666666667,0.549400000000),
double3(0.051700000000,0.040700000000,0.533400000000),
double3(0.222400000000,0.079933333333,0.332966666667),
double3(0.292800000000,0.030433333333,0.693866666667),
double3(0.033400000000,0.102766666667,0.689866666667),
double3(0.208066666667,0.322933333333,0.700266666667),
double3(0.073433333333,0.179066666667,0.651266666667),
double3(0.074933333333,0.251933333333,0.631866666667),
double3(0.256300000000,0.031166666667,0.769566666667),
double3(0.135433333333,0.321900000000,0.680866666667),
double3(0.102766666667,0.227700000000,0.632866666667),
double3(0.156066666667,0.294000000000,0.699966666667),
double3(0.233433333333,0.031500000000,0.815866666667),
double3(0.252266666667,0.031600000000,0.716066666667),
double3(0.011000000000,0.051700000000,0.700066666667),
double3(0.304266666667,0.333333333333,0.000000000000),
double3(0.110933333333,0.524200000000,0.333700000000),
double3(0.040533333333,0.404300000000,0.972800000000),
double3(0.311466666667,0.355200000000,0.916700000000),
double3(0.299933333333,0.402700000000,0.976800000000),
double3(0.213400000000,0.440033333333,0.083300000000),
double3(0.125266666667,0.448200000000,0.966400000000),
double3(0.259900000000,0.438966666667,0.015400000000),
double3(0.258400000000,0.510333333333,0.034800000000),
double3(0.077033333333,0.441533333333,0.897100000000),
double3(0.197900000000,0.519800000000,0.985800000000),
double3(0.194566666667,0.472100000000,0.916700000000),
double3(0.230566666667,0.458266666667,0.033800000000),
double3(0.177266666667,0.471266666667,0.966700000000),
double3(0.099900000000,0.464733333333,0.850800000000),
double3(0.081066666667,0.446000000000,0.950600000000),
double3(0.322333333333,0.374033333333,0.966600000000),
double3(0.304266666667,0.637600000000,0.166666666667),
double3(0.253400000000,0.444266666667,0.500366666667),
double3(0.302900000000,0.373866666667,0.139466666667),
double3(0.289600000000,0.644800000000,0.083366666667),
double3(0.230566666667,0.633266666667,0.143466666667),
double3(0.106700000000,0.546733333333,0.249966666667),
double3(0.010400000000,0.458600000000,0.133066666667),
double3(0.154266666667,0.593233333333,0.182066666667),
double3(0.081400000000,0.591733333333,0.201466666667),
double3(0.302166666667,0.410366666667,0.063766666667),
double3(0.011433333333,0.531233333333,0.152466666667),
double3(0.055800000000,0.527900000000,0.083366666667),
double3(0.105633333333,0.563900000000,0.200466666667),
double3(0.039333333333,0.510600000000,0.133366666667),
double3(0.301833333333,0.433233333333,0.017466666667),
double3(0.301733333333,0.414400000000,0.117266666667),
double3(0.281633333333,0.655666666667,0.133266666667),
double3(0.000000000000,0.637600000000,0.333333333333),
double3(0.142466666667,0.586733333333,0.667033333333),
double3(0.262366666667,0.636233333333,0.306133333333),
double3(0.311466666667,0.622933333333,0.250033333333),
double3(0.263966666667,0.563900000000,0.310133333333),
double3(0.226633333333,0.440033333333,0.416633333333),
double3(0.218466666667,0.343733333333,0.299733333333),
double3(0.227700000000,0.487600000000,0.348733333333),
double3(0.156333333333,0.414733333333,0.368133333333),
double3(0.225133333333,0.635500000000,0.230433333333),
double3(0.146866666667,0.344766666667,0.319133333333),
double3(0.194566666667,0.389133333333,0.250033333333),
double3(0.208400000000,0.438966666667,0.367133333333),
double3(0.195400000000,0.372666666667,0.300033333333),
double3(0.201933333333,0.635166666667,0.184133333333),
double3(0.220666666667,0.635066666667,0.283933333333),
double3(0.292633333333,0.614966666667,0.299933333333),
double3(0.029066666667,0.333333333333,0.500000000000),
double3(0.222400000000,0.475800000000,0.833700000000),
double3(0.292800000000,0.595700000000,0.472800000000),
double3(0.021866666667,0.644800000000,0.416700000000),
double3(0.033400000000,0.597300000000,0.476800000000),
double3(0.119933333333,0.559966666667,0.583300000000),
double3(0.208066666667,0.551800000000,0.466400000000),
double3(0.073433333333,0.561033333333,0.515400000000),
double3(0.074933333333,0.489666666667,0.534800000000),
double3(0.256300000000,0.558466666667,0.397100000000),
double3(0.135433333333,0.480200000000,0.485800000000),
double3(0.138766666667,0.527900000000,0.416700000000),
double3(0.102766666667,0.541733333333,0.533800000000),
double3(0.156066666667,0.528733333333,0.466700000000),
double3(0.233433333333,0.535266666667,0.350800000000),
double3(0.252266666667,0.554000000000,0.450600000000),
double3(0.011000000000,0.625966666667,0.466600000000),
double3(0.029066666667,0.362400000000,0.666666666667),
double3(0.079933333333,0.555733333333,0.000366666667),
double3(0.030433333333,0.626133333333,0.639466666667),
double3(0.043733333333,0.355200000000,0.583366666667),
double3(0.102766666667,0.366733333333,0.643466666667),
double3(0.226633333333,0.453266666667,0.749966666667),
double3(0.322933333333,0.541400000000,0.633066666667),
double3(0.179066666667,0.406766666667,0.682066666667),
double3(0.251933333333,0.408266666667,0.701466666667),
double3(0.031166666667,0.589633333333,0.563766666667),
double3(0.321900000000,0.468766666667,0.652466666667),
double3(0.277533333333,0.472100000000,0.583366666667),
double3(0.227700000000,0.436100000000,0.700466666667),
double3(0.294000000000,0.489400000000,0.633366666667),
double3(0.031500000000,0.566766666667,0.517466666667),
double3(0.031600000000,0.585600000000,0.617266666667),
double3(0.051700000000,0.344333333333,0.633266666667),
double3(0.000000000000,0.362400000000,0.833333333333),
double3(0.190866666667,0.413266666667,0.167033333333),
double3(0.070966666667,0.363766666667,0.806133333333),
double3(0.021866666667,0.377066666667,0.750033333333),
double3(0.069366666667,0.436100000000,0.810133333333),
double3(0.106700000000,0.559966666667,0.916633333333),
double3(0.114866666667,0.656266666667,0.799733333333),
double3(0.105633333333,0.512400000000,0.848733333333),
double3(0.177000000000,0.585266666667,0.868133333333),
double3(0.108200000000,0.364500000000,0.730433333333),
double3(0.186466666667,0.655233333333,0.819133333333),
double3(0.138766666667,0.610866666667,0.750033333333),
double3(0.124933333333,0.561033333333,0.867133333333),
double3(0.137933333333,0.627333333333,0.800033333333),
double3(0.131400000000,0.364833333333,0.684133333333),
double3(0.112666666667,0.364933333333,0.783933333333),
double3(0.040700000000,0.385033333333,0.799933333333),
double3(0.142466666667,0.555733333333,0.499633333333),
double3(0.262366666667,0.626133333333,0.860533333333),
double3(0.263966666667,0.366733333333,0.856533333333),
double3(0.218466666667,0.541400000000,0.866933333333),
double3(0.227700000000,0.406766666667,0.817933333333),
double3(0.156333333333,0.408266666667,0.798533333333),
double3(0.225133333333,0.589633333333,0.936233333333),
double3(0.146866666667,0.468766666667,0.847533333333),
double3(0.208400000000,0.436100000000,0.799533333333),
double3(0.195400000000,0.489400000000,0.866633333333),
double3(0.201933333333,0.566766666667,0.982533333333),
double3(0.220666666667,0.585600000000,0.882733333333),
double3(0.292633333333,0.344333333333,0.866733333333),
double3(0.253400000000,0.475800000000,0.666300000000),
double3(0.302900000000,0.595700000000,0.027200000000),
double3(0.230566666667,0.597300000000,0.023200000000),
double3(0.010400000000,0.551800000000,0.033600000000),
double3(0.154266666667,0.561033333333,0.984600000000),
double3(0.081400000000,0.489666666667,0.965200000000),
double3(0.302166666667,0.558466666667,0.102900000000),
double3(0.011433333333,0.480200000000,0.014200000000),
double3(0.105633333333,0.541733333333,0.966200000000),
double3(0.039333333333,0.528733333333,0.033300000000),
double3(0.301833333333,0.535266666667,0.149200000000),
double3(0.301733333333,0.554000000000,0.049400000000),
double3(0.281633333333,0.625966666667,0.033400000000),
double3(0.110933333333,0.586733333333,0.832966666667),
double3(0.040533333333,0.636233333333,0.193866666667),
double3(0.299933333333,0.563900000000,0.189866666667),
double3(0.125266666667,0.343733333333,0.200266666667),
double3(0.259900000000,0.487600000000,0.151266666667),
double3(0.258400000000,0.414733333333,0.131866666667),
double3(0.077033333333,0.635500000000,0.269566666667),
double3(0.197900000000,0.344766666667,0.180866666667),
double3(0.230566666667,0.438966666667,0.132866666667),
double3(0.177266666667,0.372666666667,0.199966666667),
double3(0.099900000000,0.635166666667,0.315866666667),
double3(0.081066666667,0.635066666667,0.216066666667),
double3(0.322333333333,0.614966666667,0.200066666667),
double3(0.190866666667,0.444266666667,0.999633333333),
double3(0.070966666667,0.373866666667,0.360533333333),
double3(0.069366666667,0.633266666667,0.356533333333),
double3(0.114866666667,0.458600000000,0.366933333333),
double3(0.105633333333,0.593233333333,0.317933333333),
double3(0.177000000000,0.591733333333,0.298533333333),
double3(0.108200000000,0.410366666667,0.436233333333),
double3(0.186466666667,0.531233333333,0.347533333333),
double3(0.124933333333,0.563900000000,0.299533333333),
double3(0.137933333333,0.510600000000,0.366633333333),
double3(0.131400000000,0.433233333333,0.482533333333),
double3(0.112666666667,0.414400000000,0.382733333333),
double3(0.040700000000,0.655666666667,0.366733333333),
double3(0.079933333333,0.524200000000,0.166300000000),
double3(0.030433333333,0.404300000000,0.527200000000),
double3(0.102766666667,0.402700000000,0.523200000000),
double3(0.322933333333,0.448200000000,0.533600000000),
double3(0.179066666667,0.438966666667,0.484600000000),
double3(0.251933333333,0.510333333333,0.465200000000),
double3(0.031166666667,0.441533333333,0.602900000000),
double3(0.321900000000,0.519800000000,0.514200000000),
double3(0.227700000000,0.458266666667,0.466200000000),
double3(0.294000000000,0.471266666667,0.533300000000),
double3(0.031500000000,0.464733333333,0.649200000000),
double3(0.031600000000,0.446000000000,0.549400000000),
double3(0.051700000000,0.374033333333,0.533400000000),
double3(0.222400000000,0.413266666667,0.332966666667),
double3(0.292800000000,0.363766666667,0.693866666667),
double3(0.033400000000,0.436100000000,0.689866666667),
double3(0.208066666667,0.656266666667,0.700266666667),
double3(0.073433333333,0.512400000000,0.651266666667),
double3(0.074933333333,0.585266666667,0.631866666667),
double3(0.256300000000,0.364500000000,0.769566666667),
double3(0.135433333333,0.655233333333,0.680866666667),
double3(0.102766666667,0.561033333333,0.632866666667),
double3(0.156066666667,0.627333333333,0.699966666667),
double3(0.233433333333,0.364833333333,0.815866666667),
double3(0.252266666667,0.364933333333,0.716066666667),
double3(0.011000000000,0.385033333333,0.700066666667),
double3(0.304266666667,0.666666666667,0.000000000000),
double3(0.110933333333,0.857533333333,0.333700000000),
double3(0.040533333333,0.737633333333,0.972800000000),
double3(0.311466666667,0.688533333333,0.916700000000),
double3(0.299933333333,0.736033333333,0.976800000000),
double3(0.213400000000,0.773366666667,0.083300000000),
double3(0.125266666667,0.781533333333,0.966400000000),
double3(0.259900000000,0.772300000000,0.015400000000),
double3(0.258400000000,0.843666666667,0.034800000000),
double3(0.077033333333,0.774866666667,0.897100000000),
double3(0.197900000000,0.853133333333,0.985800000000),
double3(0.194566666667,0.805433333333,0.916700000000),
double3(0.230566666667,0.791600000000,0.033800000000),
double3(0.177266666667,0.804600000000,0.966700000000),
double3(0.099900000000,0.798066666667,0.850800000000),
double3(0.081066666667,0.779333333333,0.950600000000),
double3(0.322333333333,0.707366666667,0.966600000000),
double3(0.304266666667,0.970933333333,0.166666666667),
double3(0.253400000000,0.777600000000,0.500366666667),
double3(0.302900000000,0.707200000000,0.139466666667),
double3(0.289600000000,0.978133333333,0.083366666667),
double3(0.230566666667,0.966600000000,0.143466666667),
double3(0.106700000000,0.880066666667,0.249966666667),
double3(0.010400000000,0.791933333333,0.133066666667),
double3(0.154266666667,0.926566666667,0.182066666667),
double3(0.081400000000,0.925066666667,0.201466666667),
double3(0.302166666667,0.743700000000,0.063766666667),
double3(0.011433333333,0.864566666667,0.152466666667),
double3(0.055800000000,0.861233333333,0.083366666667),
double3(0.105633333333,0.897233333333,0.200466666667),
double3(0.039333333333,0.843933333333,0.133366666667),
double3(0.301833333333,0.766566666667,0.017466666667),
double3(0.301733333333,0.747733333333,0.117266666667),
double3(0.281633333333,0.989000000000,0.133266666667),
double3(0.000000000000,0.970933333333,0.333333333333),
double3(0.142466666667,0.920066666667,0.667033333333),
double3(0.262366666667,0.969566666667,0.306133333333),
double3(0.311466666667,0.956266666667,0.250033333333),
double3(0.263966666667,0.897233333333,0.310133333333),
double3(0.226633333333,0.773366666667,0.416633333333),
double3(0.218466666667,0.677066666667,0.299733333333),
double3(0.227700000000,0.820933333333,0.348733333333),
double3(0.156333333333,0.748066666667,0.368133333333),
double3(0.225133333333,0.968833333333,0.230433333333),
double3(0.146866666667,0.678100000000,0.319133333333),
double3(0.194566666667,0.722466666667,0.250033333333),
double3(0.208400000000,0.772300000000,0.367133333333),
double3(0.195400000000,0.706000000000,0.300033333333),
double3(0.201933333333,0.968500000000,0.184133333333),
double3(0.220666666667,0.968400000000,0.283933333333),
double3(0.292633333333,0.948300000000,0.299933333333),
double3(0.029066666667,0.666666666667,0.500000000000),
double3(0.222400000000,0.809133333333,0.833700000000),
double3(0.292800000000,0.929033333333,0.472800000000),
double3(0.021866666667,0.978133333333,0.416700000000),
double3(0.033400000000,0.930633333333,0.476800000000),
double3(0.119933333333,0.893300000000,0.583300000000),
double3(0.208066666667,0.885133333333,0.466400000000),
double3(0.073433333333,0.894366666667,0.515400000000),
double3(0.074933333333,0.823000000000,0.534800000000),
double3(0.256300000000,0.891800000000,0.397100000000),
double3(0.135433333333,0.813533333333,0.485800000000),
double3(0.138766666667,0.861233333333,0.416700000000),
double3(0.102766666667,0.875066666667,0.533800000000),
double3(0.156066666667,0.862066666667,0.466700000000),
double3(0.233433333333,0.868600000000,0.350800000000),
double3(0.252266666667,0.887333333333,0.450600000000),
double3(0.011000000000,0.959300000000,0.466600000000),
double3(0.029066666667,0.695733333333,0.666666666667),
double3(0.079933333333,0.889066666667,0.000366666667),
double3(0.030433333333,0.959466666667,0.639466666667),
double3(0.043733333333,0.688533333333,0.583366666667),
double3(0.102766666667,0.700066666667,0.643466666667),
double3(0.226633333333,0.786600000000,0.749966666667),
double3(0.322933333333,0.874733333333,0.633066666667),
double3(0.179066666667,0.740100000000,0.682066666667),
double3(0.251933333333,0.741600000000,0.701466666667),
double3(0.031166666667,0.922966666667,0.563766666667),
double3(0.321900000000,0.802100000000,0.652466666667),
double3(0.277533333333,0.805433333333,0.583366666667),
double3(0.227700000000,0.769433333333,0.700466666667),
double3(0.294000000000,0.822733333333,0.633366666667),
double3(0.031500000000,0.900100000000,0.517466666667),
double3(0.031600000000,0.918933333333,0.617266666667),
double3(0.051700000000,0.677666666667,0.633266666667),
double3(0.000000000000,0.695733333333,0.833333333333),
double3(0.190866666667,0.746600000000,0.167033333333),
double3(0.070966666667,0.697100000000,0.806133333333),
double3(0.021866666667,0.710400000000,0.750033333333),
double3(0.069366666667,0.769433333333,0.810133333333),
double3(0.106700000000,0.893300000000,0.916633333333),
double3(0.114866666667,0.989600000000,0.799733333333),
double3(0.105633333333,0.845733333333,0.848733333333),
double3(0.177000000000,0.918600000000,0.868133333333),
double3(0.108200000000,0.697833333333,0.730433333333),
double3(0.186466666667,0.988566666667,0.819133333333),
double3(0.138766666667,0.944200000000,0.750033333333),
double3(0.124933333333,0.894366666667,0.867133333333),
double3(0.137933333333,0.960666666667,0.800033333333),
double3(0.131400000000,0.698166666667,0.684133333333),
double3(0.112666666667,0.698266666667,0.783933333333),
double3(0.040700000000,0.718366666667,0.799933333333),
double3(0.142466666667,0.889066666667,0.499633333333),
double3(0.262366666667,0.959466666667,0.860533333333),
double3(0.263966666667,0.700066666667,0.856533333333),
double3(0.218466666667,0.874733333333,0.866933333333),
double3(0.227700000000,0.740100000000,0.817933333333),
double3(0.156333333333,0.741600000000,0.798533333333),
double3(0.225133333333,0.922966666667,0.936233333333),
double3(0.146866666667,0.802100000000,0.847533333333),
double3(0.208400000000,0.769433333333,0.799533333333),
double3(0.195400000000,0.822733333333,0.866633333333),
double3(0.201933333333,0.900100000000,0.982533333333),
double3(0.220666666667,0.918933333333,0.882733333333),
double3(0.292633333333,0.677666666667,0.866733333333),
double3(0.253400000000,0.809133333333,0.666300000000),
double3(0.302900000000,0.929033333333,0.027200000000),
double3(0.230566666667,0.930633333333,0.023200000000),
double3(0.010400000000,0.885133333333,0.033600000000),
double3(0.154266666667,0.894366666667,0.984600000000),
double3(0.081400000000,0.823000000000,0.965200000000),
double3(0.302166666667,0.891800000000,0.102900000000),
double3(0.011433333333,0.813533333333,0.014200000000),
double3(0.105633333333,0.875066666667,0.966200000000),
double3(0.039333333333,0.862066666667,0.033300000000),
double3(0.301833333333,0.868600000000,0.149200000000),
double3(0.301733333333,0.887333333333,0.049400000000),
double3(0.281633333333,0.959300000000,0.033400000000),
double3(0.110933333333,0.920066666667,0.832966666667),
double3(0.040533333333,0.969566666667,0.193866666667),
double3(0.299933333333,0.897233333333,0.189866666667),
double3(0.125266666667,0.677066666667,0.200266666667),
double3(0.259900000000,0.820933333333,0.151266666667),
double3(0.258400000000,0.748066666667,0.131866666667),
double3(0.077033333333,0.968833333333,0.269566666667),
double3(0.197900000000,0.678100000000,0.180866666667),
double3(0.230566666667,0.772300000000,0.132866666667),
double3(0.177266666667,0.706000000000,0.199966666667),
double3(0.099900000000,0.968500000000,0.315866666667),
double3(0.081066666667,0.968400000000,0.216066666667),
double3(0.322333333333,0.948300000000,0.200066666667),
double3(0.190866666667,0.777600000000,0.999633333333),
double3(0.070966666667,0.707200000000,0.360533333333),
double3(0.069366666667,0.966600000000,0.356533333333),
double3(0.114866666667,0.791933333333,0.366933333333),
double3(0.105633333333,0.926566666667,0.317933333333),
double3(0.177000000000,0.925066666667,0.298533333333),
double3(0.108200000000,0.743700000000,0.436233333333),
double3(0.186466666667,0.864566666667,0.347533333333),
double3(0.124933333333,0.897233333333,0.299533333333),
double3(0.137933333333,0.843933333333,0.366633333333),
double3(0.131400000000,0.766566666667,0.482533333333),
double3(0.112666666667,0.747733333333,0.382733333333),
double3(0.040700000000,0.989000000000,0.366733333333),
double3(0.079933333333,0.857533333333,0.166300000000),
double3(0.030433333333,0.737633333333,0.527200000000),
double3(0.102766666667,0.736033333333,0.523200000000),
double3(0.322933333333,0.781533333333,0.533600000000),
double3(0.179066666667,0.772300000000,0.484600000000),
double3(0.251933333333,0.843666666667,0.465200000000),
double3(0.031166666667,0.774866666667,0.602900000000),
double3(0.321900000000,0.853133333333,0.514200000000),
double3(0.227700000000,0.791600000000,0.466200000000),
double3(0.294000000000,0.804600000000,0.533300000000),
double3(0.031500000000,0.798066666667,0.649200000000),
double3(0.031600000000,0.779333333333,0.549400000000),
double3(0.051700000000,0.707366666667,0.533400000000),
double3(0.222400000000,0.746600000000,0.332966666667),
double3(0.292800000000,0.697100000000,0.693866666667),
double3(0.033400000000,0.769433333333,0.689866666667),
double3(0.208066666667,0.989600000000,0.700266666667),
double3(0.073433333333,0.845733333333,0.651266666667),
double3(0.074933333333,0.918600000000,0.631866666667),
double3(0.256300000000,0.697833333333,0.769566666667),
double3(0.135433333333,0.988566666667,0.680866666667),
double3(0.102766666667,0.894366666667,0.632866666667),
double3(0.156066666667,0.960666666667,0.699966666667),
double3(0.233433333333,0.698166666667,0.815866666667),
double3(0.252266666667,0.698266666667,0.716066666667),
double3(0.011000000000,0.718366666667,0.700066666667),
double3(0.637600000000,0.000000000000,0.000000000000),
double3(0.444266666667,0.190866666667,0.333700000000),
double3(0.373866666667,0.070966666667,0.972800000000),
double3(0.644800000000,0.021866666667,0.916700000000),
double3(0.633266666667,0.069366666667,0.976800000000),
double3(0.546733333333,0.106700000000,0.083300000000),
double3(0.458600000000,0.114866666667,0.966400000000),
double3(0.593233333333,0.105633333333,0.015400000000),
double3(0.591733333333,0.177000000000,0.034800000000),
double3(0.410366666667,0.108200000000,0.897100000000),
double3(0.531233333333,0.186466666667,0.985800000000),
double3(0.527900000000,0.138766666667,0.916700000000),
double3(0.563900000000,0.124933333333,0.033800000000),
double3(0.510600000000,0.137933333333,0.966700000000),
double3(0.433233333333,0.131400000000,0.850800000000),
double3(0.414400000000,0.112666666667,0.950600000000),
double3(0.655666666667,0.040700000000,0.966600000000),
double3(0.637600000000,0.304266666667,0.166666666667),
double3(0.586733333333,0.110933333333,0.500366666667),
double3(0.636233333333,0.040533333333,0.139466666667),
double3(0.622933333333,0.311466666667,0.083366666667),
double3(0.563900000000,0.299933333333,0.143466666667),
double3(0.440033333333,0.213400000000,0.249966666667),
double3(0.343733333333,0.125266666667,0.133066666667),
double3(0.487600000000,0.259900000000,0.182066666667),
double3(0.414733333333,0.258400000000,0.201466666667),
double3(0.635500000000,0.077033333333,0.063766666667),
double3(0.344766666667,0.197900000000,0.152466666667),
double3(0.389133333333,0.194566666667,0.083366666667),
double3(0.438966666667,0.230566666667,0.200466666667),
double3(0.372666666667,0.177266666667,0.133366666667),
double3(0.635166666667,0.099900000000,0.017466666667),
double3(0.635066666667,0.081066666667,0.117266666667),
double3(0.614966666667,0.322333333333,0.133266666667),
double3(0.333333333333,0.304266666667,0.333333333333),
double3(0.475800000000,0.253400000000,0.667033333333),
double3(0.595700000000,0.302900000000,0.306133333333),
double3(0.644800000000,0.289600000000,0.250033333333),
double3(0.597300000000,0.230566666667,0.310133333333),
double3(0.559966666667,0.106700000000,0.416633333333),
double3(0.551800000000,0.010400000000,0.299733333333),
double3(0.561033333333,0.154266666667,0.348733333333),
double3(0.489666666667,0.081400000000,0.368133333333),
double3(0.558466666667,0.302166666667,0.230433333333),
double3(0.480200000000,0.011433333333,0.319133333333),
double3(0.527900000000,0.055800000000,0.250033333333),
double3(0.541733333333,0.105633333333,0.367133333333),
double3(0.528733333333,0.039333333333,0.300033333333),
double3(0.535266666667,0.301833333333,0.184133333333),
double3(0.554000000000,0.301733333333,0.283933333333),
double3(0.625966666667,0.281633333333,0.299933333333),
double3(0.362400000000,0.000000000000,0.500000000000),
double3(0.555733333333,0.142466666667,0.833700000000),
double3(0.626133333333,0.262366666667,0.472800000000),
double3(0.355200000000,0.311466666667,0.416700000000),
double3(0.366733333333,0.263966666667,0.476800000000),
double3(0.453266666667,0.226633333333,0.583300000000),
double3(0.541400000000,0.218466666667,0.466400000000),
double3(0.406766666667,0.227700000000,0.515400000000),
double3(0.408266666667,0.156333333333,0.534800000000),
double3(0.589633333333,0.225133333333,0.397100000000),
double3(0.468766666667,0.146866666667,0.485800000000),
double3(0.472100000000,0.194566666667,0.416700000000),
double3(0.436100000000,0.208400000000,0.533800000000),
double3(0.489400000000,0.195400000000,0.466700000000),
double3(0.566766666667,0.201933333333,0.350800000000),
double3(0.585600000000,0.220666666667,0.450600000000),
double3(0.344333333333,0.292633333333,0.466600000000),
double3(0.362400000000,0.029066666667,0.666666666667),
double3(0.413266666667,0.222400000000,0.000366666667),
double3(0.363766666667,0.292800000000,0.639466666667),
double3(0.377066666667,0.021866666667,0.583366666667),
double3(0.436100000000,0.033400000000,0.643466666667),
double3(0.559966666667,0.119933333333,0.749966666667),
double3(0.656266666667,0.208066666667,0.633066666667),
double3(0.512400000000,0.073433333333,0.682066666667),
double3(0.585266666667,0.074933333333,0.701466666667),
double3(0.364500000000,0.256300000000,0.563766666667),
double3(0.655233333333,0.135433333333,0.652466666667),
double3(0.610866666667,0.138766666667,0.583366666667),
double3(0.561033333333,0.102766666667,0.700466666667),
double3(0.627333333333,0.156066666667,0.633366666667),
double3(0.364833333333,0.233433333333,0.517466666667),
double3(0.364933333333,0.252266666667,0.617266666667),
double3(0.385033333333,0.011000000000,0.633266666667),
double3(0.333333333333,0.029066666667,0.833333333333),
double3(0.524200000000,0.079933333333,0.167033333333),
double3(0.404300000000,0.030433333333,0.806133333333),
double3(0.355200000000,0.043733333333,0.750033333333),
double3(0.402700000000,0.102766666667,0.810133333333),
double3(0.440033333333,0.226633333333,0.916633333333),
double3(0.448200000000,0.322933333333,0.799733333333),
double3(0.438966666667,0.179066666667,0.848733333333),
double3(0.510333333333,0.251933333333,0.868133333333),
double3(0.441533333333,0.031166666667,0.730433333333),
double3(0.519800000000,0.321900000000,0.819133333333),
double3(0.472100000000,0.277533333333,0.750033333333),
double3(0.458266666667,0.227700000000,0.867133333333),
double3(0.471266666667,0.294000000000,0.800033333333),
double3(0.464733333333,0.031500000000,0.684133333333),
double3(0.446000000000,0.031600000000,0.783933333333),
double3(0.374033333333,0.051700000000,0.799933333333),
double3(0.475800000000,0.222400000000,0.499633333333),
double3(0.595700000000,0.292800000000,0.860533333333),
double3(0.597300000000,0.033400000000,0.856533333333),
double3(0.551800000000,0.208066666667,0.866933333333),
double3(0.561033333333,0.073433333333,0.817933333333),
double3(0.489666666667,0.074933333333,0.798533333333),
double3(0.558466666667,0.256300000000,0.936233333333),
double3(0.480200000000,0.135433333333,0.847533333333),
double3(0.541733333333,0.102766666667,0.799533333333),
double3(0.528733333333,0.156066666667,0.866633333333),
double3(0.535266666667,0.233433333333,0.982533333333),
double3(0.554000000000,0.252266666667,0.882733333333),
double3(0.625966666667,0.011000000000,0.866733333333),
double3(0.586733333333,0.142466666667,0.666300000000),
double3(0.636233333333,0.262366666667,0.027200000000),
double3(0.563900000000,0.263966666667,0.023200000000),
double3(0.343733333333,0.218466666667,0.033600000000),
double3(0.487600000000,0.227700000000,0.984600000000),
double3(0.414733333333,0.156333333333,0.965200000000),
double3(0.635500000000,0.225133333333,0.102900000000),
double3(0.344766666667,0.146866666667,0.014200000000),
double3(0.438966666667,0.208400000000,0.966200000000),
double3(0.372666666667,0.195400000000,0.033300000000),
double3(0.635166666667,0.201933333333,0.149200000000),
double3(0.635066666667,0.220666666667,0.049400000000),
double3(0.614966666667,0.292633333333,0.033400000000),
double3(0.444266666667,0.253400000000,0.832966666667),
double3(0.373866666667,0.302900000000,0.193866666667),
double3(0.633266666667,0.230566666667,0.189866666667),
double3(0.458600000000,0.010400000000,0.200266666667),
double3(0.593233333333,0.154266666667,0.151266666667),
double3(0.591733333333,0.081400000000,0.131866666667),
double3(0.410366666667,0.302166666667,0.269566666667),
double3(0.531233333333,0.011433333333,0.180866666667),
double3(0.563900000000,0.105633333333,0.132866666667),
double3(0.510600000000,0.039333333333,0.199966666667),
double3(0.433233333333,0.301833333333,0.315866666667),
double3(0.414400000000,0.301733333333,0.216066666667),
double3(0.655666666667,0.281633333333,0.200066666667),
double3(0.524200000000,0.110933333333,0.999633333333),
double3(0.404300000000,0.040533333333,0.360533333333),
double3(0.402700000000,0.299933333333,0.356533333333),
double3(0.448200000000,0.125266666667,0.366933333333),
double3(0.438966666667,0.259900000000,0.317933333333),
double3(0.510333333333,0.258400000000,0.298533333333),
double3(0.441533333333,0.077033333333,0.436233333333),
double3(0.519800000000,0.197900000000,0.347533333333),
double3(0.458266666667,0.230566666667,0.299533333333),
double3(0.471266666667,0.177266666667,0.366633333333),
double3(0.464733333333,0.099900000000,0.482533333333),
double3(0.446000000000,0.081066666667,0.382733333333),
double3(0.374033333333,0.322333333333,0.366733333333),
double3(0.413266666667,0.190866666667,0.166300000000),
double3(0.363766666667,0.070966666667,0.527200000000),
double3(0.436100000000,0.069366666667,0.523200000000),
double3(0.656266666667,0.114866666667,0.533600000000),
double3(0.512400000000,0.105633333333,0.484600000000),
double3(0.585266666667,0.177000000000,0.465200000000),
double3(0.364500000000,0.108200000000,0.602900000000),
double3(0.655233333333,0.186466666667,0.514200000000),
double3(0.561033333333,0.124933333333,0.466200000000),
double3(0.627333333333,0.137933333333,0.533300000000),
double3(0.364833333333,0.131400000000,0.649200000000),
double3(0.364933333333,0.112666666667,0.549400000000),
double3(0.385033333333,0.040700000000,0.533400000000),
double3(0.555733333333,0.079933333333,0.332966666667),
double3(0.626133333333,0.030433333333,0.693866666667),
double3(0.366733333333,0.102766666667,0.689866666667),
double3(0.541400000000,0.322933333333,0.700266666667),
double3(0.406766666667,0.179066666667,0.651266666667),
double3(0.408266666667,0.251933333333,0.631866666667),
double3(0.589633333333,0.031166666667,0.769566666667),
double3(0.468766666667,0.321900000000,0.680866666667),
double3(0.436100000000,0.227700000000,0.632866666667),
double3(0.489400000000,0.294000000000,0.699966666667),
double3(0.566766666667,0.031500000000,0.815866666667),
double3(0.585600000000,0.031600000000,0.716066666667),
double3(0.344333333333,0.051700000000,0.700066666667),
double3(0.637600000000,0.333333333333,0.000000000000),
double3(0.444266666667,0.524200000000,0.333700000000),
double3(0.373866666667,0.404300000000,0.972800000000),
double3(0.644800000000,0.355200000000,0.916700000000),
double3(0.633266666667,0.402700000000,0.976800000000),
double3(0.546733333333,0.440033333333,0.083300000000),
double3(0.458600000000,0.448200000000,0.966400000000),
double3(0.593233333333,0.438966666667,0.015400000000),
double3(0.591733333333,0.510333333333,0.034800000000),
double3(0.410366666667,0.441533333333,0.897100000000),
double3(0.531233333333,0.519800000000,0.985800000000),
double3(0.527900000000,0.472100000000,0.916700000000),
double3(0.563900000000,0.458266666667,0.033800000000),
double3(0.510600000000,0.471266666667,0.966700000000),
double3(0.433233333333,0.464733333333,0.850800000000),
double3(0.414400000000,0.446000000000,0.950600000000),
double3(0.655666666667,0.374033333333,0.966600000000),
double3(0.637600000000,0.637600000000,0.166666666667),
double3(0.586733333333,0.444266666667,0.500366666667),
double3(0.636233333333,0.373866666667,0.139466666667),
double3(0.622933333333,0.644800000000,0.083366666667),
double3(0.563900000000,0.633266666667,0.143466666667),
double3(0.440033333333,0.546733333333,0.249966666667),
double3(0.343733333333,0.458600000000,0.133066666667),
double3(0.487600000000,0.593233333333,0.182066666667),
double3(0.414733333333,0.591733333333,0.201466666667),
double3(0.635500000000,0.410366666667,0.063766666667),
double3(0.344766666667,0.531233333333,0.152466666667),
double3(0.389133333333,0.527900000000,0.083366666667),
double3(0.438966666667,0.563900000000,0.200466666667),
double3(0.372666666667,0.510600000000,0.133366666667),
double3(0.635166666667,0.433233333333,0.017466666667),
double3(0.635066666667,0.414400000000,0.117266666667),
double3(0.614966666667,0.655666666667,0.133266666667),
double3(0.333333333333,0.637600000000,0.333333333333),
double3(0.475800000000,0.586733333333,0.667033333333),
double3(0.595700000000,0.636233333333,0.306133333333),
double3(0.644800000000,0.622933333333,0.250033333333),
double3(0.597300000000,0.563900000000,0.310133333333),
double3(0.559966666667,0.440033333333,0.416633333333),
double3(0.551800000000,0.343733333333,0.299733333333),
double3(0.561033333333,0.487600000000,0.348733333333),
double3(0.489666666667,0.414733333333,0.368133333333),
double3(0.558466666667,0.635500000000,0.230433333333),
double3(0.480200000000,0.344766666667,0.319133333333),
double3(0.527900000000,0.389133333333,0.250033333333),
double3(0.541733333333,0.438966666667,0.367133333333),
double3(0.528733333333,0.372666666667,0.300033333333),
double3(0.535266666667,0.635166666667,0.184133333333),
double3(0.554000000000,0.635066666667,0.283933333333),
double3(0.625966666667,0.614966666667,0.299933333333),
double3(0.362400000000,0.333333333333,0.500000000000),
double3(0.555733333333,0.475800000000,0.833700000000),
double3(0.626133333333,0.595700000000,0.472800000000),
double3(0.355200000000,0.644800000000,0.416700000000),
double3(0.366733333333,0.597300000000,0.476800000000),
double3(0.453266666667,0.559966666667,0.583300000000),
double3(0.541400000000,0.551800000000,0.466400000000),
double3(0.406766666667,0.561033333333,0.515400000000),
double3(0.408266666667,0.489666666667,0.534800000000),
double3(0.589633333333,0.558466666667,0.397100000000),
double3(0.468766666667,0.480200000000,0.485800000000),
double3(0.472100000000,0.527900000000,0.416700000000),
double3(0.436100000000,0.541733333333,0.533800000000),
double3(0.489400000000,0.528733333333,0.466700000000),
double3(0.566766666667,0.535266666667,0.350800000000),
double3(0.585600000000,0.554000000000,0.450600000000),
double3(0.344333333333,0.625966666667,0.466600000000),
double3(0.362400000000,0.362400000000,0.666666666667),
double3(0.413266666667,0.555733333333,0.000366666667),
double3(0.363766666667,0.626133333333,0.639466666667),
double3(0.377066666667,0.355200000000,0.583366666667),
double3(0.436100000000,0.366733333333,0.643466666667),
double3(0.559966666667,0.453266666667,0.749966666667),
double3(0.656266666667,0.541400000000,0.633066666667),
double3(0.512400000000,0.406766666667,0.682066666667),
double3(0.585266666667,0.408266666667,0.701466666667),
double3(0.364500000000,0.589633333333,0.563766666667),
double3(0.655233333333,0.468766666667,0.652466666667),
double3(0.610866666667,0.472100000000,0.583366666667),
double3(0.561033333333,0.436100000000,0.700466666667),
double3(0.627333333333,0.489400000000,0.633366666667),
double3(0.364833333333,0.566766666667,0.517466666667),
double3(0.364933333333,0.585600000000,0.617266666667),
double3(0.385033333333,0.344333333333,0.633266666667),
double3(0.333333333333,0.362400000000,0.833333333333),
double3(0.524200000000,0.413266666667,0.167033333333),
double3(0.404300000000,0.363766666667,0.806133333333),
double3(0.355200000000,0.377066666667,0.750033333333),
double3(0.402700000000,0.436100000000,0.810133333333),
double3(0.440033333333,0.559966666667,0.916633333333),
double3(0.448200000000,0.656266666667,0.799733333333),
double3(0.438966666667,0.512400000000,0.848733333333),
double3(0.510333333333,0.585266666667,0.868133333333),
double3(0.441533333333,0.364500000000,0.730433333333),
double3(0.519800000000,0.655233333333,0.819133333333),
double3(0.472100000000,0.610866666667,0.750033333333),
double3(0.458266666667,0.561033333333,0.867133333333),
double3(0.471266666667,0.627333333333,0.800033333333),
double3(0.464733333333,0.364833333333,0.684133333333),
double3(0.446000000000,0.364933333333,0.783933333333),
double3(0.374033333333,0.385033333333,0.799933333333),
double3(0.475800000000,0.555733333333,0.499633333333),
double3(0.595700000000,0.626133333333,0.860533333333),
double3(0.597300000000,0.366733333333,0.856533333333),
double3(0.551800000000,0.541400000000,0.866933333333),
double3(0.561033333333,0.406766666667,0.817933333333),
double3(0.489666666667,0.408266666667,0.798533333333),
double3(0.558466666667,0.589633333333,0.936233333333),
double3(0.480200000000,0.468766666667,0.847533333333),
double3(0.541733333333,0.436100000000,0.799533333333),
double3(0.528733333333,0.489400000000,0.866633333333),
double3(0.535266666667,0.566766666667,0.982533333333),
double3(0.554000000000,0.585600000000,0.882733333333),
double3(0.625966666667,0.344333333333,0.866733333333),
double3(0.586733333333,0.475800000000,0.666300000000),
double3(0.636233333333,0.595700000000,0.027200000000),
double3(0.563900000000,0.597300000000,0.023200000000),
double3(0.343733333333,0.551800000000,0.033600000000),
double3(0.487600000000,0.561033333333,0.984600000000),
double3(0.414733333333,0.489666666667,0.965200000000),
double3(0.635500000000,0.558466666667,0.102900000000),
double3(0.344766666667,0.480200000000,0.014200000000),
double3(0.438966666667,0.541733333333,0.966200000000),
double3(0.372666666667,0.528733333333,0.033300000000),
double3(0.635166666667,0.535266666667,0.149200000000),
double3(0.635066666667,0.554000000000,0.049400000000),
double3(0.614966666667,0.625966666667,0.033400000000),
double3(0.444266666667,0.586733333333,0.832966666667),
double3(0.373866666667,0.636233333333,0.193866666667),
double3(0.633266666667,0.563900000000,0.189866666667),
double3(0.458600000000,0.343733333333,0.200266666667),
double3(0.593233333333,0.487600000000,0.151266666667),
double3(0.591733333333,0.414733333333,0.131866666667),
double3(0.410366666667,0.635500000000,0.269566666667),
double3(0.531233333333,0.344766666667,0.180866666667),
double3(0.563900000000,0.438966666667,0.132866666667),
double3(0.510600000000,0.372666666667,0.199966666667),
double3(0.433233333333,0.635166666667,0.315866666667),
double3(0.414400000000,0.635066666667,0.216066666667),
double3(0.655666666667,0.614966666667,0.200066666667),
double3(0.524200000000,0.444266666667,0.999633333333),
double3(0.404300000000,0.373866666667,0.360533333333),
double3(0.402700000000,0.633266666667,0.356533333333),
double3(0.448200000000,0.458600000000,0.366933333333),
double3(0.438966666667,0.593233333333,0.317933333333),
double3(0.510333333333,0.591733333333,0.298533333333),
double3(0.441533333333,0.410366666667,0.436233333333),
double3(0.519800000000,0.531233333333,0.347533333333),
double3(0.458266666667,0.563900000000,0.299533333333),
double3(0.471266666667,0.510600000000,0.366633333333),
double3(0.464733333333,0.433233333333,0.482533333333),
double3(0.446000000000,0.414400000000,0.382733333333),
double3(0.374033333333,0.655666666667,0.366733333333),
double3(0.413266666667,0.524200000000,0.166300000000),
double3(0.363766666667,0.404300000000,0.527200000000),
double3(0.436100000000,0.402700000000,0.523200000000),
double3(0.656266666667,0.448200000000,0.533600000000),
double3(0.512400000000,0.438966666667,0.484600000000),
double3(0.585266666667,0.510333333333,0.465200000000),
double3(0.364500000000,0.441533333333,0.602900000000),
double3(0.655233333333,0.519800000000,0.514200000000),
double3(0.561033333333,0.458266666667,0.466200000000),
double3(0.627333333333,0.471266666667,0.533300000000),
double3(0.364833333333,0.464733333333,0.649200000000),
double3(0.364933333333,0.446000000000,0.549400000000),
double3(0.385033333333,0.374033333333,0.533400000000),
double3(0.555733333333,0.413266666667,0.332966666667),
double3(0.626133333333,0.363766666667,0.693866666667),
double3(0.366733333333,0.436100000000,0.689866666667),
double3(0.541400000000,0.656266666667,0.700266666667),
double3(0.406766666667,0.512400000000,0.651266666667),
double3(0.408266666667,0.585266666667,0.631866666667),
double3(0.589633333333,0.364500000000,0.769566666667),
double3(0.468766666667,0.655233333333,0.680866666667),
double3(0.436100000000,0.561033333333,0.632866666667),
double3(0.489400000000,0.627333333333,0.699966666667),
double3(0.566766666667,0.364833333333,0.815866666667),
double3(0.585600000000,0.364933333333,0.716066666667),
double3(0.344333333333,0.385033333333,0.700066666667),
double3(0.637600000000,0.666666666667,0.000000000000),
double3(0.444266666667,0.857533333333,0.333700000000),
double3(0.373866666667,0.737633333333,0.972800000000),
double3(0.644800000000,0.688533333333,0.916700000000),
double3(0.633266666667,0.736033333333,0.976800000000),
double3(0.546733333333,0.773366666667,0.083300000000),
double3(0.458600000000,0.781533333333,0.966400000000),
double3(0.593233333333,0.772300000000,0.015400000000),
double3(0.591733333333,0.843666666667,0.034800000000),
double3(0.410366666667,0.774866666667,0.897100000000),
double3(0.531233333333,0.853133333333,0.985800000000),
double3(0.527900000000,0.805433333333,0.916700000000),
double3(0.563900000000,0.791600000000,0.033800000000),
double3(0.510600000000,0.804600000000,0.966700000000),
double3(0.433233333333,0.798066666667,0.850800000000),
double3(0.414400000000,0.779333333333,0.950600000000),
double3(0.655666666667,0.707366666667,0.966600000000),
double3(0.637600000000,0.970933333333,0.166666666667),
double3(0.586733333333,0.777600000000,0.500366666667),
double3(0.636233333333,0.707200000000,0.139466666667),
double3(0.622933333333,0.978133333333,0.083366666667),
double3(0.563900000000,0.966600000000,0.143466666667),
double3(0.440033333333,0.880066666667,0.249966666667),
double3(0.343733333333,0.791933333333,0.133066666667),
double3(0.487600000000,0.926566666667,0.182066666667),
double3(0.414733333333,0.925066666667,0.201466666667),
double3(0.635500000000,0.743700000000,0.063766666667),
double3(0.344766666667,0.864566666667,0.152466666667),
double3(0.389133333333,0.861233333333,0.083366666667),
double3(0.438966666667,0.897233333333,0.200466666667),
double3(0.372666666667,0.843933333333,0.133366666667),
double3(0.635166666667,0.766566666667,0.017466666667),
double3(0.635066666667,0.747733333333,0.117266666667),
double3(0.614966666667,0.989000000000,0.133266666667),
double3(0.333333333333,0.970933333333,0.333333333333),
double3(0.475800000000,0.920066666667,0.667033333333),
double3(0.595700000000,0.969566666667,0.306133333333),
double3(0.644800000000,0.956266666667,0.250033333333),
double3(0.597300000000,0.897233333333,0.310133333333),
double3(0.559966666667,0.773366666667,0.416633333333),
double3(0.551800000000,0.677066666667,0.299733333333),
double3(0.561033333333,0.820933333333,0.348733333333),
double3(0.489666666667,0.748066666667,0.368133333333),
double3(0.558466666667,0.968833333333,0.230433333333),
double3(0.480200000000,0.678100000000,0.319133333333),
double3(0.527900000000,0.722466666667,0.250033333333),
double3(0.541733333333,0.772300000000,0.367133333333),
double3(0.528733333333,0.706000000000,0.300033333333),
double3(0.535266666667,0.968500000000,0.184133333333),
double3(0.554000000000,0.968400000000,0.283933333333),
double3(0.625966666667,0.948300000000,0.299933333333),
double3(0.362400000000,0.666666666667,0.500000000000),
double3(0.555733333333,0.809133333333,0.833700000000),
double3(0.626133333333,0.929033333333,0.472800000000),
double3(0.355200000000,0.978133333333,0.416700000000),
double3(0.366733333333,0.930633333333,0.476800000000),
double3(0.453266666667,0.893300000000,0.583300000000),
double3(0.541400000000,0.885133333333,0.466400000000),
double3(0.406766666667,0.894366666667,0.515400000000),
double3(0.408266666667,0.823000000000,0.534800000000),
double3(0.589633333333,0.891800000000,0.397100000000),
double3(0.468766666667,0.813533333333,0.485800000000),
double3(0.472100000000,0.861233333333,0.416700000000),
double3(0.436100000000,0.875066666667,0.533800000000),
double3(0.489400000000,0.862066666667,0.466700000000),
double3(0.566766666667,0.868600000000,0.350800000000),
double3(0.585600000000,0.887333333333,0.450600000000),
double3(0.344333333333,0.959300000000,0.466600000000),
double3(0.362400000000,0.695733333333,0.666666666667),
double3(0.413266666667,0.889066666667,0.000366666667),
double3(0.363766666667,0.959466666667,0.639466666667),
double3(0.377066666667,0.688533333333,0.583366666667),
double3(0.436100000000,0.700066666667,0.643466666667),
double3(0.559966666667,0.786600000000,0.749966666667),
double3(0.656266666667,0.874733333333,0.633066666667),
double3(0.512400000000,0.740100000000,0.682066666667),
double3(0.585266666667,0.741600000000,0.701466666667),
double3(0.364500000000,0.922966666667,0.563766666667),
double3(0.655233333333,0.802100000000,0.652466666667),
double3(0.610866666667,0.805433333333,0.583366666667),
double3(0.561033333333,0.769433333333,0.700466666667),
double3(0.627333333333,0.822733333333,0.633366666667),
double3(0.364833333333,0.900100000000,0.517466666667),
double3(0.364933333333,0.918933333333,0.617266666667),
double3(0.385033333333,0.677666666667,0.633266666667),
double3(0.333333333333,0.695733333333,0.833333333333),
double3(0.524200000000,0.746600000000,0.167033333333),
double3(0.404300000000,0.697100000000,0.806133333333),
double3(0.355200000000,0.710400000000,0.750033333333),
double3(0.402700000000,0.769433333333,0.810133333333),
double3(0.440033333333,0.893300000000,0.916633333333),
double3(0.448200000000,0.989600000000,0.799733333333),
double3(0.438966666667,0.845733333333,0.848733333333),
double3(0.510333333333,0.918600000000,0.868133333333),
double3(0.441533333333,0.697833333333,0.730433333333),
double3(0.519800000000,0.988566666667,0.819133333333),
double3(0.472100000000,0.944200000000,0.750033333333),
double3(0.458266666667,0.894366666667,0.867133333333),
double3(0.471266666667,0.960666666667,0.800033333333),
double3(0.464733333333,0.698166666667,0.684133333333),
double3(0.446000000000,0.698266666667,0.783933333333),
double3(0.374033333333,0.718366666667,0.799933333333),
double3(0.475800000000,0.889066666667,0.499633333333),
double3(0.595700000000,0.959466666667,0.860533333333),
double3(0.597300000000,0.700066666667,0.856533333333),
double3(0.551800000000,0.874733333333,0.866933333333),
double3(0.561033333333,0.740100000000,0.817933333333),
double3(0.489666666667,0.741600000000,0.798533333333),
double3(0.558466666667,0.922966666667,0.936233333333),
double3(0.480200000000,0.802100000000,0.847533333333),
double3(0.541733333333,0.769433333333,0.799533333333),
double3(0.528733333333,0.822733333333,0.866633333333),
double3(0.535266666667,0.900100000000,0.982533333333),
double3(0.554000000000,0.918933333333,0.882733333333),
double3(0.625966666667,0.677666666667,0.866733333333),
double3(0.586733333333,0.809133333333,0.666300000000),
double3(0.636233333333,0.929033333333,0.027200000000),
double3(0.563900000000,0.930633333333,0.023200000000),
double3(0.343733333333,0.885133333333,0.033600000000),
double3(0.487600000000,0.894366666667,0.984600000000),
double3(0.414733333333,0.823000000000,0.965200000000),
double3(0.635500000000,0.891800000000,0.102900000000),
double3(0.344766666667,0.813533333333,0.014200000000),
double3(0.438966666667,0.875066666667,0.966200000000),
double3(0.372666666667,0.862066666667,0.033300000000),
double3(0.635166666667,0.868600000000,0.149200000000),
double3(0.635066666667,0.887333333333,0.049400000000),
double3(0.614966666667,0.959300000000,0.033400000000),
double3(0.444266666667,0.920066666667,0.832966666667),
double3(0.373866666667,0.969566666667,0.193866666667),
double3(0.633266666667,0.897233333333,0.189866666667),
double3(0.458600000000,0.677066666667,0.200266666667),
double3(0.593233333333,0.820933333333,0.151266666667),
double3(0.591733333333,0.748066666667,0.131866666667),
double3(0.410366666667,0.968833333333,0.269566666667),
double3(0.531233333333,0.678100000000,0.180866666667),
double3(0.563900000000,0.772300000000,0.132866666667),
double3(0.510600000000,0.706000000000,0.199966666667),
double3(0.433233333333,0.968500000000,0.315866666667),
double3(0.414400000000,0.968400000000,0.216066666667),
double3(0.655666666667,0.948300000000,0.200066666667),
double3(0.524200000000,0.777600000000,0.999633333333),
double3(0.404300000000,0.707200000000,0.360533333333),
double3(0.402700000000,0.966600000000,0.356533333333),
double3(0.448200000000,0.791933333333,0.366933333333),
double3(0.438966666667,0.926566666667,0.317933333333),
double3(0.510333333333,0.925066666667,0.298533333333),
double3(0.441533333333,0.743700000000,0.436233333333),
double3(0.519800000000,0.864566666667,0.347533333333),
double3(0.458266666667,0.897233333333,0.299533333333),
double3(0.471266666667,0.843933333333,0.366633333333),
double3(0.464733333333,0.766566666667,0.482533333333),
double3(0.446000000000,0.747733333333,0.382733333333),
double3(0.374033333333,0.989000000000,0.366733333333),
double3(0.413266666667,0.857533333333,0.166300000000),
double3(0.363766666667,0.737633333333,0.527200000000),
double3(0.436100000000,0.736033333333,0.523200000000),
double3(0.656266666667,0.781533333333,0.533600000000),
double3(0.512400000000,0.772300000000,0.484600000000),
double3(0.585266666667,0.843666666667,0.465200000000),
double3(0.364500000000,0.774866666667,0.602900000000),
double3(0.655233333333,0.853133333333,0.514200000000),
double3(0.561033333333,0.791600000000,0.466200000000),
double3(0.627333333333,0.804600000000,0.533300000000),
double3(0.364833333333,0.798066666667,0.649200000000),
double3(0.364933333333,0.779333333333,0.549400000000),
double3(0.385033333333,0.707366666667,0.533400000000),
double3(0.555733333333,0.746600000000,0.332966666667),
double3(0.626133333333,0.697100000000,0.693866666667),
double3(0.366733333333,0.769433333333,0.689866666667),
double3(0.541400000000,0.989600000000,0.700266666667),
double3(0.406766666667,0.845733333333,0.651266666667),
double3(0.408266666667,0.918600000000,0.631866666667),
double3(0.589633333333,0.697833333333,0.769566666667),
double3(0.468766666667,0.988566666667,0.680866666667),
double3(0.436100000000,0.894366666667,0.632866666667),
double3(0.489400000000,0.960666666667,0.699966666667),
double3(0.566766666667,0.698166666667,0.815866666667),
double3(0.585600000000,0.698266666667,0.716066666667),
double3(0.344333333333,0.718366666667,0.700066666667),
double3(0.970933333333,0.000000000000,0.000000000000),
double3(0.777600000000,0.190866666667,0.333700000000),
double3(0.707200000000,0.070966666667,0.972800000000),
double3(0.978133333333,0.021866666667,0.916700000000),
double3(0.966600000000,0.069366666667,0.976800000000),
double3(0.880066666667,0.106700000000,0.083300000000),
double3(0.791933333333,0.114866666667,0.966400000000),
double3(0.926566666667,0.105633333333,0.015400000000),
double3(0.925066666667,0.177000000000,0.034800000000),
double3(0.743700000000,0.108200000000,0.897100000000),
double3(0.864566666667,0.186466666667,0.985800000000),
double3(0.861233333333,0.138766666667,0.916700000000),
double3(0.897233333333,0.124933333333,0.033800000000),
double3(0.843933333333,0.137933333333,0.966700000000),
double3(0.766566666667,0.131400000000,0.850800000000),
double3(0.747733333333,0.112666666667,0.950600000000),
double3(0.989000000000,0.040700000000,0.966600000000),
double3(0.970933333333,0.304266666667,0.166666666667),
double3(0.920066666667,0.110933333333,0.500366666667),
double3(0.969566666667,0.040533333333,0.139466666667),
double3(0.956266666667,0.311466666667,0.083366666667),
double3(0.897233333333,0.299933333333,0.143466666667),
double3(0.773366666667,0.213400000000,0.249966666667),
double3(0.677066666667,0.125266666667,0.133066666667),
double3(0.820933333333,0.259900000000,0.182066666667),
double3(0.748066666667,0.258400000000,0.201466666667),
double3(0.968833333333,0.077033333333,0.063766666667),
double3(0.678100000000,0.197900000000,0.152466666667),
double3(0.722466666667,0.194566666667,0.083366666667),
double3(0.772300000000,0.230566666667,0.200466666667),
double3(0.706000000000,0.177266666667,0.133366666667),
double3(0.968500000000,0.099900000000,0.017466666667),
double3(0.968400000000,0.081066666667,0.117266666667),
double3(0.948300000000,0.322333333333,0.133266666667),
double3(0.666666666667,0.304266666667,0.333333333333),
double3(0.809133333333,0.253400000000,0.667033333333),
double3(0.929033333333,0.302900000000,0.306133333333),
double3(0.978133333333,0.289600000000,0.250033333333),
double3(0.930633333333,0.230566666667,0.310133333333),
double3(0.893300000000,0.106700000000,0.416633333333),
double3(0.885133333333,0.010400000000,0.299733333333),
double3(0.894366666667,0.154266666667,0.348733333333),
double3(0.823000000000,0.081400000000,0.368133333333),
double3(0.891800000000,0.302166666667,0.230433333333),
double3(0.813533333333,0.011433333333,0.319133333333),
double3(0.861233333333,0.055800000000,0.250033333333),
double3(0.875066666667,0.105633333333,0.367133333333),
double3(0.862066666667,0.039333333333,0.300033333333),
double3(0.868600000000,0.301833333333,0.184133333333),
double3(0.887333333333,0.301733333333,0.283933333333),
double3(0.959300000000,0.281633333333,0.299933333333),
double3(0.695733333333,0.000000000000,0.500000000000),
double3(0.889066666667,0.142466666667,0.833700000000),
double3(0.959466666667,0.262366666667,0.472800000000),
double3(0.688533333333,0.311466666667,0.416700000000),
double3(0.700066666667,0.263966666667,0.476800000000),
double3(0.786600000000,0.226633333333,0.583300000000),
double3(0.874733333333,0.218466666667,0.466400000000),
double3(0.740100000000,0.227700000000,0.515400000000),
double3(0.741600000000,0.156333333333,0.534800000000),
double3(0.922966666667,0.225133333333,0.397100000000),
double3(0.802100000000,0.146866666667,0.485800000000),
double3(0.805433333333,0.194566666667,0.416700000000),
double3(0.769433333333,0.208400000000,0.533800000000),
double3(0.822733333333,0.195400000000,0.466700000000),
double3(0.900100000000,0.201933333333,0.350800000000),
double3(0.918933333333,0.220666666667,0.450600000000),
double3(0.677666666667,0.292633333333,0.466600000000),
double3(0.695733333333,0.029066666667,0.666666666667),
double3(0.746600000000,0.222400000000,0.000366666667),
double3(0.697100000000,0.292800000000,0.639466666667),
double3(0.710400000000,0.021866666667,0.583366666667),
double3(0.769433333333,0.033400000000,0.643466666667),
double3(0.893300000000,0.119933333333,0.749966666667),
double3(0.989600000000,0.208066666667,0.633066666667),
double3(0.845733333333,0.073433333333,0.682066666667),
double3(0.918600000000,0.074933333333,0.701466666667),
double3(0.697833333333,0.256300000000,0.563766666667),
double3(0.988566666667,0.135433333333,0.652466666667),
double3(0.944200000000,0.138766666667,0.583366666667),
double3(0.894366666667,0.102766666667,0.700466666667),
double3(0.960666666667,0.156066666667,0.633366666667),
double3(0.698166666667,0.233433333333,0.517466666667),
double3(0.698266666667,0.252266666667,0.617266666667),
double3(0.718366666667,0.011000000000,0.633266666667),
double3(0.666666666667,0.029066666667,0.833333333333),
double3(0.857533333333,0.079933333333,0.167033333333),
double3(0.737633333333,0.030433333333,0.806133333333),
double3(0.688533333333,0.043733333333,0.750033333333),
double3(0.736033333333,0.102766666667,0.810133333333),
double3(0.773366666667,0.226633333333,0.916633333333),
double3(0.781533333333,0.322933333333,0.799733333333),
double3(0.772300000000,0.179066666667,0.848733333333),
double3(0.843666666667,0.251933333333,0.868133333333),
double3(0.774866666667,0.031166666667,0.730433333333),
double3(0.853133333333,0.321900000000,0.819133333333),
double3(0.805433333333,0.277533333333,0.750033333333),
double3(0.791600000000,0.227700000000,0.867133333333),
double3(0.804600000000,0.294000000000,0.800033333333),
double3(0.798066666667,0.031500000000,0.684133333333),
double3(0.779333333333,0.031600000000,0.783933333333),
double3(0.707366666667,0.051700000000,0.799933333333),
double3(0.809133333333,0.222400000000,0.499633333333),
double3(0.929033333333,0.292800000000,0.860533333333),
double3(0.930633333333,0.033400000000,0.856533333333),
double3(0.885133333333,0.208066666667,0.866933333333),
double3(0.894366666667,0.073433333333,0.817933333333),
double3(0.823000000000,0.074933333333,0.798533333333),
double3(0.891800000000,0.256300000000,0.936233333333),
double3(0.813533333333,0.135433333333,0.847533333333),
double3(0.875066666667,0.102766666667,0.799533333333),
double3(0.862066666667,0.156066666667,0.866633333333),
double3(0.868600000000,0.233433333333,0.982533333333),
double3(0.887333333333,0.252266666667,0.882733333333),
double3(0.959300000000,0.011000000000,0.866733333333),
double3(0.920066666667,0.142466666667,0.666300000000),
double3(0.969566666667,0.262366666667,0.027200000000),
double3(0.897233333333,0.263966666667,0.023200000000),
double3(0.677066666667,0.218466666667,0.033600000000),
double3(0.820933333333,0.227700000000,0.984600000000),
double3(0.748066666667,0.156333333333,0.965200000000),
double3(0.968833333333,0.225133333333,0.102900000000),
double3(0.678100000000,0.146866666667,0.014200000000),
double3(0.772300000000,0.208400000000,0.966200000000),
double3(0.706000000000,0.195400000000,0.033300000000),
double3(0.968500000000,0.201933333333,0.149200000000),
double3(0.968400000000,0.220666666667,0.049400000000),
double3(0.948300000000,0.292633333333,0.033400000000),
double3(0.777600000000,0.253400000000,0.832966666667),
double3(0.707200000000,0.302900000000,0.193866666667),
double3(0.966600000000,0.230566666667,0.189866666667),
double3(0.791933333333,0.010400000000,0.200266666667),
double3(0.926566666667,0.154266666667,0.151266666667),
double3(0.925066666667,0.081400000000,0.131866666667),
double3(0.743700000000,0.302166666667,0.269566666667),
double3(0.864566666667,0.011433333333,0.180866666667),
double3(0.897233333333,0.105633333333,0.132866666667),
double3(0.843933333333,0.039333333333,0.199966666667),
double3(0.766566666667,0.301833333333,0.315866666667),
double3(0.747733333333,0.301733333333,0.216066666667),
double3(0.989000000000,0.281633333333,0.200066666667),
double3(0.857533333333,0.110933333333,0.999633333333),
double3(0.737633333333,0.040533333333,0.360533333333),
double3(0.736033333333,0.299933333333,0.356533333333),
double3(0.781533333333,0.125266666667,0.366933333333),
double3(0.772300000000,0.259900000000,0.317933333333),
double3(0.843666666667,0.258400000000,0.298533333333),
double3(0.774866666667,0.077033333333,0.436233333333),
double3(0.853133333333,0.197900000000,0.347533333333),
double3(0.791600000000,0.230566666667,0.299533333333),
double3(0.804600000000,0.177266666667,0.366633333333),
double3(0.798066666667,0.099900000000,0.482533333333),
double3(0.779333333333,0.081066666667,0.382733333333),
double3(0.707366666667,0.322333333333,0.366733333333),
double3(0.746600000000,0.190866666667,0.166300000000),
double3(0.697100000000,0.070966666667,0.527200000000),
double3(0.769433333333,0.069366666667,0.523200000000),
double3(0.989600000000,0.114866666667,0.533600000000),
double3(0.845733333333,0.105633333333,0.484600000000),
double3(0.918600000000,0.177000000000,0.465200000000),
double3(0.697833333333,0.108200000000,0.602900000000),
double3(0.988566666667,0.186466666667,0.514200000000),
double3(0.894366666667,0.124933333333,0.466200000000),
double3(0.960666666667,0.137933333333,0.533300000000),
double3(0.698166666667,0.131400000000,0.649200000000),
double3(0.698266666667,0.112666666667,0.549400000000),
double3(0.718366666667,0.040700000000,0.533400000000),
double3(0.889066666667,0.079933333333,0.332966666667),
double3(0.959466666667,0.030433333333,0.693866666667),
double3(0.700066666667,0.102766666667,0.689866666667),
double3(0.874733333333,0.322933333333,0.700266666667),
double3(0.740100000000,0.179066666667,0.651266666667),
double3(0.741600000000,0.251933333333,0.631866666667),
double3(0.922966666667,0.031166666667,0.769566666667),
double3(0.802100000000,0.321900000000,0.680866666667),
double3(0.769433333333,0.227700000000,0.632866666667),
double3(0.822733333333,0.294000000000,0.699966666667),
double3(0.900100000000,0.031500000000,0.815866666667),
double3(0.918933333333,0.031600000000,0.716066666667),
double3(0.677666666667,0.051700000000,0.700066666667),
double3(0.970933333333,0.333333333333,0.000000000000),
double3(0.777600000000,0.524200000000,0.333700000000),
double3(0.707200000000,0.404300000000,0.972800000000),
double3(0.978133333333,0.355200000000,0.916700000000),
double3(0.966600000000,0.402700000000,0.976800000000),
double3(0.880066666667,0.440033333333,0.083300000000),
double3(0.791933333333,0.448200000000,0.966400000000),
double3(0.926566666667,0.438966666667,0.015400000000),
double3(0.925066666667,0.510333333333,0.034800000000),
double3(0.743700000000,0.441533333333,0.897100000000),
double3(0.864566666667,0.519800000000,0.985800000000),
double3(0.861233333333,0.472100000000,0.916700000000),
double3(0.897233333333,0.458266666667,0.033800000000),
double3(0.843933333333,0.471266666667,0.966700000000),
double3(0.766566666667,0.464733333333,0.850800000000),
double3(0.747733333333,0.446000000000,0.950600000000),
double3(0.989000000000,0.374033333333,0.966600000000),
double3(0.970933333333,0.637600000000,0.166666666667),
double3(0.920066666667,0.444266666667,0.500366666667),
double3(0.969566666667,0.373866666667,0.139466666667),
double3(0.956266666667,0.644800000000,0.083366666667),
double3(0.897233333333,0.633266666667,0.143466666667),
double3(0.773366666667,0.546733333333,0.249966666667),
double3(0.677066666667,0.458600000000,0.133066666667),
double3(0.820933333333,0.593233333333,0.182066666667),
double3(0.748066666667,0.591733333333,0.201466666667),
double3(0.968833333333,0.410366666667,0.063766666667),
double3(0.678100000000,0.531233333333,0.152466666667),
double3(0.722466666667,0.527900000000,0.083366666667),
double3(0.772300000000,0.563900000000,0.200466666667),
double3(0.706000000000,0.510600000000,0.133366666667),
double3(0.968500000000,0.433233333333,0.017466666667),
double3(0.968400000000,0.414400000000,0.117266666667),
double3(0.948300000000,0.655666666667,0.133266666667),
double3(0.666666666667,0.637600000000,0.333333333333),
double3(0.809133333333,0.586733333333,0.667033333333),
double3(0.929033333333,0.636233333333,0.306133333333),
double3(0.978133333333,0.622933333333,0.250033333333),
double3(0.930633333333,0.563900000000,0.310133333333),
double3(0.893300000000,0.440033333333,0.416633333333),
double3(0.885133333333,0.343733333333,0.299733333333),
double3(0.894366666667,0.487600000000,0.348733333333),
double3(0.823000000000,0.414733333333,0.368133333333),
double3(0.891800000000,0.635500000000,0.230433333333),
double3(0.813533333333,0.344766666667,0.319133333333),
double3(0.861233333333,0.389133333333,0.250033333333),
double3(0.875066666667,0.438966666667,0.367133333333),
double3(0.862066666667,0.372666666667,0.300033333333),
double3(0.868600000000,0.635166666667,0.184133333333),
double3(0.887333333333,0.635066666667,0.283933333333),
double3(0.959300000000,0.614966666667,0.299933333333),
double3(0.695733333333,0.333333333333,0.500000000000),
double3(0.889066666667,0.475800000000,0.833700000000),
double3(0.959466666667,0.595700000000,0.472800000000),
double3(0.688533333333,0.644800000000,0.416700000000),
double3(0.700066666667,0.597300000000,0.476800000000),
double3(0.786600000000,0.559966666667,0.583300000000),
double3(0.874733333333,0.551800000000,0.466400000000),
double3(0.740100000000,0.561033333333,0.515400000000),
double3(0.741600000000,0.489666666667,0.534800000000),
double3(0.922966666667,0.558466666667,0.397100000000),
double3(0.802100000000,0.480200000000,0.485800000000),
double3(0.805433333333,0.527900000000,0.416700000000),
double3(0.769433333333,0.541733333333,0.533800000000),
double3(0.822733333333,0.528733333333,0.466700000000),
double3(0.900100000000,0.535266666667,0.350800000000),
double3(0.918933333333,0.554000000000,0.450600000000),
double3(0.677666666667,0.625966666667,0.466600000000),
double3(0.695733333333,0.362400000000,0.666666666667),
double3(0.746600000000,0.555733333333,0.000366666667),
double3(0.697100000000,0.626133333333,0.639466666667),
double3(0.710400000000,0.355200000000,0.583366666667),
double3(0.769433333333,0.366733333333,0.643466666667),
double3(0.893300000000,0.453266666667,0.749966666667),
double3(0.989600000000,0.541400000000,0.633066666667),
double3(0.845733333333,0.406766666667,0.682066666667),
double3(0.918600000000,0.408266666667,0.701466666667),
double3(0.697833333333,0.589633333333,0.563766666667),
double3(0.988566666667,0.468766666667,0.652466666667),
double3(0.944200000000,0.472100000000,0.583366666667),
double3(0.894366666667,0.436100000000,0.700466666667),
double3(0.960666666667,0.489400000000,0.633366666667),
double3(0.698166666667,0.566766666667,0.517466666667),
double3(0.698266666667,0.585600000000,0.617266666667),
double3(0.718366666667,0.344333333333,0.633266666667),
double3(0.666666666667,0.362400000000,0.833333333333),
double3(0.857533333333,0.413266666667,0.167033333333),
double3(0.737633333333,0.363766666667,0.806133333333),
double3(0.688533333333,0.377066666667,0.750033333333),
double3(0.736033333333,0.436100000000,0.810133333333),
double3(0.773366666667,0.559966666667,0.916633333333),
double3(0.781533333333,0.656266666667,0.799733333333),
double3(0.772300000000,0.512400000000,0.848733333333),
double3(0.843666666667,0.585266666667,0.868133333333),
double3(0.774866666667,0.364500000000,0.730433333333),
double3(0.853133333333,0.655233333333,0.819133333333),
double3(0.805433333333,0.610866666667,0.750033333333),
double3(0.791600000000,0.561033333333,0.867133333333),
double3(0.804600000000,0.627333333333,0.800033333333),
double3(0.798066666667,0.364833333333,0.684133333333),
double3(0.779333333333,0.364933333333,0.783933333333),
double3(0.707366666667,0.385033333333,0.799933333333),
double3(0.809133333333,0.555733333333,0.499633333333),
double3(0.929033333333,0.626133333333,0.860533333333),
double3(0.930633333333,0.366733333333,0.856533333333),
double3(0.885133333333,0.541400000000,0.866933333333),
double3(0.894366666667,0.406766666667,0.817933333333),
double3(0.823000000000,0.408266666667,0.798533333333),
double3(0.891800000000,0.589633333333,0.936233333333),
double3(0.813533333333,0.468766666667,0.847533333333),
double3(0.875066666667,0.436100000000,0.799533333333),
double3(0.862066666667,0.489400000000,0.866633333333),
double3(0.868600000000,0.566766666667,0.982533333333),
double3(0.887333333333,0.585600000000,0.882733333333),
double3(0.959300000000,0.344333333333,0.866733333333),
double3(0.920066666667,0.475800000000,0.666300000000),
double3(0.969566666667,0.595700000000,0.027200000000),
double3(0.897233333333,0.597300000000,0.023200000000),
double3(0.677066666667,0.551800000000,0.033600000000),
double3(0.820933333333,0.561033333333,0.984600000000),
double3(0.748066666667,0.489666666667,0.965200000000),
double3(0.968833333333,0.558466666667,0.102900000000),
double3(0.678100000000,0.480200000000,0.014200000000),
double3(0.772300000000,0.541733333333,0.966200000000),
double3(0.706000000000,0.528733333333,0.033300000000),
double3(0.968500000000,0.535266666667,0.149200000000),
double3(0.968400000000,0.554000000000,0.049400000000),
double3(0.948300000000,0.625966666667,0.033400000000),
double3(0.777600000000,0.586733333333,0.832966666667),
double3(0.707200000000,0.636233333333,0.193866666667),
double3(0.966600000000,0.563900000000,0.189866666667),
double3(0.791933333333,0.343733333333,0.200266666667),
double3(0.926566666667,0.487600000000,0.151266666667),
double3(0.925066666667,0.414733333333,0.131866666667),
double3(0.743700000000,0.635500000000,0.269566666667),
double3(0.864566666667,0.344766666667,0.180866666667),
double3(0.897233333333,0.438966666667,0.132866666667),
double3(0.843933333333,0.372666666667,0.199966666667),
double3(0.766566666667,0.635166666667,0.315866666667),
double3(0.747733333333,0.635066666667,0.216066666667),
double3(0.989000000000,0.614966666667,0.200066666667),
double3(0.857533333333,0.444266666667,0.999633333333),
double3(0.737633333333,0.373866666667,0.360533333333),
double3(0.736033333333,0.633266666667,0.356533333333),
double3(0.781533333333,0.458600000000,0.366933333333),
double3(0.772300000000,0.593233333333,0.317933333333),
double3(0.843666666667,0.591733333333,0.298533333333),
double3(0.774866666667,0.410366666667,0.436233333333),
double3(0.853133333333,0.531233333333,0.347533333333),
double3(0.791600000000,0.563900000000,0.299533333333),
double3(0.804600000000,0.510600000000,0.366633333333),
double3(0.798066666667,0.433233333333,0.482533333333),
double3(0.779333333333,0.414400000000,0.382733333333),
double3(0.707366666667,0.655666666667,0.366733333333),
double3(0.746600000000,0.524200000000,0.166300000000),
double3(0.697100000000,0.404300000000,0.527200000000),
double3(0.769433333333,0.402700000000,0.523200000000),
double3(0.989600000000,0.448200000000,0.533600000000),
double3(0.845733333333,0.438966666667,0.484600000000),
double3(0.918600000000,0.510333333333,0.465200000000),
double3(0.697833333333,0.441533333333,0.602900000000),
double3(0.988566666667,0.519800000000,0.514200000000),
double3(0.894366666667,0.458266666667,0.466200000000),
double3(0.960666666667,0.471266666667,0.533300000000),
double3(0.698166666667,0.464733333333,0.649200000000),
double3(0.698266666667,0.446000000000,0.549400000000),
double3(0.718366666667,0.374033333333,0.533400000000),
double3(0.889066666667,0.413266666667,0.332966666667),
double3(0.959466666667,0.363766666667,0.693866666667),
double3(0.700066666667,0.436100000000,0.689866666667),
double3(0.874733333333,0.656266666667,0.700266666667),
double3(0.740100000000,0.512400000000,0.651266666667),
double3(0.741600000000,0.585266666667,0.631866666667),
double3(0.922966666667,0.364500000000,0.769566666667),
double3(0.802100000000,0.655233333333,0.680866666667),
double3(0.769433333333,0.561033333333,0.632866666667),
double3(0.822733333333,0.627333333333,0.699966666667),
double3(0.900100000000,0.364833333333,0.815866666667),
double3(0.918933333333,0.364933333333,0.716066666667),
double3(0.677666666667,0.385033333333,0.700066666667),
double3(0.970933333333,0.666666666667,0.000000000000),
double3(0.777600000000,0.857533333333,0.333700000000),
double3(0.707200000000,0.737633333333,0.972800000000),
double3(0.978133333333,0.688533333333,0.916700000000),
double3(0.966600000000,0.736033333333,0.976800000000),
double3(0.880066666667,0.773366666667,0.083300000000),
double3(0.791933333333,0.781533333333,0.966400000000),
double3(0.926566666667,0.772300000000,0.015400000000),
double3(0.925066666667,0.843666666667,0.034800000000),
double3(0.743700000000,0.774866666667,0.897100000000),
double3(0.864566666667,0.853133333333,0.985800000000),
double3(0.861233333333,0.805433333333,0.916700000000),
double3(0.897233333333,0.791600000000,0.033800000000),
double3(0.843933333333,0.804600000000,0.966700000000),
double3(0.766566666667,0.798066666667,0.850800000000),
double3(0.747733333333,0.779333333333,0.950600000000),
double3(0.989000000000,0.707366666667,0.966600000000),
double3(0.970933333333,0.970933333333,0.166666666667),
double3(0.920066666667,0.777600000000,0.500366666667),
double3(0.969566666667,0.707200000000,0.139466666667),
double3(0.956266666667,0.978133333333,0.083366666667),
double3(0.897233333333,0.966600000000,0.143466666667),
double3(0.773366666667,0.880066666667,0.249966666667),
double3(0.677066666667,0.791933333333,0.133066666667),
double3(0.820933333333,0.926566666667,0.182066666667),
double3(0.748066666667,0.925066666667,0.201466666667),
double3(0.968833333333,0.743700000000,0.063766666667),
double3(0.678100000000,0.864566666667,0.152466666667),
double3(0.722466666667,0.861233333333,0.083366666667),
double3(0.772300000000,0.897233333333,0.200466666667),
double3(0.706000000000,0.843933333333,0.133366666667),
double3(0.968500000000,0.766566666667,0.017466666667),
double3(0.968400000000,0.747733333333,0.117266666667),
double3(0.948300000000,0.989000000000,0.133266666667),
double3(0.666666666667,0.970933333333,0.333333333333),
double3(0.809133333333,0.920066666667,0.667033333333),
double3(0.929033333333,0.969566666667,0.306133333333),
double3(0.978133333333,0.956266666667,0.250033333333),
double3(0.930633333333,0.897233333333,0.310133333333),
double3(0.893300000000,0.773366666667,0.416633333333),
double3(0.885133333333,0.677066666667,0.299733333333),
double3(0.894366666667,0.820933333333,0.348733333333),
double3(0.823000000000,0.748066666667,0.368133333333),
double3(0.891800000000,0.968833333333,0.230433333333),
double3(0.813533333333,0.678100000000,0.319133333333),
double3(0.861233333333,0.722466666667,0.250033333333),
double3(0.875066666667,0.772300000000,0.367133333333),
double3(0.862066666667,0.706000000000,0.300033333333),
double3(0.868600000000,0.968500000000,0.184133333333),
double3(0.887333333333,0.968400000000,0.283933333333),
double3(0.959300000000,0.948300000000,0.299933333333),
double3(0.695733333333,0.666666666667,0.500000000000),
double3(0.889066666667,0.809133333333,0.833700000000),
double3(0.959466666667,0.929033333333,0.472800000000),
double3(0.688533333333,0.978133333333,0.416700000000),
double3(0.700066666667,0.930633333333,0.476800000000),
double3(0.786600000000,0.893300000000,0.583300000000),
double3(0.874733333333,0.885133333333,0.466400000000),
double3(0.740100000000,0.894366666667,0.515400000000),
double3(0.741600000000,0.823000000000,0.534800000000),
double3(0.922966666667,0.891800000000,0.397100000000),
double3(0.802100000000,0.813533333333,0.485800000000),
double3(0.805433333333,0.861233333333,0.416700000000),
double3(0.769433333333,0.875066666667,0.533800000000),
double3(0.822733333333,0.862066666667,0.466700000000),
double3(0.900100000000,0.868600000000,0.350800000000),
double3(0.918933333333,0.887333333333,0.450600000000),
double3(0.677666666667,0.959300000000,0.466600000000),
double3(0.695733333333,0.695733333333,0.666666666667),
double3(0.746600000000,0.889066666667,0.000366666667),
double3(0.697100000000,0.959466666667,0.639466666667),
double3(0.710400000000,0.688533333333,0.583366666667),
double3(0.769433333333,0.700066666667,0.643466666667),
double3(0.893300000000,0.786600000000,0.749966666667),
double3(0.989600000000,0.874733333333,0.633066666667),
double3(0.845733333333,0.740100000000,0.682066666667),
double3(0.918600000000,0.741600000000,0.701466666667),
double3(0.697833333333,0.922966666667,0.563766666667),
double3(0.988566666667,0.802100000000,0.652466666667),
double3(0.944200000000,0.805433333333,0.583366666667),
double3(0.894366666667,0.769433333333,0.700466666667),
double3(0.960666666667,0.822733333333,0.633366666667),
double3(0.698166666667,0.900100000000,0.517466666667),
double3(0.698266666667,0.918933333333,0.617266666667),
double3(0.718366666667,0.677666666667,0.633266666667),
double3(0.666666666667,0.695733333333,0.833333333333),
double3(0.857533333333,0.746600000000,0.167033333333),
double3(0.737633333333,0.697100000000,0.806133333333),
double3(0.688533333333,0.710400000000,0.750033333333),
double3(0.736033333333,0.769433333333,0.810133333333),
double3(0.773366666667,0.893300000000,0.916633333333),
double3(0.781533333333,0.989600000000,0.799733333333),
double3(0.772300000000,0.845733333333,0.848733333333),
double3(0.843666666667,0.918600000000,0.868133333333),
double3(0.774866666667,0.697833333333,0.730433333333),
double3(0.853133333333,0.988566666667,0.819133333333),
double3(0.805433333333,0.944200000000,0.750033333333),
double3(0.791600000000,0.894366666667,0.867133333333),
double3(0.804600000000,0.960666666667,0.800033333333),
double3(0.798066666667,0.698166666667,0.684133333333),
double3(0.779333333333,0.698266666667,0.783933333333),
double3(0.707366666667,0.718366666667,0.799933333333),
double3(0.809133333333,0.889066666667,0.499633333333),
double3(0.929033333333,0.959466666667,0.860533333333),
double3(0.930633333333,0.700066666667,0.856533333333),
double3(0.885133333333,0.874733333333,0.866933333333),
double3(0.894366666667,0.740100000000,0.817933333333),
double3(0.823000000000,0.741600000000,0.798533333333),
double3(0.891800000000,0.922966666667,0.936233333333),
double3(0.813533333333,0.802100000000,0.847533333333),
double3(0.875066666667,0.769433333333,0.799533333333),
double3(0.862066666667,0.822733333333,0.866633333333),
double3(0.868600000000,0.900100000000,0.982533333333),
double3(0.887333333333,0.918933333333,0.882733333333),
double3(0.959300000000,0.677666666667,0.866733333333),
double3(0.920066666667,0.809133333333,0.666300000000),
double3(0.969566666667,0.929033333333,0.027200000000),
double3(0.897233333333,0.930633333333,0.023200000000),
double3(0.677066666667,0.885133333333,0.033600000000),
double3(0.820933333333,0.894366666667,0.984600000000),
double3(0.748066666667,0.823000000000,0.965200000000),
double3(0.968833333333,0.891800000000,0.102900000000),
double3(0.678100000000,0.813533333333,0.014200000000),
double3(0.772300000000,0.875066666667,0.966200000000),
double3(0.706000000000,0.862066666667,0.033300000000),
double3(0.968500000000,0.868600000000,0.149200000000),
double3(0.968400000000,0.887333333333,0.049400000000),
double3(0.948300000000,0.959300000000,0.033400000000),
double3(0.777600000000,0.920066666667,0.832966666667),
double3(0.707200000000,0.969566666667,0.193866666667),
double3(0.966600000000,0.897233333333,0.189866666667),
double3(0.791933333333,0.677066666667,0.200266666667),
double3(0.926566666667,0.820933333333,0.151266666667),
double3(0.925066666667,0.748066666667,0.131866666667),
double3(0.743700000000,0.968833333333,0.269566666667),
double3(0.864566666667,0.678100000000,0.180866666667),
double3(0.897233333333,0.772300000000,0.132866666667),
double3(0.843933333333,0.706000000000,0.199966666667),
double3(0.766566666667,0.968500000000,0.315866666667),
double3(0.747733333333,0.968400000000,0.216066666667),
double3(0.989000000000,0.948300000000,0.200066666667),
double3(0.857533333333,0.777600000000,0.999633333333),
double3(0.737633333333,0.707200000000,0.360533333333),
double3(0.736033333333,0.966600000000,0.356533333333),
double3(0.781533333333,0.791933333333,0.366933333333),
double3(0.772300000000,0.926566666667,0.317933333333),
double3(0.843666666667,0.925066666667,0.298533333333),
double3(0.774866666667,0.743700000000,0.436233333333),
double3(0.853133333333,0.864566666667,0.347533333333),
double3(0.791600000000,0.897233333333,0.299533333333),
double3(0.804600000000,0.843933333333,0.366633333333),
double3(0.798066666667,0.766566666667,0.482533333333),
double3(0.779333333333,0.747733333333,0.382733333333),
double3(0.707366666667,0.989000000000,0.366733333333),
double3(0.746600000000,0.857533333333,0.166300000000),
double3(0.697100000000,0.737633333333,0.527200000000),
double3(0.769433333333,0.736033333333,0.523200000000),
double3(0.989600000000,0.781533333333,0.533600000000),
double3(0.845733333333,0.772300000000,0.484600000000),
double3(0.918600000000,0.843666666667,0.465200000000),
double3(0.697833333333,0.774866666667,0.602900000000),
double3(0.988566666667,0.853133333333,0.514200000000),
double3(0.894366666667,0.791600000000,0.466200000000),
double3(0.960666666667,0.804600000000,0.533300000000),
double3(0.698166666667,0.798066666667,0.649200000000),
double3(0.698266666667,0.779333333333,0.549400000000),
double3(0.718366666667,0.707366666667,0.533400000000),
double3(0.889066666667,0.746600000000,0.332966666667),
double3(0.959466666667,0.697100000000,0.693866666667),
double3(0.700066666667,0.769433333333,0.689866666667),
double3(0.874733333333,0.989600000000,0.700266666667),
double3(0.740100000000,0.845733333333,0.651266666667),
double3(0.741600000000,0.918600000000,0.631866666667),
double3(0.922966666667,0.697833333333,0.769566666667),
double3(0.802100000000,0.988566666667,0.680866666667),
double3(0.769433333333,0.894366666667,0.632866666667),
double3(0.822733333333,0.960666666667,0.699966666667),
double3(0.900100000000,0.698166666667,0.815866666667),
double3(0.918933333333,0.698266666667,0.716066666667),
double3(0.677666666667,0.718366666667,0.700066666667),
