[double3(17.215000000000,0.000000000000,0.000000000000),double3(-8.607500000000,14.908627326149,0.000000000000),double3(0.000000000000,0.000000000000,28.082000000000)]

double3(0.028700000000,0.264350000000,0.093100000000),
double3(0.035300000000,0.215500000000,0.161100000000),
double3(0.465150000000,0.180500000000,0.104400000000),
double3(0.044100000000,0.198900000000,0.071600000000),
double3(0.000000000000,0.145700000000,0.000000000000),
double3(0.065000000000,0.228000000000,0.983600000000),
double3(0.083900000000,0.167800000000,0.016200000000),
double3(0.118400000000,0.236800000000,0.912400000000),
double3(0.093050000000,0.296550000000,0.925100000000),
double3(0.093400000000,0.296700000000,0.190500000000),
double3(0.118050000000,0.236150000000,0.181000000000),
double3(0.063200000000,0.228800000000,0.250000000000),
double3(0.018300000000,0.214800000000,0.107500000000),
double3(0.048200000000,0.185050000000,0.017900000000),
double3(0.077800000000,0.244200000000,0.929200000000),
double3(0.077500000000,0.244250000000,0.195700000000),
double3(0.264350000000,0.028700000000,0.593100000000),
double3(0.319800000000,0.035300000000,0.661100000000),
double3(0.284650000000,0.465150000000,0.604400000000),
double3(0.345200000000,0.044100000000,0.571600000000),
double3(0.354300000000,0.000000000000,0.500000000000),
double3(0.337000000000,0.065000000000,0.483600000000),
double3(0.416100000000,0.083900000000,0.516200000000),
double3(0.381600000000,0.118400000000,0.412400000000),
double3(0.296500000000,0.093050000000,0.425100000000),
double3(0.296700000000,0.093400000000,0.690500000000),
double3(0.381900000000,0.118050000000,0.681000000000),
double3(0.334400000000,0.063200000000,0.750000000000),
double3(0.303500000000,0.018300000000,0.607500000000),
double3(0.363150000000,0.048200000000,0.517900000000),
double3(0.333600000000,0.077800000000,0.429200000000),
double3(0.333250000000,0.077500000000,0.695700000000),
double3(0.235650000000,0.264350000000,0.093100000000),
double3(0.284500000000,0.319800000000,0.161100000000),
double3(0.319500000000,0.284650000000,0.104400000000),
double3(0.301100000000,0.345200000000,0.071600000000),
double3(0.354300000000,0.354300000000,0.000000000000),
double3(0.272000000000,0.337000000000,0.983600000000),
double3(0.332200000000,0.416100000000,0.016200000000),
double3(0.263200000000,0.381600000000,0.912400000000),
double3(0.203450000000,0.296500000000,0.925100000000),
double3(0.203300000000,0.296700000000,0.190500000000),
double3(0.263850000000,0.381900000000,0.181000000000),
double3(0.271200000000,0.334400000000,0.250000000000),
double3(0.285200000000,0.303500000000,0.107500000000),
double3(0.314950000000,0.363150000000,0.017900000000),
double3(0.255800000000,0.333600000000,0.929200000000),
double3(0.255750000000,0.333250000000,0.195700000000),
double3(0.471300000000,0.235650000000,0.593100000000),
double3(0.464700000000,0.284500000000,0.661100000000),
double3(0.034850000000,0.319500000000,0.604400000000),
double3(0.455900000000,0.301100000000,0.571600000000),
double3(0.000000000000,0.354300000000,0.500000000000),
double3(0.435000000000,0.272000000000,0.483600000000),
double3(0.416100000000,0.332200000000,0.516200000000),
double3(0.381600000000,0.263200000000,0.412400000000),
double3(0.406950000000,0.203450000000,0.425100000000),
double3(0.406600000000,0.203300000000,0.690500000000),
double3(0.381950000000,0.263850000000,0.681000000000),
double3(0.436800000000,0.271200000000,0.750000000000),
double3(0.481700000000,0.285200000000,0.607500000000),
double3(0.451800000000,0.314950000000,0.517900000000),
double3(0.422200000000,0.255800000000,0.429200000000),
double3(0.422500000000,0.255750000000,0.695700000000),
double3(0.235650000000,0.471300000000,0.093100000000),
double3(0.180200000000,0.464700000000,0.161100000000),
double3(0.215350000000,0.034850000000,0.104400000000),
double3(0.154800000000,0.455900000000,0.071600000000),
double3(0.145700000000,0.000000000000,0.000000000000),
double3(0.163000000000,0.435000000000,0.983600000000),
double3(0.083900000000,0.416100000000,0.016200000000),
double3(0.118400000000,0.381600000000,0.912400000000),
double3(0.203500000000,0.406950000000,0.925100000000),
double3(0.203300000000,0.406600000000,0.190500000000),
double3(0.118100000000,0.381950000000,0.181000000000),
double3(0.165600000000,0.436800000000,0.250000000000),
double3(0.196500000000,0.481700000000,0.107500000000),
double3(0.136850000000,0.451800000000,0.017900000000),
double3(0.166400000000,0.422200000000,0.929200000000),
double3(0.166750000000,0.422500000000,0.195700000000),
double3(0.264350000000,0.235650000000,0.593100000000),
double3(0.215500000000,0.180200000000,0.661100000000),
double3(0.180500000000,0.215350000000,0.604400000000),
double3(0.198900000000,0.154800000000,0.571600000000),
double3(0.145700000000,0.145700000000,0.500000000000),
double3(0.228000000000,0.163000000000,0.483600000000),
double3(0.167800000000,0.083900000000,0.516200000000),
double3(0.236800000000,0.118400000000,0.412400000000),
double3(0.296550000000,0.203500000000,0.425100000000),
double3(0.296700000000,0.203300000000,0.690500000000),
double3(0.236150000000,0.118100000000,0.681000000000),
double3(0.228800000000,0.165600000000,0.750000000000),
double3(0.214800000000,0.196500000000,0.607500000000),
double3(0.185050000000,0.136850000000,0.517900000000),
double3(0.244200000000,0.166400000000,0.429200000000),
double3(0.244250000000,0.166750000000,0.695700000000),
double3(0.235650000000,0.471300000000,0.406900000000),
double3(0.284500000000,0.464700000000,0.338900000000),
double3(0.319500000000,0.034850000000,0.395600000000),
double3(0.301100000000,0.455900000000,0.428400000000),
double3(0.272000000000,0.435000000000,0.516400000000),
double3(0.332200000000,0.416100000000,0.483800000000),
double3(0.263200000000,0.381600000000,0.587600000000),
double3(0.203450000000,0.406950000000,0.574900000000),
double3(0.203300000000,0.406600000000,0.309500000000),
double3(0.263850000000,0.381950000000,0.319000000000),
double3(0.271200000000,0.436800000000,0.250000000000),
double3(0.285200000000,0.481700000000,0.392500000000),
double3(0.314950000000,0.451800000000,0.482100000000),
double3(0.255800000000,0.422200000000,0.570800000000),
double3(0.255750000000,0.422500000000,0.304300000000),
double3(0.264350000000,0.235650000000,0.906900000000),
double3(0.319800000000,0.284500000000,0.838900000000),
double3(0.284650000000,0.319500000000,0.895600000000),
double3(0.345200000000,0.301100000000,0.928400000000),
double3(0.337000000000,0.272000000000,0.016400000000),
double3(0.416100000000,0.332200000000,0.983800000000),
double3(0.381600000000,0.263200000000,0.087600000000),
double3(0.296500000000,0.203450000000,0.074900000000),
double3(0.296700000000,0.203300000000,0.809500000000),
double3(0.381900000000,0.263850000000,0.819000000000),
double3(0.334400000000,0.271200000000,0.750000000000),
double3(0.303500000000,0.285200000000,0.892500000000),
double3(0.363150000000,0.314950000000,0.982100000000),
double3(0.333600000000,0.255800000000,0.070800000000),
double3(0.333250000000,0.255750000000,0.804300000000),
double3(0.028700000000,0.264350000000,0.406900000000),
double3(0.035300000000,0.319800000000,0.338900000000),
double3(0.465150000000,0.284650000000,0.395600000000),
double3(0.044100000000,0.345200000000,0.428400000000),
double3(0.065000000000,0.337000000000,0.516400000000),
double3(0.083900000000,0.416100000000,0.483800000000),
double3(0.118400000000,0.381600000000,0.587600000000),
double3(0.093050000000,0.296500000000,0.574900000000),
double3(0.093400000000,0.296700000000,0.309500000000),
double3(0.118050000000,0.381900000000,0.319000000000),
double3(0.063200000000,0.334400000000,0.250000000000),
double3(0.018300000000,0.303500000000,0.392500000000),
double3(0.048200000000,0.363150000000,0.482100000000),
double3(0.077800000000,0.333600000000,0.570800000000),
double3(0.077500000000,0.333250000000,0.304300000000),
double3(0.264350000000,0.028700000000,0.906900000000),
double3(0.215500000000,0.035300000000,0.838900000000),
double3(0.180500000000,0.465150000000,0.895600000000),
double3(0.198900000000,0.044100000000,0.928400000000),
double3(0.228000000000,0.065000000000,0.016400000000),
double3(0.167800000000,0.083900000000,0.983800000000),
double3(0.236800000000,0.118400000000,0.087600000000),
double3(0.296550000000,0.093050000000,0.074900000000),
double3(0.296700000000,0.093400000000,0.809500000000),
double3(0.236150000000,0.118050000000,0.819000000000),
double3(0.228800000000,0.063200000000,0.750000000000),
double3(0.214800000000,0.018300000000,0.892500000000),
double3(0.185050000000,0.048200000000,0.982100000000),
double3(0.244200000000,0.077800000000,0.070800000000),
double3(0.244250000000,0.077500000000,0.804300000000),
double3(0.235650000000,0.264350000000,0.406900000000),
double3(0.180200000000,0.215500000000,0.338900000000),
double3(0.215350000000,0.180500000000,0.395600000000),
double3(0.154800000000,0.198900000000,0.428400000000),
double3(0.163000000000,0.228000000000,0.516400000000),
double3(0.083900000000,0.167800000000,0.483800000000),
double3(0.118400000000,0.236800000000,0.587600000000),
double3(0.203500000000,0.296550000000,0.574900000000),
double3(0.203300000000,0.296700000000,0.309500000000),
double3(0.118100000000,0.236150000000,0.319000000000),
double3(0.165600000000,0.228800000000,0.250000000000),
double3(0.196500000000,0.214800000000,0.392500000000),
double3(0.136850000000,0.185050000000,0.482100000000),
double3(0.166400000000,0.244200000000,0.570800000000),
double3(0.166750000000,0.244250000000,0.304300000000),
double3(0.471300000000,0.235650000000,0.906900000000),
double3(0.464700000000,0.180200000000,0.838900000000),
double3(0.034850000000,0.215350000000,0.895600000000),
double3(0.455900000000,0.154800000000,0.928400000000),
double3(0.435000000000,0.163000000000,0.016400000000),
double3(0.416100000000,0.083900000000,0.983800000000),
double3(0.381600000000,0.118400000000,0.087600000000),
double3(0.406950000000,0.203500000000,0.074900000000),
double3(0.406600000000,0.203300000000,0.809500000000),
double3(0.381950000000,0.118100000000,0.819000000000),
double3(0.436800000000,0.165600000000,0.750000000000),
double3(0.481700000000,0.196500000000,0.892500000000),
double3(0.451800000000,0.136850000000,0.982100000000),
double3(0.422200000000,0.166400000000,0.070800000000),
double3(0.422500000000,0.166750000000,0.804300000000),
double3(0.464700000000,0.284500000000,0.838900000000),
double3(0.034850000000,0.319500000000,0.895600000000),
double3(0.455900000000,0.301100000000,0.928400000000),
double3(0.000000000000,0.354300000000,0.000000000000),
double3(0.435000000000,0.272000000000,0.016400000000),
double3(0.481700000000,0.285200000000,0.892500000000),
double3(0.451800000000,0.314950000000,0.982100000000),
double3(0.422200000000,0.255800000000,0.070800000000),
double3(0.422500000000,0.255750000000,0.804300000000),
double3(0.180200000000,0.464700000000,0.338900000000),
double3(0.215350000000,0.034850000000,0.395600000000),
double3(0.154800000000,0.455900000000,0.428400000000),
double3(0.145700000000,0.000000000000,0.500000000000),
double3(0.163000000000,0.435000000000,0.516400000000),
double3(0.196500000000,0.481700000000,0.392500000000),
double3(0.136850000000,0.451800000000,0.482100000000),
double3(0.166400000000,0.422200000000,0.570800000000),
double3(0.166750000000,0.422500000000,0.304300000000),
double3(0.215500000000,0.180200000000,0.838900000000),
double3(0.180500000000,0.215350000000,0.895600000000),
double3(0.198900000000,0.154800000000,0.928400000000),
double3(0.145700000000,0.145700000000,0.000000000000),
double3(0.228000000000,0.163000000000,0.016400000000),
double3(0.214800000000,0.196500000000,0.892500000000),
double3(0.185050000000,0.136850000000,0.982100000000),
double3(0.244200000000,0.166400000000,0.070800000000),
double3(0.244250000000,0.166750000000,0.804300000000),
double3(0.035300000000,0.215500000000,0.338900000000),
double3(0.465150000000,0.180500000000,0.395600000000),
double3(0.044100000000,0.198900000000,0.428400000000),
double3(0.000000000000,0.145700000000,0.500000000000),
double3(0.065000000000,0.228000000000,0.516400000000),
double3(0.018300000000,0.214800000000,0.392500000000),
double3(0.048200000000,0.185050000000,0.482100000000),
double3(0.077800000000,0.244200000000,0.570800000000),
double3(0.077500000000,0.244250000000,0.304300000000),
double3(0.319800000000,0.035300000000,0.838900000000),
double3(0.284650000000,0.465150000000,0.895600000000),
double3(0.345200000000,0.044100000000,0.928400000000),
double3(0.354300000000,0.000000000000,0.000000000000),
double3(0.337000000000,0.065000000000,0.016400000000),
double3(0.303500000000,0.018300000000,0.892500000000),
double3(0.363150000000,0.048200000000,0.982100000000),
double3(0.333600000000,0.077800000000,0.070800000000),
double3(0.333250000000,0.077500000000,0.804300000000),
double3(0.284500000000,0.319800000000,0.338900000000),
double3(0.319500000000,0.284650000000,0.395600000000),
double3(0.301100000000,0.345200000000,0.428400000000),
double3(0.354300000000,0.354300000000,0.500000000000),
double3(0.272000000000,0.337000000000,0.516400000000),
double3(0.285200000000,0.303500000000,0.392500000000),
double3(0.314950000000,0.363150000000,0.482100000000),
double3(0.255800000000,0.333600000000,0.570800000000),
double3(0.255750000000,0.333250000000,0.304300000000),
double3(0.215500000000,0.035300000000,0.661100000000),
double3(0.180500000000,0.465150000000,0.604400000000),
double3(0.198900000000,0.044100000000,0.571600000000),
double3(0.228000000000,0.065000000000,0.483600000000),
double3(0.214800000000,0.018300000000,0.607500000000),
double3(0.185050000000,0.048200000000,0.517900000000),
double3(0.244200000000,0.077800000000,0.429200000000),
double3(0.244250000000,0.077500000000,0.695700000000),
double3(0.180200000000,0.215500000000,0.161100000000),
double3(0.215350000000,0.180500000000,0.104400000000),
double3(0.154800000000,0.198900000000,0.071600000000),
double3(0.163000000000,0.228000000000,0.983600000000),
double3(0.196500000000,0.214800000000,0.107500000000),
double3(0.136850000000,0.185050000000,0.017900000000),
double3(0.166400000000,0.244200000000,0.929200000000),
double3(0.166750000000,0.244250000000,0.195700000000),
double3(0.464700000000,0.180200000000,0.661100000000),
double3(0.034850000000,0.215350000000,0.604400000000),
double3(0.455900000000,0.154800000000,0.571600000000),
double3(0.435000000000,0.163000000000,0.483600000000),
double3(0.481700000000,0.196500000000,0.607500000000),
double3(0.451800000000,0.136850000000,0.517900000000),
double3(0.422200000000,0.166400000000,0.429200000000),
double3(0.422500000000,0.166750000000,0.695700000000),
double3(0.284500000000,0.464700000000,0.161100000000),
double3(0.319500000000,0.034850000000,0.104400000000),
double3(0.301100000000,0.455900000000,0.071600000000),
double3(0.272000000000,0.435000000000,0.983600000000),
double3(0.285200000000,0.481700000000,0.107500000000),
double3(0.314950000000,0.451800000000,0.017900000000),
double3(0.255800000000,0.422200000000,0.929200000000),
double3(0.255750000000,0.422500000000,0.195700000000),
double3(0.319800000000,0.284500000000,0.661100000000),
double3(0.284650000000,0.319500000000,0.604400000000),
double3(0.345200000000,0.301100000000,0.571600000000),
double3(0.337000000000,0.272000000000,0.483600000000),
double3(0.303500000000,0.285200000000,0.607500000000),
double3(0.363150000000,0.314950000000,0.517900000000),
double3(0.333600000000,0.255800000000,0.429200000000),
double3(0.333250000000,0.255750000000,0.695700000000),
double3(0.035300000000,0.319800000000,0.161100000000),
double3(0.465150000000,0.284650000000,0.104400000000),
double3(0.044100000000,0.345200000000,0.071600000000),
double3(0.065000000000,0.337000000000,0.983600000000),
double3(0.018300000000,0.303500000000,0.107500000000),
double3(0.048200000000,0.363150000000,0.017900000000),
double3(0.077800000000,0.333600000000,0.929200000000),
double3(0.077500000000,0.333250000000,0.195700000000),
double3(0.028700000000,0.764350000000,0.093100000000),
double3(0.035300000000,0.715500000000,0.161100000000),
double3(0.465150000000,0.680500000000,0.104400000000),
double3(0.044100000000,0.698900000000,0.071600000000),
double3(0.000000000000,0.645700000000,0.000000000000),
double3(0.065000000000,0.728000000000,0.983600000000),
double3(0.083900000000,0.667800000000,0.016200000000),
double3(0.118400000000,0.736800000000,0.912400000000),
double3(0.093050000000,0.796550000000,0.925100000000),
double3(0.093400000000,0.796700000000,0.190500000000),
double3(0.118050000000,0.736150000000,0.181000000000),
double3(0.063200000000,0.728800000000,0.250000000000),
double3(0.018300000000,0.714800000000,0.107500000000),
double3(0.048200000000,0.685050000000,0.017900000000),
double3(0.077800000000,0.744200000000,0.929200000000),
double3(0.077500000000,0.744250000000,0.195700000000),
double3(0.264350000000,0.528700000000,0.593100000000),
double3(0.319800000000,0.535300000000,0.661100000000),
double3(0.284650000000,0.965150000000,0.604400000000),
double3(0.345200000000,0.544100000000,0.571600000000),
double3(0.354300000000,0.500000000000,0.500000000000),
double3(0.337000000000,0.565000000000,0.483600000000),
double3(0.416100000000,0.583900000000,0.516200000000),
double3(0.381600000000,0.618400000000,0.412400000000),
double3(0.296500000000,0.593050000000,0.425100000000),
double3(0.296700000000,0.593400000000,0.690500000000),
double3(0.381900000000,0.618050000000,0.681000000000),
double3(0.334400000000,0.563200000000,0.750000000000),
double3(0.303500000000,0.518300000000,0.607500000000),
double3(0.363150000000,0.548200000000,0.517900000000),
double3(0.333600000000,0.577800000000,0.429200000000),
double3(0.333250000000,0.577500000000,0.695700000000),
double3(0.235650000000,0.764350000000,0.093100000000),
double3(0.284500000000,0.819800000000,0.161100000000),
double3(0.319500000000,0.784650000000,0.104400000000),
double3(0.301100000000,0.845200000000,0.071600000000),
double3(0.354300000000,0.854300000000,0.000000000000),
double3(0.272000000000,0.837000000000,0.983600000000),
double3(0.332200000000,0.916100000000,0.016200000000),
double3(0.263200000000,0.881600000000,0.912400000000),
double3(0.203450000000,0.796500000000,0.925100000000),
double3(0.203300000000,0.796700000000,0.190500000000),
double3(0.263850000000,0.881900000000,0.181000000000),
double3(0.271200000000,0.834400000000,0.250000000000),
double3(0.285200000000,0.803500000000,0.107500000000),
double3(0.314950000000,0.863150000000,0.017900000000),
double3(0.255800000000,0.833600000000,0.929200000000),
double3(0.255750000000,0.833250000000,0.195700000000),
double3(0.471300000000,0.735650000000,0.593100000000),
double3(0.464700000000,0.784500000000,0.661100000000),
double3(0.034850000000,0.819500000000,0.604400000000),
double3(0.455900000000,0.801100000000,0.571600000000),
double3(0.000000000000,0.854300000000,0.500000000000),
double3(0.435000000000,0.772000000000,0.483600000000),
double3(0.416100000000,0.832200000000,0.516200000000),
double3(0.381600000000,0.763200000000,0.412400000000),
double3(0.406950000000,0.703450000000,0.425100000000),
double3(0.406600000000,0.703300000000,0.690500000000),
double3(0.381950000000,0.763850000000,0.681000000000),
double3(0.436800000000,0.771200000000,0.750000000000),
double3(0.481700000000,0.785200000000,0.607500000000),
double3(0.451800000000,0.814950000000,0.517900000000),
double3(0.422200000000,0.755800000000,0.429200000000),
double3(0.422500000000,0.755750000000,0.695700000000),
double3(0.235650000000,0.971300000000,0.093100000000),
double3(0.180200000000,0.964700000000,0.161100000000),
double3(0.215350000000,0.534850000000,0.104400000000),
double3(0.154800000000,0.955900000000,0.071600000000),
double3(0.145700000000,0.500000000000,0.000000000000),
double3(0.163000000000,0.935000000000,0.983600000000),
double3(0.083900000000,0.916100000000,0.016200000000),
double3(0.118400000000,0.881600000000,0.912400000000),
double3(0.203500000000,0.906950000000,0.925100000000),
double3(0.203300000000,0.906600000000,0.190500000000),
double3(0.118100000000,0.881950000000,0.181000000000),
double3(0.165600000000,0.936800000000,0.250000000000),
double3(0.196500000000,0.981700000000,0.107500000000),
double3(0.136850000000,0.951800000000,0.017900000000),
double3(0.166400000000,0.922200000000,0.929200000000),
double3(0.166750000000,0.922500000000,0.195700000000),
double3(0.264350000000,0.735650000000,0.593100000000),
double3(0.215500000000,0.680200000000,0.661100000000),
double3(0.180500000000,0.715350000000,0.604400000000),
double3(0.198900000000,0.654800000000,0.571600000000),
double3(0.145700000000,0.645700000000,0.500000000000),
double3(0.228000000000,0.663000000000,0.483600000000),
double3(0.167800000000,0.583900000000,0.516200000000),
double3(0.236800000000,0.618400000000,0.412400000000),
double3(0.296550000000,0.703500000000,0.425100000000),
double3(0.296700000000,0.703300000000,0.690500000000),
double3(0.236150000000,0.618100000000,0.681000000000),
double3(0.228800000000,0.665600000000,0.750000000000),
double3(0.214800000000,0.696500000000,0.607500000000),
double3(0.185050000000,0.636850000000,0.517900000000),
double3(0.244200000000,0.666400000000,0.429200000000),
double3(0.244250000000,0.666750000000,0.695700000000),
double3(0.235650000000,0.971300000000,0.406900000000),
double3(0.284500000000,0.964700000000,0.338900000000),
double3(0.319500000000,0.534850000000,0.395600000000),
double3(0.301100000000,0.955900000000,0.428400000000),
double3(0.272000000000,0.935000000000,0.516400000000),
double3(0.332200000000,0.916100000000,0.483800000000),
double3(0.263200000000,0.881600000000,0.587600000000),
double3(0.203450000000,0.906950000000,0.574900000000),
double3(0.203300000000,0.906600000000,0.309500000000),
double3(0.263850000000,0.881950000000,0.319000000000),
double3(0.271200000000,0.936800000000,0.250000000000),
double3(0.285200000000,0.981700000000,0.392500000000),
double3(0.314950000000,0.951800000000,0.482100000000),
double3(0.255800000000,0.922200000000,0.570800000000),
double3(0.255750000000,0.922500000000,0.304300000000),
double3(0.264350000000,0.735650000000,0.906900000000),
double3(0.319800000000,0.784500000000,0.838900000000),
double3(0.284650000000,0.819500000000,0.895600000000),
double3(0.345200000000,0.801100000000,0.928400000000),
double3(0.337000000000,0.772000000000,0.016400000000),
double3(0.416100000000,0.832200000000,0.983800000000),
double3(0.381600000000,0.763200000000,0.087600000000),
double3(0.296500000000,0.703450000000,0.074900000000),
double3(0.296700000000,0.703300000000,0.809500000000),
double3(0.381900000000,0.763850000000,0.819000000000),
double3(0.334400000000,0.771200000000,0.750000000000),
double3(0.303500000000,0.785200000000,0.892500000000),
double3(0.363150000000,0.814950000000,0.982100000000),
double3(0.333600000000,0.755800000000,0.070800000000),
double3(0.333250000000,0.755750000000,0.804300000000),
double3(0.028700000000,0.764350000000,0.406900000000),
double3(0.035300000000,0.819800000000,0.338900000000),
double3(0.465150000000,0.784650000000,0.395600000000),
double3(0.044100000000,0.845200000000,0.428400000000),
double3(0.065000000000,0.837000000000,0.516400000000),
double3(0.083900000000,0.916100000000,0.483800000000),
double3(0.118400000000,0.881600000000,0.587600000000),
double3(0.093050000000,0.796500000000,0.574900000000),
double3(0.093400000000,0.796700000000,0.309500000000),
double3(0.118050000000,0.881900000000,0.319000000000),
double3(0.063200000000,0.834400000000,0.250000000000),
double3(0.018300000000,0.803500000000,0.392500000000),
double3(0.048200000000,0.863150000000,0.482100000000),
double3(0.077800000000,0.833600000000,0.570800000000),
double3(0.077500000000,0.833250000000,0.304300000000),
double3(0.264350000000,0.528700000000,0.906900000000),
double3(0.215500000000,0.535300000000,0.838900000000),
double3(0.180500000000,0.965150000000,0.895600000000),
double3(0.198900000000,0.544100000000,0.928400000000),
double3(0.228000000000,0.565000000000,0.016400000000),
double3(0.167800000000,0.583900000000,0.983800000000),
double3(0.236800000000,0.618400000000,0.087600000000),
double3(0.296550000000,0.593050000000,0.074900000000),
double3(0.296700000000,0.593400000000,0.809500000000),
double3(0.236150000000,0.618050000000,0.819000000000),
double3(0.228800000000,0.563200000000,0.750000000000),
double3(0.214800000000,0.518300000000,0.892500000000),
double3(0.185050000000,0.548200000000,0.982100000000),
double3(0.244200000000,0.577800000000,0.070800000000),
double3(0.244250000000,0.577500000000,0.804300000000),
double3(0.235650000000,0.764350000000,0.406900000000),
double3(0.180200000000,0.715500000000,0.338900000000),
double3(0.215350000000,0.680500000000,0.395600000000),
double3(0.154800000000,0.698900000000,0.428400000000),
double3(0.163000000000,0.728000000000,0.516400000000),
double3(0.083900000000,0.667800000000,0.483800000000),
double3(0.118400000000,0.736800000000,0.587600000000),
double3(0.203500000000,0.796550000000,0.574900000000),
double3(0.203300000000,0.796700000000,0.309500000000),
double3(0.118100000000,0.736150000000,0.319000000000),
double3(0.165600000000,0.728800000000,0.250000000000),
double3(0.196500000000,0.714800000000,0.392500000000),
double3(0.136850000000,0.685050000000,0.482100000000),
double3(0.166400000000,0.744200000000,0.570800000000),
double3(0.166750000000,0.744250000000,0.304300000000),
double3(0.471300000000,0.735650000000,0.906900000000),
double3(0.464700000000,0.680200000000,0.838900000000),
double3(0.034850000000,0.715350000000,0.895600000000),
double3(0.455900000000,0.654800000000,0.928400000000),
double3(0.435000000000,0.663000000000,0.016400000000),
double3(0.416100000000,0.583900000000,0.983800000000),
double3(0.381600000000,0.618400000000,0.087600000000),
double3(0.406950000000,0.703500000000,0.074900000000),
double3(0.406600000000,0.703300000000,0.809500000000),
double3(0.381950000000,0.618100000000,0.819000000000),
double3(0.436800000000,0.665600000000,0.750000000000),
double3(0.481700000000,0.696500000000,0.892500000000),
double3(0.451800000000,0.636850000000,0.982100000000),
double3(0.422200000000,0.666400000000,0.070800000000),
double3(0.422500000000,0.666750000000,0.804300000000),
double3(0.464700000000,0.784500000000,0.838900000000),
double3(0.034850000000,0.819500000000,0.895600000000),
double3(0.455900000000,0.801100000000,0.928400000000),
double3(0.000000000000,0.854300000000,0.000000000000),
double3(0.435000000000,0.772000000000,0.016400000000),
double3(0.481700000000,0.785200000000,0.892500000000),
double3(0.451800000000,0.814950000000,0.982100000000),
double3(0.422200000000,0.755800000000,0.070800000000),
double3(0.422500000000,0.755750000000,0.804300000000),
double3(0.180200000000,0.964700000000,0.338900000000),
double3(0.215350000000,0.534850000000,0.395600000000),
double3(0.154800000000,0.955900000000,0.428400000000),
double3(0.145700000000,0.500000000000,0.500000000000),
double3(0.163000000000,0.935000000000,0.516400000000),
double3(0.196500000000,0.981700000000,0.392500000000),
double3(0.136850000000,0.951800000000,0.482100000000),
double3(0.166400000000,0.922200000000,0.570800000000),
double3(0.166750000000,0.922500000000,0.304300000000),
double3(0.215500000000,0.680200000000,0.838900000000),
double3(0.180500000000,0.715350000000,0.895600000000),
double3(0.198900000000,0.654800000000,0.928400000000),
double3(0.145700000000,0.645700000000,0.000000000000),
double3(0.228000000000,0.663000000000,0.016400000000),
double3(0.214800000000,0.696500000000,0.892500000000),
double3(0.185050000000,0.636850000000,0.982100000000),
double3(0.244200000000,0.666400000000,0.070800000000),
double3(0.244250000000,0.666750000000,0.804300000000),
double3(0.035300000000,0.715500000000,0.338900000000),
double3(0.465150000000,0.680500000000,0.395600000000),
double3(0.044100000000,0.698900000000,0.428400000000),
double3(0.000000000000,0.645700000000,0.500000000000),
double3(0.065000000000,0.728000000000,0.516400000000),
double3(0.018300000000,0.714800000000,0.392500000000),
double3(0.048200000000,0.685050000000,0.482100000000),
double3(0.077800000000,0.744200000000,0.570800000000),
double3(0.077500000000,0.744250000000,0.304300000000),
double3(0.319800000000,0.535300000000,0.838900000000),
double3(0.284650000000,0.965150000000,0.895600000000),
double3(0.345200000000,0.544100000000,0.928400000000),
double3(0.354300000000,0.500000000000,0.000000000000),
double3(0.337000000000,0.565000000000,0.016400000000),
double3(0.303500000000,0.518300000000,0.892500000000),
double3(0.363150000000,0.548200000000,0.982100000000),
double3(0.333600000000,0.577800000000,0.070800000000),
double3(0.333250000000,0.577500000000,0.804300000000),
double3(0.284500000000,0.819800000000,0.338900000000),
double3(0.319500000000,0.784650000000,0.395600000000),
double3(0.301100000000,0.845200000000,0.428400000000),
double3(0.354300000000,0.854300000000,0.500000000000),
double3(0.272000000000,0.837000000000,0.516400000000),
double3(0.285200000000,0.803500000000,0.392500000000),
double3(0.314950000000,0.863150000000,0.482100000000),
double3(0.255800000000,0.833600000000,0.570800000000),
double3(0.255750000000,0.833250000000,0.304300000000),
double3(0.215500000000,0.535300000000,0.661100000000),
double3(0.180500000000,0.965150000000,0.604400000000),
double3(0.198900000000,0.544100000000,0.571600000000),
double3(0.228000000000,0.565000000000,0.483600000000),
double3(0.214800000000,0.518300000000,0.607500000000),
double3(0.185050000000,0.548200000000,0.517900000000),
double3(0.244200000000,0.577800000000,0.429200000000),
double3(0.244250000000,0.577500000000,0.695700000000),
double3(0.180200000000,0.715500000000,0.161100000000),
double3(0.215350000000,0.680500000000,0.104400000000),
double3(0.154800000000,0.698900000000,0.071600000000),
double3(0.163000000000,0.728000000000,0.983600000000),
double3(0.196500000000,0.714800000000,0.107500000000),
double3(0.136850000000,0.685050000000,0.017900000000),
double3(0.166400000000,0.744200000000,0.929200000000),
double3(0.166750000000,0.744250000000,0.195700000000),
double3(0.464700000000,0.680200000000,0.661100000000),
double3(0.034850000000,0.715350000000,0.604400000000),
double3(0.455900000000,0.654800000000,0.571600000000),
double3(0.435000000000,0.663000000000,0.483600000000),
double3(0.481700000000,0.696500000000,0.607500000000),
double3(0.451800000000,0.636850000000,0.517900000000),
double3(0.422200000000,0.666400000000,0.429200000000),
double3(0.422500000000,0.666750000000,0.695700000000),
double3(0.284500000000,0.964700000000,0.161100000000),
double3(0.319500000000,0.534850000000,0.104400000000),
double3(0.301100000000,0.955900000000,0.071600000000),
double3(0.272000000000,0.935000000000,0.983600000000),
double3(0.285200000000,0.981700000000,0.107500000000),
double3(0.314950000000,0.951800000000,0.017900000000),
double3(0.255800000000,0.922200000000,0.929200000000),
double3(0.255750000000,0.922500000000,0.195700000000),
double3(0.319800000000,0.784500000000,0.661100000000),
double3(0.284650000000,0.819500000000,0.604400000000),
double3(0.345200000000,0.801100000000,0.571600000000),
double3(0.337000000000,0.772000000000,0.483600000000),
double3(0.303500000000,0.785200000000,0.607500000000),
double3(0.363150000000,0.814950000000,0.517900000000),
double3(0.333600000000,0.755800000000,0.429200000000),
double3(0.333250000000,0.755750000000,0.695700000000),
double3(0.035300000000,0.819800000000,0.161100000000),
double3(0.465150000000,0.784650000000,0.104400000000),
double3(0.044100000000,0.845200000000,0.071600000000),
double3(0.065000000000,0.837000000000,0.983600000000),
double3(0.018300000000,0.803500000000,0.107500000000),
double3(0.048200000000,0.863150000000,0.017900000000),
double3(0.077800000000,0.833600000000,0.929200000000),
double3(0.077500000000,0.833250000000,0.195700000000),
double3(0.528700000000,0.264350000000,0.093100000000),
double3(0.535300000000,0.215500000000,0.161100000000),
double3(0.965150000000,0.180500000000,0.104400000000),
double3(0.544100000000,0.198900000000,0.071600000000),
double3(0.500000000000,0.145700000000,0.000000000000),
double3(0.565000000000,0.228000000000,0.983600000000),
double3(0.583900000000,0.167800000000,0.016200000000),
double3(0.618400000000,0.236800000000,0.912400000000),
double3(0.593050000000,0.296550000000,0.925100000000),
double3(0.593400000000,0.296700000000,0.190500000000),
double3(0.618050000000,0.236150000000,0.181000000000),
double3(0.563200000000,0.228800000000,0.250000000000),
double3(0.518300000000,0.214800000000,0.107500000000),
double3(0.548200000000,0.185050000000,0.017900000000),
double3(0.577800000000,0.244200000000,0.929200000000),
double3(0.577500000000,0.244250000000,0.195700000000),
double3(0.764350000000,0.028700000000,0.593100000000),
double3(0.819800000000,0.035300000000,0.661100000000),
double3(0.784650000000,0.465150000000,0.604400000000),
double3(0.845200000000,0.044100000000,0.571600000000),
double3(0.854300000000,0.000000000000,0.500000000000),
double3(0.837000000000,0.065000000000,0.483600000000),
double3(0.916100000000,0.083900000000,0.516200000000),
double3(0.881600000000,0.118400000000,0.412400000000),
double3(0.796500000000,0.093050000000,0.425100000000),
double3(0.796700000000,0.093400000000,0.690500000000),
double3(0.881900000000,0.118050000000,0.681000000000),
double3(0.834400000000,0.063200000000,0.750000000000),
double3(0.803500000000,0.018300000000,0.607500000000),
double3(0.863150000000,0.048200000000,0.517900000000),
double3(0.833600000000,0.077800000000,0.429200000000),
double3(0.833250000000,0.077500000000,0.695700000000),
double3(0.735650000000,0.264350000000,0.093100000000),
double3(0.784500000000,0.319800000000,0.161100000000),
double3(0.819500000000,0.284650000000,0.104400000000),
double3(0.801100000000,0.345200000000,0.071600000000),
double3(0.854300000000,0.354300000000,0.000000000000),
double3(0.772000000000,0.337000000000,0.983600000000),
double3(0.832200000000,0.416100000000,0.016200000000),
double3(0.763200000000,0.381600000000,0.912400000000),
double3(0.703450000000,0.296500000000,0.925100000000),
double3(0.703300000000,0.296700000000,0.190500000000),
double3(0.763850000000,0.381900000000,0.181000000000),
double3(0.771200000000,0.334400000000,0.250000000000),
double3(0.785200000000,0.303500000000,0.107500000000),
double3(0.814950000000,0.363150000000,0.017900000000),
double3(0.755800000000,0.333600000000,0.929200000000),
double3(0.755750000000,0.333250000000,0.195700000000),
double3(0.971300000000,0.235650000000,0.593100000000),
double3(0.964700000000,0.284500000000,0.661100000000),
double3(0.534850000000,0.319500000000,0.604400000000),
double3(0.955900000000,0.301100000000,0.571600000000),
double3(0.500000000000,0.354300000000,0.500000000000),
double3(0.935000000000,0.272000000000,0.483600000000),
double3(0.916100000000,0.332200000000,0.516200000000),
double3(0.881600000000,0.263200000000,0.412400000000),
double3(0.906950000000,0.203450000000,0.425100000000),
double3(0.906600000000,0.203300000000,0.690500000000),
double3(0.881950000000,0.263850000000,0.681000000000),
double3(0.936800000000,0.271200000000,0.750000000000),
double3(0.981700000000,0.285200000000,0.607500000000),
double3(0.951800000000,0.314950000000,0.517900000000),
double3(0.922200000000,0.255800000000,0.429200000000),
double3(0.922500000000,0.255750000000,0.695700000000),
double3(0.735650000000,0.471300000000,0.093100000000),
double3(0.680200000000,0.464700000000,0.161100000000),
double3(0.715350000000,0.034850000000,0.104400000000),
double3(0.654800000000,0.455900000000,0.071600000000),
double3(0.645700000000,0.000000000000,0.000000000000),
double3(0.663000000000,0.435000000000,0.983600000000),
double3(0.583900000000,0.416100000000,0.016200000000),
double3(0.618400000000,0.381600000000,0.912400000000),
double3(0.703500000000,0.406950000000,0.925100000000),
double3(0.703300000000,0.406600000000,0.190500000000),
double3(0.618100000000,0.381950000000,0.181000000000),
double3(0.665600000000,0.436800000000,0.250000000000),
double3(0.696500000000,0.481700000000,0.107500000000),
double3(0.636850000000,0.451800000000,0.017900000000),
double3(0.666400000000,0.422200000000,0.929200000000),
double3(0.666750000000,0.422500000000,0.195700000000),
double3(0.764350000000,0.235650000000,0.593100000000),
double3(0.715500000000,0.180200000000,0.661100000000),
double3(0.680500000000,0.215350000000,0.604400000000),
double3(0.698900000000,0.154800000000,0.571600000000),
double3(0.645700000000,0.145700000000,0.500000000000),
double3(0.728000000000,0.163000000000,0.483600000000),
double3(0.667800000000,0.083900000000,0.516200000000),
double3(0.736800000000,0.118400000000,0.412400000000),
double3(0.796550000000,0.203500000000,0.425100000000),
double3(0.796700000000,0.203300000000,0.690500000000),
double3(0.736150000000,0.118100000000,0.681000000000),
double3(0.728800000000,0.165600000000,0.750000000000),
double3(0.714800000000,0.196500000000,0.607500000000),
double3(0.685050000000,0.136850000000,0.517900000000),
double3(0.744200000000,0.166400000000,0.429200000000),
double3(0.744250000000,0.166750000000,0.695700000000),
double3(0.735650000000,0.471300000000,0.406900000000),
double3(0.784500000000,0.464700000000,0.338900000000),
double3(0.819500000000,0.034850000000,0.395600000000),
double3(0.801100000000,0.455900000000,0.428400000000),
double3(0.772000000000,0.435000000000,0.516400000000),
double3(0.832200000000,0.416100000000,0.483800000000),
double3(0.763200000000,0.381600000000,0.587600000000),
double3(0.703450000000,0.406950000000,0.574900000000),
double3(0.703300000000,0.406600000000,0.309500000000),
double3(0.763850000000,0.381950000000,0.319000000000),
double3(0.771200000000,0.436800000000,0.250000000000),
double3(0.785200000000,0.481700000000,0.392500000000),
double3(0.814950000000,0.451800000000,0.482100000000),
double3(0.755800000000,0.422200000000,0.570800000000),
double3(0.755750000000,0.422500000000,0.304300000000),
double3(0.764350000000,0.235650000000,0.906900000000),
double3(0.819800000000,0.284500000000,0.838900000000),
double3(0.784650000000,0.319500000000,0.895600000000),
double3(0.845200000000,0.301100000000,0.928400000000),
double3(0.837000000000,0.272000000000,0.016400000000),
double3(0.916100000000,0.332200000000,0.983800000000),
double3(0.881600000000,0.263200000000,0.087600000000),
double3(0.796500000000,0.203450000000,0.074900000000),
double3(0.796700000000,0.203300000000,0.809500000000),
double3(0.881900000000,0.263850000000,0.819000000000),
double3(0.834400000000,0.271200000000,0.750000000000),
double3(0.803500000000,0.285200000000,0.892500000000),
double3(0.863150000000,0.314950000000,0.982100000000),
double3(0.833600000000,0.255800000000,0.070800000000),
double3(0.833250000000,0.255750000000,0.804300000000),
double3(0.528700000000,0.264350000000,0.406900000000),
double3(0.535300000000,0.319800000000,0.338900000000),
double3(0.965150000000,0.284650000000,0.395600000000),
double3(0.544100000000,0.345200000000,0.428400000000),
double3(0.565000000000,0.337000000000,0.516400000000),
double3(0.583900000000,0.416100000000,0.483800000000),
double3(0.618400000000,0.381600000000,0.587600000000),
double3(0.593050000000,0.296500000000,0.574900000000),
double3(0.593400000000,0.296700000000,0.309500000000),
double3(0.618050000000,0.381900000000,0.319000000000),
double3(0.563200000000,0.334400000000,0.250000000000),
double3(0.518300000000,0.303500000000,0.392500000000),
double3(0.548200000000,0.363150000000,0.482100000000),
double3(0.577800000000,0.333600000000,0.570800000000),
double3(0.577500000000,0.333250000000,0.304300000000),
double3(0.764350000000,0.028700000000,0.906900000000),
double3(0.715500000000,0.035300000000,0.838900000000),
double3(0.680500000000,0.465150000000,0.895600000000),
double3(0.698900000000,0.044100000000,0.928400000000),
double3(0.728000000000,0.065000000000,0.016400000000),
double3(0.667800000000,0.083900000000,0.983800000000),
double3(0.736800000000,0.118400000000,0.087600000000),
double3(0.796550000000,0.093050000000,0.074900000000),
double3(0.796700000000,0.093400000000,0.809500000000),
double3(0.736150000000,0.118050000000,0.819000000000),
double3(0.728800000000,0.063200000000,0.750000000000),
double3(0.714800000000,0.018300000000,0.892500000000),
double3(0.685050000000,0.048200000000,0.982100000000),
double3(0.744200000000,0.077800000000,0.070800000000),
double3(0.744250000000,0.077500000000,0.804300000000),
double3(0.735650000000,0.264350000000,0.406900000000),
double3(0.680200000000,0.215500000000,0.338900000000),
double3(0.715350000000,0.180500000000,0.395600000000),
double3(0.654800000000,0.198900000000,0.428400000000),
double3(0.663000000000,0.228000000000,0.516400000000),
double3(0.583900000000,0.167800000000,0.483800000000),
double3(0.618400000000,0.236800000000,0.587600000000),
double3(0.703500000000,0.296550000000,0.574900000000),
double3(0.703300000000,0.296700000000,0.309500000000),
double3(0.618100000000,0.236150000000,0.319000000000),
double3(0.665600000000,0.228800000000,0.250000000000),
double3(0.696500000000,0.214800000000,0.392500000000),
double3(0.636850000000,0.185050000000,0.482100000000),
double3(0.666400000000,0.244200000000,0.570800000000),
double3(0.666750000000,0.244250000000,0.304300000000),
double3(0.971300000000,0.235650000000,0.906900000000),
double3(0.964700000000,0.180200000000,0.838900000000),
double3(0.534850000000,0.215350000000,0.895600000000),
double3(0.955900000000,0.154800000000,0.928400000000),
double3(0.935000000000,0.163000000000,0.016400000000),
double3(0.916100000000,0.083900000000,0.983800000000),
double3(0.881600000000,0.118400000000,0.087600000000),
double3(0.906950000000,0.203500000000,0.074900000000),
double3(0.906600000000,0.203300000000,0.809500000000),
double3(0.881950000000,0.118100000000,0.819000000000),
double3(0.936800000000,0.165600000000,0.750000000000),
double3(0.981700000000,0.196500000000,0.892500000000),
double3(0.951800000000,0.136850000000,0.982100000000),
double3(0.922200000000,0.166400000000,0.070800000000),
double3(0.922500000000,0.166750000000,0.804300000000),
double3(0.964700000000,0.284500000000,0.838900000000),
double3(0.534850000000,0.319500000000,0.895600000000),
double3(0.955900000000,0.301100000000,0.928400000000),
double3(0.500000000000,0.354300000000,0.000000000000),
double3(0.935000000000,0.272000000000,0.016400000000),
double3(0.981700000000,0.285200000000,0.892500000000),
double3(0.951800000000,0.314950000000,0.982100000000),
double3(0.922200000000,0.255800000000,0.070800000000),
double3(0.922500000000,0.255750000000,0.804300000000),
double3(0.680200000000,0.464700000000,0.338900000000),
double3(0.715350000000,0.034850000000,0.395600000000),
double3(0.654800000000,0.455900000000,0.428400000000),
double3(0.645700000000,0.000000000000,0.500000000000),
double3(0.663000000000,0.435000000000,0.516400000000),
double3(0.696500000000,0.481700000000,0.392500000000),
double3(0.636850000000,0.451800000000,0.482100000000),
double3(0.666400000000,0.422200000000,0.570800000000),
double3(0.666750000000,0.422500000000,0.304300000000),
double3(0.715500000000,0.180200000000,0.838900000000),
double3(0.680500000000,0.215350000000,0.895600000000),
double3(0.698900000000,0.154800000000,0.928400000000),
double3(0.645700000000,0.145700000000,0.000000000000),
double3(0.728000000000,0.163000000000,0.016400000000),
double3(0.714800000000,0.196500000000,0.892500000000),
double3(0.685050000000,0.136850000000,0.982100000000),
double3(0.744200000000,0.166400000000,0.070800000000),
double3(0.744250000000,0.166750000000,0.804300000000),
double3(0.535300000000,0.215500000000,0.338900000000),
double3(0.965150000000,0.180500000000,0.395600000000),
double3(0.544100000000,0.198900000000,0.428400000000),
double3(0.500000000000,0.145700000000,0.500000000000),
double3(0.565000000000,0.228000000000,0.516400000000),
double3(0.518300000000,0.214800000000,0.392500000000),
double3(0.548200000000,0.185050000000,0.482100000000),
double3(0.577800000000,0.244200000000,0.570800000000),
double3(0.577500000000,0.244250000000,0.304300000000),
double3(0.819800000000,0.035300000000,0.838900000000),
double3(0.784650000000,0.465150000000,0.895600000000),
double3(0.845200000000,0.044100000000,0.928400000000),
double3(0.854300000000,0.000000000000,0.000000000000),
double3(0.837000000000,0.065000000000,0.016400000000),
double3(0.803500000000,0.018300000000,0.892500000000),
double3(0.863150000000,0.048200000000,0.982100000000),
double3(0.833600000000,0.077800000000,0.070800000000),
double3(0.833250000000,0.077500000000,0.804300000000),
double3(0.784500000000,0.319800000000,0.338900000000),
double3(0.819500000000,0.284650000000,0.395600000000),
double3(0.801100000000,0.345200000000,0.428400000000),
double3(0.854300000000,0.354300000000,0.500000000000),
double3(0.772000000000,0.337000000000,0.516400000000),
double3(0.785200000000,0.303500000000,0.392500000000),
double3(0.814950000000,0.363150000000,0.482100000000),
double3(0.755800000000,0.333600000000,0.570800000000),
double3(0.755750000000,0.333250000000,0.304300000000),
double3(0.715500000000,0.035300000000,0.661100000000),
double3(0.680500000000,0.465150000000,0.604400000000),
double3(0.698900000000,0.044100000000,0.571600000000),
double3(0.728000000000,0.065000000000,0.483600000000),
double3(0.714800000000,0.018300000000,0.607500000000),
double3(0.685050000000,0.048200000000,0.517900000000),
double3(0.744200000000,0.077800000000,0.429200000000),
double3(0.744250000000,0.077500000000,0.695700000000),
double3(0.680200000000,0.215500000000,0.161100000000),
double3(0.715350000000,0.180500000000,0.104400000000),
double3(0.654800000000,0.198900000000,0.071600000000),
double3(0.663000000000,0.228000000000,0.983600000000),
double3(0.696500000000,0.214800000000,0.107500000000),
double3(0.636850000000,0.185050000000,0.017900000000),
double3(0.666400000000,0.244200000000,0.929200000000),
double3(0.666750000000,0.244250000000,0.195700000000),
double3(0.964700000000,0.180200000000,0.661100000000),
double3(0.534850000000,0.215350000000,0.604400000000),
double3(0.955900000000,0.154800000000,0.571600000000),
double3(0.935000000000,0.163000000000,0.483600000000),
double3(0.981700000000,0.196500000000,0.607500000000),
double3(0.951800000000,0.136850000000,0.517900000000),
double3(0.922200000000,0.166400000000,0.429200000000),
double3(0.922500000000,0.166750000000,0.695700000000),
double3(0.784500000000,0.464700000000,0.161100000000),
double3(0.819500000000,0.034850000000,0.104400000000),
double3(0.801100000000,0.455900000000,0.071600000000),
double3(0.772000000000,0.435000000000,0.983600000000),
double3(0.785200000000,0.481700000000,0.107500000000),
double3(0.814950000000,0.451800000000,0.017900000000),
double3(0.755800000000,0.422200000000,0.929200000000),
double3(0.755750000000,0.422500000000,0.195700000000),
double3(0.819800000000,0.284500000000,0.661100000000),
double3(0.784650000000,0.319500000000,0.604400000000),
double3(0.845200000000,0.301100000000,0.571600000000),
double3(0.837000000000,0.272000000000,0.483600000000),
double3(0.803500000000,0.285200000000,0.607500000000),
double3(0.863150000000,0.314950000000,0.517900000000),
double3(0.833600000000,0.255800000000,0.429200000000),
double3(0.833250000000,0.255750000000,0.695700000000),
double3(0.535300000000,0.319800000000,0.161100000000),
double3(0.965150000000,0.284650000000,0.104400000000),
double3(0.544100000000,0.345200000000,0.071600000000),
double3(0.565000000000,0.337000000000,0.983600000000),
double3(0.518300000000,0.303500000000,0.107500000000),
double3(0.548200000000,0.363150000000,0.017900000000),
double3(0.577800000000,0.333600000000,0.929200000000),
double3(0.577500000000,0.333250000000,0.195700000000),
double3(0.528700000000,0.764350000000,0.093100000000),
double3(0.535300000000,0.715500000000,0.161100000000),
double3(0.965150000000,0.680500000000,0.104400000000),
double3(0.544100000000,0.698900000000,0.071600000000),
double3(0.500000000000,0.645700000000,0.000000000000),
double3(0.565000000000,0.728000000000,0.983600000000),
double3(0.583900000000,0.667800000000,0.016200000000),
double3(0.618400000000,0.736800000000,0.912400000000),
double3(0.593050000000,0.796550000000,0.925100000000),
double3(0.593400000000,0.796700000000,0.190500000000),
double3(0.618050000000,0.736150000000,0.181000000000),
double3(0.563200000000,0.728800000000,0.250000000000),
double3(0.518300000000,0.714800000000,0.107500000000),
double3(0.548200000000,0.685050000000,0.017900000000),
double3(0.577800000000,0.744200000000,0.929200000000),
double3(0.577500000000,0.744250000000,0.195700000000),
double3(0.764350000000,0.528700000000,0.593100000000),
double3(0.819800000000,0.535300000000,0.661100000000),
double3(0.784650000000,0.965150000000,0.604400000000),
double3(0.845200000000,0.544100000000,0.571600000000),
double3(0.854300000000,0.500000000000,0.500000000000),
double3(0.837000000000,0.565000000000,0.483600000000),
double3(0.916100000000,0.583900000000,0.516200000000),
double3(0.881600000000,0.618400000000,0.412400000000),
double3(0.796500000000,0.593050000000,0.425100000000),
double3(0.796700000000,0.593400000000,0.690500000000),
double3(0.881900000000,0.618050000000,0.681000000000),
double3(0.834400000000,0.563200000000,0.750000000000),
double3(0.803500000000,0.518300000000,0.607500000000),
double3(0.863150000000,0.548200000000,0.517900000000),
double3(0.833600000000,0.577800000000,0.429200000000),
double3(0.833250000000,0.577500000000,0.695700000000),
double3(0.735650000000,0.764350000000,0.093100000000),
double3(0.784500000000,0.819800000000,0.161100000000),
double3(0.819500000000,0.784650000000,0.104400000000),
double3(0.801100000000,0.845200000000,0.071600000000),
double3(0.854300000000,0.854300000000,0.000000000000),
double3(0.772000000000,0.837000000000,0.983600000000),
double3(0.832200000000,0.916100000000,0.016200000000),
double3(0.763200000000,0.881600000000,0.912400000000),
double3(0.703450000000,0.796500000000,0.925100000000),
double3(0.703300000000,0.796700000000,0.190500000000),
double3(0.763850000000,0.881900000000,0.181000000000),
double3(0.771200000000,0.834400000000,0.250000000000),
double3(0.785200000000,0.803500000000,0.107500000000),
double3(0.814950000000,0.863150000000,0.017900000000),
double3(0.755800000000,0.833600000000,0.929200000000),
double3(0.755750000000,0.833250000000,0.195700000000),
double3(0.971300000000,0.735650000000,0.593100000000),
double3(0.964700000000,0.784500000000,0.661100000000),
double3(0.534850000000,0.819500000000,0.604400000000),
double3(0.955900000000,0.801100000000,0.571600000000),
double3(0.500000000000,0.854300000000,0.500000000000),
double3(0.935000000000,0.772000000000,0.483600000000),
double3(0.916100000000,0.832200000000,0.516200000000),
double3(0.881600000000,0.763200000000,0.412400000000),
double3(0.906950000000,0.703450000000,0.425100000000),
double3(0.906600000000,0.703300000000,0.690500000000),
double3(0.881950000000,0.763850000000,0.681000000000),
double3(0.936800000000,0.771200000000,0.750000000000),
double3(0.981700000000,0.785200000000,0.607500000000),
double3(0.951800000000,0.814950000000,0.517900000000),
double3(0.922200000000,0.755800000000,0.429200000000),
double3(0.922500000000,0.755750000000,0.695700000000),
double3(0.735650000000,0.971300000000,0.093100000000),
double3(0.680200000000,0.964700000000,0.161100000000),
double3(0.715350000000,0.534850000000,0.104400000000),
double3(0.654800000000,0.955900000000,0.071600000000),
double3(0.645700000000,0.500000000000,0.000000000000),
double3(0.663000000000,0.935000000000,0.983600000000),
double3(0.583900000000,0.916100000000,0.016200000000),
double3(0.618400000000,0.881600000000,0.912400000000),
double3(0.703500000000,0.906950000000,0.925100000000),
double3(0.703300000000,0.906600000000,0.190500000000),
double3(0.618100000000,0.881950000000,0.181000000000),
double3(0.665600000000,0.936800000000,0.250000000000),
double3(0.696500000000,0.981700000000,0.107500000000),
double3(0.636850000000,0.951800000000,0.017900000000),
double3(0.666400000000,0.922200000000,0.929200000000),
double3(0.666750000000,0.922500000000,0.195700000000),
double3(0.764350000000,0.735650000000,0.593100000000),
double3(0.715500000000,0.680200000000,0.661100000000),
double3(0.680500000000,0.715350000000,0.604400000000),
double3(0.698900000000,0.654800000000,0.571600000000),
double3(0.645700000000,0.645700000000,0.500000000000),
double3(0.728000000000,0.663000000000,0.483600000000),
double3(0.667800000000,0.583900000000,0.516200000000),
double3(0.736800000000,0.618400000000,0.412400000000),
double3(0.796550000000,0.703500000000,0.425100000000),
double3(0.796700000000,0.703300000000,0.690500000000),
double3(0.736150000000,0.618100000000,0.681000000000),
double3(0.728800000000,0.665600000000,0.750000000000),
double3(0.714800000000,0.696500000000,0.607500000000),
double3(0.685050000000,0.636850000000,0.517900000000),
double3(0.744200000000,0.666400000000,0.429200000000),
double3(0.744250000000,0.666750000000,0.695700000000),
double3(0.735650000000,0.971300000000,0.406900000000),
double3(0.784500000000,0.964700000000,0.338900000000),
double3(0.819500000000,0.534850000000,0.395600000000),
double3(0.801100000000,0.955900000000,0.428400000000),
double3(0.772000000000,0.935000000000,0.516400000000),
double3(0.832200000000,0.916100000000,0.483800000000),
double3(0.763200000000,0.881600000000,0.587600000000),
double3(0.703450000000,0.906950000000,0.574900000000),
double3(0.703300000000,0.906600000000,0.309500000000),
double3(0.763850000000,0.881950000000,0.319000000000),
double3(0.771200000000,0.936800000000,0.250000000000),
double3(0.785200000000,0.981700000000,0.392500000000),
double3(0.814950000000,0.951800000000,0.482100000000),
double3(0.755800000000,0.922200000000,0.570800000000),
double3(0.755750000000,0.922500000000,0.304300000000),
double3(0.764350000000,0.735650000000,0.906900000000),
double3(0.819800000000,0.784500000000,0.838900000000),
double3(0.784650000000,0.819500000000,0.895600000000),
double3(0.845200000000,0.801100000000,0.928400000000),
double3(0.837000000000,0.772000000000,0.016400000000),
double3(0.916100000000,0.832200000000,0.983800000000),
double3(0.881600000000,0.763200000000,0.087600000000),
double3(0.796500000000,0.703450000000,0.074900000000),
double3(0.796700000000,0.703300000000,0.809500000000),
double3(0.881900000000,0.763850000000,0.819000000000),
double3(0.834400000000,0.771200000000,0.750000000000),
double3(0.803500000000,0.785200000000,0.892500000000),
double3(0.863150000000,0.814950000000,0.982100000000),
double3(0.833600000000,0.755800000000,0.070800000000),
double3(0.833250000000,0.755750000000,0.804300000000),
double3(0.528700000000,0.764350000000,0.406900000000),
double3(0.535300000000,0.819800000000,0.338900000000),
double3(0.965150000000,0.784650000000,0.395600000000),
double3(0.544100000000,0.845200000000,0.428400000000),
double3(0.565000000000,0.837000000000,0.516400000000),
double3(0.583900000000,0.916100000000,0.483800000000),
double3(0.618400000000,0.881600000000,0.587600000000),
double3(0.593050000000,0.796500000000,0.574900000000),
double3(0.593400000000,0.796700000000,0.309500000000),
double3(0.618050000000,0.881900000000,0.319000000000),
double3(0.563200000000,0.834400000000,0.250000000000),
double3(0.518300000000,0.803500000000,0.392500000000),
double3(0.548200000000,0.863150000000,0.482100000000),
double3(0.577800000000,0.833600000000,0.570800000000),
double3(0.577500000000,0.833250000000,0.304300000000),
double3(0.764350000000,0.528700000000,0.906900000000),
double3(0.715500000000,0.535300000000,0.838900000000),
double3(0.680500000000,0.965150000000,0.895600000000),
double3(0.698900000000,0.544100000000,0.928400000000),
double3(0.728000000000,0.565000000000,0.016400000000),
double3(0.667800000000,0.583900000000,0.983800000000),
double3(0.736800000000,0.618400000000,0.087600000000),
double3(0.796550000000,0.593050000000,0.074900000000),
double3(0.796700000000,0.593400000000,0.809500000000),
double3(0.736150000000,0.618050000000,0.819000000000),
double3(0.728800000000,0.563200000000,0.750000000000),
double3(0.714800000000,0.518300000000,0.892500000000),
double3(0.685050000000,0.548200000000,0.982100000000),
double3(0.744200000000,0.577800000000,0.070800000000),
double3(0.744250000000,0.577500000000,0.804300000000),
double3(0.735650000000,0.764350000000,0.406900000000),
double3(0.680200000000,0.715500000000,0.338900000000),
double3(0.715350000000,0.680500000000,0.395600000000),
double3(0.654800000000,0.698900000000,0.428400000000),
double3(0.663000000000,0.728000000000,0.516400000000),
double3(0.583900000000,0.667800000000,0.483800000000),
double3(0.618400000000,0.736800000000,0.587600000000),
double3(0.703500000000,0.796550000000,0.574900000000),
double3(0.703300000000,0.796700000000,0.309500000000),
double3(0.618100000000,0.736150000000,0.319000000000),
double3(0.665600000000,0.728800000000,0.250000000000),
double3(0.696500000000,0.714800000000,0.392500000000),
double3(0.636850000000,0.685050000000,0.482100000000),
double3(0.666400000000,0.744200000000,0.570800000000),
double3(0.666750000000,0.744250000000,0.304300000000),
double3(0.971300000000,0.735650000000,0.906900000000),
double3(0.964700000000,0.680200000000,0.838900000000),
double3(0.534850000000,0.715350000000,0.895600000000),
double3(0.955900000000,0.654800000000,0.928400000000),
double3(0.935000000000,0.663000000000,0.016400000000),
double3(0.916100000000,0.583900000000,0.983800000000),
double3(0.881600000000,0.618400000000,0.087600000000),
double3(0.906950000000,0.703500000000,0.074900000000),
double3(0.906600000000,0.703300000000,0.809500000000),
double3(0.881950000000,0.618100000000,0.819000000000),
double3(0.936800000000,0.665600000000,0.750000000000),
double3(0.981700000000,0.696500000000,0.892500000000),
double3(0.951800000000,0.636850000000,0.982100000000),
double3(0.922200000000,0.666400000000,0.070800000000),
double3(0.922500000000,0.666750000000,0.804300000000),
double3(0.964700000000,0.784500000000,0.838900000000),
double3(0.534850000000,0.819500000000,0.895600000000),
double3(0.955900000000,0.801100000000,0.928400000000),
double3(0.500000000000,0.854300000000,0.000000000000),
double3(0.935000000000,0.772000000000,0.016400000000),
double3(0.981700000000,0.785200000000,0.892500000000),
double3(0.951800000000,0.814950000000,0.982100000000),
double3(0.922200000000,0.755800000000,0.070800000000),
double3(0.922500000000,0.755750000000,0.804300000000),
double3(0.680200000000,0.964700000000,0.338900000000),
double3(0.715350000000,0.534850000000,0.395600000000),
double3(0.654800000000,0.955900000000,0.428400000000),
double3(0.645700000000,0.500000000000,0.500000000000),
double3(0.663000000000,0.935000000000,0.516400000000),
double3(0.696500000000,0.981700000000,0.392500000000),
double3(0.636850000000,0.951800000000,0.482100000000),
double3(0.666400000000,0.922200000000,0.570800000000),
double3(0.666750000000,0.922500000000,0.304300000000),
double3(0.715500000000,0.680200000000,0.838900000000),
double3(0.680500000000,0.715350000000,0.895600000000),
double3(0.698900000000,0.654800000000,0.928400000000),
double3(0.645700000000,0.645700000000,0.000000000000),
double3(0.728000000000,0.663000000000,0.016400000000),
double3(0.714800000000,0.696500000000,0.892500000000),
double3(0.685050000000,0.636850000000,0.982100000000),
double3(0.744200000000,0.666400000000,0.070800000000),
double3(0.744250000000,0.666750000000,0.804300000000),
double3(0.535300000000,0.715500000000,0.338900000000),
double3(0.965150000000,0.680500000000,0.395600000000),
double3(0.544100000000,0.698900000000,0.428400000000),
double3(0.500000000000,0.645700000000,0.500000000000),
double3(0.565000000000,0.728000000000,0.516400000000),
double3(0.518300000000,0.714800000000,0.392500000000),
double3(0.548200000000,0.685050000000,0.482100000000),
double3(0.577800000000,0.744200000000,0.570800000000),
double3(0.577500000000,0.744250000000,0.304300000000),
double3(0.819800000000,0.535300000000,0.838900000000),
double3(0.784650000000,0.965150000000,0.895600000000),
double3(0.845200000000,0.544100000000,0.928400000000),
double3(0.854300000000,0.500000000000,0.000000000000),
double3(0.837000000000,0.565000000000,0.016400000000),
double3(0.803500000000,0.518300000000,0.892500000000),
double3(0.863150000000,0.548200000000,0.982100000000),
double3(0.833600000000,0.577800000000,0.070800000000),
double3(0.833250000000,0.577500000000,0.804300000000),
double3(0.784500000000,0.819800000000,0.338900000000),
double3(0.819500000000,0.784650000000,0.395600000000),
double3(0.801100000000,0.845200000000,0.428400000000),
double3(0.854300000000,0.854300000000,0.500000000000),
double3(0.772000000000,0.837000000000,0.516400000000),
double3(0.785200000000,0.803500000000,0.392500000000),
double3(0.814950000000,0.863150000000,0.482100000000),
double3(0.755800000000,0.833600000000,0.570800000000),
double3(0.755750000000,0.833250000000,0.304300000000),
double3(0.715500000000,0.535300000000,0.661100000000),
double3(0.680500000000,0.965150000000,0.604400000000),
double3(0.698900000000,0.544100000000,0.571600000000),
double3(0.728000000000,0.565000000000,0.483600000000),
double3(0.714800000000,0.518300000000,0.607500000000),
double3(0.685050000000,0.548200000000,0.517900000000),
double3(0.744200000000,0.577800000000,0.429200000000),
double3(0.744250000000,0.577500000000,0.695700000000),
double3(0.680200000000,0.715500000000,0.161100000000),
double3(0.715350000000,0.680500000000,0.104400000000),
double3(0.654800000000,0.698900000000,0.071600000000),
double3(0.663000000000,0.728000000000,0.983600000000),
double3(0.696500000000,0.714800000000,0.107500000000),
double3(0.636850000000,0.685050000000,0.017900000000),
double3(0.666400000000,0.744200000000,0.929200000000),
double3(0.666750000000,0.744250000000,0.195700000000),
double3(0.964700000000,0.680200000000,0.661100000000),
double3(0.534850000000,0.715350000000,0.604400000000),
double3(0.955900000000,0.654800000000,0.571600000000),
double3(0.935000000000,0.663000000000,0.483600000000),
double3(0.981700000000,0.696500000000,0.607500000000),
double3(0.951800000000,0.636850000000,0.517900000000),
double3(0.922200000000,0.666400000000,0.429200000000),
double3(0.922500000000,0.666750000000,0.695700000000),
double3(0.784500000000,0.964700000000,0.161100000000),
double3(0.819500000000,0.534850000000,0.104400000000),
double3(0.801100000000,0.955900000000,0.071600000000),
double3(0.772000000000,0.935000000000,0.983600000000),
double3(0.785200000000,0.981700000000,0.107500000000),
double3(0.814950000000,0.951800000000,0.017900000000),
double3(0.755800000000,0.922200000000,0.929200000000),
double3(0.755750000000,0.922500000000,0.195700000000),
double3(0.819800000000,0.784500000000,0.661100000000),
double3(0.784650000000,0.819500000000,0.604400000000),
double3(0.845200000000,0.801100000000,0.571600000000),
double3(0.837000000000,0.772000000000,0.483600000000),
double3(0.803500000000,0.785200000000,0.607500000000),
double3(0.863150000000,0.814950000000,0.517900000000),
double3(0.833600000000,0.755800000000,0.429200000000),
double3(0.833250000000,0.755750000000,0.695700000000),
double3(0.535300000000,0.819800000000,0.161100000000),
double3(0.965150000000,0.784650000000,0.104400000000),
double3(0.544100000000,0.845200000000,0.071600000000),
double3(0.565000000000,0.837000000000,0.983600000000),
double3(0.518300000000,0.803500000000,0.107500000000),
double3(0.548200000000,0.863150000000,0.017900000000),
double3(0.577800000000,0.833600000000,0.929200000000),
double3(0.577500000000,0.833250000000,0.195700000000),
