[double3(5.256000000000,0.000000000000,0.000000000000),double3(0.000000000000,14.132000000000,0.000000000000),double3(0.000000000000,0.000000000000,17.227000000000)]

double3(0.000000000000,0.086500000000,0.057950000000),
double3(0.050000000000,0.125000000000,0.000000000000),
double3(0.000000000000,0.178800000000,0.049050000000),
double3(0.150000000000,0.006550000000,0.065900000000),
double3(0.000000000000,0.042550000000,0.125000000000),
double3(0.100000000000,0.000000000000,0.000000000000),
double3(0.000000000000,0.128800000000,0.026700000000),
double3(0.000000000000,0.035450000000,0.078700000000),
double3(0.100000000000,0.485550000000,0.045150000000),
double3(0.000000000000,0.413500000000,0.307950000000),
double3(0.150000000000,0.375000000000,0.250000000000),
double3(0.000000000000,0.321200000000,0.299050000000),
double3(0.050000000000,0.493450000000,0.315900000000),
double3(0.000000000000,0.457450000000,0.375000000000),
double3(0.100000000000,0.000000000000,0.250000000000),
double3(0.000000000000,0.371200000000,0.276700000000),
double3(0.000000000000,0.464550000000,0.328700000000),
double3(0.100000000000,0.014450000000,0.295150000000),
double3(0.000000000000,0.413500000000,0.442050000000),
double3(0.050000000000,0.375000000000,0.000000000000),
double3(0.000000000000,0.321200000000,0.450950000000),
double3(0.150000000000,0.493450000000,0.434100000000),
double3(0.000000000000,0.371200000000,0.473300000000),
double3(0.000000000000,0.464550000000,0.421300000000),
double3(0.100000000000,0.014450000000,0.454850000000),
double3(0.000000000000,0.086500000000,0.192050000000),
double3(0.150000000000,0.125000000000,0.250000000000),
double3(0.000000000000,0.178800000000,0.200950000000),
double3(0.050000000000,0.006550000000,0.184100000000),
double3(0.000000000000,0.128800000000,0.223300000000),
double3(0.000000000000,0.035450000000,0.171300000000),
double3(0.100000000000,0.485550000000,0.204850000000),
double3(0.150000000000,0.375000000000,0.000000000000),
double3(0.050000000000,0.493450000000,0.434100000000),
double3(0.050000000000,0.125000000000,0.250000000000),
double3(0.150000000000,0.006550000000,0.184100000000),
double3(0.150000000000,0.125000000000,0.000000000000),
double3(0.050000000000,0.006550000000,0.065900000000),
double3(0.050000000000,0.375000000000,0.250000000000),
double3(0.150000000000,0.493450000000,0.315900000000),
double3(0.100000000000,0.336500000000,0.057950000000),
double3(0.100000000000,0.428800000000,0.049050000000),
double3(0.050000000000,0.256550000000,0.065900000000),
double3(0.100000000000,0.292550000000,0.125000000000),
double3(0.000000000000,0.250000000000,0.000000000000),
double3(0.100000000000,0.378800000000,0.026700000000),
double3(0.100000000000,0.285450000000,0.078700000000),
double3(0.000000000000,0.235550000000,0.045150000000),
double3(0.100000000000,0.163500000000,0.307950000000),
double3(0.100000000000,0.071200000000,0.299050000000),
double3(0.150000000000,0.243450000000,0.315900000000),
double3(0.100000000000,0.207450000000,0.375000000000),
double3(0.000000000000,0.250000000000,0.250000000000),
double3(0.100000000000,0.121200000000,0.276700000000),
double3(0.100000000000,0.214550000000,0.328700000000),
double3(0.000000000000,0.264450000000,0.295150000000),
double3(0.100000000000,0.163500000000,0.442050000000),
double3(0.100000000000,0.071200000000,0.450950000000),
double3(0.050000000000,0.243450000000,0.434100000000),
double3(0.100000000000,0.121200000000,0.473300000000),
double3(0.100000000000,0.214550000000,0.421300000000),
double3(0.000000000000,0.264450000000,0.454850000000),
double3(0.100000000000,0.336500000000,0.192050000000),
double3(0.100000000000,0.428800000000,0.200950000000),
double3(0.150000000000,0.256550000000,0.184100000000),
double3(0.100000000000,0.378800000000,0.223300000000),
double3(0.100000000000,0.285450000000,0.171300000000),
double3(0.000000000000,0.235550000000,0.204850000000),
double3(0.150000000000,0.243450000000,0.434100000000),
double3(0.050000000000,0.256550000000,0.184100000000),
double3(0.150000000000,0.256550000000,0.065900000000),
double3(0.050000000000,0.243450000000,0.315900000000),
double3(0.000000000000,0.086500000000,0.557950000000),
double3(0.050000000000,0.125000000000,0.500000000000),
double3(0.000000000000,0.178800000000,0.549050000000),
double3(0.150000000000,0.006550000000,0.565900000000),
double3(0.000000000000,0.042550000000,0.625000000000),
double3(0.100000000000,0.000000000000,0.500000000000),
double3(0.000000000000,0.128800000000,0.526700000000),
double3(0.000000000000,0.035450000000,0.578700000000),
double3(0.100000000000,0.485550000000,0.545150000000),
double3(0.000000000000,0.413500000000,0.807950000000),
double3(0.150000000000,0.375000000000,0.750000000000),
double3(0.000000000000,0.321200000000,0.799050000000),
double3(0.050000000000,0.493450000000,0.815900000000),
double3(0.000000000000,0.457450000000,0.875000000000),
double3(0.100000000000,0.000000000000,0.750000000000),
double3(0.000000000000,0.371200000000,0.776700000000),
double3(0.000000000000,0.464550000000,0.828700000000),
double3(0.100000000000,0.014450000000,0.795150000000),
double3(0.000000000000,0.413500000000,0.942050000000),
double3(0.050000000000,0.375000000000,0.500000000000),
double3(0.000000000000,0.321200000000,0.950950000000),
double3(0.150000000000,0.493450000000,0.934100000000),
double3(0.000000000000,0.371200000000,0.973300000000),
double3(0.000000000000,0.464550000000,0.921300000000),
double3(0.100000000000,0.014450000000,0.954850000000),
double3(0.000000000000,0.086500000000,0.692050000000),
double3(0.150000000000,0.125000000000,0.750000000000),
double3(0.000000000000,0.178800000000,0.700950000000),
double3(0.050000000000,0.006550000000,0.684100000000),
double3(0.000000000000,0.128800000000,0.723300000000),
double3(0.000000000000,0.035450000000,0.671300000000),
double3(0.100000000000,0.485550000000,0.704850000000),
double3(0.150000000000,0.375000000000,0.500000000000),
double3(0.050000000000,0.493450000000,0.934100000000),
double3(0.050000000000,0.125000000000,0.750000000000),
double3(0.150000000000,0.006550000000,0.684100000000),
double3(0.150000000000,0.125000000000,0.500000000000),
double3(0.050000000000,0.006550000000,0.565900000000),
double3(0.050000000000,0.375000000000,0.750000000000),
double3(0.150000000000,0.493450000000,0.815900000000),
double3(0.100000000000,0.336500000000,0.557950000000),
double3(0.100000000000,0.428800000000,0.549050000000),
double3(0.050000000000,0.256550000000,0.565900000000),
double3(0.100000000000,0.292550000000,0.625000000000),
double3(0.000000000000,0.250000000000,0.500000000000),
double3(0.100000000000,0.378800000000,0.526700000000),
double3(0.100000000000,0.285450000000,0.578700000000),
double3(0.000000000000,0.235550000000,0.545150000000),
double3(0.100000000000,0.163500000000,0.807950000000),
double3(0.100000000000,0.071200000000,0.799050000000),
double3(0.150000000000,0.243450000000,0.815900000000),
double3(0.100000000000,0.207450000000,0.875000000000),
double3(0.000000000000,0.250000000000,0.750000000000),
double3(0.100000000000,0.121200000000,0.776700000000),
double3(0.100000000000,0.214550000000,0.828700000000),
double3(0.000000000000,0.264450000000,0.795150000000),
double3(0.100000000000,0.163500000000,0.942050000000),
double3(0.100000000000,0.071200000000,0.950950000000),
double3(0.050000000000,0.243450000000,0.934100000000),
double3(0.100000000000,0.121200000000,0.973300000000),
double3(0.100000000000,0.214550000000,0.921300000000),
double3(0.000000000000,0.264450000000,0.954850000000),
double3(0.100000000000,0.336500000000,0.692050000000),
double3(0.100000000000,0.428800000000,0.700950000000),
double3(0.150000000000,0.256550000000,0.684100000000),
double3(0.100000000000,0.378800000000,0.723300000000),
double3(0.100000000000,0.285450000000,0.671300000000),
double3(0.000000000000,0.235550000000,0.704850000000),
double3(0.150000000000,0.243450000000,0.934100000000),
double3(0.050000000000,0.256550000000,0.684100000000),
double3(0.150000000000,0.256550000000,0.565900000000),
double3(0.050000000000,0.243450000000,0.815900000000),
double3(0.000000000000,0.586500000000,0.057950000000),
double3(0.050000000000,0.625000000000,0.000000000000),
double3(0.000000000000,0.678800000000,0.049050000000),
double3(0.150000000000,0.506550000000,0.065900000000),
double3(0.000000000000,0.542550000000,0.125000000000),
double3(0.100000000000,0.500000000000,0.000000000000),
double3(0.000000000000,0.628800000000,0.026700000000),
double3(0.000000000000,0.535450000000,0.078700000000),
double3(0.100000000000,0.985550000000,0.045150000000),
double3(0.000000000000,0.913500000000,0.307950000000),
double3(0.150000000000,0.875000000000,0.250000000000),
double3(0.000000000000,0.821200000000,0.299050000000),
double3(0.050000000000,0.993450000000,0.315900000000),
double3(0.000000000000,0.957450000000,0.375000000000),
double3(0.100000000000,0.500000000000,0.250000000000),
double3(0.000000000000,0.871200000000,0.276700000000),
double3(0.000000000000,0.964550000000,0.328700000000),
double3(0.100000000000,0.514450000000,0.295150000000),
double3(0.000000000000,0.913500000000,0.442050000000),
double3(0.050000000000,0.875000000000,0.000000000000),
double3(0.000000000000,0.821200000000,0.450950000000),
double3(0.150000000000,0.993450000000,0.434100000000),
double3(0.000000000000,0.871200000000,0.473300000000),
double3(0.000000000000,0.964550000000,0.421300000000),
double3(0.100000000000,0.514450000000,0.454850000000),
double3(0.000000000000,0.586500000000,0.192050000000),
double3(0.150000000000,0.625000000000,0.250000000000),
double3(0.000000000000,0.678800000000,0.200950000000),
double3(0.050000000000,0.506550000000,0.184100000000),
double3(0.000000000000,0.628800000000,0.223300000000),
double3(0.000000000000,0.535450000000,0.171300000000),
double3(0.100000000000,0.985550000000,0.204850000000),
double3(0.150000000000,0.875000000000,0.000000000000),
double3(0.050000000000,0.993450000000,0.434100000000),
double3(0.050000000000,0.625000000000,0.250000000000),
double3(0.150000000000,0.506550000000,0.184100000000),
double3(0.150000000000,0.625000000000,0.000000000000),
double3(0.050000000000,0.506550000000,0.065900000000),
double3(0.050000000000,0.875000000000,0.250000000000),
double3(0.150000000000,0.993450000000,0.315900000000),
double3(0.100000000000,0.836500000000,0.057950000000),
double3(0.100000000000,0.928800000000,0.049050000000),
double3(0.050000000000,0.756550000000,0.065900000000),
double3(0.100000000000,0.792550000000,0.125000000000),
double3(0.000000000000,0.750000000000,0.000000000000),
double3(0.100000000000,0.878800000000,0.026700000000),
double3(0.100000000000,0.785450000000,0.078700000000),
double3(0.000000000000,0.735550000000,0.045150000000),
double3(0.100000000000,0.663500000000,0.307950000000),
double3(0.100000000000,0.571200000000,0.299050000000),
double3(0.150000000000,0.743450000000,0.315900000000),
double3(0.100000000000,0.707450000000,0.375000000000),
double3(0.000000000000,0.750000000000,0.250000000000),
double3(0.100000000000,0.621200000000,0.276700000000),
double3(0.100000000000,0.714550000000,0.328700000000),
double3(0.000000000000,0.764450000000,0.295150000000),
double3(0.100000000000,0.663500000000,0.442050000000),
double3(0.100000000000,0.571200000000,0.450950000000),
double3(0.050000000000,0.743450000000,0.434100000000),
double3(0.100000000000,0.621200000000,0.473300000000),
double3(0.100000000000,0.714550000000,0.421300000000),
double3(0.000000000000,0.764450000000,0.454850000000),
double3(0.100000000000,0.836500000000,0.192050000000),
double3(0.100000000000,0.928800000000,0.200950000000),
double3(0.150000000000,0.756550000000,0.184100000000),
double3(0.100000000000,0.878800000000,0.223300000000),
double3(0.100000000000,0.785450000000,0.171300000000),
double3(0.000000000000,0.735550000000,0.204850000000),
double3(0.150000000000,0.743450000000,0.434100000000),
double3(0.050000000000,0.756550000000,0.184100000000),
double3(0.150000000000,0.756550000000,0.065900000000),
double3(0.050000000000,0.743450000000,0.315900000000),
double3(0.000000000000,0.586500000000,0.557950000000),
double3(0.050000000000,0.625000000000,0.500000000000),
double3(0.000000000000,0.678800000000,0.549050000000),
double3(0.150000000000,0.506550000000,0.565900000000),
double3(0.000000000000,0.542550000000,0.625000000000),
double3(0.100000000000,0.500000000000,0.500000000000),
double3(0.000000000000,0.628800000000,0.526700000000),
double3(0.000000000000,0.535450000000,0.578700000000),
double3(0.100000000000,0.985550000000,0.545150000000),
double3(0.000000000000,0.913500000000,0.807950000000),
double3(0.150000000000,0.875000000000,0.750000000000),
double3(0.000000000000,0.821200000000,0.799050000000),
double3(0.050000000000,0.993450000000,0.815900000000),
double3(0.000000000000,0.957450000000,0.875000000000),
double3(0.100000000000,0.500000000000,0.750000000000),
double3(0.000000000000,0.871200000000,0.776700000000),
double3(0.000000000000,0.964550000000,0.828700000000),
double3(0.100000000000,0.514450000000,0.795150000000),
double3(0.000000000000,0.913500000000,0.942050000000),
double3(0.050000000000,0.875000000000,0.500000000000),
double3(0.000000000000,0.821200000000,0.950950000000),
double3(0.150000000000,0.993450000000,0.934100000000),
double3(0.000000000000,0.871200000000,0.973300000000),
double3(0.000000000000,0.964550000000,0.921300000000),
double3(0.100000000000,0.514450000000,0.954850000000),
double3(0.000000000000,0.586500000000,0.692050000000),
double3(0.150000000000,0.625000000000,0.750000000000),
double3(0.000000000000,0.678800000000,0.700950000000),
double3(0.050000000000,0.506550000000,0.684100000000),
double3(0.000000000000,0.628800000000,0.723300000000),
double3(0.000000000000,0.535450000000,0.671300000000),
double3(0.100000000000,0.985550000000,0.704850000000),
double3(0.150000000000,0.875000000000,0.500000000000),
double3(0.050000000000,0.993450000000,0.934100000000),
double3(0.050000000000,0.625000000000,0.750000000000),
double3(0.150000000000,0.506550000000,0.684100000000),
double3(0.150000000000,0.625000000000,0.500000000000),
double3(0.050000000000,0.506550000000,0.565900000000),
double3(0.050000000000,0.875000000000,0.750000000000),
double3(0.150000000000,0.993450000000,0.815900000000),
double3(0.100000000000,0.836500000000,0.557950000000),
double3(0.100000000000,0.928800000000,0.549050000000),
double3(0.050000000000,0.756550000000,0.565900000000),
double3(0.100000000000,0.792550000000,0.625000000000),
double3(0.000000000000,0.750000000000,0.500000000000),
double3(0.100000000000,0.878800000000,0.526700000000),
double3(0.100000000000,0.785450000000,0.578700000000),
double3(0.000000000000,0.735550000000,0.545150000000),
double3(0.100000000000,0.663500000000,0.807950000000),
double3(0.100000000000,0.571200000000,0.799050000000),
double3(0.150000000000,0.743450000000,0.815900000000),
double3(0.100000000000,0.707450000000,0.875000000000),
double3(0.000000000000,0.750000000000,0.750000000000),
double3(0.100000000000,0.621200000000,0.776700000000),
double3(0.100000000000,0.714550000000,0.828700000000),
double3(0.000000000000,0.764450000000,0.795150000000),
double3(0.100000000000,0.663500000000,0.942050000000),
double3(0.100000000000,0.571200000000,0.950950000000),
double3(0.050000000000,0.743450000000,0.934100000000),
double3(0.100000000000,0.621200000000,0.973300000000),
double3(0.100000000000,0.714550000000,0.921300000000),
double3(0.000000000000,0.764450000000,0.954850000000),
double3(0.100000000000,0.836500000000,0.692050000000),
double3(0.100000000000,0.928800000000,0.700950000000),
double3(0.150000000000,0.756550000000,0.684100000000),
double3(0.100000000000,0.878800000000,0.723300000000),
double3(0.100000000000,0.785450000000,0.671300000000),
double3(0.000000000000,0.735550000000,0.704850000000),
double3(0.150000000000,0.743450000000,0.934100000000),
double3(0.050000000000,0.756550000000,0.684100000000),
double3(0.150000000000,0.756550000000,0.565900000000),
double3(0.050000000000,0.743450000000,0.815900000000),
double3(0.200000000000,0.086500000000,0.057950000000),
double3(0.250000000000,0.125000000000,0.000000000000),
double3(0.200000000000,0.178800000000,0.049050000000),
double3(0.350000000000,0.006550000000,0.065900000000),
double3(0.200000000000,0.042550000000,0.125000000000),
double3(0.300000000000,0.000000000000,0.000000000000),
double3(0.200000000000,0.128800000000,0.026700000000),
double3(0.200000000000,0.035450000000,0.078700000000),
double3(0.300000000000,0.485550000000,0.045150000000),
double3(0.200000000000,0.413500000000,0.307950000000),
double3(0.350000000000,0.375000000000,0.250000000000),
double3(0.200000000000,0.321200000000,0.299050000000),
double3(0.250000000000,0.493450000000,0.315900000000),
double3(0.200000000000,0.457450000000,0.375000000000),
double3(0.300000000000,0.000000000000,0.250000000000),
double3(0.200000000000,0.371200000000,0.276700000000),
double3(0.200000000000,0.464550000000,0.328700000000),
double3(0.300000000000,0.014450000000,0.295150000000),
double3(0.200000000000,0.413500000000,0.442050000000),
double3(0.250000000000,0.375000000000,0.000000000000),
double3(0.200000000000,0.321200000000,0.450950000000),
double3(0.350000000000,0.493450000000,0.434100000000),
double3(0.200000000000,0.371200000000,0.473300000000),
double3(0.200000000000,0.464550000000,0.421300000000),
double3(0.300000000000,0.014450000000,0.454850000000),
double3(0.200000000000,0.086500000000,0.192050000000),
double3(0.350000000000,0.125000000000,0.250000000000),
double3(0.200000000000,0.178800000000,0.200950000000),
double3(0.250000000000,0.006550000000,0.184100000000),
double3(0.200000000000,0.128800000000,0.223300000000),
double3(0.200000000000,0.035450000000,0.171300000000),
double3(0.300000000000,0.485550000000,0.204850000000),
double3(0.350000000000,0.375000000000,0.000000000000),
double3(0.250000000000,0.493450000000,0.434100000000),
double3(0.250000000000,0.125000000000,0.250000000000),
double3(0.350000000000,0.006550000000,0.184100000000),
double3(0.350000000000,0.125000000000,0.000000000000),
double3(0.250000000000,0.006550000000,0.065900000000),
double3(0.250000000000,0.375000000000,0.250000000000),
double3(0.350000000000,0.493450000000,0.315900000000),
double3(0.300000000000,0.336500000000,0.057950000000),
double3(0.300000000000,0.428800000000,0.049050000000),
double3(0.250000000000,0.256550000000,0.065900000000),
double3(0.300000000000,0.292550000000,0.125000000000),
double3(0.200000000000,0.250000000000,0.000000000000),
double3(0.300000000000,0.378800000000,0.026700000000),
double3(0.300000000000,0.285450000000,0.078700000000),
double3(0.200000000000,0.235550000000,0.045150000000),
double3(0.300000000000,0.163500000000,0.307950000000),
double3(0.300000000000,0.071200000000,0.299050000000),
double3(0.350000000000,0.243450000000,0.315900000000),
double3(0.300000000000,0.207450000000,0.375000000000),
double3(0.200000000000,0.250000000000,0.250000000000),
double3(0.300000000000,0.121200000000,0.276700000000),
double3(0.300000000000,0.214550000000,0.328700000000),
double3(0.200000000000,0.264450000000,0.295150000000),
double3(0.300000000000,0.163500000000,0.442050000000),
double3(0.300000000000,0.071200000000,0.450950000000),
double3(0.250000000000,0.243450000000,0.434100000000),
double3(0.300000000000,0.121200000000,0.473300000000),
double3(0.300000000000,0.214550000000,0.421300000000),
double3(0.200000000000,0.264450000000,0.454850000000),
double3(0.300000000000,0.336500000000,0.192050000000),
double3(0.300000000000,0.428800000000,0.200950000000),
double3(0.350000000000,0.256550000000,0.184100000000),
double3(0.300000000000,0.378800000000,0.223300000000),
double3(0.300000000000,0.285450000000,0.171300000000),
double3(0.200000000000,0.235550000000,0.204850000000),
double3(0.350000000000,0.243450000000,0.434100000000),
double3(0.250000000000,0.256550000000,0.184100000000),
double3(0.350000000000,0.256550000000,0.065900000000),
double3(0.250000000000,0.243450000000,0.315900000000),
double3(0.200000000000,0.086500000000,0.557950000000),
double3(0.250000000000,0.125000000000,0.500000000000),
double3(0.200000000000,0.178800000000,0.549050000000),
double3(0.350000000000,0.006550000000,0.565900000000),
double3(0.200000000000,0.042550000000,0.625000000000),
double3(0.300000000000,0.000000000000,0.500000000000),
double3(0.200000000000,0.128800000000,0.526700000000),
double3(0.200000000000,0.035450000000,0.578700000000),
double3(0.300000000000,0.485550000000,0.545150000000),
double3(0.200000000000,0.413500000000,0.807950000000),
double3(0.350000000000,0.375000000000,0.750000000000),
double3(0.200000000000,0.321200000000,0.799050000000),
double3(0.250000000000,0.493450000000,0.815900000000),
double3(0.200000000000,0.457450000000,0.875000000000),
double3(0.300000000000,0.000000000000,0.750000000000),
double3(0.200000000000,0.371200000000,0.776700000000),
double3(0.200000000000,0.464550000000,0.828700000000),
double3(0.300000000000,0.014450000000,0.795150000000),
double3(0.200000000000,0.413500000000,0.942050000000),
double3(0.250000000000,0.375000000000,0.500000000000),
double3(0.200000000000,0.321200000000,0.950950000000),
double3(0.350000000000,0.493450000000,0.934100000000),
double3(0.200000000000,0.371200000000,0.973300000000),
double3(0.200000000000,0.464550000000,0.921300000000),
double3(0.300000000000,0.014450000000,0.954850000000),
double3(0.200000000000,0.086500000000,0.692050000000),
double3(0.350000000000,0.125000000000,0.750000000000),
double3(0.200000000000,0.178800000000,0.700950000000),
double3(0.250000000000,0.006550000000,0.684100000000),
double3(0.200000000000,0.128800000000,0.723300000000),
double3(0.200000000000,0.035450000000,0.671300000000),
double3(0.300000000000,0.485550000000,0.704850000000),
double3(0.350000000000,0.375000000000,0.500000000000),
double3(0.250000000000,0.493450000000,0.934100000000),
double3(0.250000000000,0.125000000000,0.750000000000),
double3(0.350000000000,0.006550000000,0.684100000000),
double3(0.350000000000,0.125000000000,0.500000000000),
double3(0.250000000000,0.006550000000,0.565900000000),
double3(0.250000000000,0.375000000000,0.750000000000),
double3(0.350000000000,0.493450000000,0.815900000000),
double3(0.300000000000,0.336500000000,0.557950000000),
double3(0.300000000000,0.428800000000,0.549050000000),
double3(0.250000000000,0.256550000000,0.565900000000),
double3(0.300000000000,0.292550000000,0.625000000000),
double3(0.200000000000,0.250000000000,0.500000000000),
double3(0.300000000000,0.378800000000,0.526700000000),
double3(0.300000000000,0.285450000000,0.578700000000),
double3(0.200000000000,0.235550000000,0.545150000000),
double3(0.300000000000,0.163500000000,0.807950000000),
double3(0.300000000000,0.071200000000,0.799050000000),
double3(0.350000000000,0.243450000000,0.815900000000),
double3(0.300000000000,0.207450000000,0.875000000000),
double3(0.200000000000,0.250000000000,0.750000000000),
double3(0.300000000000,0.121200000000,0.776700000000),
double3(0.300000000000,0.214550000000,0.828700000000),
double3(0.200000000000,0.264450000000,0.795150000000),
double3(0.300000000000,0.163500000000,0.942050000000),
double3(0.300000000000,0.071200000000,0.950950000000),
double3(0.250000000000,0.243450000000,0.934100000000),
double3(0.300000000000,0.121200000000,0.973300000000),
double3(0.300000000000,0.214550000000,0.921300000000),
double3(0.200000000000,0.264450000000,0.954850000000),
double3(0.300000000000,0.336500000000,0.692050000000),
double3(0.300000000000,0.428800000000,0.700950000000),
double3(0.350000000000,0.256550000000,0.684100000000),
double3(0.300000000000,0.378800000000,0.723300000000),
double3(0.300000000000,0.285450000000,0.671300000000),
double3(0.200000000000,0.235550000000,0.704850000000),
double3(0.350000000000,0.243450000000,0.934100000000),
double3(0.250000000000,0.256550000000,0.684100000000),
double3(0.350000000000,0.256550000000,0.565900000000),
double3(0.250000000000,0.243450000000,0.815900000000),
double3(0.200000000000,0.586500000000,0.057950000000),
double3(0.250000000000,0.625000000000,0.000000000000),
double3(0.200000000000,0.678800000000,0.049050000000),
double3(0.350000000000,0.506550000000,0.065900000000),
double3(0.200000000000,0.542550000000,0.125000000000),
double3(0.300000000000,0.500000000000,0.000000000000),
double3(0.200000000000,0.628800000000,0.026700000000),
double3(0.200000000000,0.535450000000,0.078700000000),
double3(0.300000000000,0.985550000000,0.045150000000),
double3(0.200000000000,0.913500000000,0.307950000000),
double3(0.350000000000,0.875000000000,0.250000000000),
double3(0.200000000000,0.821200000000,0.299050000000),
double3(0.250000000000,0.993450000000,0.315900000000),
double3(0.200000000000,0.957450000000,0.375000000000),
double3(0.300000000000,0.500000000000,0.250000000000),
double3(0.200000000000,0.871200000000,0.276700000000),
double3(0.200000000000,0.964550000000,0.328700000000),
double3(0.300000000000,0.514450000000,0.295150000000),
double3(0.200000000000,0.913500000000,0.442050000000),
double3(0.250000000000,0.875000000000,0.000000000000),
double3(0.200000000000,0.821200000000,0.450950000000),
double3(0.350000000000,0.993450000000,0.434100000000),
double3(0.200000000000,0.871200000000,0.473300000000),
double3(0.200000000000,0.964550000000,0.421300000000),
double3(0.300000000000,0.514450000000,0.454850000000),
double3(0.200000000000,0.586500000000,0.192050000000),
double3(0.350000000000,0.625000000000,0.250000000000),
double3(0.200000000000,0.678800000000,0.200950000000),
double3(0.250000000000,0.506550000000,0.184100000000),
double3(0.200000000000,0.628800000000,0.223300000000),
double3(0.200000000000,0.535450000000,0.171300000000),
double3(0.300000000000,0.985550000000,0.204850000000),
double3(0.350000000000,0.875000000000,0.000000000000),
double3(0.250000000000,0.993450000000,0.434100000000),
double3(0.250000000000,0.625000000000,0.250000000000),
double3(0.350000000000,0.506550000000,0.184100000000),
double3(0.350000000000,0.625000000000,0.000000000000),
double3(0.250000000000,0.506550000000,0.065900000000),
double3(0.250000000000,0.875000000000,0.250000000000),
double3(0.350000000000,0.993450000000,0.315900000000),
double3(0.300000000000,0.836500000000,0.057950000000),
double3(0.300000000000,0.928800000000,0.049050000000),
double3(0.250000000000,0.756550000000,0.065900000000),
double3(0.300000000000,0.792550000000,0.125000000000),
double3(0.200000000000,0.750000000000,0.000000000000),
double3(0.300000000000,0.878800000000,0.026700000000),
double3(0.300000000000,0.785450000000,0.078700000000),
double3(0.200000000000,0.735550000000,0.045150000000),
double3(0.300000000000,0.663500000000,0.307950000000),
double3(0.300000000000,0.571200000000,0.299050000000),
double3(0.350000000000,0.743450000000,0.315900000000),
double3(0.300000000000,0.707450000000,0.375000000000),
double3(0.200000000000,0.750000000000,0.250000000000),
double3(0.300000000000,0.621200000000,0.276700000000),
double3(0.300000000000,0.714550000000,0.328700000000),
double3(0.200000000000,0.764450000000,0.295150000000),
double3(0.300000000000,0.663500000000,0.442050000000),
double3(0.300000000000,0.571200000000,0.450950000000),
double3(0.250000000000,0.743450000000,0.434100000000),
double3(0.300000000000,0.621200000000,0.473300000000),
double3(0.300000000000,0.714550000000,0.421300000000),
double3(0.200000000000,0.764450000000,0.454850000000),
double3(0.300000000000,0.836500000000,0.192050000000),
double3(0.300000000000,0.928800000000,0.200950000000),
double3(0.350000000000,0.756550000000,0.184100000000),
double3(0.300000000000,0.878800000000,0.223300000000),
double3(0.300000000000,0.785450000000,0.171300000000),
double3(0.200000000000,0.735550000000,0.204850000000),
double3(0.350000000000,0.743450000000,0.434100000000),
double3(0.250000000000,0.756550000000,0.184100000000),
double3(0.350000000000,0.756550000000,0.065900000000),
double3(0.250000000000,0.743450000000,0.315900000000),
double3(0.200000000000,0.586500000000,0.557950000000),
double3(0.250000000000,0.625000000000,0.500000000000),
double3(0.200000000000,0.678800000000,0.549050000000),
double3(0.350000000000,0.506550000000,0.565900000000),
double3(0.200000000000,0.542550000000,0.625000000000),
double3(0.300000000000,0.500000000000,0.500000000000),
double3(0.200000000000,0.628800000000,0.526700000000),
double3(0.200000000000,0.535450000000,0.578700000000),
double3(0.300000000000,0.985550000000,0.545150000000),
double3(0.200000000000,0.913500000000,0.807950000000),
double3(0.350000000000,0.875000000000,0.750000000000),
double3(0.200000000000,0.821200000000,0.799050000000),
double3(0.250000000000,0.993450000000,0.815900000000),
double3(0.200000000000,0.957450000000,0.875000000000),
double3(0.300000000000,0.500000000000,0.750000000000),
double3(0.200000000000,0.871200000000,0.776700000000),
double3(0.200000000000,0.964550000000,0.828700000000),
double3(0.300000000000,0.514450000000,0.795150000000),
double3(0.200000000000,0.913500000000,0.942050000000),
double3(0.250000000000,0.875000000000,0.500000000000),
double3(0.200000000000,0.821200000000,0.950950000000),
double3(0.350000000000,0.993450000000,0.934100000000),
double3(0.200000000000,0.871200000000,0.973300000000),
double3(0.200000000000,0.964550000000,0.921300000000),
double3(0.300000000000,0.514450000000,0.954850000000),
double3(0.200000000000,0.586500000000,0.692050000000),
double3(0.350000000000,0.625000000000,0.750000000000),
double3(0.200000000000,0.678800000000,0.700950000000),
double3(0.250000000000,0.506550000000,0.684100000000),
double3(0.200000000000,0.628800000000,0.723300000000),
double3(0.200000000000,0.535450000000,0.671300000000),
double3(0.300000000000,0.985550000000,0.704850000000),
double3(0.350000000000,0.875000000000,0.500000000000),
double3(0.250000000000,0.993450000000,0.934100000000),
double3(0.250000000000,0.625000000000,0.750000000000),
double3(0.350000000000,0.506550000000,0.684100000000),
double3(0.350000000000,0.625000000000,0.500000000000),
double3(0.250000000000,0.506550000000,0.565900000000),
double3(0.250000000000,0.875000000000,0.750000000000),
double3(0.350000000000,0.993450000000,0.815900000000),
double3(0.300000000000,0.836500000000,0.557950000000),
double3(0.300000000000,0.928800000000,0.549050000000),
double3(0.250000000000,0.756550000000,0.565900000000),
double3(0.300000000000,0.792550000000,0.625000000000),
double3(0.200000000000,0.750000000000,0.500000000000),
double3(0.300000000000,0.878800000000,0.526700000000),
double3(0.300000000000,0.785450000000,0.578700000000),
double3(0.200000000000,0.735550000000,0.545150000000),
double3(0.300000000000,0.663500000000,0.807950000000),
double3(0.300000000000,0.571200000000,0.799050000000),
double3(0.350000000000,0.743450000000,0.815900000000),
double3(0.300000000000,0.707450000000,0.875000000000),
double3(0.200000000000,0.750000000000,0.750000000000),
double3(0.300000000000,0.621200000000,0.776700000000),
double3(0.300000000000,0.714550000000,0.828700000000),
double3(0.200000000000,0.764450000000,0.795150000000),
double3(0.300000000000,0.663500000000,0.942050000000),
double3(0.300000000000,0.571200000000,0.950950000000),
double3(0.250000000000,0.743450000000,0.934100000000),
double3(0.300000000000,0.621200000000,0.973300000000),
double3(0.300000000000,0.714550000000,0.921300000000),
double3(0.200000000000,0.764450000000,0.954850000000),
double3(0.300000000000,0.836500000000,0.692050000000),
double3(0.300000000000,0.928800000000,0.700950000000),
double3(0.350000000000,0.756550000000,0.684100000000),
double3(0.300000000000,0.878800000000,0.723300000000),
double3(0.300000000000,0.785450000000,0.671300000000),
double3(0.200000000000,0.735550000000,0.704850000000),
double3(0.350000000000,0.743450000000,0.934100000000),
double3(0.250000000000,0.756550000000,0.684100000000),
double3(0.350000000000,0.756550000000,0.565900000000),
double3(0.250000000000,0.743450000000,0.815900000000),
double3(0.400000000000,0.086500000000,0.057950000000),
double3(0.450000000000,0.125000000000,0.000000000000),
double3(0.400000000000,0.178800000000,0.049050000000),
double3(0.550000000000,0.006550000000,0.065900000000),
double3(0.400000000000,0.042550000000,0.125000000000),
double3(0.500000000000,0.000000000000,0.000000000000),
double3(0.400000000000,0.128800000000,0.026700000000),
double3(0.400000000000,0.035450000000,0.078700000000),
double3(0.500000000000,0.485550000000,0.045150000000),
double3(0.400000000000,0.413500000000,0.307950000000),
double3(0.550000000000,0.375000000000,0.250000000000),
double3(0.400000000000,0.321200000000,0.299050000000),
double3(0.450000000000,0.493450000000,0.315900000000),
double3(0.400000000000,0.457450000000,0.375000000000),
double3(0.500000000000,0.000000000000,0.250000000000),
double3(0.400000000000,0.371200000000,0.276700000000),
double3(0.400000000000,0.464550000000,0.328700000000),
double3(0.500000000000,0.014450000000,0.295150000000),
double3(0.400000000000,0.413500000000,0.442050000000),
double3(0.450000000000,0.375000000000,0.000000000000),
double3(0.400000000000,0.321200000000,0.450950000000),
double3(0.550000000000,0.493450000000,0.434100000000),
double3(0.400000000000,0.371200000000,0.473300000000),
double3(0.400000000000,0.464550000000,0.421300000000),
double3(0.500000000000,0.014450000000,0.454850000000),
double3(0.400000000000,0.086500000000,0.192050000000),
double3(0.550000000000,0.125000000000,0.250000000000),
double3(0.400000000000,0.178800000000,0.200950000000),
double3(0.450000000000,0.006550000000,0.184100000000),
double3(0.400000000000,0.128800000000,0.223300000000),
double3(0.400000000000,0.035450000000,0.171300000000),
double3(0.500000000000,0.485550000000,0.204850000000),
double3(0.550000000000,0.375000000000,0.000000000000),
double3(0.450000000000,0.493450000000,0.434100000000),
double3(0.450000000000,0.125000000000,0.250000000000),
double3(0.550000000000,0.006550000000,0.184100000000),
double3(0.550000000000,0.125000000000,0.000000000000),
double3(0.450000000000,0.006550000000,0.065900000000),
double3(0.450000000000,0.375000000000,0.250000000000),
double3(0.550000000000,0.493450000000,0.315900000000),
double3(0.500000000000,0.336500000000,0.057950000000),
double3(0.500000000000,0.428800000000,0.049050000000),
double3(0.450000000000,0.256550000000,0.065900000000),
double3(0.500000000000,0.292550000000,0.125000000000),
double3(0.400000000000,0.250000000000,0.000000000000),
double3(0.500000000000,0.378800000000,0.026700000000),
double3(0.500000000000,0.285450000000,0.078700000000),
double3(0.400000000000,0.235550000000,0.045150000000),
double3(0.500000000000,0.163500000000,0.307950000000),
double3(0.500000000000,0.071200000000,0.299050000000),
double3(0.550000000000,0.243450000000,0.315900000000),
double3(0.500000000000,0.207450000000,0.375000000000),
double3(0.400000000000,0.250000000000,0.250000000000),
double3(0.500000000000,0.121200000000,0.276700000000),
double3(0.500000000000,0.214550000000,0.328700000000),
double3(0.400000000000,0.264450000000,0.295150000000),
double3(0.500000000000,0.163500000000,0.442050000000),
double3(0.500000000000,0.071200000000,0.450950000000),
double3(0.450000000000,0.243450000000,0.434100000000),
double3(0.500000000000,0.121200000000,0.473300000000),
double3(0.500000000000,0.214550000000,0.421300000000),
double3(0.400000000000,0.264450000000,0.454850000000),
double3(0.500000000000,0.336500000000,0.192050000000),
double3(0.500000000000,0.428800000000,0.200950000000),
double3(0.550000000000,0.256550000000,0.184100000000),
double3(0.500000000000,0.378800000000,0.223300000000),
double3(0.500000000000,0.285450000000,0.171300000000),
double3(0.400000000000,0.235550000000,0.204850000000),
double3(0.550000000000,0.243450000000,0.434100000000),
double3(0.450000000000,0.256550000000,0.184100000000),
double3(0.550000000000,0.256550000000,0.065900000000),
double3(0.450000000000,0.243450000000,0.315900000000),
double3(0.400000000000,0.086500000000,0.557950000000),
double3(0.450000000000,0.125000000000,0.500000000000),
double3(0.400000000000,0.178800000000,0.549050000000),
double3(0.550000000000,0.006550000000,0.565900000000),
double3(0.400000000000,0.042550000000,0.625000000000),
double3(0.500000000000,0.000000000000,0.500000000000),
double3(0.400000000000,0.128800000000,0.526700000000),
double3(0.400000000000,0.035450000000,0.578700000000),
double3(0.500000000000,0.485550000000,0.545150000000),
double3(0.400000000000,0.413500000000,0.807950000000),
double3(0.550000000000,0.375000000000,0.750000000000),
double3(0.400000000000,0.321200000000,0.799050000000),
double3(0.450000000000,0.493450000000,0.815900000000),
double3(0.400000000000,0.457450000000,0.875000000000),
double3(0.500000000000,0.000000000000,0.750000000000),
double3(0.400000000000,0.371200000000,0.776700000000),
double3(0.400000000000,0.464550000000,0.828700000000),
double3(0.500000000000,0.014450000000,0.795150000000),
double3(0.400000000000,0.413500000000,0.942050000000),
double3(0.450000000000,0.375000000000,0.500000000000),
double3(0.400000000000,0.321200000000,0.950950000000),
double3(0.550000000000,0.493450000000,0.934100000000),
double3(0.400000000000,0.371200000000,0.973300000000),
double3(0.400000000000,0.464550000000,0.921300000000),
double3(0.500000000000,0.014450000000,0.954850000000),
double3(0.400000000000,0.086500000000,0.692050000000),
double3(0.550000000000,0.125000000000,0.750000000000),
double3(0.400000000000,0.178800000000,0.700950000000),
double3(0.450000000000,0.006550000000,0.684100000000),
double3(0.400000000000,0.128800000000,0.723300000000),
double3(0.400000000000,0.035450000000,0.671300000000),
double3(0.500000000000,0.485550000000,0.704850000000),
double3(0.550000000000,0.375000000000,0.500000000000),
double3(0.450000000000,0.493450000000,0.934100000000),
double3(0.450000000000,0.125000000000,0.750000000000),
double3(0.550000000000,0.006550000000,0.684100000000),
double3(0.550000000000,0.125000000000,0.500000000000),
double3(0.450000000000,0.006550000000,0.565900000000),
double3(0.450000000000,0.375000000000,0.750000000000),
double3(0.550000000000,0.493450000000,0.815900000000),
double3(0.500000000000,0.336500000000,0.557950000000),
double3(0.500000000000,0.428800000000,0.549050000000),
double3(0.450000000000,0.256550000000,0.565900000000),
double3(0.500000000000,0.292550000000,0.625000000000),
double3(0.400000000000,0.250000000000,0.500000000000),
double3(0.500000000000,0.378800000000,0.526700000000),
double3(0.500000000000,0.285450000000,0.578700000000),
double3(0.400000000000,0.235550000000,0.545150000000),
double3(0.500000000000,0.163500000000,0.807950000000),
double3(0.500000000000,0.071200000000,0.799050000000),
double3(0.550000000000,0.243450000000,0.815900000000),
double3(0.500000000000,0.207450000000,0.875000000000),
double3(0.400000000000,0.250000000000,0.750000000000),
double3(0.500000000000,0.121200000000,0.776700000000),
double3(0.500000000000,0.214550000000,0.828700000000),
double3(0.400000000000,0.264450000000,0.795150000000),
double3(0.500000000000,0.163500000000,0.942050000000),
double3(0.500000000000,0.071200000000,0.950950000000),
double3(0.450000000000,0.243450000000,0.934100000000),
double3(0.500000000000,0.121200000000,0.973300000000),
double3(0.500000000000,0.214550000000,0.921300000000),
double3(0.400000000000,0.264450000000,0.954850000000),
double3(0.500000000000,0.336500000000,0.692050000000),
double3(0.500000000000,0.428800000000,0.700950000000),
double3(0.550000000000,0.256550000000,0.684100000000),
double3(0.500000000000,0.378800000000,0.723300000000),
double3(0.500000000000,0.285450000000,0.671300000000),
double3(0.400000000000,0.235550000000,0.704850000000),
double3(0.550000000000,0.243450000000,0.934100000000),
double3(0.450000000000,0.256550000000,0.684100000000),
double3(0.550000000000,0.256550000000,0.565900000000),
double3(0.450000000000,0.243450000000,0.815900000000),
double3(0.400000000000,0.586500000000,0.057950000000),
double3(0.450000000000,0.625000000000,0.000000000000),
double3(0.400000000000,0.678800000000,0.049050000000),
double3(0.550000000000,0.506550000000,0.065900000000),
double3(0.400000000000,0.542550000000,0.125000000000),
double3(0.500000000000,0.500000000000,0.000000000000),
double3(0.400000000000,0.628800000000,0.026700000000),
double3(0.400000000000,0.535450000000,0.078700000000),
double3(0.500000000000,0.985550000000,0.045150000000),
double3(0.400000000000,0.913500000000,0.307950000000),
double3(0.550000000000,0.875000000000,0.250000000000),
double3(0.400000000000,0.821200000000,0.299050000000),
double3(0.450000000000,0.993450000000,0.315900000000),
double3(0.400000000000,0.957450000000,0.375000000000),
double3(0.500000000000,0.500000000000,0.250000000000),
double3(0.400000000000,0.871200000000,0.276700000000),
double3(0.400000000000,0.964550000000,0.328700000000),
double3(0.500000000000,0.514450000000,0.295150000000),
double3(0.400000000000,0.913500000000,0.442050000000),
double3(0.450000000000,0.875000000000,0.000000000000),
double3(0.400000000000,0.821200000000,0.450950000000),
double3(0.550000000000,0.993450000000,0.434100000000),
double3(0.400000000000,0.871200000000,0.473300000000),
double3(0.400000000000,0.964550000000,0.421300000000),
double3(0.500000000000,0.514450000000,0.454850000000),
double3(0.400000000000,0.586500000000,0.192050000000),
double3(0.550000000000,0.625000000000,0.250000000000),
double3(0.400000000000,0.678800000000,0.200950000000),
double3(0.450000000000,0.506550000000,0.184100000000),
double3(0.400000000000,0.628800000000,0.223300000000),
double3(0.400000000000,0.535450000000,0.171300000000),
double3(0.500000000000,0.985550000000,0.204850000000),
double3(0.550000000000,0.875000000000,0.000000000000),
double3(0.450000000000,0.993450000000,0.434100000000),
double3(0.450000000000,0.625000000000,0.250000000000),
double3(0.550000000000,0.506550000000,0.184100000000),
double3(0.550000000000,0.625000000000,0.000000000000),
double3(0.450000000000,0.506550000000,0.065900000000),
double3(0.450000000000,0.875000000000,0.250000000000),
double3(0.550000000000,0.993450000000,0.315900000000),
double3(0.500000000000,0.836500000000,0.057950000000),
double3(0.500000000000,0.928800000000,0.049050000000),
double3(0.450000000000,0.756550000000,0.065900000000),
double3(0.500000000000,0.792550000000,0.125000000000),
double3(0.400000000000,0.750000000000,0.000000000000),
double3(0.500000000000,0.878800000000,0.026700000000),
double3(0.500000000000,0.785450000000,0.078700000000),
double3(0.400000000000,0.735550000000,0.045150000000),
double3(0.500000000000,0.663500000000,0.307950000000),
double3(0.500000000000,0.571200000000,0.299050000000),
double3(0.550000000000,0.743450000000,0.315900000000),
double3(0.500000000000,0.707450000000,0.375000000000),
double3(0.400000000000,0.750000000000,0.250000000000),
double3(0.500000000000,0.621200000000,0.276700000000),
double3(0.500000000000,0.714550000000,0.328700000000),
double3(0.400000000000,0.764450000000,0.295150000000),
double3(0.500000000000,0.663500000000,0.442050000000),
double3(0.500000000000,0.571200000000,0.450950000000),
double3(0.450000000000,0.743450000000,0.434100000000),
double3(0.500000000000,0.621200000000,0.473300000000),
double3(0.500000000000,0.714550000000,0.421300000000),
double3(0.400000000000,0.764450000000,0.454850000000),
double3(0.500000000000,0.836500000000,0.192050000000),
double3(0.500000000000,0.928800000000,0.200950000000),
double3(0.550000000000,0.756550000000,0.184100000000),
double3(0.500000000000,0.878800000000,0.223300000000),
double3(0.500000000000,0.785450000000,0.171300000000),
double3(0.400000000000,0.735550000000,0.204850000000),
double3(0.550000000000,0.743450000000,0.434100000000),
double3(0.450000000000,0.756550000000,0.184100000000),
double3(0.550000000000,0.756550000000,0.065900000000),
double3(0.450000000000,0.743450000000,0.315900000000),
double3(0.400000000000,0.586500000000,0.557950000000),
double3(0.450000000000,0.625000000000,0.500000000000),
double3(0.400000000000,0.678800000000,0.549050000000),
double3(0.550000000000,0.506550000000,0.565900000000),
double3(0.400000000000,0.542550000000,0.625000000000),
double3(0.500000000000,0.500000000000,0.500000000000),
double3(0.400000000000,0.628800000000,0.526700000000),
double3(0.400000000000,0.535450000000,0.578700000000),
double3(0.500000000000,0.985550000000,0.545150000000),
double3(0.400000000000,0.913500000000,0.807950000000),
double3(0.550000000000,0.875000000000,0.750000000000),
double3(0.400000000000,0.821200000000,0.799050000000),
double3(0.450000000000,0.993450000000,0.815900000000),
double3(0.400000000000,0.957450000000,0.875000000000),
double3(0.500000000000,0.500000000000,0.750000000000),
double3(0.400000000000,0.871200000000,0.776700000000),
double3(0.400000000000,0.964550000000,0.828700000000),
double3(0.500000000000,0.514450000000,0.795150000000),
double3(0.400000000000,0.913500000000,0.942050000000),
double3(0.450000000000,0.875000000000,0.500000000000),
double3(0.400000000000,0.821200000000,0.950950000000),
double3(0.550000000000,0.993450000000,0.934100000000),
double3(0.400000000000,0.871200000000,0.973300000000),
double3(0.400000000000,0.964550000000,0.921300000000),
double3(0.500000000000,0.514450000000,0.954850000000),
double3(0.400000000000,0.586500000000,0.692050000000),
double3(0.550000000000,0.625000000000,0.750000000000),
double3(0.400000000000,0.678800000000,0.700950000000),
double3(0.450000000000,0.506550000000,0.684100000000),
double3(0.400000000000,0.628800000000,0.723300000000),
double3(0.400000000000,0.535450000000,0.671300000000),
double3(0.500000000000,0.985550000000,0.704850000000),
double3(0.550000000000,0.875000000000,0.500000000000),
double3(0.450000000000,0.993450000000,0.934100000000),
double3(0.450000000000,0.625000000000,0.750000000000),
double3(0.550000000000,0.506550000000,0.684100000000),
double3(0.550000000000,0.625000000000,0.500000000000),
double3(0.450000000000,0.506550000000,0.565900000000),
double3(0.450000000000,0.875000000000,0.750000000000),
double3(0.550000000000,0.993450000000,0.815900000000),
double3(0.500000000000,0.836500000000,0.557950000000),
double3(0.500000000000,0.928800000000,0.549050000000),
double3(0.450000000000,0.756550000000,0.565900000000),
double3(0.500000000000,0.792550000000,0.625000000000),
double3(0.400000000000,0.750000000000,0.500000000000),
double3(0.500000000000,0.878800000000,0.526700000000),
double3(0.500000000000,0.785450000000,0.578700000000),
double3(0.400000000000,0.735550000000,0.545150000000),
double3(0.500000000000,0.663500000000,0.807950000000),
double3(0.500000000000,0.571200000000,0.799050000000),
double3(0.550000000000,0.743450000000,0.815900000000),
double3(0.500000000000,0.707450000000,0.875000000000),
double3(0.400000000000,0.750000000000,0.750000000000),
double3(0.500000000000,0.621200000000,0.776700000000),
double3(0.500000000000,0.714550000000,0.828700000000),
double3(0.400000000000,0.764450000000,0.795150000000),
double3(0.500000000000,0.663500000000,0.942050000000),
double3(0.500000000000,0.571200000000,0.950950000000),
double3(0.450000000000,0.743450000000,0.934100000000),
double3(0.500000000000,0.621200000000,0.973300000000),
double3(0.500000000000,0.714550000000,0.921300000000),
double3(0.400000000000,0.764450000000,0.954850000000),
double3(0.500000000000,0.836500000000,0.692050000000),
double3(0.500000000000,0.928800000000,0.700950000000),
double3(0.550000000000,0.756550000000,0.684100000000),
double3(0.500000000000,0.878800000000,0.723300000000),
double3(0.500000000000,0.785450000000,0.671300000000),
double3(0.400000000000,0.735550000000,0.704850000000),
double3(0.550000000000,0.743450000000,0.934100000000),
double3(0.450000000000,0.756550000000,0.684100000000),
double3(0.550000000000,0.756550000000,0.565900000000),
double3(0.450000000000,0.743450000000,0.815900000000),
double3(0.600000000000,0.086500000000,0.057950000000),
double3(0.650000000000,0.125000000000,0.000000000000),
double3(0.600000000000,0.178800000000,0.049050000000),
double3(0.750000000000,0.006550000000,0.065900000000),
double3(0.600000000000,0.042550000000,0.125000000000),
double3(0.700000000000,0.000000000000,0.000000000000),
double3(0.600000000000,0.128800000000,0.026700000000),
double3(0.600000000000,0.035450000000,0.078700000000),
double3(0.700000000000,0.485550000000,0.045150000000),
double3(0.600000000000,0.413500000000,0.307950000000),
double3(0.750000000000,0.375000000000,0.250000000000),
double3(0.600000000000,0.321200000000,0.299050000000),
double3(0.650000000000,0.493450000000,0.315900000000),
double3(0.600000000000,0.457450000000,0.375000000000),
double3(0.700000000000,0.000000000000,0.250000000000),
double3(0.600000000000,0.371200000000,0.276700000000),
double3(0.600000000000,0.464550000000,0.328700000000),
double3(0.700000000000,0.014450000000,0.295150000000),
double3(0.600000000000,0.413500000000,0.442050000000),
double3(0.650000000000,0.375000000000,0.000000000000),
double3(0.600000000000,0.321200000000,0.450950000000),
double3(0.750000000000,0.493450000000,0.434100000000),
double3(0.600000000000,0.371200000000,0.473300000000),
double3(0.600000000000,0.464550000000,0.421300000000),
double3(0.700000000000,0.014450000000,0.454850000000),
double3(0.600000000000,0.086500000000,0.192050000000),
double3(0.750000000000,0.125000000000,0.250000000000),
double3(0.600000000000,0.178800000000,0.200950000000),
double3(0.650000000000,0.006550000000,0.184100000000),
double3(0.600000000000,0.128800000000,0.223300000000),
double3(0.600000000000,0.035450000000,0.171300000000),
double3(0.700000000000,0.485550000000,0.204850000000),
double3(0.750000000000,0.375000000000,0.000000000000),
double3(0.650000000000,0.493450000000,0.434100000000),
double3(0.650000000000,0.125000000000,0.250000000000),
double3(0.750000000000,0.006550000000,0.184100000000),
double3(0.750000000000,0.125000000000,0.000000000000),
double3(0.650000000000,0.006550000000,0.065900000000),
double3(0.650000000000,0.375000000000,0.250000000000),
double3(0.750000000000,0.493450000000,0.315900000000),
double3(0.700000000000,0.336500000000,0.057950000000),
double3(0.700000000000,0.428800000000,0.049050000000),
double3(0.650000000000,0.256550000000,0.065900000000),
double3(0.700000000000,0.292550000000,0.125000000000),
double3(0.600000000000,0.250000000000,0.000000000000),
double3(0.700000000000,0.378800000000,0.026700000000),
double3(0.700000000000,0.285450000000,0.078700000000),
double3(0.600000000000,0.235550000000,0.045150000000),
double3(0.700000000000,0.163500000000,0.307950000000),
double3(0.700000000000,0.071200000000,0.299050000000),
double3(0.750000000000,0.243450000000,0.315900000000),
double3(0.700000000000,0.207450000000,0.375000000000),
double3(0.600000000000,0.250000000000,0.250000000000),
double3(0.700000000000,0.121200000000,0.276700000000),
double3(0.700000000000,0.214550000000,0.328700000000),
double3(0.600000000000,0.264450000000,0.295150000000),
double3(0.700000000000,0.163500000000,0.442050000000),
double3(0.700000000000,0.071200000000,0.450950000000),
double3(0.650000000000,0.243450000000,0.434100000000),
double3(0.700000000000,0.121200000000,0.473300000000),
double3(0.700000000000,0.214550000000,0.421300000000),
double3(0.600000000000,0.264450000000,0.454850000000),
double3(0.700000000000,0.336500000000,0.192050000000),
double3(0.700000000000,0.428800000000,0.200950000000),
double3(0.750000000000,0.256550000000,0.184100000000),
double3(0.700000000000,0.378800000000,0.223300000000),
double3(0.700000000000,0.285450000000,0.171300000000),
double3(0.600000000000,0.235550000000,0.204850000000),
double3(0.750000000000,0.243450000000,0.434100000000),
double3(0.650000000000,0.256550000000,0.184100000000),
double3(0.750000000000,0.256550000000,0.065900000000),
double3(0.650000000000,0.243450000000,0.315900000000),
double3(0.600000000000,0.086500000000,0.557950000000),
double3(0.650000000000,0.125000000000,0.500000000000),
double3(0.600000000000,0.178800000000,0.549050000000),
double3(0.750000000000,0.006550000000,0.565900000000),
double3(0.600000000000,0.042550000000,0.625000000000),
double3(0.700000000000,0.000000000000,0.500000000000),
double3(0.600000000000,0.128800000000,0.526700000000),
double3(0.600000000000,0.035450000000,0.578700000000),
double3(0.700000000000,0.485550000000,0.545150000000),
double3(0.600000000000,0.413500000000,0.807950000000),
double3(0.750000000000,0.375000000000,0.750000000000),
double3(0.600000000000,0.321200000000,0.799050000000),
double3(0.650000000000,0.493450000000,0.815900000000),
double3(0.600000000000,0.457450000000,0.875000000000),
double3(0.700000000000,0.000000000000,0.750000000000),
double3(0.600000000000,0.371200000000,0.776700000000),
double3(0.600000000000,0.464550000000,0.828700000000),
double3(0.700000000000,0.014450000000,0.795150000000),
double3(0.600000000000,0.413500000000,0.942050000000),
double3(0.650000000000,0.375000000000,0.500000000000),
double3(0.600000000000,0.321200000000,0.950950000000),
double3(0.750000000000,0.493450000000,0.934100000000),
double3(0.600000000000,0.371200000000,0.973300000000),
double3(0.600000000000,0.464550000000,0.921300000000),
double3(0.700000000000,0.014450000000,0.954850000000),
double3(0.600000000000,0.086500000000,0.692050000000),
double3(0.750000000000,0.125000000000,0.750000000000),
double3(0.600000000000,0.178800000000,0.700950000000),
double3(0.650000000000,0.006550000000,0.684100000000),
double3(0.600000000000,0.128800000000,0.723300000000),
double3(0.600000000000,0.035450000000,0.671300000000),
double3(0.700000000000,0.485550000000,0.704850000000),
double3(0.750000000000,0.375000000000,0.500000000000),
double3(0.650000000000,0.493450000000,0.934100000000),
double3(0.650000000000,0.125000000000,0.750000000000),
double3(0.750000000000,0.006550000000,0.684100000000),
double3(0.750000000000,0.125000000000,0.500000000000),
double3(0.650000000000,0.006550000000,0.565900000000),
double3(0.650000000000,0.375000000000,0.750000000000),
double3(0.750000000000,0.493450000000,0.815900000000),
double3(0.700000000000,0.336500000000,0.557950000000),
double3(0.700000000000,0.428800000000,0.549050000000),
double3(0.650000000000,0.256550000000,0.565900000000),
double3(0.700000000000,0.292550000000,0.625000000000),
double3(0.600000000000,0.250000000000,0.500000000000),
double3(0.700000000000,0.378800000000,0.526700000000),
double3(0.700000000000,0.285450000000,0.578700000000),
double3(0.600000000000,0.235550000000,0.545150000000),
double3(0.700000000000,0.163500000000,0.807950000000),
double3(0.700000000000,0.071200000000,0.799050000000),
double3(0.750000000000,0.243450000000,0.815900000000),
double3(0.700000000000,0.207450000000,0.875000000000),
double3(0.600000000000,0.250000000000,0.750000000000),
double3(0.700000000000,0.121200000000,0.776700000000),
double3(0.700000000000,0.214550000000,0.828700000000),
double3(0.600000000000,0.264450000000,0.795150000000),
double3(0.700000000000,0.163500000000,0.942050000000),
double3(0.700000000000,0.071200000000,0.950950000000),
double3(0.650000000000,0.243450000000,0.934100000000),
double3(0.700000000000,0.121200000000,0.973300000000),
double3(0.700000000000,0.214550000000,0.921300000000),
double3(0.600000000000,0.264450000000,0.954850000000),
double3(0.700000000000,0.336500000000,0.692050000000),
double3(0.700000000000,0.428800000000,0.700950000000),
double3(0.750000000000,0.256550000000,0.684100000000),
double3(0.700000000000,0.378800000000,0.723300000000),
double3(0.700000000000,0.285450000000,0.671300000000),
double3(0.600000000000,0.235550000000,0.704850000000),
double3(0.750000000000,0.243450000000,0.934100000000),
double3(0.650000000000,0.256550000000,0.684100000000),
double3(0.750000000000,0.256550000000,0.565900000000),
double3(0.650000000000,0.243450000000,0.815900000000),
double3(0.600000000000,0.586500000000,0.057950000000),
double3(0.650000000000,0.625000000000,0.000000000000),
double3(0.600000000000,0.678800000000,0.049050000000),
double3(0.750000000000,0.506550000000,0.065900000000),
double3(0.600000000000,0.542550000000,0.125000000000),
double3(0.700000000000,0.500000000000,0.000000000000),
double3(0.600000000000,0.628800000000,0.026700000000),
double3(0.600000000000,0.535450000000,0.078700000000),
double3(0.700000000000,0.985550000000,0.045150000000),
double3(0.600000000000,0.913500000000,0.307950000000),
double3(0.750000000000,0.875000000000,0.250000000000),
double3(0.600000000000,0.821200000000,0.299050000000),
double3(0.650000000000,0.993450000000,0.315900000000),
double3(0.600000000000,0.957450000000,0.375000000000),
double3(0.700000000000,0.500000000000,0.250000000000),
double3(0.600000000000,0.871200000000,0.276700000000),
double3(0.600000000000,0.964550000000,0.328700000000),
double3(0.700000000000,0.514450000000,0.295150000000),
double3(0.600000000000,0.913500000000,0.442050000000),
double3(0.650000000000,0.875000000000,0.000000000000),
double3(0.600000000000,0.821200000000,0.450950000000),
double3(0.750000000000,0.993450000000,0.434100000000),
double3(0.600000000000,0.871200000000,0.473300000000),
double3(0.600000000000,0.964550000000,0.421300000000),
double3(0.700000000000,0.514450000000,0.454850000000),
double3(0.600000000000,0.586500000000,0.192050000000),
double3(0.750000000000,0.625000000000,0.250000000000),
double3(0.600000000000,0.678800000000,0.200950000000),
double3(0.650000000000,0.506550000000,0.184100000000),
double3(0.600000000000,0.628800000000,0.223300000000),
double3(0.600000000000,0.535450000000,0.171300000000),
double3(0.700000000000,0.985550000000,0.204850000000),
double3(0.750000000000,0.875000000000,0.000000000000),
double3(0.650000000000,0.993450000000,0.434100000000),
double3(0.650000000000,0.625000000000,0.250000000000),
double3(0.750000000000,0.506550000000,0.184100000000),
double3(0.750000000000,0.625000000000,0.000000000000),
double3(0.650000000000,0.506550000000,0.065900000000),
double3(0.650000000000,0.875000000000,0.250000000000),
double3(0.750000000000,0.993450000000,0.315900000000),
double3(0.700000000000,0.836500000000,0.057950000000),
double3(0.700000000000,0.928800000000,0.049050000000),
double3(0.650000000000,0.756550000000,0.065900000000),
double3(0.700000000000,0.792550000000,0.125000000000),
double3(0.600000000000,0.750000000000,0.000000000000),
double3(0.700000000000,0.878800000000,0.026700000000),
double3(0.700000000000,0.785450000000,0.078700000000),
double3(0.600000000000,0.735550000000,0.045150000000),
double3(0.700000000000,0.663500000000,0.307950000000),
double3(0.700000000000,0.571200000000,0.299050000000),
double3(0.750000000000,0.743450000000,0.315900000000),
double3(0.700000000000,0.707450000000,0.375000000000),
double3(0.600000000000,0.750000000000,0.250000000000),
double3(0.700000000000,0.621200000000,0.276700000000),
double3(0.700000000000,0.714550000000,0.328700000000),
double3(0.600000000000,0.764450000000,0.295150000000),
double3(0.700000000000,0.663500000000,0.442050000000),
double3(0.700000000000,0.571200000000,0.450950000000),
double3(0.650000000000,0.743450000000,0.434100000000),
double3(0.700000000000,0.621200000000,0.473300000000),
double3(0.700000000000,0.714550000000,0.421300000000),
double3(0.600000000000,0.764450000000,0.454850000000),
double3(0.700000000000,0.836500000000,0.192050000000),
double3(0.700000000000,0.928800000000,0.200950000000),
double3(0.750000000000,0.756550000000,0.184100000000),
double3(0.700000000000,0.878800000000,0.223300000000),
double3(0.700000000000,0.785450000000,0.171300000000),
double3(0.600000000000,0.735550000000,0.204850000000),
double3(0.750000000000,0.743450000000,0.434100000000),
double3(0.650000000000,0.756550000000,0.184100000000),
double3(0.750000000000,0.756550000000,0.065900000000),
double3(0.650000000000,0.743450000000,0.315900000000),
double3(0.600000000000,0.586500000000,0.557950000000),
double3(0.650000000000,0.625000000000,0.500000000000),
double3(0.600000000000,0.678800000000,0.549050000000),
double3(0.750000000000,0.506550000000,0.565900000000),
double3(0.600000000000,0.542550000000,0.625000000000),
double3(0.700000000000,0.500000000000,0.500000000000),
double3(0.600000000000,0.628800000000,0.526700000000),
double3(0.600000000000,0.535450000000,0.578700000000),
double3(0.700000000000,0.985550000000,0.545150000000),
double3(0.600000000000,0.913500000000,0.807950000000),
double3(0.750000000000,0.875000000000,0.750000000000),
double3(0.600000000000,0.821200000000,0.799050000000),
double3(0.650000000000,0.993450000000,0.815900000000),
double3(0.600000000000,0.957450000000,0.875000000000),
double3(0.700000000000,0.500000000000,0.750000000000),
double3(0.600000000000,0.871200000000,0.776700000000),
double3(0.600000000000,0.964550000000,0.828700000000),
double3(0.700000000000,0.514450000000,0.795150000000),
double3(0.600000000000,0.913500000000,0.942050000000),
double3(0.650000000000,0.875000000000,0.500000000000),
double3(0.600000000000,0.821200000000,0.950950000000),
double3(0.750000000000,0.993450000000,0.934100000000),
double3(0.600000000000,0.871200000000,0.973300000000),
double3(0.600000000000,0.964550000000,0.921300000000),
double3(0.700000000000,0.514450000000,0.954850000000),
double3(0.600000000000,0.586500000000,0.692050000000),
double3(0.750000000000,0.625000000000,0.750000000000),
double3(0.600000000000,0.678800000000,0.700950000000),
double3(0.650000000000,0.506550000000,0.684100000000),
double3(0.600000000000,0.628800000000,0.723300000000),
double3(0.600000000000,0.535450000000,0.671300000000),
double3(0.700000000000,0.985550000000,0.704850000000),
double3(0.750000000000,0.875000000000,0.500000000000),
double3(0.650000000000,0.993450000000,0.934100000000),
double3(0.650000000000,0.625000000000,0.750000000000),
double3(0.750000000000,0.506550000000,0.684100000000),
double3(0.750000000000,0.625000000000,0.500000000000),
double3(0.650000000000,0.506550000000,0.565900000000),
double3(0.650000000000,0.875000000000,0.750000000000),
double3(0.750000000000,0.993450000000,0.815900000000),
double3(0.700000000000,0.836500000000,0.557950000000),
double3(0.700000000000,0.928800000000,0.549050000000),
double3(0.650000000000,0.756550000000,0.565900000000),
double3(0.700000000000,0.792550000000,0.625000000000),
double3(0.600000000000,0.750000000000,0.500000000000),
double3(0.700000000000,0.878800000000,0.526700000000),
double3(0.700000000000,0.785450000000,0.578700000000),
double3(0.600000000000,0.735550000000,0.545150000000),
double3(0.700000000000,0.663500000000,0.807950000000),
double3(0.700000000000,0.571200000000,0.799050000000),
double3(0.750000000000,0.743450000000,0.815900000000),
double3(0.700000000000,0.707450000000,0.875000000000),
double3(0.600000000000,0.750000000000,0.750000000000),
double3(0.700000000000,0.621200000000,0.776700000000),
double3(0.700000000000,0.714550000000,0.828700000000),
double3(0.600000000000,0.764450000000,0.795150000000),
double3(0.700000000000,0.663500000000,0.942050000000),
double3(0.700000000000,0.571200000000,0.950950000000),
double3(0.650000000000,0.743450000000,0.934100000000),
double3(0.700000000000,0.621200000000,0.973300000000),
double3(0.700000000000,0.714550000000,0.921300000000),
double3(0.600000000000,0.764450000000,0.954850000000),
double3(0.700000000000,0.836500000000,0.692050000000),
double3(0.700000000000,0.928800000000,0.700950000000),
double3(0.750000000000,0.756550000000,0.684100000000),
double3(0.700000000000,0.878800000000,0.723300000000),
double3(0.700000000000,0.785450000000,0.671300000000),
double3(0.600000000000,0.735550000000,0.704850000000),
double3(0.750000000000,0.743450000000,0.934100000000),
double3(0.650000000000,0.756550000000,0.684100000000),
double3(0.750000000000,0.756550000000,0.565900000000),
double3(0.650000000000,0.743450000000,0.815900000000),
double3(0.800000000000,0.086500000000,0.057950000000),
double3(0.850000000000,0.125000000000,0.000000000000),
double3(0.800000000000,0.178800000000,0.049050000000),
double3(0.950000000000,0.006550000000,0.065900000000),
double3(0.800000000000,0.042550000000,0.125000000000),
double3(0.900000000000,0.000000000000,0.000000000000),
double3(0.800000000000,0.128800000000,0.026700000000),
double3(0.800000000000,0.035450000000,0.078700000000),
double3(0.900000000000,0.485550000000,0.045150000000),
double3(0.800000000000,0.413500000000,0.307950000000),
double3(0.950000000000,0.375000000000,0.250000000000),
double3(0.800000000000,0.321200000000,0.299050000000),
double3(0.850000000000,0.493450000000,0.315900000000),
double3(0.800000000000,0.457450000000,0.375000000000),
double3(0.900000000000,0.000000000000,0.250000000000),
double3(0.800000000000,0.371200000000,0.276700000000),
double3(0.800000000000,0.464550000000,0.328700000000),
double3(0.900000000000,0.014450000000,0.295150000000),
double3(0.800000000000,0.413500000000,0.442050000000),
double3(0.850000000000,0.375000000000,0.000000000000),
double3(0.800000000000,0.321200000000,0.450950000000),
double3(0.950000000000,0.493450000000,0.434100000000),
double3(0.800000000000,0.371200000000,0.473300000000),
double3(0.800000000000,0.464550000000,0.421300000000),
double3(0.900000000000,0.014450000000,0.454850000000),
double3(0.800000000000,0.086500000000,0.192050000000),
double3(0.950000000000,0.125000000000,0.250000000000),
double3(0.800000000000,0.178800000000,0.200950000000),
double3(0.850000000000,0.006550000000,0.184100000000),
double3(0.800000000000,0.128800000000,0.223300000000),
double3(0.800000000000,0.035450000000,0.171300000000),
double3(0.900000000000,0.485550000000,0.204850000000),
double3(0.950000000000,0.375000000000,0.000000000000),
double3(0.850000000000,0.493450000000,0.434100000000),
double3(0.850000000000,0.125000000000,0.250000000000),
double3(0.950000000000,0.006550000000,0.184100000000),
double3(0.950000000000,0.125000000000,0.000000000000),
double3(0.850000000000,0.006550000000,0.065900000000),
double3(0.850000000000,0.375000000000,0.250000000000),
double3(0.950000000000,0.493450000000,0.315900000000),
double3(0.900000000000,0.336500000000,0.057950000000),
double3(0.900000000000,0.428800000000,0.049050000000),
double3(0.850000000000,0.256550000000,0.065900000000),
double3(0.900000000000,0.292550000000,0.125000000000),
double3(0.800000000000,0.250000000000,0.000000000000),
double3(0.900000000000,0.378800000000,0.026700000000),
double3(0.900000000000,0.285450000000,0.078700000000),
double3(0.800000000000,0.235550000000,0.045150000000),
double3(0.900000000000,0.163500000000,0.307950000000),
double3(0.900000000000,0.071200000000,0.299050000000),
double3(0.950000000000,0.243450000000,0.315900000000),
double3(0.900000000000,0.207450000000,0.375000000000),
double3(0.800000000000,0.250000000000,0.250000000000),
double3(0.900000000000,0.121200000000,0.276700000000),
double3(0.900000000000,0.214550000000,0.328700000000),
double3(0.800000000000,0.264450000000,0.295150000000),
double3(0.900000000000,0.163500000000,0.442050000000),
double3(0.900000000000,0.071200000000,0.450950000000),
double3(0.850000000000,0.243450000000,0.434100000000),
double3(0.900000000000,0.121200000000,0.473300000000),
double3(0.900000000000,0.214550000000,0.421300000000),
double3(0.800000000000,0.264450000000,0.454850000000),
double3(0.900000000000,0.336500000000,0.192050000000),
double3(0.900000000000,0.428800000000,0.200950000000),
double3(0.950000000000,0.256550000000,0.184100000000),
double3(0.900000000000,0.378800000000,0.223300000000),
double3(0.900000000000,0.285450000000,0.171300000000),
double3(0.800000000000,0.235550000000,0.204850000000),
double3(0.950000000000,0.243450000000,0.434100000000),
double3(0.850000000000,0.256550000000,0.184100000000),
double3(0.950000000000,0.256550000000,0.065900000000),
double3(0.850000000000,0.243450000000,0.315900000000),
double3(0.800000000000,0.086500000000,0.557950000000),
double3(0.850000000000,0.125000000000,0.500000000000),
double3(0.800000000000,0.178800000000,0.549050000000),
double3(0.950000000000,0.006550000000,0.565900000000),
double3(0.800000000000,0.042550000000,0.625000000000),
double3(0.900000000000,0.000000000000,0.500000000000),
double3(0.800000000000,0.128800000000,0.526700000000),
double3(0.800000000000,0.035450000000,0.578700000000),
double3(0.900000000000,0.485550000000,0.545150000000),
double3(0.800000000000,0.413500000000,0.807950000000),
double3(0.950000000000,0.375000000000,0.750000000000),
double3(0.800000000000,0.321200000000,0.799050000000),
double3(0.850000000000,0.493450000000,0.815900000000),
double3(0.800000000000,0.457450000000,0.875000000000),
double3(0.900000000000,0.000000000000,0.750000000000),
double3(0.800000000000,0.371200000000,0.776700000000),
double3(0.800000000000,0.464550000000,0.828700000000),
double3(0.900000000000,0.014450000000,0.795150000000),
double3(0.800000000000,0.413500000000,0.942050000000),
double3(0.850000000000,0.375000000000,0.500000000000),
double3(0.800000000000,0.321200000000,0.950950000000),
double3(0.950000000000,0.493450000000,0.934100000000),
double3(0.800000000000,0.371200000000,0.973300000000),
double3(0.800000000000,0.464550000000,0.921300000000),
double3(0.900000000000,0.014450000000,0.954850000000),
double3(0.800000000000,0.086500000000,0.692050000000),
double3(0.950000000000,0.125000000000,0.750000000000),
double3(0.800000000000,0.178800000000,0.700950000000),
double3(0.850000000000,0.006550000000,0.684100000000),
double3(0.800000000000,0.128800000000,0.723300000000),
double3(0.800000000000,0.035450000000,0.671300000000),
double3(0.900000000000,0.485550000000,0.704850000000),
double3(0.950000000000,0.375000000000,0.500000000000),
double3(0.850000000000,0.493450000000,0.934100000000),
double3(0.850000000000,0.125000000000,0.750000000000),
double3(0.950000000000,0.006550000000,0.684100000000),
double3(0.950000000000,0.125000000000,0.500000000000),
double3(0.850000000000,0.006550000000,0.565900000000),
double3(0.850000000000,0.375000000000,0.750000000000),
double3(0.950000000000,0.493450000000,0.815900000000),
double3(0.900000000000,0.336500000000,0.557950000000),
double3(0.900000000000,0.428800000000,0.549050000000),
double3(0.850000000000,0.256550000000,0.565900000000),
double3(0.900000000000,0.292550000000,0.625000000000),
double3(0.800000000000,0.250000000000,0.500000000000),
double3(0.900000000000,0.378800000000,0.526700000000),
double3(0.900000000000,0.285450000000,0.578700000000),
double3(0.800000000000,0.235550000000,0.545150000000),
double3(0.900000000000,0.163500000000,0.807950000000),
double3(0.900000000000,0.071200000000,0.799050000000),
double3(0.950000000000,0.243450000000,0.815900000000),
double3(0.900000000000,0.207450000000,0.875000000000),
double3(0.800000000000,0.250000000000,0.750000000000),
double3(0.900000000000,0.121200000000,0.776700000000),
double3(0.900000000000,0.214550000000,0.828700000000),
double3(0.800000000000,0.264450000000,0.795150000000),
double3(0.900000000000,0.163500000000,0.942050000000),
double3(0.900000000000,0.071200000000,0.950950000000),
double3(0.850000000000,0.243450000000,0.934100000000),
double3(0.900000000000,0.121200000000,0.973300000000),
double3(0.900000000000,0.214550000000,0.921300000000),
double3(0.800000000000,0.264450000000,0.954850000000),
double3(0.900000000000,0.336500000000,0.692050000000),
double3(0.900000000000,0.428800000000,0.700950000000),
double3(0.950000000000,0.256550000000,0.684100000000),
double3(0.900000000000,0.378800000000,0.723300000000),
double3(0.900000000000,0.285450000000,0.671300000000),
double3(0.800000000000,0.235550000000,0.704850000000),
double3(0.950000000000,0.243450000000,0.934100000000),
double3(0.850000000000,0.256550000000,0.684100000000),
double3(0.950000000000,0.256550000000,0.565900000000),
double3(0.850000000000,0.243450000000,0.815900000000),
double3(0.800000000000,0.586500000000,0.057950000000),
double3(0.850000000000,0.625000000000,0.000000000000),
double3(0.800000000000,0.678800000000,0.049050000000),
double3(0.950000000000,0.506550000000,0.065900000000),
double3(0.800000000000,0.542550000000,0.125000000000),
double3(0.900000000000,0.500000000000,0.000000000000),
double3(0.800000000000,0.628800000000,0.026700000000),
double3(0.800000000000,0.535450000000,0.078700000000),
double3(0.900000000000,0.985550000000,0.045150000000),
double3(0.800000000000,0.913500000000,0.307950000000),
double3(0.950000000000,0.875000000000,0.250000000000),
double3(0.800000000000,0.821200000000,0.299050000000),
double3(0.850000000000,0.993450000000,0.315900000000),
double3(0.800000000000,0.957450000000,0.375000000000),
double3(0.900000000000,0.500000000000,0.250000000000),
double3(0.800000000000,0.871200000000,0.276700000000),
double3(0.800000000000,0.964550000000,0.328700000000),
double3(0.900000000000,0.514450000000,0.295150000000),
double3(0.800000000000,0.913500000000,0.442050000000),
double3(0.850000000000,0.875000000000,0.000000000000),
double3(0.800000000000,0.821200000000,0.450950000000),
double3(0.950000000000,0.993450000000,0.434100000000),
double3(0.800000000000,0.871200000000,0.473300000000),
double3(0.800000000000,0.964550000000,0.421300000000),
double3(0.900000000000,0.514450000000,0.454850000000),
double3(0.800000000000,0.586500000000,0.192050000000),
double3(0.950000000000,0.625000000000,0.250000000000),
double3(0.800000000000,0.678800000000,0.200950000000),
double3(0.850000000000,0.506550000000,0.184100000000),
double3(0.800000000000,0.628800000000,0.223300000000),
double3(0.800000000000,0.535450000000,0.171300000000),
double3(0.900000000000,0.985550000000,0.204850000000),
double3(0.950000000000,0.875000000000,0.000000000000),
double3(0.850000000000,0.993450000000,0.434100000000),
double3(0.850000000000,0.625000000000,0.250000000000),
double3(0.950000000000,0.506550000000,0.184100000000),
double3(0.950000000000,0.625000000000,0.000000000000),
double3(0.850000000000,0.506550000000,0.065900000000),
double3(0.850000000000,0.875000000000,0.250000000000),
double3(0.950000000000,0.993450000000,0.315900000000),
double3(0.900000000000,0.836500000000,0.057950000000),
double3(0.900000000000,0.928800000000,0.049050000000),
double3(0.850000000000,0.756550000000,0.065900000000),
double3(0.900000000000,0.792550000000,0.125000000000),
double3(0.800000000000,0.750000000000,0.000000000000),
double3(0.900000000000,0.878800000000,0.026700000000),
double3(0.900000000000,0.785450000000,0.078700000000),
double3(0.800000000000,0.735550000000,0.045150000000),
double3(0.900000000000,0.663500000000,0.307950000000),
double3(0.900000000000,0.571200000000,0.299050000000),
double3(0.950000000000,0.743450000000,0.315900000000),
double3(0.900000000000,0.707450000000,0.375000000000),
double3(0.800000000000,0.750000000000,0.250000000000),
double3(0.900000000000,0.621200000000,0.276700000000),
double3(0.900000000000,0.714550000000,0.328700000000),
double3(0.800000000000,0.764450000000,0.295150000000),
double3(0.900000000000,0.663500000000,0.442050000000),
double3(0.900000000000,0.571200000000,0.450950000000),
double3(0.850000000000,0.743450000000,0.434100000000),
double3(0.900000000000,0.621200000000,0.473300000000),
double3(0.900000000000,0.714550000000,0.421300000000),
double3(0.800000000000,0.764450000000,0.454850000000),
double3(0.900000000000,0.836500000000,0.192050000000),
double3(0.900000000000,0.928800000000,0.200950000000),
double3(0.950000000000,0.756550000000,0.184100000000),
double3(0.900000000000,0.878800000000,0.223300000000),
double3(0.900000000000,0.785450000000,0.171300000000),
double3(0.800000000000,0.735550000000,0.204850000000),
double3(0.950000000000,0.743450000000,0.434100000000),
double3(0.850000000000,0.756550000000,0.184100000000),
double3(0.950000000000,0.756550000000,0.065900000000),
double3(0.850000000000,0.743450000000,0.315900000000),
double3(0.800000000000,0.586500000000,0.557950000000),
double3(0.850000000000,0.625000000000,0.500000000000),
double3(0.800000000000,0.678800000000,0.549050000000),
double3(0.950000000000,0.506550000000,0.565900000000),
double3(0.800000000000,0.542550000000,0.625000000000),
double3(0.900000000000,0.500000000000,0.500000000000),
double3(0.800000000000,0.628800000000,0.526700000000),
double3(0.800000000000,0.535450000000,0.578700000000),
double3(0.900000000000,0.985550000000,0.545150000000),
double3(0.800000000000,0.913500000000,0.807950000000),
double3(0.950000000000,0.875000000000,0.750000000000),
double3(0.800000000000,0.821200000000,0.799050000000),
double3(0.850000000000,0.993450000000,0.815900000000),
double3(0.800000000000,0.957450000000,0.875000000000),
double3(0.900000000000,0.500000000000,0.750000000000),
double3(0.800000000000,0.871200000000,0.776700000000),
double3(0.800000000000,0.964550000000,0.828700000000),
double3(0.900000000000,0.514450000000,0.795150000000),
double3(0.800000000000,0.913500000000,0.942050000000),
double3(0.850000000000,0.875000000000,0.500000000000),
double3(0.800000000000,0.821200000000,0.950950000000),
double3(0.950000000000,0.993450000000,0.934100000000),
double3(0.800000000000,0.871200000000,0.973300000000),
double3(0.800000000000,0.964550000000,0.921300000000),
double3(0.900000000000,0.514450000000,0.954850000000),
double3(0.800000000000,0.586500000000,0.692050000000),
double3(0.950000000000,0.625000000000,0.750000000000),
double3(0.800000000000,0.678800000000,0.700950000000),
double3(0.850000000000,0.506550000000,0.684100000000),
double3(0.800000000000,0.628800000000,0.723300000000),
double3(0.800000000000,0.535450000000,0.671300000000),
double3(0.900000000000,0.985550000000,0.704850000000),
double3(0.950000000000,0.875000000000,0.500000000000),
double3(0.850000000000,0.993450000000,0.934100000000),
double3(0.850000000000,0.625000000000,0.750000000000),
double3(0.950000000000,0.506550000000,0.684100000000),
double3(0.950000000000,0.625000000000,0.500000000000),
double3(0.850000000000,0.506550000000,0.565900000000),
double3(0.850000000000,0.875000000000,0.750000000000),
double3(0.950000000000,0.993450000000,0.815900000000),
double3(0.900000000000,0.836500000000,0.557950000000),
double3(0.900000000000,0.928800000000,0.549050000000),
double3(0.850000000000,0.756550000000,0.565900000000),
double3(0.900000000000,0.792550000000,0.625000000000),
double3(0.800000000000,0.750000000000,0.500000000000),
double3(0.900000000000,0.878800000000,0.526700000000),
double3(0.900000000000,0.785450000000,0.578700000000),
double3(0.800000000000,0.735550000000,0.545150000000),
double3(0.900000000000,0.663500000000,0.807950000000),
double3(0.900000000000,0.571200000000,0.799050000000),
double3(0.950000000000,0.743450000000,0.815900000000),
double3(0.900000000000,0.707450000000,0.875000000000),
double3(0.800000000000,0.750000000000,0.750000000000),
double3(0.900000000000,0.621200000000,0.776700000000),
double3(0.900000000000,0.714550000000,0.828700000000),
double3(0.800000000000,0.764450000000,0.795150000000),
double3(0.900000000000,0.663500000000,0.942050000000),
double3(0.900000000000,0.571200000000,0.950950000000),
double3(0.850000000000,0.743450000000,0.934100000000),
double3(0.900000000000,0.621200000000,0.973300000000),
double3(0.900000000000,0.714550000000,0.921300000000),
double3(0.800000000000,0.764450000000,0.954850000000),
double3(0.900000000000,0.836500000000,0.692050000000),
double3(0.900000000000,0.928800000000,0.700950000000),
double3(0.950000000000,0.756550000000,0.684100000000),
double3(0.900000000000,0.878800000000,0.723300000000),
double3(0.900000000000,0.785450000000,0.671300000000),
double3(0.800000000000,0.735550000000,0.704850000000),
double3(0.950000000000,0.743450000000,0.934100000000),
double3(0.850000000000,0.756550000000,0.684100000000),
double3(0.950000000000,0.756550000000,0.565900000000),
double3(0.850000000000,0.743450000000,0.815900000000),
