 # Derivative distribution function -dV(r)/dr (or -dV(d)/dd) vs d
  0.1250000      0.0000000E+00
  0.3750000      0.0000000E+00
  0.6250000      0.0000000E+00
  0.8750000      0.0000000E+00
   1.125000      0.0000000E+00
   1.375000      0.0000000E+00
   1.625000      0.0000000E+00
   1.875000      0.0000000E+00
   2.125000      0.0000000E+00
   2.375000      0.0000000E+00
   2.625000      0.0000000E+00
   2.875000      0.0000000E+00
   3.125000      3.6903858E-02
   3.375000      0.1183801    
   3.625000      0.1797268    
   3.875000      0.1797267    
   4.125000      0.4356577    
   4.375000      0.3992332    
   4.625000      9.1540933E-02
   4.875000      7.8121305E-02
   5.125000      5.7991862E-02
   5.375000      4.6968579E-02
   5.625000      5.0323486E-02
   5.875000      0.4749581    
   6.125000      0.4519531    
   6.375000      1.2940347E-02
   6.625000      1.7253757E-02
   6.875000      1.6774476E-02
   7.125000      1.3419628E-02
   7.375000      1.1981785E-02
   7.625000      9.1061592E-03
   7.875000      6.7098141E-03
   8.125000      4.3134093E-03
   8.375000      8.6268783E-03
   8.625000      1.2461066E-02
   8.875000      1.1502504E-02
   9.125000      1.1023223E-02
   9.375000      1.2940347E-02
   9.625000      0.6283250    
   9.875000      0.6211359    
   10.12500      0.0000000E+00
   10.37500      0.0000000E+00
   10.62500      0.0000000E+00
   10.87500      0.0000000E+00
   11.12500      0.0000000E+00
   11.37500      0.0000000E+00
   11.62500      0.0000000E+00
   11.87500      0.0000000E+00
   12.12500      0.0000000E+00
   12.37500      0.0000000E+00
   12.62500      0.0000000E+00
   12.87500      0.0000000E+00
   13.12500      0.0000000E+00
   13.37500      0.0000000E+00
   13.62500      0.0000000E+00
   13.87500      0.0000000E+00
   14.12500      0.0000000E+00
   14.37500      0.0000000E+00
   14.62500      0.0000000E+00
   14.87500      0.0000000E+00
   15.12500      0.0000000E+00
   15.37500      0.0000000E+00
   15.62500      0.0000000E+00
   15.87500      0.0000000E+00
   16.12500      0.0000000E+00
   16.37500      0.0000000E+00
   16.62500      0.0000000E+00
   16.87500      0.0000000E+00
   17.12500      0.0000000E+00
   17.37500      0.0000000E+00
   17.62500      0.0000000E+00
   17.87500      0.0000000E+00
   18.12500      0.0000000E+00
   18.37500      0.0000000E+00
   18.62500      0.0000000E+00
   18.87500      0.0000000E+00
   19.12500      0.0000000E+00
   19.37500      0.0000000E+00
