 # Derivative distribution function -dV(r)/dr (or -dV(d)/dd) vs d
  0.1250000      0.0000000E+00
  0.3750000      0.0000000E+00
  0.6250000      0.0000000E+00
  0.8750000      0.0000000E+00
   1.125000      0.0000000E+00
   1.375000      0.0000000E+00
   1.625000      0.0000000E+00
   1.875000      0.0000000E+00
   2.125000      0.0000000E+00
   2.375000      0.0000000E+00
   2.625000      0.0000000E+00
   2.875000      0.0000000E+00
   3.125000      3.4319043E-02
   3.375000      0.1596689    
   3.625000      0.4444444    
   3.875000      0.3772666    
   4.125000      0.2830716    
   4.375000      0.2974322    
   4.625000      0.1248631    
   4.875000      9.2491150E-02
   5.125000      9.7359180E-02
   5.375000      0.1455519    
   5.625000      0.1555312    
   5.875000      0.5697943    
   6.125000      0.5082146    
   6.375000      8.7623000E-03
   6.625000      5.8415532E-03
   6.875000      4.3811798E-03
   7.125000      4.6245754E-03
   7.375000      4.8679411E-03
   7.625000      4.6245456E-03
   7.875000      5.8415532E-03
   8.125000      4.6245754E-03
   8.375000      3.6509633E-03
   8.625000      4.6245456E-03
   8.875000      5.1113665E-03
   9.125000      5.5981576E-03
   9.375000      4.6245456E-03
   9.625000      0.3222587    
   9.875000      0.3205549    
   10.12500      0.0000000E+00
   10.37500      0.0000000E+00
   10.62500      0.0000000E+00
   10.87500      0.0000000E+00
   11.12500      0.0000000E+00
   11.37500      0.0000000E+00
   11.62500      0.0000000E+00
   11.87500      0.0000000E+00
   12.12500      0.0000000E+00
   12.37500      0.0000000E+00
   12.62500      0.0000000E+00
   12.87500      0.0000000E+00
   13.12500      0.0000000E+00
   13.37500      0.0000000E+00
   13.62500      0.0000000E+00
   13.87500      0.0000000E+00
   14.12500      0.0000000E+00
   14.37500      0.0000000E+00
   14.62500      0.0000000E+00
   14.87500      0.0000000E+00
   15.12500      0.0000000E+00
   15.37500      0.0000000E+00
   15.62500      0.0000000E+00
   15.87500      0.0000000E+00
   16.12500      0.0000000E+00
   16.37500      0.0000000E+00
   16.62500      0.0000000E+00
   16.87500      0.0000000E+00
   17.12500      0.0000000E+00
   17.37500      0.0000000E+00
   17.62500      0.0000000E+00
   17.87500      0.0000000E+00
   18.12500      0.0000000E+00
   18.37500      0.0000000E+00
   18.62500      0.0000000E+00
   18.87500      0.0000000E+00
   19.12500      0.0000000E+00
   19.37500      0.0000000E+00
