 # Derivative distribution function -dV(r)/dr (or -dV(d)/dd) vs d
  0.1250000      0.0000000E+00
  0.3750000      0.0000000E+00
  0.6250000      0.0000000E+00
  0.8750000      0.0000000E+00
   1.125000      0.0000000E+00
   1.375000      0.0000000E+00
   1.625000      0.0000000E+00
   1.875000      0.0000000E+00
   2.125000      0.0000000E+00
   2.375000      0.0000000E+00
   2.625000      0.0000000E+00
   2.875000      0.0000000E+00
   3.125000      3.6271811E-03
   3.375000      1.3375521E-02
   3.625000      2.1537066E-02
   3.875000      2.5391102E-02
   4.125000      2.8111577E-02
   4.375000      3.8313270E-02
   4.625000      0.1802312    
   4.875000      0.1976876    
   5.125000      7.7306747E-02
   5.375000      6.2117457E-02
   5.625000      4.8741817E-02
   5.875000      4.0353656E-02
   6.125000      3.7859917E-02
   6.375000      3.2192230E-02
   6.625000      2.4484158E-02
   6.875000      2.4030805E-02
   7.125000      1.9496799E-02
   7.375000      1.7909765E-02
   7.625000      1.8589854E-02
   7.875000      1.7683148E-02
   8.125000      1.6776204E-02
   8.375000      1.6096115E-02
   8.625000      1.5869379E-02
   8.875000      1.2695551E-02
   9.125000      1.3829112E-02
   9.375000      1.4509201E-02
   9.625000      1.3148904E-02
   9.875000      1.2695432E-02
   10.12500      1.2015462E-02
   10.37500      1.2695551E-02
   10.62500      1.3375640E-02
   10.87500      1.0881901E-02
   11.12500      9.7483397E-03
   11.37500      1.0881901E-02
   11.62500      1.0655165E-02
   11.87500      0.1557471    
   12.12500      0.2180912    
   12.37500      9.2269301E-02
   12.62500       1.216504    
   12.87500       1.192473    
   13.12500      0.0000000E+00
   13.37500      0.0000000E+00
   13.62500      0.0000000E+00
   13.87500      0.0000000E+00
   14.12500      0.0000000E+00
   14.37500      0.0000000E+00
   14.62500      0.0000000E+00
   14.87500      0.0000000E+00
   15.12500      0.0000000E+00
   15.37500      0.0000000E+00
   15.62500      0.0000000E+00
   15.87500      0.0000000E+00
   16.12500      0.0000000E+00
   16.37500      0.0000000E+00
   16.62500      0.0000000E+00
   16.87500      0.0000000E+00
   17.12500      0.0000000E+00
   17.37500      0.0000000E+00
   17.62500      0.0000000E+00
   17.87500      0.0000000E+00
   18.12500      0.0000000E+00
   18.37500      0.0000000E+00
   18.62500      0.0000000E+00
   18.87500      0.0000000E+00
   19.12500      0.0000000E+00
   19.37500      0.0000000E+00
