 # Derivative distribution function -dV(r)/dr (or -dV(d)/dd) vs d
  0.1250000      0.0000000E+00
  0.3750000      0.0000000E+00
  0.6250000      0.0000000E+00
  0.8750000      0.0000000E+00
   1.125000      0.0000000E+00
   1.375000      0.0000000E+00
   1.625000      0.0000000E+00
   1.875000      0.0000000E+00
   2.125000      0.0000000E+00
   2.375000      0.0000000E+00
   2.625000      0.0000000E+00
   2.875000      0.0000000E+00
   3.125000      1.8235445E-03
   3.375000      1.0713458E-02
   3.625000      1.8691659E-02
   3.875000      2.2110820E-02
   4.125000      2.5985837E-02
   4.375000      4.0118456E-02
   4.625000      0.1857761    
   4.875000      0.1937543    
   5.125000      7.5222254E-02
   5.375000      6.8839788E-02
   5.625000      5.2655578E-02
   5.875000      4.3537617E-02
   6.125000      3.3508062E-02
   6.375000      2.5529981E-02
   6.625000      2.3478508E-02
   6.875000      2.4390340E-02
   7.125000      2.1198988E-02
   7.375000      1.6867995E-02
   7.625000      1.3904691E-02
   7.875000      1.5272379E-02
   8.125000      1.5500307E-02
   8.375000      1.2537003E-02
   8.625000      1.3676763E-02
   8.875000      1.6184211E-02
   9.125000      1.5728354E-02
   9.375000      1.5956283E-02
   9.625000      1.4588594E-02
   9.875000      1.2537003E-02
   10.12500      1.2764931E-02
   10.37500      1.1625290E-02
   10.62500      1.1853218E-02
   10.87500      1.1625171E-02
   11.12500      1.0713458E-02
   11.37500      1.2765050E-02
   11.62500      1.1169314E-02
   11.87500      0.1563711    
   12.12500      0.2295419    
   12.37500      9.7788811E-02
   12.62500       1.212218    
   12.87500       1.191475    
   13.12500      0.0000000E+00
   13.37500      0.0000000E+00
   13.62500      0.0000000E+00
   13.87500      0.0000000E+00
   14.12500      0.0000000E+00
   14.37500      0.0000000E+00
   14.62500      0.0000000E+00
   14.87500      0.0000000E+00
   15.12500      0.0000000E+00
   15.37500      0.0000000E+00
   15.62500      0.0000000E+00
   15.87500      0.0000000E+00
   16.12500      0.0000000E+00
   16.37500      0.0000000E+00
   16.62500      0.0000000E+00
   16.87500      0.0000000E+00
   17.12500      0.0000000E+00
   17.37500      0.0000000E+00
   17.62500      0.0000000E+00
   17.87500      0.0000000E+00
   18.12500      0.0000000E+00
   18.37500      0.0000000E+00
   18.62500      0.0000000E+00
   18.87500      0.0000000E+00
   19.12500      0.0000000E+00
   19.37500      0.0000000E+00
