[double3(8.952000000000,0.000000000000,0.000000000000),double3(0.000000000000,8.952000000000,0.000000000000),double3(0.000000000000,0.000000000000,5.255000000000)]

double3(0.083333333333,0.083333333333,0.050000000000),
double3(0.000000000000,0.069300000000,0.000000000000),
double3(0.058966666667,0.058966666667,0.000000000000),
double3(0.250000000000,0.083333333333,0.050000000000),
double3(0.264033333333,0.000000000000,0.000000000000),
double3(0.274366666667,0.058966666667,0.000000000000),
double3(0.250000000000,0.250000000000,0.050000000000),
double3(0.000000000000,0.264033333333,0.000000000000),
double3(0.274366666667,0.274366666667,0.000000000000),
double3(0.083333333333,0.250000000000,0.050000000000),
double3(0.069300000000,0.000000000000,0.000000000000),
double3(0.058966666667,0.274366666667,0.000000000000),
double3(0.083333333333,0.250000000000,0.150000000000),
double3(0.083333333333,0.083333333333,0.150000000000),
double3(0.250000000000,0.083333333333,0.150000000000),
double3(0.250000000000,0.250000000000,0.150000000000),
double3(0.166666666667,0.235966666667,0.100000000000),
double3(0.225633333333,0.225633333333,0.100000000000),
double3(0.097366666667,0.166666666667,0.100000000000),
double3(0.107700000000,0.225633333333,0.100000000000),
double3(0.166666666667,0.097366666667,0.100000000000),
double3(0.107700000000,0.107700000000,0.100000000000),
double3(0.235966666667,0.166666666667,0.100000000000),
double3(0.225633333333,0.107700000000,0.100000000000),
double3(0.083333333333,0.083333333333,0.250000000000),
double3(0.000000000000,0.069300000000,0.200000000000),
double3(0.058966666667,0.058966666667,0.200000000000),
double3(0.250000000000,0.083333333333,0.250000000000),
double3(0.264033333333,0.000000000000,0.200000000000),
double3(0.274366666667,0.058966666667,0.200000000000),
double3(0.250000000000,0.250000000000,0.250000000000),
double3(0.000000000000,0.264033333333,0.200000000000),
double3(0.274366666667,0.274366666667,0.200000000000),
double3(0.083333333333,0.250000000000,0.250000000000),
double3(0.069300000000,0.000000000000,0.200000000000),
double3(0.058966666667,0.274366666667,0.200000000000),
double3(0.083333333333,0.250000000000,0.350000000000),
double3(0.083333333333,0.083333333333,0.350000000000),
double3(0.250000000000,0.083333333333,0.350000000000),
double3(0.250000000000,0.250000000000,0.350000000000),
double3(0.166666666667,0.235966666667,0.300000000000),
double3(0.225633333333,0.225633333333,0.300000000000),
double3(0.097366666667,0.166666666667,0.300000000000),
double3(0.107700000000,0.225633333333,0.300000000000),
double3(0.166666666667,0.097366666667,0.300000000000),
double3(0.107700000000,0.107700000000,0.300000000000),
double3(0.235966666667,0.166666666667,0.300000000000),
double3(0.225633333333,0.107700000000,0.300000000000),
double3(0.083333333333,0.083333333333,0.450000000000),
double3(0.000000000000,0.069300000000,0.400000000000),
double3(0.058966666667,0.058966666667,0.400000000000),
double3(0.250000000000,0.083333333333,0.450000000000),
double3(0.264033333333,0.000000000000,0.400000000000),
double3(0.274366666667,0.058966666667,0.400000000000),
double3(0.250000000000,0.250000000000,0.450000000000),
double3(0.000000000000,0.264033333333,0.400000000000),
double3(0.274366666667,0.274366666667,0.400000000000),
double3(0.083333333333,0.250000000000,0.450000000000),
double3(0.069300000000,0.000000000000,0.400000000000),
double3(0.058966666667,0.274366666667,0.400000000000),
double3(0.083333333333,0.250000000000,0.550000000000),
double3(0.083333333333,0.083333333333,0.550000000000),
double3(0.250000000000,0.083333333333,0.550000000000),
double3(0.250000000000,0.250000000000,0.550000000000),
double3(0.166666666667,0.235966666667,0.500000000000),
double3(0.225633333333,0.225633333333,0.500000000000),
double3(0.097366666667,0.166666666667,0.500000000000),
double3(0.107700000000,0.225633333333,0.500000000000),
double3(0.166666666667,0.097366666667,0.500000000000),
double3(0.107700000000,0.107700000000,0.500000000000),
double3(0.235966666667,0.166666666667,0.500000000000),
double3(0.225633333333,0.107700000000,0.500000000000),
double3(0.083333333333,0.083333333333,0.650000000000),
double3(0.000000000000,0.069300000000,0.600000000000),
double3(0.058966666667,0.058966666667,0.600000000000),
double3(0.250000000000,0.083333333333,0.650000000000),
double3(0.264033333333,0.000000000000,0.600000000000),
double3(0.274366666667,0.058966666667,0.600000000000),
double3(0.250000000000,0.250000000000,0.650000000000),
double3(0.000000000000,0.264033333333,0.600000000000),
double3(0.274366666667,0.274366666667,0.600000000000),
double3(0.083333333333,0.250000000000,0.650000000000),
double3(0.069300000000,0.000000000000,0.600000000000),
double3(0.058966666667,0.274366666667,0.600000000000),
double3(0.083333333333,0.250000000000,0.750000000000),
double3(0.083333333333,0.083333333333,0.750000000000),
double3(0.250000000000,0.083333333333,0.750000000000),
double3(0.250000000000,0.250000000000,0.750000000000),
double3(0.166666666667,0.235966666667,0.700000000000),
double3(0.225633333333,0.225633333333,0.700000000000),
double3(0.097366666667,0.166666666667,0.700000000000),
double3(0.107700000000,0.225633333333,0.700000000000),
double3(0.166666666667,0.097366666667,0.700000000000),
double3(0.107700000000,0.107700000000,0.700000000000),
double3(0.235966666667,0.166666666667,0.700000000000),
double3(0.225633333333,0.107700000000,0.700000000000),
double3(0.083333333333,0.083333333333,0.850000000000),
double3(0.000000000000,0.069300000000,0.800000000000),
double3(0.058966666667,0.058966666667,0.800000000000),
double3(0.250000000000,0.083333333333,0.850000000000),
double3(0.264033333333,0.000000000000,0.800000000000),
double3(0.274366666667,0.058966666667,0.800000000000),
double3(0.250000000000,0.250000000000,0.850000000000),
double3(0.000000000000,0.264033333333,0.800000000000),
double3(0.274366666667,0.274366666667,0.800000000000),
double3(0.083333333333,0.250000000000,0.850000000000),
double3(0.069300000000,0.000000000000,0.800000000000),
double3(0.058966666667,0.274366666667,0.800000000000),
double3(0.083333333333,0.250000000000,0.950000000000),
double3(0.083333333333,0.083333333333,0.950000000000),
double3(0.250000000000,0.083333333333,0.950000000000),
double3(0.250000000000,0.250000000000,0.950000000000),
double3(0.166666666667,0.235966666667,0.900000000000),
double3(0.225633333333,0.225633333333,0.900000000000),
double3(0.097366666667,0.166666666667,0.900000000000),
double3(0.107700000000,0.225633333333,0.900000000000),
double3(0.166666666667,0.097366666667,0.900000000000),
double3(0.107700000000,0.107700000000,0.900000000000),
double3(0.235966666667,0.166666666667,0.900000000000),
double3(0.225633333333,0.107700000000,0.900000000000),
double3(0.083333333333,0.416666666667,0.050000000000),
double3(0.000000000000,0.402633333333,0.000000000000),
double3(0.058966666667,0.392300000000,0.000000000000),
double3(0.250000000000,0.416666666667,0.050000000000),
double3(0.264033333333,0.333333333333,0.000000000000),
double3(0.274366666667,0.392300000000,0.000000000000),
double3(0.250000000000,0.583333333333,0.050000000000),
double3(0.000000000000,0.597366666667,0.000000000000),
double3(0.274366666667,0.607700000000,0.000000000000),
double3(0.083333333333,0.583333333333,0.050000000000),
double3(0.069300000000,0.333333333333,0.000000000000),
double3(0.058966666667,0.607700000000,0.000000000000),
double3(0.083333333333,0.583333333333,0.150000000000),
double3(0.083333333333,0.416666666667,0.150000000000),
double3(0.250000000000,0.416666666667,0.150000000000),
double3(0.250000000000,0.583333333333,0.150000000000),
double3(0.166666666667,0.569300000000,0.100000000000),
double3(0.225633333333,0.558966666667,0.100000000000),
double3(0.097366666667,0.500000000000,0.100000000000),
double3(0.107700000000,0.558966666667,0.100000000000),
double3(0.166666666667,0.430700000000,0.100000000000),
double3(0.107700000000,0.441033333333,0.100000000000),
double3(0.235966666667,0.500000000000,0.100000000000),
double3(0.225633333333,0.441033333333,0.100000000000),
double3(0.083333333333,0.416666666667,0.250000000000),
double3(0.000000000000,0.402633333333,0.200000000000),
double3(0.058966666667,0.392300000000,0.200000000000),
double3(0.250000000000,0.416666666667,0.250000000000),
double3(0.264033333333,0.333333333333,0.200000000000),
double3(0.274366666667,0.392300000000,0.200000000000),
double3(0.250000000000,0.583333333333,0.250000000000),
double3(0.000000000000,0.597366666667,0.200000000000),
double3(0.274366666667,0.607700000000,0.200000000000),
double3(0.083333333333,0.583333333333,0.250000000000),
double3(0.069300000000,0.333333333333,0.200000000000),
double3(0.058966666667,0.607700000000,0.200000000000),
double3(0.083333333333,0.583333333333,0.350000000000),
double3(0.083333333333,0.416666666667,0.350000000000),
double3(0.250000000000,0.416666666667,0.350000000000),
double3(0.250000000000,0.583333333333,0.350000000000),
double3(0.166666666667,0.569300000000,0.300000000000),
double3(0.225633333333,0.558966666667,0.300000000000),
double3(0.097366666667,0.500000000000,0.300000000000),
double3(0.107700000000,0.558966666667,0.300000000000),
double3(0.166666666667,0.430700000000,0.300000000000),
double3(0.107700000000,0.441033333333,0.300000000000),
double3(0.235966666667,0.500000000000,0.300000000000),
double3(0.225633333333,0.441033333333,0.300000000000),
double3(0.083333333333,0.416666666667,0.450000000000),
double3(0.000000000000,0.402633333333,0.400000000000),
double3(0.058966666667,0.392300000000,0.400000000000),
double3(0.250000000000,0.416666666667,0.450000000000),
double3(0.264033333333,0.333333333333,0.400000000000),
double3(0.274366666667,0.392300000000,0.400000000000),
double3(0.250000000000,0.583333333333,0.450000000000),
double3(0.000000000000,0.597366666667,0.400000000000),
double3(0.274366666667,0.607700000000,0.400000000000),
double3(0.083333333333,0.583333333333,0.450000000000),
double3(0.069300000000,0.333333333333,0.400000000000),
double3(0.058966666667,0.607700000000,0.400000000000),
double3(0.083333333333,0.583333333333,0.550000000000),
double3(0.083333333333,0.416666666667,0.550000000000),
double3(0.250000000000,0.416666666667,0.550000000000),
double3(0.250000000000,0.583333333333,0.550000000000),
double3(0.166666666667,0.569300000000,0.500000000000),
double3(0.225633333333,0.558966666667,0.500000000000),
double3(0.097366666667,0.500000000000,0.500000000000),
double3(0.107700000000,0.558966666667,0.500000000000),
double3(0.166666666667,0.430700000000,0.500000000000),
double3(0.107700000000,0.441033333333,0.500000000000),
double3(0.235966666667,0.500000000000,0.500000000000),
double3(0.225633333333,0.441033333333,0.500000000000),
double3(0.083333333333,0.416666666667,0.650000000000),
double3(0.000000000000,0.402633333333,0.600000000000),
double3(0.058966666667,0.392300000000,0.600000000000),
double3(0.250000000000,0.416666666667,0.650000000000),
double3(0.264033333333,0.333333333333,0.600000000000),
double3(0.274366666667,0.392300000000,0.600000000000),
double3(0.250000000000,0.583333333333,0.650000000000),
double3(0.000000000000,0.597366666667,0.600000000000),
double3(0.274366666667,0.607700000000,0.600000000000),
double3(0.083333333333,0.583333333333,0.650000000000),
double3(0.069300000000,0.333333333333,0.600000000000),
double3(0.058966666667,0.607700000000,0.600000000000),
double3(0.083333333333,0.583333333333,0.750000000000),
double3(0.083333333333,0.416666666667,0.750000000000),
double3(0.250000000000,0.416666666667,0.750000000000),
double3(0.250000000000,0.583333333333,0.750000000000),
double3(0.166666666667,0.569300000000,0.700000000000),
double3(0.225633333333,0.558966666667,0.700000000000),
double3(0.097366666667,0.500000000000,0.700000000000),
double3(0.107700000000,0.558966666667,0.700000000000),
double3(0.166666666667,0.430700000000,0.700000000000),
double3(0.107700000000,0.441033333333,0.700000000000),
double3(0.235966666667,0.500000000000,0.700000000000),
double3(0.225633333333,0.441033333333,0.700000000000),
double3(0.083333333333,0.416666666667,0.850000000000),
double3(0.000000000000,0.402633333333,0.800000000000),
double3(0.058966666667,0.392300000000,0.800000000000),
double3(0.250000000000,0.416666666667,0.850000000000),
double3(0.264033333333,0.333333333333,0.800000000000),
double3(0.274366666667,0.392300000000,0.800000000000),
double3(0.250000000000,0.583333333333,0.850000000000),
double3(0.000000000000,0.597366666667,0.800000000000),
double3(0.274366666667,0.607700000000,0.800000000000),
double3(0.083333333333,0.583333333333,0.850000000000),
double3(0.069300000000,0.333333333333,0.800000000000),
double3(0.058966666667,0.607700000000,0.800000000000),
double3(0.083333333333,0.583333333333,0.950000000000),
double3(0.083333333333,0.416666666667,0.950000000000),
double3(0.250000000000,0.416666666667,0.950000000000),
double3(0.250000000000,0.583333333333,0.950000000000),
double3(0.166666666667,0.569300000000,0.900000000000),
double3(0.225633333333,0.558966666667,0.900000000000),
double3(0.097366666667,0.500000000000,0.900000000000),
double3(0.107700000000,0.558966666667,0.900000000000),
double3(0.166666666667,0.430700000000,0.900000000000),
double3(0.107700000000,0.441033333333,0.900000000000),
double3(0.235966666667,0.500000000000,0.900000000000),
double3(0.225633333333,0.441033333333,0.900000000000),
double3(0.083333333333,0.750000000000,0.050000000000),
double3(0.000000000000,0.735966666667,0.000000000000),
double3(0.058966666667,0.725633333333,0.000000000000),
double3(0.250000000000,0.750000000000,0.050000000000),
double3(0.264033333333,0.666666666667,0.000000000000),
double3(0.274366666667,0.725633333333,0.000000000000),
double3(0.250000000000,0.916666666667,0.050000000000),
double3(0.000000000000,0.930700000000,0.000000000000),
double3(0.274366666667,0.941033333333,0.000000000000),
double3(0.083333333333,0.916666666667,0.050000000000),
double3(0.069300000000,0.666666666667,0.000000000000),
double3(0.058966666667,0.941033333333,0.000000000000),
double3(0.083333333333,0.916666666667,0.150000000000),
double3(0.083333333333,0.750000000000,0.150000000000),
double3(0.250000000000,0.750000000000,0.150000000000),
double3(0.250000000000,0.916666666667,0.150000000000),
double3(0.166666666667,0.902633333333,0.100000000000),
double3(0.225633333333,0.892300000000,0.100000000000),
double3(0.097366666667,0.833333333333,0.100000000000),
double3(0.107700000000,0.892300000000,0.100000000000),
double3(0.166666666667,0.764033333333,0.100000000000),
double3(0.107700000000,0.774366666667,0.100000000000),
double3(0.235966666667,0.833333333333,0.100000000000),
double3(0.225633333333,0.774366666667,0.100000000000),
double3(0.083333333333,0.750000000000,0.250000000000),
double3(0.000000000000,0.735966666667,0.200000000000),
double3(0.058966666667,0.725633333333,0.200000000000),
double3(0.250000000000,0.750000000000,0.250000000000),
double3(0.264033333333,0.666666666667,0.200000000000),
double3(0.274366666667,0.725633333333,0.200000000000),
double3(0.250000000000,0.916666666667,0.250000000000),
double3(0.000000000000,0.930700000000,0.200000000000),
double3(0.274366666667,0.941033333333,0.200000000000),
double3(0.083333333333,0.916666666667,0.250000000000),
double3(0.069300000000,0.666666666667,0.200000000000),
double3(0.058966666667,0.941033333333,0.200000000000),
double3(0.083333333333,0.916666666667,0.350000000000),
double3(0.083333333333,0.750000000000,0.350000000000),
double3(0.250000000000,0.750000000000,0.350000000000),
double3(0.250000000000,0.916666666667,0.350000000000),
double3(0.166666666667,0.902633333333,0.300000000000),
double3(0.225633333333,0.892300000000,0.300000000000),
double3(0.097366666667,0.833333333333,0.300000000000),
double3(0.107700000000,0.892300000000,0.300000000000),
double3(0.166666666667,0.764033333333,0.300000000000),
double3(0.107700000000,0.774366666667,0.300000000000),
double3(0.235966666667,0.833333333333,0.300000000000),
double3(0.225633333333,0.774366666667,0.300000000000),
double3(0.083333333333,0.750000000000,0.450000000000),
double3(0.000000000000,0.735966666667,0.400000000000),
double3(0.058966666667,0.725633333333,0.400000000000),
double3(0.250000000000,0.750000000000,0.450000000000),
double3(0.264033333333,0.666666666667,0.400000000000),
double3(0.274366666667,0.725633333333,0.400000000000),
double3(0.250000000000,0.916666666667,0.450000000000),
double3(0.000000000000,0.930700000000,0.400000000000),
double3(0.274366666667,0.941033333333,0.400000000000),
double3(0.083333333333,0.916666666667,0.450000000000),
double3(0.069300000000,0.666666666667,0.400000000000),
double3(0.058966666667,0.941033333333,0.400000000000),
double3(0.083333333333,0.916666666667,0.550000000000),
double3(0.083333333333,0.750000000000,0.550000000000),
double3(0.250000000000,0.750000000000,0.550000000000),
double3(0.250000000000,0.916666666667,0.550000000000),
double3(0.166666666667,0.902633333333,0.500000000000),
double3(0.225633333333,0.892300000000,0.500000000000),
double3(0.097366666667,0.833333333333,0.500000000000),
double3(0.107700000000,0.892300000000,0.500000000000),
double3(0.166666666667,0.764033333333,0.500000000000),
double3(0.107700000000,0.774366666667,0.500000000000),
double3(0.235966666667,0.833333333333,0.500000000000),
double3(0.225633333333,0.774366666667,0.500000000000),
double3(0.083333333333,0.750000000000,0.650000000000),
double3(0.000000000000,0.735966666667,0.600000000000),
double3(0.058966666667,0.725633333333,0.600000000000),
double3(0.250000000000,0.750000000000,0.650000000000),
double3(0.264033333333,0.666666666667,0.600000000000),
double3(0.274366666667,0.725633333333,0.600000000000),
double3(0.250000000000,0.916666666667,0.650000000000),
double3(0.000000000000,0.930700000000,0.600000000000),
double3(0.274366666667,0.941033333333,0.600000000000),
double3(0.083333333333,0.916666666667,0.650000000000),
double3(0.069300000000,0.666666666667,0.600000000000),
double3(0.058966666667,0.941033333333,0.600000000000),
double3(0.083333333333,0.916666666667,0.750000000000),
double3(0.083333333333,0.750000000000,0.750000000000),
double3(0.250000000000,0.750000000000,0.750000000000),
double3(0.250000000000,0.916666666667,0.750000000000),
double3(0.166666666667,0.902633333333,0.700000000000),
double3(0.225633333333,0.892300000000,0.700000000000),
double3(0.097366666667,0.833333333333,0.700000000000),
double3(0.107700000000,0.892300000000,0.700000000000),
double3(0.166666666667,0.764033333333,0.700000000000),
double3(0.107700000000,0.774366666667,0.700000000000),
double3(0.235966666667,0.833333333333,0.700000000000),
double3(0.225633333333,0.774366666667,0.700000000000),
double3(0.083333333333,0.750000000000,0.850000000000),
double3(0.000000000000,0.735966666667,0.800000000000),
double3(0.058966666667,0.725633333333,0.800000000000),
double3(0.250000000000,0.750000000000,0.850000000000),
double3(0.264033333333,0.666666666667,0.800000000000),
double3(0.274366666667,0.725633333333,0.800000000000),
double3(0.250000000000,0.916666666667,0.850000000000),
double3(0.000000000000,0.930700000000,0.800000000000),
double3(0.274366666667,0.941033333333,0.800000000000),
double3(0.083333333333,0.916666666667,0.850000000000),
double3(0.069300000000,0.666666666667,0.800000000000),
double3(0.058966666667,0.941033333333,0.800000000000),
double3(0.083333333333,0.916666666667,0.950000000000),
double3(0.083333333333,0.750000000000,0.950000000000),
double3(0.250000000000,0.750000000000,0.950000000000),
double3(0.250000000000,0.916666666667,0.950000000000),
double3(0.166666666667,0.902633333333,0.900000000000),
double3(0.225633333333,0.892300000000,0.900000000000),
double3(0.097366666667,0.833333333333,0.900000000000),
double3(0.107700000000,0.892300000000,0.900000000000),
double3(0.166666666667,0.764033333333,0.900000000000),
double3(0.107700000000,0.774366666667,0.900000000000),
double3(0.235966666667,0.833333333333,0.900000000000),
double3(0.225633333333,0.774366666667,0.900000000000),
double3(0.416666666667,0.083333333333,0.050000000000),
double3(0.333333333333,0.069300000000,0.000000000000),
double3(0.392300000000,0.058966666667,0.000000000000),
double3(0.583333333333,0.083333333333,0.050000000000),
double3(0.597366666667,0.000000000000,0.000000000000),
double3(0.607700000000,0.058966666667,0.000000000000),
double3(0.583333333333,0.250000000000,0.050000000000),
double3(0.333333333333,0.264033333333,0.000000000000),
double3(0.607700000000,0.274366666667,0.000000000000),
double3(0.416666666667,0.250000000000,0.050000000000),
double3(0.402633333333,0.000000000000,0.000000000000),
double3(0.392300000000,0.274366666667,0.000000000000),
double3(0.416666666667,0.250000000000,0.150000000000),
double3(0.416666666667,0.083333333333,0.150000000000),
double3(0.583333333333,0.083333333333,0.150000000000),
double3(0.583333333333,0.250000000000,0.150000000000),
double3(0.500000000000,0.235966666667,0.100000000000),
double3(0.558966666667,0.225633333333,0.100000000000),
double3(0.430700000000,0.166666666667,0.100000000000),
double3(0.441033333333,0.225633333333,0.100000000000),
double3(0.500000000000,0.097366666667,0.100000000000),
double3(0.441033333333,0.107700000000,0.100000000000),
double3(0.569300000000,0.166666666667,0.100000000000),
double3(0.558966666667,0.107700000000,0.100000000000),
double3(0.416666666667,0.083333333333,0.250000000000),
double3(0.333333333333,0.069300000000,0.200000000000),
double3(0.392300000000,0.058966666667,0.200000000000),
double3(0.583333333333,0.083333333333,0.250000000000),
double3(0.597366666667,0.000000000000,0.200000000000),
double3(0.607700000000,0.058966666667,0.200000000000),
double3(0.583333333333,0.250000000000,0.250000000000),
double3(0.333333333333,0.264033333333,0.200000000000),
double3(0.607700000000,0.274366666667,0.200000000000),
double3(0.416666666667,0.250000000000,0.250000000000),
double3(0.402633333333,0.000000000000,0.200000000000),
double3(0.392300000000,0.274366666667,0.200000000000),
double3(0.416666666667,0.250000000000,0.350000000000),
double3(0.416666666667,0.083333333333,0.350000000000),
double3(0.583333333333,0.083333333333,0.350000000000),
double3(0.583333333333,0.250000000000,0.350000000000),
double3(0.500000000000,0.235966666667,0.300000000000),
double3(0.558966666667,0.225633333333,0.300000000000),
double3(0.430700000000,0.166666666667,0.300000000000),
double3(0.441033333333,0.225633333333,0.300000000000),
double3(0.500000000000,0.097366666667,0.300000000000),
double3(0.441033333333,0.107700000000,0.300000000000),
double3(0.569300000000,0.166666666667,0.300000000000),
double3(0.558966666667,0.107700000000,0.300000000000),
double3(0.416666666667,0.083333333333,0.450000000000),
double3(0.333333333333,0.069300000000,0.400000000000),
double3(0.392300000000,0.058966666667,0.400000000000),
double3(0.583333333333,0.083333333333,0.450000000000),
double3(0.597366666667,0.000000000000,0.400000000000),
double3(0.607700000000,0.058966666667,0.400000000000),
double3(0.583333333333,0.250000000000,0.450000000000),
double3(0.333333333333,0.264033333333,0.400000000000),
double3(0.607700000000,0.274366666667,0.400000000000),
double3(0.416666666667,0.250000000000,0.450000000000),
double3(0.402633333333,0.000000000000,0.400000000000),
double3(0.392300000000,0.274366666667,0.400000000000),
double3(0.416666666667,0.250000000000,0.550000000000),
double3(0.416666666667,0.083333333333,0.550000000000),
double3(0.583333333333,0.083333333333,0.550000000000),
double3(0.583333333333,0.250000000000,0.550000000000),
double3(0.500000000000,0.235966666667,0.500000000000),
double3(0.558966666667,0.225633333333,0.500000000000),
double3(0.430700000000,0.166666666667,0.500000000000),
double3(0.441033333333,0.225633333333,0.500000000000),
double3(0.500000000000,0.097366666667,0.500000000000),
double3(0.441033333333,0.107700000000,0.500000000000),
double3(0.569300000000,0.166666666667,0.500000000000),
double3(0.558966666667,0.107700000000,0.500000000000),
double3(0.416666666667,0.083333333333,0.650000000000),
double3(0.333333333333,0.069300000000,0.600000000000),
double3(0.392300000000,0.058966666667,0.600000000000),
double3(0.583333333333,0.083333333333,0.650000000000),
double3(0.597366666667,0.000000000000,0.600000000000),
double3(0.607700000000,0.058966666667,0.600000000000),
double3(0.583333333333,0.250000000000,0.650000000000),
double3(0.333333333333,0.264033333333,0.600000000000),
double3(0.607700000000,0.274366666667,0.600000000000),
double3(0.416666666667,0.250000000000,0.650000000000),
double3(0.402633333333,0.000000000000,0.600000000000),
double3(0.392300000000,0.274366666667,0.600000000000),
double3(0.416666666667,0.250000000000,0.750000000000),
double3(0.416666666667,0.083333333333,0.750000000000),
double3(0.583333333333,0.083333333333,0.750000000000),
double3(0.583333333333,0.250000000000,0.750000000000),
double3(0.500000000000,0.235966666667,0.700000000000),
double3(0.558966666667,0.225633333333,0.700000000000),
double3(0.430700000000,0.166666666667,0.700000000000),
double3(0.441033333333,0.225633333333,0.700000000000),
double3(0.500000000000,0.097366666667,0.700000000000),
double3(0.441033333333,0.107700000000,0.700000000000),
double3(0.569300000000,0.166666666667,0.700000000000),
double3(0.558966666667,0.107700000000,0.700000000000),
double3(0.416666666667,0.083333333333,0.850000000000),
double3(0.333333333333,0.069300000000,0.800000000000),
double3(0.392300000000,0.058966666667,0.800000000000),
double3(0.583333333333,0.083333333333,0.850000000000),
double3(0.597366666667,0.000000000000,0.800000000000),
double3(0.607700000000,0.058966666667,0.800000000000),
double3(0.583333333333,0.250000000000,0.850000000000),
double3(0.333333333333,0.264033333333,0.800000000000),
double3(0.607700000000,0.274366666667,0.800000000000),
double3(0.416666666667,0.250000000000,0.850000000000),
double3(0.402633333333,0.000000000000,0.800000000000),
double3(0.392300000000,0.274366666667,0.800000000000),
double3(0.416666666667,0.250000000000,0.950000000000),
double3(0.416666666667,0.083333333333,0.950000000000),
double3(0.583333333333,0.083333333333,0.950000000000),
double3(0.583333333333,0.250000000000,0.950000000000),
double3(0.500000000000,0.235966666667,0.900000000000),
double3(0.558966666667,0.225633333333,0.900000000000),
double3(0.430700000000,0.166666666667,0.900000000000),
double3(0.441033333333,0.225633333333,0.900000000000),
double3(0.500000000000,0.097366666667,0.900000000000),
double3(0.441033333333,0.107700000000,0.900000000000),
double3(0.569300000000,0.166666666667,0.900000000000),
double3(0.558966666667,0.107700000000,0.900000000000),
double3(0.416666666667,0.416666666667,0.050000000000),
double3(0.333333333333,0.402633333333,0.000000000000),
double3(0.392300000000,0.392300000000,0.000000000000),
double3(0.583333333333,0.416666666667,0.050000000000),
double3(0.597366666667,0.333333333333,0.000000000000),
double3(0.607700000000,0.392300000000,0.000000000000),
double3(0.583333333333,0.583333333333,0.050000000000),
double3(0.333333333333,0.597366666667,0.000000000000),
double3(0.607700000000,0.607700000000,0.000000000000),
double3(0.416666666667,0.583333333333,0.050000000000),
double3(0.402633333333,0.333333333333,0.000000000000),
double3(0.392300000000,0.607700000000,0.000000000000),
double3(0.416666666667,0.583333333333,0.150000000000),
double3(0.416666666667,0.416666666667,0.150000000000),
double3(0.583333333333,0.416666666667,0.150000000000),
double3(0.583333333333,0.583333333333,0.150000000000),
double3(0.500000000000,0.569300000000,0.100000000000),
double3(0.558966666667,0.558966666667,0.100000000000),
double3(0.430700000000,0.500000000000,0.100000000000),
double3(0.441033333333,0.558966666667,0.100000000000),
double3(0.500000000000,0.430700000000,0.100000000000),
double3(0.441033333333,0.441033333333,0.100000000000),
double3(0.569300000000,0.500000000000,0.100000000000),
double3(0.558966666667,0.441033333333,0.100000000000),
double3(0.416666666667,0.416666666667,0.250000000000),
double3(0.333333333333,0.402633333333,0.200000000000),
double3(0.392300000000,0.392300000000,0.200000000000),
double3(0.583333333333,0.416666666667,0.250000000000),
double3(0.597366666667,0.333333333333,0.200000000000),
double3(0.607700000000,0.392300000000,0.200000000000),
double3(0.583333333333,0.583333333333,0.250000000000),
double3(0.333333333333,0.597366666667,0.200000000000),
double3(0.607700000000,0.607700000000,0.200000000000),
double3(0.416666666667,0.583333333333,0.250000000000),
double3(0.402633333333,0.333333333333,0.200000000000),
double3(0.392300000000,0.607700000000,0.200000000000),
double3(0.416666666667,0.583333333333,0.350000000000),
double3(0.416666666667,0.416666666667,0.350000000000),
double3(0.583333333333,0.416666666667,0.350000000000),
double3(0.583333333333,0.583333333333,0.350000000000),
double3(0.500000000000,0.569300000000,0.300000000000),
double3(0.558966666667,0.558966666667,0.300000000000),
double3(0.430700000000,0.500000000000,0.300000000000),
double3(0.441033333333,0.558966666667,0.300000000000),
double3(0.500000000000,0.430700000000,0.300000000000),
double3(0.441033333333,0.441033333333,0.300000000000),
double3(0.569300000000,0.500000000000,0.300000000000),
double3(0.558966666667,0.441033333333,0.300000000000),
double3(0.416666666667,0.416666666667,0.450000000000),
double3(0.333333333333,0.402633333333,0.400000000000),
double3(0.392300000000,0.392300000000,0.400000000000),
double3(0.583333333333,0.416666666667,0.450000000000),
double3(0.597366666667,0.333333333333,0.400000000000),
double3(0.607700000000,0.392300000000,0.400000000000),
double3(0.583333333333,0.583333333333,0.450000000000),
double3(0.333333333333,0.597366666667,0.400000000000),
double3(0.607700000000,0.607700000000,0.400000000000),
double3(0.416666666667,0.583333333333,0.450000000000),
double3(0.402633333333,0.333333333333,0.400000000000),
double3(0.392300000000,0.607700000000,0.400000000000),
double3(0.416666666667,0.583333333333,0.550000000000),
double3(0.416666666667,0.416666666667,0.550000000000),
double3(0.583333333333,0.416666666667,0.550000000000),
double3(0.583333333333,0.583333333333,0.550000000000),
double3(0.500000000000,0.569300000000,0.500000000000),
double3(0.558966666667,0.558966666667,0.500000000000),
double3(0.430700000000,0.500000000000,0.500000000000),
double3(0.441033333333,0.558966666667,0.500000000000),
double3(0.500000000000,0.430700000000,0.500000000000),
double3(0.441033333333,0.441033333333,0.500000000000),
double3(0.569300000000,0.500000000000,0.500000000000),
double3(0.558966666667,0.441033333333,0.500000000000),
double3(0.416666666667,0.416666666667,0.650000000000),
double3(0.333333333333,0.402633333333,0.600000000000),
double3(0.392300000000,0.392300000000,0.600000000000),
double3(0.583333333333,0.416666666667,0.650000000000),
double3(0.597366666667,0.333333333333,0.600000000000),
double3(0.607700000000,0.392300000000,0.600000000000),
double3(0.583333333333,0.583333333333,0.650000000000),
double3(0.333333333333,0.597366666667,0.600000000000),
double3(0.607700000000,0.607700000000,0.600000000000),
double3(0.416666666667,0.583333333333,0.650000000000),
double3(0.402633333333,0.333333333333,0.600000000000),
double3(0.392300000000,0.607700000000,0.600000000000),
double3(0.416666666667,0.583333333333,0.750000000000),
double3(0.416666666667,0.416666666667,0.750000000000),
double3(0.583333333333,0.416666666667,0.750000000000),
double3(0.583333333333,0.583333333333,0.750000000000),
double3(0.500000000000,0.569300000000,0.700000000000),
double3(0.558966666667,0.558966666667,0.700000000000),
double3(0.430700000000,0.500000000000,0.700000000000),
double3(0.441033333333,0.558966666667,0.700000000000),
double3(0.500000000000,0.430700000000,0.700000000000),
double3(0.441033333333,0.441033333333,0.700000000000),
double3(0.569300000000,0.500000000000,0.700000000000),
double3(0.558966666667,0.441033333333,0.700000000000),
double3(0.416666666667,0.416666666667,0.850000000000),
double3(0.333333333333,0.402633333333,0.800000000000),
double3(0.392300000000,0.392300000000,0.800000000000),
double3(0.583333333333,0.416666666667,0.850000000000),
double3(0.597366666667,0.333333333333,0.800000000000),
double3(0.607700000000,0.392300000000,0.800000000000),
double3(0.583333333333,0.583333333333,0.850000000000),
double3(0.333333333333,0.597366666667,0.800000000000),
double3(0.607700000000,0.607700000000,0.800000000000),
double3(0.416666666667,0.583333333333,0.850000000000),
double3(0.402633333333,0.333333333333,0.800000000000),
double3(0.392300000000,0.607700000000,0.800000000000),
double3(0.416666666667,0.583333333333,0.950000000000),
double3(0.416666666667,0.416666666667,0.950000000000),
double3(0.583333333333,0.416666666667,0.950000000000),
double3(0.583333333333,0.583333333333,0.950000000000),
double3(0.500000000000,0.569300000000,0.900000000000),
double3(0.558966666667,0.558966666667,0.900000000000),
double3(0.430700000000,0.500000000000,0.900000000000),
double3(0.441033333333,0.558966666667,0.900000000000),
double3(0.500000000000,0.430700000000,0.900000000000),
double3(0.441033333333,0.441033333333,0.900000000000),
double3(0.569300000000,0.500000000000,0.900000000000),
double3(0.558966666667,0.441033333333,0.900000000000),
double3(0.416666666667,0.750000000000,0.050000000000),
double3(0.333333333333,0.735966666667,0.000000000000),
double3(0.392300000000,0.725633333333,0.000000000000),
double3(0.583333333333,0.750000000000,0.050000000000),
double3(0.597366666667,0.666666666667,0.000000000000),
double3(0.607700000000,0.725633333333,0.000000000000),
double3(0.583333333333,0.916666666667,0.050000000000),
double3(0.333333333333,0.930700000000,0.000000000000),
double3(0.607700000000,0.941033333333,0.000000000000),
double3(0.416666666667,0.916666666667,0.050000000000),
double3(0.402633333333,0.666666666667,0.000000000000),
double3(0.392300000000,0.941033333333,0.000000000000),
double3(0.416666666667,0.916666666667,0.150000000000),
double3(0.416666666667,0.750000000000,0.150000000000),
double3(0.583333333333,0.750000000000,0.150000000000),
double3(0.583333333333,0.916666666667,0.150000000000),
double3(0.500000000000,0.902633333333,0.100000000000),
double3(0.558966666667,0.892300000000,0.100000000000),
double3(0.430700000000,0.833333333333,0.100000000000),
double3(0.441033333333,0.892300000000,0.100000000000),
double3(0.500000000000,0.764033333333,0.100000000000),
double3(0.441033333333,0.774366666667,0.100000000000),
double3(0.569300000000,0.833333333333,0.100000000000),
double3(0.558966666667,0.774366666667,0.100000000000),
double3(0.416666666667,0.750000000000,0.250000000000),
double3(0.333333333333,0.735966666667,0.200000000000),
double3(0.392300000000,0.725633333333,0.200000000000),
double3(0.583333333333,0.750000000000,0.250000000000),
double3(0.597366666667,0.666666666667,0.200000000000),
double3(0.607700000000,0.725633333333,0.200000000000),
double3(0.583333333333,0.916666666667,0.250000000000),
double3(0.333333333333,0.930700000000,0.200000000000),
double3(0.607700000000,0.941033333333,0.200000000000),
double3(0.416666666667,0.916666666667,0.250000000000),
double3(0.402633333333,0.666666666667,0.200000000000),
double3(0.392300000000,0.941033333333,0.200000000000),
double3(0.416666666667,0.916666666667,0.350000000000),
double3(0.416666666667,0.750000000000,0.350000000000),
double3(0.583333333333,0.750000000000,0.350000000000),
double3(0.583333333333,0.916666666667,0.350000000000),
double3(0.500000000000,0.902633333333,0.300000000000),
double3(0.558966666667,0.892300000000,0.300000000000),
double3(0.430700000000,0.833333333333,0.300000000000),
double3(0.441033333333,0.892300000000,0.300000000000),
double3(0.500000000000,0.764033333333,0.300000000000),
double3(0.441033333333,0.774366666667,0.300000000000),
double3(0.569300000000,0.833333333333,0.300000000000),
double3(0.558966666667,0.774366666667,0.300000000000),
double3(0.416666666667,0.750000000000,0.450000000000),
double3(0.333333333333,0.735966666667,0.400000000000),
double3(0.392300000000,0.725633333333,0.400000000000),
double3(0.583333333333,0.750000000000,0.450000000000),
double3(0.597366666667,0.666666666667,0.400000000000),
double3(0.607700000000,0.725633333333,0.400000000000),
double3(0.583333333333,0.916666666667,0.450000000000),
double3(0.333333333333,0.930700000000,0.400000000000),
double3(0.607700000000,0.941033333333,0.400000000000),
double3(0.416666666667,0.916666666667,0.450000000000),
double3(0.402633333333,0.666666666667,0.400000000000),
double3(0.392300000000,0.941033333333,0.400000000000),
double3(0.416666666667,0.916666666667,0.550000000000),
double3(0.416666666667,0.750000000000,0.550000000000),
double3(0.583333333333,0.750000000000,0.550000000000),
double3(0.583333333333,0.916666666667,0.550000000000),
double3(0.500000000000,0.902633333333,0.500000000000),
double3(0.558966666667,0.892300000000,0.500000000000),
double3(0.430700000000,0.833333333333,0.500000000000),
double3(0.441033333333,0.892300000000,0.500000000000),
double3(0.500000000000,0.764033333333,0.500000000000),
double3(0.441033333333,0.774366666667,0.500000000000),
double3(0.569300000000,0.833333333333,0.500000000000),
double3(0.558966666667,0.774366666667,0.500000000000),
double3(0.416666666667,0.750000000000,0.650000000000),
double3(0.333333333333,0.735966666667,0.600000000000),
double3(0.392300000000,0.725633333333,0.600000000000),
double3(0.583333333333,0.750000000000,0.650000000000),
double3(0.597366666667,0.666666666667,0.600000000000),
double3(0.607700000000,0.725633333333,0.600000000000),
double3(0.583333333333,0.916666666667,0.650000000000),
double3(0.333333333333,0.930700000000,0.600000000000),
double3(0.607700000000,0.941033333333,0.600000000000),
double3(0.416666666667,0.916666666667,0.650000000000),
double3(0.402633333333,0.666666666667,0.600000000000),
double3(0.392300000000,0.941033333333,0.600000000000),
double3(0.416666666667,0.916666666667,0.750000000000),
double3(0.416666666667,0.750000000000,0.750000000000),
double3(0.583333333333,0.750000000000,0.750000000000),
double3(0.583333333333,0.916666666667,0.750000000000),
double3(0.500000000000,0.902633333333,0.700000000000),
double3(0.558966666667,0.892300000000,0.700000000000),
double3(0.430700000000,0.833333333333,0.700000000000),
double3(0.441033333333,0.892300000000,0.700000000000),
double3(0.500000000000,0.764033333333,0.700000000000),
double3(0.441033333333,0.774366666667,0.700000000000),
double3(0.569300000000,0.833333333333,0.700000000000),
double3(0.558966666667,0.774366666667,0.700000000000),
double3(0.416666666667,0.750000000000,0.850000000000),
double3(0.333333333333,0.735966666667,0.800000000000),
double3(0.392300000000,0.725633333333,0.800000000000),
double3(0.583333333333,0.750000000000,0.850000000000),
double3(0.597366666667,0.666666666667,0.800000000000),
double3(0.607700000000,0.725633333333,0.800000000000),
double3(0.583333333333,0.916666666667,0.850000000000),
double3(0.333333333333,0.930700000000,0.800000000000),
double3(0.607700000000,0.941033333333,0.800000000000),
double3(0.416666666667,0.916666666667,0.850000000000),
double3(0.402633333333,0.666666666667,0.800000000000),
double3(0.392300000000,0.941033333333,0.800000000000),
double3(0.416666666667,0.916666666667,0.950000000000),
double3(0.416666666667,0.750000000000,0.950000000000),
double3(0.583333333333,0.750000000000,0.950000000000),
double3(0.583333333333,0.916666666667,0.950000000000),
double3(0.500000000000,0.902633333333,0.900000000000),
double3(0.558966666667,0.892300000000,0.900000000000),
double3(0.430700000000,0.833333333333,0.900000000000),
double3(0.441033333333,0.892300000000,0.900000000000),
double3(0.500000000000,0.764033333333,0.900000000000),
double3(0.441033333333,0.774366666667,0.900000000000),
double3(0.569300000000,0.833333333333,0.900000000000),
double3(0.558966666667,0.774366666667,0.900000000000),
double3(0.750000000000,0.083333333333,0.050000000000),
double3(0.666666666667,0.069300000000,0.000000000000),
double3(0.725633333333,0.058966666667,0.000000000000),
double3(0.916666666667,0.083333333333,0.050000000000),
double3(0.930700000000,0.000000000000,0.000000000000),
double3(0.941033333333,0.058966666667,0.000000000000),
double3(0.916666666667,0.250000000000,0.050000000000),
double3(0.666666666667,0.264033333333,0.000000000000),
double3(0.941033333333,0.274366666667,0.000000000000),
double3(0.750000000000,0.250000000000,0.050000000000),
double3(0.735966666667,0.000000000000,0.000000000000),
double3(0.725633333333,0.274366666667,0.000000000000),
double3(0.750000000000,0.250000000000,0.150000000000),
double3(0.750000000000,0.083333333333,0.150000000000),
double3(0.916666666667,0.083333333333,0.150000000000),
double3(0.916666666667,0.250000000000,0.150000000000),
double3(0.833333333333,0.235966666667,0.100000000000),
double3(0.892300000000,0.225633333333,0.100000000000),
double3(0.764033333333,0.166666666667,0.100000000000),
double3(0.774366666667,0.225633333333,0.100000000000),
double3(0.833333333333,0.097366666667,0.100000000000),
double3(0.774366666667,0.107700000000,0.100000000000),
double3(0.902633333333,0.166666666667,0.100000000000),
double3(0.892300000000,0.107700000000,0.100000000000),
double3(0.750000000000,0.083333333333,0.250000000000),
double3(0.666666666667,0.069300000000,0.200000000000),
double3(0.725633333333,0.058966666667,0.200000000000),
double3(0.916666666667,0.083333333333,0.250000000000),
double3(0.930700000000,0.000000000000,0.200000000000),
double3(0.941033333333,0.058966666667,0.200000000000),
double3(0.916666666667,0.250000000000,0.250000000000),
double3(0.666666666667,0.264033333333,0.200000000000),
double3(0.941033333333,0.274366666667,0.200000000000),
double3(0.750000000000,0.250000000000,0.250000000000),
double3(0.735966666667,0.000000000000,0.200000000000),
double3(0.725633333333,0.274366666667,0.200000000000),
double3(0.750000000000,0.250000000000,0.350000000000),
double3(0.750000000000,0.083333333333,0.350000000000),
double3(0.916666666667,0.083333333333,0.350000000000),
double3(0.916666666667,0.250000000000,0.350000000000),
double3(0.833333333333,0.235966666667,0.300000000000),
double3(0.892300000000,0.225633333333,0.300000000000),
double3(0.764033333333,0.166666666667,0.300000000000),
double3(0.774366666667,0.225633333333,0.300000000000),
double3(0.833333333333,0.097366666667,0.300000000000),
double3(0.774366666667,0.107700000000,0.300000000000),
double3(0.902633333333,0.166666666667,0.300000000000),
double3(0.892300000000,0.107700000000,0.300000000000),
double3(0.750000000000,0.083333333333,0.450000000000),
double3(0.666666666667,0.069300000000,0.400000000000),
double3(0.725633333333,0.058966666667,0.400000000000),
double3(0.916666666667,0.083333333333,0.450000000000),
double3(0.930700000000,0.000000000000,0.400000000000),
double3(0.941033333333,0.058966666667,0.400000000000),
double3(0.916666666667,0.250000000000,0.450000000000),
double3(0.666666666667,0.264033333333,0.400000000000),
double3(0.941033333333,0.274366666667,0.400000000000),
double3(0.750000000000,0.250000000000,0.450000000000),
double3(0.735966666667,0.000000000000,0.400000000000),
double3(0.725633333333,0.274366666667,0.400000000000),
double3(0.750000000000,0.250000000000,0.550000000000),
double3(0.750000000000,0.083333333333,0.550000000000),
double3(0.916666666667,0.083333333333,0.550000000000),
double3(0.916666666667,0.250000000000,0.550000000000),
double3(0.833333333333,0.235966666667,0.500000000000),
double3(0.892300000000,0.225633333333,0.500000000000),
double3(0.764033333333,0.166666666667,0.500000000000),
double3(0.774366666667,0.225633333333,0.500000000000),
double3(0.833333333333,0.097366666667,0.500000000000),
double3(0.774366666667,0.107700000000,0.500000000000),
double3(0.902633333333,0.166666666667,0.500000000000),
double3(0.892300000000,0.107700000000,0.500000000000),
double3(0.750000000000,0.083333333333,0.650000000000),
double3(0.666666666667,0.069300000000,0.600000000000),
double3(0.725633333333,0.058966666667,0.600000000000),
double3(0.916666666667,0.083333333333,0.650000000000),
double3(0.930700000000,0.000000000000,0.600000000000),
double3(0.941033333333,0.058966666667,0.600000000000),
double3(0.916666666667,0.250000000000,0.650000000000),
double3(0.666666666667,0.264033333333,0.600000000000),
double3(0.941033333333,0.274366666667,0.600000000000),
double3(0.750000000000,0.250000000000,0.650000000000),
double3(0.735966666667,0.000000000000,0.600000000000),
double3(0.725633333333,0.274366666667,0.600000000000),
double3(0.750000000000,0.250000000000,0.750000000000),
double3(0.750000000000,0.083333333333,0.750000000000),
double3(0.916666666667,0.083333333333,0.750000000000),
double3(0.916666666667,0.250000000000,0.750000000000),
double3(0.833333333333,0.235966666667,0.700000000000),
double3(0.892300000000,0.225633333333,0.700000000000),
double3(0.764033333333,0.166666666667,0.700000000000),
double3(0.774366666667,0.225633333333,0.700000000000),
double3(0.833333333333,0.097366666667,0.700000000000),
double3(0.774366666667,0.107700000000,0.700000000000),
double3(0.902633333333,0.166666666667,0.700000000000),
double3(0.892300000000,0.107700000000,0.700000000000),
double3(0.750000000000,0.083333333333,0.850000000000),
double3(0.666666666667,0.069300000000,0.800000000000),
double3(0.725633333333,0.058966666667,0.800000000000),
double3(0.916666666667,0.083333333333,0.850000000000),
double3(0.930700000000,0.000000000000,0.800000000000),
double3(0.941033333333,0.058966666667,0.800000000000),
double3(0.916666666667,0.250000000000,0.850000000000),
double3(0.666666666667,0.264033333333,0.800000000000),
double3(0.941033333333,0.274366666667,0.800000000000),
double3(0.750000000000,0.250000000000,0.850000000000),
double3(0.735966666667,0.000000000000,0.800000000000),
double3(0.725633333333,0.274366666667,0.800000000000),
double3(0.750000000000,0.250000000000,0.950000000000),
double3(0.750000000000,0.083333333333,0.950000000000),
double3(0.916666666667,0.083333333333,0.950000000000),
double3(0.916666666667,0.250000000000,0.950000000000),
double3(0.833333333333,0.235966666667,0.900000000000),
double3(0.892300000000,0.225633333333,0.900000000000),
double3(0.764033333333,0.166666666667,0.900000000000),
double3(0.774366666667,0.225633333333,0.900000000000),
double3(0.833333333333,0.097366666667,0.900000000000),
double3(0.774366666667,0.107700000000,0.900000000000),
double3(0.902633333333,0.166666666667,0.900000000000),
double3(0.892300000000,0.107700000000,0.900000000000),
double3(0.750000000000,0.416666666667,0.050000000000),
double3(0.666666666667,0.402633333333,0.000000000000),
double3(0.725633333333,0.392300000000,0.000000000000),
double3(0.916666666667,0.416666666667,0.050000000000),
double3(0.930700000000,0.333333333333,0.000000000000),
double3(0.941033333333,0.392300000000,0.000000000000),
double3(0.916666666667,0.583333333333,0.050000000000),
double3(0.666666666667,0.597366666667,0.000000000000),
double3(0.941033333333,0.607700000000,0.000000000000),
double3(0.750000000000,0.583333333333,0.050000000000),
double3(0.735966666667,0.333333333333,0.000000000000),
double3(0.725633333333,0.607700000000,0.000000000000),
double3(0.750000000000,0.583333333333,0.150000000000),
double3(0.750000000000,0.416666666667,0.150000000000),
double3(0.916666666667,0.416666666667,0.150000000000),
double3(0.916666666667,0.583333333333,0.150000000000),
double3(0.833333333333,0.569300000000,0.100000000000),
double3(0.892300000000,0.558966666667,0.100000000000),
double3(0.764033333333,0.500000000000,0.100000000000),
double3(0.774366666667,0.558966666667,0.100000000000),
double3(0.833333333333,0.430700000000,0.100000000000),
double3(0.774366666667,0.441033333333,0.100000000000),
double3(0.902633333333,0.500000000000,0.100000000000),
double3(0.892300000000,0.441033333333,0.100000000000),
double3(0.750000000000,0.416666666667,0.250000000000),
double3(0.666666666667,0.402633333333,0.200000000000),
double3(0.725633333333,0.392300000000,0.200000000000),
double3(0.916666666667,0.416666666667,0.250000000000),
double3(0.930700000000,0.333333333333,0.200000000000),
double3(0.941033333333,0.392300000000,0.200000000000),
double3(0.916666666667,0.583333333333,0.250000000000),
double3(0.666666666667,0.597366666667,0.200000000000),
double3(0.941033333333,0.607700000000,0.200000000000),
double3(0.750000000000,0.583333333333,0.250000000000),
double3(0.735966666667,0.333333333333,0.200000000000),
double3(0.725633333333,0.607700000000,0.200000000000),
double3(0.750000000000,0.583333333333,0.350000000000),
double3(0.750000000000,0.416666666667,0.350000000000),
double3(0.916666666667,0.416666666667,0.350000000000),
double3(0.916666666667,0.583333333333,0.350000000000),
double3(0.833333333333,0.569300000000,0.300000000000),
double3(0.892300000000,0.558966666667,0.300000000000),
double3(0.764033333333,0.500000000000,0.300000000000),
double3(0.774366666667,0.558966666667,0.300000000000),
double3(0.833333333333,0.430700000000,0.300000000000),
double3(0.774366666667,0.441033333333,0.300000000000),
double3(0.902633333333,0.500000000000,0.300000000000),
double3(0.892300000000,0.441033333333,0.300000000000),
double3(0.750000000000,0.416666666667,0.450000000000),
double3(0.666666666667,0.402633333333,0.400000000000),
double3(0.725633333333,0.392300000000,0.400000000000),
double3(0.916666666667,0.416666666667,0.450000000000),
double3(0.930700000000,0.333333333333,0.400000000000),
double3(0.941033333333,0.392300000000,0.400000000000),
double3(0.916666666667,0.583333333333,0.450000000000),
double3(0.666666666667,0.597366666667,0.400000000000),
double3(0.941033333333,0.607700000000,0.400000000000),
double3(0.750000000000,0.583333333333,0.450000000000),
double3(0.735966666667,0.333333333333,0.400000000000),
double3(0.725633333333,0.607700000000,0.400000000000),
double3(0.750000000000,0.583333333333,0.550000000000),
double3(0.750000000000,0.416666666667,0.550000000000),
double3(0.916666666667,0.416666666667,0.550000000000),
double3(0.916666666667,0.583333333333,0.550000000000),
double3(0.833333333333,0.569300000000,0.500000000000),
double3(0.892300000000,0.558966666667,0.500000000000),
double3(0.764033333333,0.500000000000,0.500000000000),
double3(0.774366666667,0.558966666667,0.500000000000),
double3(0.833333333333,0.430700000000,0.500000000000),
double3(0.774366666667,0.441033333333,0.500000000000),
double3(0.902633333333,0.500000000000,0.500000000000),
double3(0.892300000000,0.441033333333,0.500000000000),
double3(0.750000000000,0.416666666667,0.650000000000),
double3(0.666666666667,0.402633333333,0.600000000000),
double3(0.725633333333,0.392300000000,0.600000000000),
double3(0.916666666667,0.416666666667,0.650000000000),
double3(0.930700000000,0.333333333333,0.600000000000),
double3(0.941033333333,0.392300000000,0.600000000000),
double3(0.916666666667,0.583333333333,0.650000000000),
double3(0.666666666667,0.597366666667,0.600000000000),
double3(0.941033333333,0.607700000000,0.600000000000),
double3(0.750000000000,0.583333333333,0.650000000000),
double3(0.735966666667,0.333333333333,0.600000000000),
double3(0.725633333333,0.607700000000,0.600000000000),
double3(0.750000000000,0.583333333333,0.750000000000),
double3(0.750000000000,0.416666666667,0.750000000000),
double3(0.916666666667,0.416666666667,0.750000000000),
double3(0.916666666667,0.583333333333,0.750000000000),
double3(0.833333333333,0.569300000000,0.700000000000),
double3(0.892300000000,0.558966666667,0.700000000000),
double3(0.764033333333,0.500000000000,0.700000000000),
double3(0.774366666667,0.558966666667,0.700000000000),
double3(0.833333333333,0.430700000000,0.700000000000),
double3(0.774366666667,0.441033333333,0.700000000000),
double3(0.902633333333,0.500000000000,0.700000000000),
double3(0.892300000000,0.441033333333,0.700000000000),
double3(0.750000000000,0.416666666667,0.850000000000),
double3(0.666666666667,0.402633333333,0.800000000000),
double3(0.725633333333,0.392300000000,0.800000000000),
double3(0.916666666667,0.416666666667,0.850000000000),
double3(0.930700000000,0.333333333333,0.800000000000),
double3(0.941033333333,0.392300000000,0.800000000000),
double3(0.916666666667,0.583333333333,0.850000000000),
double3(0.666666666667,0.597366666667,0.800000000000),
double3(0.941033333333,0.607700000000,0.800000000000),
double3(0.750000000000,0.583333333333,0.850000000000),
double3(0.735966666667,0.333333333333,0.800000000000),
double3(0.725633333333,0.607700000000,0.800000000000),
double3(0.750000000000,0.583333333333,0.950000000000),
double3(0.750000000000,0.416666666667,0.950000000000),
double3(0.916666666667,0.416666666667,0.950000000000),
double3(0.916666666667,0.583333333333,0.950000000000),
double3(0.833333333333,0.569300000000,0.900000000000),
double3(0.892300000000,0.558966666667,0.900000000000),
double3(0.764033333333,0.500000000000,0.900000000000),
double3(0.774366666667,0.558966666667,0.900000000000),
double3(0.833333333333,0.430700000000,0.900000000000),
double3(0.774366666667,0.441033333333,0.900000000000),
double3(0.902633333333,0.500000000000,0.900000000000),
double3(0.892300000000,0.441033333333,0.900000000000),
double3(0.750000000000,0.750000000000,0.050000000000),
double3(0.666666666667,0.735966666667,0.000000000000),
double3(0.725633333333,0.725633333333,0.000000000000),
double3(0.916666666667,0.750000000000,0.050000000000),
double3(0.930700000000,0.666666666667,0.000000000000),
double3(0.941033333333,0.725633333333,0.000000000000),
double3(0.916666666667,0.916666666667,0.050000000000),
double3(0.666666666667,0.930700000000,0.000000000000),
double3(0.941033333333,0.941033333333,0.000000000000),
double3(0.750000000000,0.916666666667,0.050000000000),
double3(0.735966666667,0.666666666667,0.000000000000),
double3(0.725633333333,0.941033333333,0.000000000000),
double3(0.750000000000,0.916666666667,0.150000000000),
double3(0.750000000000,0.750000000000,0.150000000000),
double3(0.916666666667,0.750000000000,0.150000000000),
double3(0.916666666667,0.916666666667,0.150000000000),
double3(0.833333333333,0.902633333333,0.100000000000),
double3(0.892300000000,0.892300000000,0.100000000000),
double3(0.764033333333,0.833333333333,0.100000000000),
double3(0.774366666667,0.892300000000,0.100000000000),
double3(0.833333333333,0.764033333333,0.100000000000),
double3(0.774366666667,0.774366666667,0.100000000000),
double3(0.902633333333,0.833333333333,0.100000000000),
double3(0.892300000000,0.774366666667,0.100000000000),
double3(0.750000000000,0.750000000000,0.250000000000),
double3(0.666666666667,0.735966666667,0.200000000000),
double3(0.725633333333,0.725633333333,0.200000000000),
double3(0.916666666667,0.750000000000,0.250000000000),
double3(0.930700000000,0.666666666667,0.200000000000),
double3(0.941033333333,0.725633333333,0.200000000000),
double3(0.916666666667,0.916666666667,0.250000000000),
double3(0.666666666667,0.930700000000,0.200000000000),
double3(0.941033333333,0.941033333333,0.200000000000),
double3(0.750000000000,0.916666666667,0.250000000000),
double3(0.735966666667,0.666666666667,0.200000000000),
double3(0.725633333333,0.941033333333,0.200000000000),
double3(0.750000000000,0.916666666667,0.350000000000),
double3(0.750000000000,0.750000000000,0.350000000000),
double3(0.916666666667,0.750000000000,0.350000000000),
double3(0.916666666667,0.916666666667,0.350000000000),
double3(0.833333333333,0.902633333333,0.300000000000),
double3(0.892300000000,0.892300000000,0.300000000000),
double3(0.764033333333,0.833333333333,0.300000000000),
double3(0.774366666667,0.892300000000,0.300000000000),
double3(0.833333333333,0.764033333333,0.300000000000),
double3(0.774366666667,0.774366666667,0.300000000000),
double3(0.902633333333,0.833333333333,0.300000000000),
double3(0.892300000000,0.774366666667,0.300000000000),
double3(0.750000000000,0.750000000000,0.450000000000),
double3(0.666666666667,0.735966666667,0.400000000000),
double3(0.725633333333,0.725633333333,0.400000000000),
double3(0.916666666667,0.750000000000,0.450000000000),
double3(0.930700000000,0.666666666667,0.400000000000),
double3(0.941033333333,0.725633333333,0.400000000000),
double3(0.916666666667,0.916666666667,0.450000000000),
double3(0.666666666667,0.930700000000,0.400000000000),
double3(0.941033333333,0.941033333333,0.400000000000),
double3(0.750000000000,0.916666666667,0.450000000000),
double3(0.735966666667,0.666666666667,0.400000000000),
double3(0.725633333333,0.941033333333,0.400000000000),
double3(0.750000000000,0.916666666667,0.550000000000),
double3(0.750000000000,0.750000000000,0.550000000000),
double3(0.916666666667,0.750000000000,0.550000000000),
double3(0.916666666667,0.916666666667,0.550000000000),
double3(0.833333333333,0.902633333333,0.500000000000),
double3(0.892300000000,0.892300000000,0.500000000000),
double3(0.764033333333,0.833333333333,0.500000000000),
double3(0.774366666667,0.892300000000,0.500000000000),
double3(0.833333333333,0.764033333333,0.500000000000),
double3(0.774366666667,0.774366666667,0.500000000000),
double3(0.902633333333,0.833333333333,0.500000000000),
double3(0.892300000000,0.774366666667,0.500000000000),
double3(0.750000000000,0.750000000000,0.650000000000),
double3(0.666666666667,0.735966666667,0.600000000000),
double3(0.725633333333,0.725633333333,0.600000000000),
double3(0.916666666667,0.750000000000,0.650000000000),
double3(0.930700000000,0.666666666667,0.600000000000),
double3(0.941033333333,0.725633333333,0.600000000000),
double3(0.916666666667,0.916666666667,0.650000000000),
double3(0.666666666667,0.930700000000,0.600000000000),
double3(0.941033333333,0.941033333333,0.600000000000),
double3(0.750000000000,0.916666666667,0.650000000000),
double3(0.735966666667,0.666666666667,0.600000000000),
double3(0.725633333333,0.941033333333,0.600000000000),
double3(0.750000000000,0.916666666667,0.750000000000),
double3(0.750000000000,0.750000000000,0.750000000000),
double3(0.916666666667,0.750000000000,0.750000000000),
double3(0.916666666667,0.916666666667,0.750000000000),
double3(0.833333333333,0.902633333333,0.700000000000),
double3(0.892300000000,0.892300000000,0.700000000000),
double3(0.764033333333,0.833333333333,0.700000000000),
double3(0.774366666667,0.892300000000,0.700000000000),
double3(0.833333333333,0.764033333333,0.700000000000),
double3(0.774366666667,0.774366666667,0.700000000000),
double3(0.902633333333,0.833333333333,0.700000000000),
double3(0.892300000000,0.774366666667,0.700000000000),
double3(0.750000000000,0.750000000000,0.850000000000),
double3(0.666666666667,0.735966666667,0.800000000000),
double3(0.725633333333,0.725633333333,0.800000000000),
double3(0.916666666667,0.750000000000,0.850000000000),
double3(0.930700000000,0.666666666667,0.800000000000),
double3(0.941033333333,0.725633333333,0.800000000000),
double3(0.916666666667,0.916666666667,0.850000000000),
double3(0.666666666667,0.930700000000,0.800000000000),
double3(0.941033333333,0.941033333333,0.800000000000),
double3(0.750000000000,0.916666666667,0.850000000000),
double3(0.735966666667,0.666666666667,0.800000000000),
double3(0.725633333333,0.941033333333,0.800000000000),
double3(0.750000000000,0.916666666667,0.950000000000),
double3(0.750000000000,0.750000000000,0.950000000000),
double3(0.916666666667,0.750000000000,0.950000000000),
double3(0.916666666667,0.916666666667,0.950000000000),
double3(0.833333333333,0.902633333333,0.900000000000),
double3(0.892300000000,0.892300000000,0.900000000000),
double3(0.764033333333,0.833333333333,0.900000000000),
double3(0.774366666667,0.892300000000,0.900000000000),
double3(0.833333333333,0.764033333333,0.900000000000),
double3(0.774366666667,0.774366666667,0.900000000000),
double3(0.902633333333,0.833333333333,0.900000000000),
double3(0.892300000000,0.774366666667,0.900000000000),
