[double3(8.579000000000,0.000000000000,0.000000000000),double3(0.000000000000,15.311000000000,0.000000000000),double3(0.000000000000,0.000000000000,9.661000000000)]

double3(0.083333333333,0.062550000000,0.166666666667),
double3(0.083266666667,0.082100000000,0.078366666667),
double3(0.083333333333,0.000000000000,0.104433333333),
double3(0.000000000000,0.048150000000,0.116600000000),
double3(0.166666666667,0.125000000000,0.052400000000),
double3(0.083333333333,0.125000000000,0.000000000000),
double3(0.062466666667,0.048150000000,0.116566666667),
double3(0.104200000000,0.125000000000,0.052266666667),
double3(0.083333333333,0.437450000000,0.166666666667),
double3(0.083400000000,0.417900000000,0.078366666667),
double3(0.166666666667,0.451850000000,0.116600000000),
double3(0.000000000000,0.375000000000,0.052400000000),
double3(0.083333333333,0.375000000000,0.000000000000),
double3(0.104200000000,0.451850000000,0.116566666667),
double3(0.062466666667,0.375000000000,0.052266666667),
double3(0.083266666667,0.417900000000,0.254966666667),
double3(0.083333333333,0.000000000000,0.228900000000),
double3(0.000000000000,0.451850000000,0.216733333333),
double3(0.166666666667,0.375000000000,0.280933333333),
double3(0.062466666667,0.451850000000,0.216766666667),
double3(0.104200000000,0.375000000000,0.281066666667),
double3(0.083400000000,0.082100000000,0.254966666667),
double3(0.166666666667,0.048150000000,0.216733333333),
double3(0.000000000000,0.125000000000,0.280933333333),
double3(0.104200000000,0.048150000000,0.216766666667),
double3(0.062466666667,0.125000000000,0.281066666667),
double3(0.250000000000,0.437450000000,0.166666666667),
double3(0.250066666667,0.417900000000,0.254966666667),
double3(0.250000000000,0.000000000000,0.228900000000),
double3(0.250000000000,0.375000000000,0.000000000000),
double3(0.270866666667,0.451850000000,0.216766666667),
double3(0.229133333333,0.375000000000,0.281066666667),
double3(0.250000000000,0.062550000000,0.166666666667),
double3(0.249933333333,0.082100000000,0.254966666667),
double3(0.250000000000,0.125000000000,0.000000000000),
double3(0.229133333333,0.048150000000,0.216766666667),
double3(0.270866666667,0.125000000000,0.281066666667),
double3(0.250066666667,0.082100000000,0.078366666667),
double3(0.250000000000,0.000000000000,0.104433333333),
double3(0.270866666667,0.048150000000,0.116566666667),
double3(0.229133333333,0.125000000000,0.052266666667),
double3(0.249933333333,0.417900000000,0.078366666667),
double3(0.229133333333,0.451850000000,0.116566666667),
double3(0.270866666667,0.375000000000,0.052266666667),
double3(0.250000000000,0.312550000000,0.166666666667),
double3(0.249933333333,0.332100000000,0.078366666667),
double3(0.250000000000,0.250000000000,0.104433333333),
double3(0.166666666667,0.298150000000,0.116600000000),
double3(0.229133333333,0.298150000000,0.116566666667),
double3(0.250000000000,0.187450000000,0.166666666667),
double3(0.250066666667,0.167900000000,0.078366666667),
double3(0.000000000000,0.201850000000,0.116600000000),
double3(0.270866666667,0.201850000000,0.116566666667),
double3(0.249933333333,0.167900000000,0.254966666667),
double3(0.250000000000,0.250000000000,0.228900000000),
double3(0.166666666667,0.201850000000,0.216733333333),
double3(0.229133333333,0.201850000000,0.216766666667),
double3(0.250066666667,0.332100000000,0.254966666667),
double3(0.000000000000,0.298150000000,0.216733333333),
double3(0.270866666667,0.298150000000,0.216766666667),
double3(0.083333333333,0.187450000000,0.166666666667),
double3(0.083400000000,0.167900000000,0.254966666667),
double3(0.083333333333,0.250000000000,0.228900000000),
double3(0.104200000000,0.201850000000,0.216766666667),
double3(0.083333333333,0.312550000000,0.166666666667),
double3(0.083266666667,0.332100000000,0.254966666667),
double3(0.062466666667,0.298150000000,0.216766666667),
double3(0.083400000000,0.332100000000,0.078366666667),
double3(0.083333333333,0.250000000000,0.104433333333),
double3(0.104200000000,0.298150000000,0.116566666667),
double3(0.083266666667,0.167900000000,0.078366666667),
double3(0.062466666667,0.201850000000,0.116566666667),
double3(0.083333333333,0.062550000000,0.500000000000),
double3(0.083266666667,0.082100000000,0.411700000000),
double3(0.083333333333,0.000000000000,0.437766666667),
double3(0.000000000000,0.048150000000,0.449933333333),
double3(0.166666666667,0.125000000000,0.385733333333),
double3(0.083333333333,0.125000000000,0.333333333333),
double3(0.062466666667,0.048150000000,0.449900000000),
double3(0.104200000000,0.125000000000,0.385600000000),
double3(0.083333333333,0.437450000000,0.500000000000),
double3(0.083400000000,0.417900000000,0.411700000000),
double3(0.166666666667,0.451850000000,0.449933333333),
double3(0.000000000000,0.375000000000,0.385733333333),
double3(0.083333333333,0.375000000000,0.333333333333),
double3(0.104200000000,0.451850000000,0.449900000000),
double3(0.062466666667,0.375000000000,0.385600000000),
double3(0.083266666667,0.417900000000,0.588300000000),
double3(0.083333333333,0.000000000000,0.562233333333),
double3(0.000000000000,0.451850000000,0.550066666667),
double3(0.166666666667,0.375000000000,0.614266666667),
double3(0.062466666667,0.451850000000,0.550100000000),
double3(0.104200000000,0.375000000000,0.614400000000),
double3(0.083400000000,0.082100000000,0.588300000000),
double3(0.166666666667,0.048150000000,0.550066666667),
double3(0.000000000000,0.125000000000,0.614266666667),
double3(0.104200000000,0.048150000000,0.550100000000),
double3(0.062466666667,0.125000000000,0.614400000000),
double3(0.250000000000,0.437450000000,0.500000000000),
double3(0.250066666667,0.417900000000,0.588300000000),
double3(0.250000000000,0.000000000000,0.562233333333),
double3(0.250000000000,0.375000000000,0.333333333333),
double3(0.270866666667,0.451850000000,0.550100000000),
double3(0.229133333333,0.375000000000,0.614400000000),
double3(0.250000000000,0.062550000000,0.500000000000),
double3(0.249933333333,0.082100000000,0.588300000000),
double3(0.250000000000,0.125000000000,0.333333333333),
double3(0.229133333333,0.048150000000,0.550100000000),
double3(0.270866666667,0.125000000000,0.614400000000),
double3(0.250066666667,0.082100000000,0.411700000000),
double3(0.250000000000,0.000000000000,0.437766666667),
double3(0.270866666667,0.048150000000,0.449900000000),
double3(0.229133333333,0.125000000000,0.385600000000),
double3(0.249933333333,0.417900000000,0.411700000000),
double3(0.229133333333,0.451850000000,0.449900000000),
double3(0.270866666667,0.375000000000,0.385600000000),
double3(0.250000000000,0.312550000000,0.500000000000),
double3(0.249933333333,0.332100000000,0.411700000000),
double3(0.250000000000,0.250000000000,0.437766666667),
double3(0.166666666667,0.298150000000,0.449933333333),
double3(0.229133333333,0.298150000000,0.449900000000),
double3(0.250000000000,0.187450000000,0.500000000000),
double3(0.250066666667,0.167900000000,0.411700000000),
double3(0.000000000000,0.201850000000,0.449933333333),
double3(0.270866666667,0.201850000000,0.449900000000),
double3(0.249933333333,0.167900000000,0.588300000000),
double3(0.250000000000,0.250000000000,0.562233333333),
double3(0.166666666667,0.201850000000,0.550066666667),
double3(0.229133333333,0.201850000000,0.550100000000),
double3(0.250066666667,0.332100000000,0.588300000000),
double3(0.000000000000,0.298150000000,0.550066666667),
double3(0.270866666667,0.298150000000,0.550100000000),
double3(0.083333333333,0.187450000000,0.500000000000),
double3(0.083400000000,0.167900000000,0.588300000000),
double3(0.083333333333,0.250000000000,0.562233333333),
double3(0.104200000000,0.201850000000,0.550100000000),
double3(0.083333333333,0.312550000000,0.500000000000),
double3(0.083266666667,0.332100000000,0.588300000000),
double3(0.062466666667,0.298150000000,0.550100000000),
double3(0.083400000000,0.332100000000,0.411700000000),
double3(0.083333333333,0.250000000000,0.437766666667),
double3(0.104200000000,0.298150000000,0.449900000000),
double3(0.083266666667,0.167900000000,0.411700000000),
double3(0.062466666667,0.201850000000,0.449900000000),
double3(0.083333333333,0.062550000000,0.833333333333),
double3(0.083266666667,0.082100000000,0.745033333333),
double3(0.083333333333,0.000000000000,0.771100000000),
double3(0.000000000000,0.048150000000,0.783266666667),
double3(0.166666666667,0.125000000000,0.719066666667),
double3(0.083333333333,0.125000000000,0.666666666667),
double3(0.062466666667,0.048150000000,0.783233333333),
double3(0.104200000000,0.125000000000,0.718933333333),
double3(0.083333333333,0.437450000000,0.833333333333),
double3(0.083400000000,0.417900000000,0.745033333333),
double3(0.166666666667,0.451850000000,0.783266666667),
double3(0.000000000000,0.375000000000,0.719066666667),
double3(0.083333333333,0.375000000000,0.666666666667),
double3(0.104200000000,0.451850000000,0.783233333333),
double3(0.062466666667,0.375000000000,0.718933333333),
double3(0.083266666667,0.417900000000,0.921633333333),
double3(0.083333333333,0.000000000000,0.895566666667),
double3(0.000000000000,0.451850000000,0.883400000000),
double3(0.166666666667,0.375000000000,0.947600000000),
double3(0.062466666667,0.451850000000,0.883433333333),
double3(0.104200000000,0.375000000000,0.947733333333),
double3(0.083400000000,0.082100000000,0.921633333333),
double3(0.166666666667,0.048150000000,0.883400000000),
double3(0.000000000000,0.125000000000,0.947600000000),
double3(0.104200000000,0.048150000000,0.883433333333),
double3(0.062466666667,0.125000000000,0.947733333333),
double3(0.250000000000,0.437450000000,0.833333333333),
double3(0.250066666667,0.417900000000,0.921633333333),
double3(0.250000000000,0.000000000000,0.895566666667),
double3(0.250000000000,0.375000000000,0.666666666667),
double3(0.270866666667,0.451850000000,0.883433333333),
double3(0.229133333333,0.375000000000,0.947733333333),
double3(0.250000000000,0.062550000000,0.833333333333),
double3(0.249933333333,0.082100000000,0.921633333333),
double3(0.250000000000,0.125000000000,0.666666666667),
double3(0.229133333333,0.048150000000,0.883433333333),
double3(0.270866666667,0.125000000000,0.947733333333),
double3(0.250066666667,0.082100000000,0.745033333333),
double3(0.250000000000,0.000000000000,0.771100000000),
double3(0.270866666667,0.048150000000,0.783233333333),
double3(0.229133333333,0.125000000000,0.718933333333),
double3(0.249933333333,0.417900000000,0.745033333333),
double3(0.229133333333,0.451850000000,0.783233333333),
double3(0.270866666667,0.375000000000,0.718933333333),
double3(0.250000000000,0.312550000000,0.833333333333),
double3(0.249933333333,0.332100000000,0.745033333333),
double3(0.250000000000,0.250000000000,0.771100000000),
double3(0.166666666667,0.298150000000,0.783266666667),
double3(0.229133333333,0.298150000000,0.783233333333),
double3(0.250000000000,0.187450000000,0.833333333333),
double3(0.250066666667,0.167900000000,0.745033333333),
double3(0.000000000000,0.201850000000,0.783266666667),
double3(0.270866666667,0.201850000000,0.783233333333),
double3(0.249933333333,0.167900000000,0.921633333333),
double3(0.250000000000,0.250000000000,0.895566666667),
double3(0.166666666667,0.201850000000,0.883400000000),
double3(0.229133333333,0.201850000000,0.883433333333),
double3(0.250066666667,0.332100000000,0.921633333333),
double3(0.000000000000,0.298150000000,0.883400000000),
double3(0.270866666667,0.298150000000,0.883433333333),
double3(0.083333333333,0.187450000000,0.833333333333),
double3(0.083400000000,0.167900000000,0.921633333333),
double3(0.083333333333,0.250000000000,0.895566666667),
double3(0.104200000000,0.201850000000,0.883433333333),
double3(0.083333333333,0.312550000000,0.833333333333),
double3(0.083266666667,0.332100000000,0.921633333333),
double3(0.062466666667,0.298150000000,0.883433333333),
double3(0.083400000000,0.332100000000,0.745033333333),
double3(0.083333333333,0.250000000000,0.771100000000),
double3(0.104200000000,0.298150000000,0.783233333333),
double3(0.083266666667,0.167900000000,0.745033333333),
double3(0.062466666667,0.201850000000,0.783233333333),
double3(0.083333333333,0.562550000000,0.166666666667),
double3(0.083266666667,0.582100000000,0.078366666667),
double3(0.083333333333,0.500000000000,0.104433333333),
double3(0.000000000000,0.548150000000,0.116600000000),
double3(0.166666666667,0.625000000000,0.052400000000),
double3(0.083333333333,0.625000000000,0.000000000000),
double3(0.062466666667,0.548150000000,0.116566666667),
double3(0.104200000000,0.625000000000,0.052266666667),
double3(0.083333333333,0.937450000000,0.166666666667),
double3(0.083400000000,0.917900000000,0.078366666667),
double3(0.166666666667,0.951850000000,0.116600000000),
double3(0.000000000000,0.875000000000,0.052400000000),
double3(0.083333333333,0.875000000000,0.000000000000),
double3(0.104200000000,0.951850000000,0.116566666667),
double3(0.062466666667,0.875000000000,0.052266666667),
double3(0.083266666667,0.917900000000,0.254966666667),
double3(0.083333333333,0.500000000000,0.228900000000),
double3(0.000000000000,0.951850000000,0.216733333333),
double3(0.166666666667,0.875000000000,0.280933333333),
double3(0.062466666667,0.951850000000,0.216766666667),
double3(0.104200000000,0.875000000000,0.281066666667),
double3(0.083400000000,0.582100000000,0.254966666667),
double3(0.166666666667,0.548150000000,0.216733333333),
double3(0.000000000000,0.625000000000,0.280933333333),
double3(0.104200000000,0.548150000000,0.216766666667),
double3(0.062466666667,0.625000000000,0.281066666667),
double3(0.250000000000,0.937450000000,0.166666666667),
double3(0.250066666667,0.917900000000,0.254966666667),
double3(0.250000000000,0.500000000000,0.228900000000),
double3(0.250000000000,0.875000000000,0.000000000000),
double3(0.270866666667,0.951850000000,0.216766666667),
double3(0.229133333333,0.875000000000,0.281066666667),
double3(0.250000000000,0.562550000000,0.166666666667),
double3(0.249933333333,0.582100000000,0.254966666667),
double3(0.250000000000,0.625000000000,0.000000000000),
double3(0.229133333333,0.548150000000,0.216766666667),
double3(0.270866666667,0.625000000000,0.281066666667),
double3(0.250066666667,0.582100000000,0.078366666667),
double3(0.250000000000,0.500000000000,0.104433333333),
double3(0.270866666667,0.548150000000,0.116566666667),
double3(0.229133333333,0.625000000000,0.052266666667),
double3(0.249933333333,0.917900000000,0.078366666667),
double3(0.229133333333,0.951850000000,0.116566666667),
double3(0.270866666667,0.875000000000,0.052266666667),
double3(0.250000000000,0.812550000000,0.166666666667),
double3(0.249933333333,0.832100000000,0.078366666667),
double3(0.250000000000,0.750000000000,0.104433333333),
double3(0.166666666667,0.798150000000,0.116600000000),
double3(0.229133333333,0.798150000000,0.116566666667),
double3(0.250000000000,0.687450000000,0.166666666667),
double3(0.250066666667,0.667900000000,0.078366666667),
double3(0.000000000000,0.701850000000,0.116600000000),
double3(0.270866666667,0.701850000000,0.116566666667),
double3(0.249933333333,0.667900000000,0.254966666667),
double3(0.250000000000,0.750000000000,0.228900000000),
double3(0.166666666667,0.701850000000,0.216733333333),
double3(0.229133333333,0.701850000000,0.216766666667),
double3(0.250066666667,0.832100000000,0.254966666667),
double3(0.000000000000,0.798150000000,0.216733333333),
double3(0.270866666667,0.798150000000,0.216766666667),
double3(0.083333333333,0.687450000000,0.166666666667),
double3(0.083400000000,0.667900000000,0.254966666667),
double3(0.083333333333,0.750000000000,0.228900000000),
double3(0.104200000000,0.701850000000,0.216766666667),
double3(0.083333333333,0.812550000000,0.166666666667),
double3(0.083266666667,0.832100000000,0.254966666667),
double3(0.062466666667,0.798150000000,0.216766666667),
double3(0.083400000000,0.832100000000,0.078366666667),
double3(0.083333333333,0.750000000000,0.104433333333),
double3(0.104200000000,0.798150000000,0.116566666667),
double3(0.083266666667,0.667900000000,0.078366666667),
double3(0.062466666667,0.701850000000,0.116566666667),
double3(0.083333333333,0.562550000000,0.500000000000),
double3(0.083266666667,0.582100000000,0.411700000000),
double3(0.083333333333,0.500000000000,0.437766666667),
double3(0.000000000000,0.548150000000,0.449933333333),
double3(0.166666666667,0.625000000000,0.385733333333),
double3(0.083333333333,0.625000000000,0.333333333333),
double3(0.062466666667,0.548150000000,0.449900000000),
double3(0.104200000000,0.625000000000,0.385600000000),
double3(0.083333333333,0.937450000000,0.500000000000),
double3(0.083400000000,0.917900000000,0.411700000000),
double3(0.166666666667,0.951850000000,0.449933333333),
double3(0.000000000000,0.875000000000,0.385733333333),
double3(0.083333333333,0.875000000000,0.333333333333),
double3(0.104200000000,0.951850000000,0.449900000000),
double3(0.062466666667,0.875000000000,0.385600000000),
double3(0.083266666667,0.917900000000,0.588300000000),
double3(0.083333333333,0.500000000000,0.562233333333),
double3(0.000000000000,0.951850000000,0.550066666667),
double3(0.166666666667,0.875000000000,0.614266666667),
double3(0.062466666667,0.951850000000,0.550100000000),
double3(0.104200000000,0.875000000000,0.614400000000),
double3(0.083400000000,0.582100000000,0.588300000000),
double3(0.166666666667,0.548150000000,0.550066666667),
double3(0.000000000000,0.625000000000,0.614266666667),
double3(0.104200000000,0.548150000000,0.550100000000),
double3(0.062466666667,0.625000000000,0.614400000000),
double3(0.250000000000,0.937450000000,0.500000000000),
double3(0.250066666667,0.917900000000,0.588300000000),
double3(0.250000000000,0.500000000000,0.562233333333),
double3(0.250000000000,0.875000000000,0.333333333333),
double3(0.270866666667,0.951850000000,0.550100000000),
double3(0.229133333333,0.875000000000,0.614400000000),
double3(0.250000000000,0.562550000000,0.500000000000),
double3(0.249933333333,0.582100000000,0.588300000000),
double3(0.250000000000,0.625000000000,0.333333333333),
double3(0.229133333333,0.548150000000,0.550100000000),
double3(0.270866666667,0.625000000000,0.614400000000),
double3(0.250066666667,0.582100000000,0.411700000000),
double3(0.250000000000,0.500000000000,0.437766666667),
double3(0.270866666667,0.548150000000,0.449900000000),
double3(0.229133333333,0.625000000000,0.385600000000),
double3(0.249933333333,0.917900000000,0.411700000000),
double3(0.229133333333,0.951850000000,0.449900000000),
double3(0.270866666667,0.875000000000,0.385600000000),
double3(0.250000000000,0.812550000000,0.500000000000),
double3(0.249933333333,0.832100000000,0.411700000000),
double3(0.250000000000,0.750000000000,0.437766666667),
double3(0.166666666667,0.798150000000,0.449933333333),
double3(0.229133333333,0.798150000000,0.449900000000),
double3(0.250000000000,0.687450000000,0.500000000000),
double3(0.250066666667,0.667900000000,0.411700000000),
double3(0.000000000000,0.701850000000,0.449933333333),
double3(0.270866666667,0.701850000000,0.449900000000),
double3(0.249933333333,0.667900000000,0.588300000000),
double3(0.250000000000,0.750000000000,0.562233333333),
double3(0.166666666667,0.701850000000,0.550066666667),
double3(0.229133333333,0.701850000000,0.550100000000),
double3(0.250066666667,0.832100000000,0.588300000000),
double3(0.000000000000,0.798150000000,0.550066666667),
double3(0.270866666667,0.798150000000,0.550100000000),
double3(0.083333333333,0.687450000000,0.500000000000),
double3(0.083400000000,0.667900000000,0.588300000000),
double3(0.083333333333,0.750000000000,0.562233333333),
double3(0.104200000000,0.701850000000,0.550100000000),
double3(0.083333333333,0.812550000000,0.500000000000),
double3(0.083266666667,0.832100000000,0.588300000000),
double3(0.062466666667,0.798150000000,0.550100000000),
double3(0.083400000000,0.832100000000,0.411700000000),
double3(0.083333333333,0.750000000000,0.437766666667),
double3(0.104200000000,0.798150000000,0.449900000000),
double3(0.083266666667,0.667900000000,0.411700000000),
double3(0.062466666667,0.701850000000,0.449900000000),
double3(0.083333333333,0.562550000000,0.833333333333),
double3(0.083266666667,0.582100000000,0.745033333333),
double3(0.083333333333,0.500000000000,0.771100000000),
double3(0.000000000000,0.548150000000,0.783266666667),
double3(0.166666666667,0.625000000000,0.719066666667),
double3(0.083333333333,0.625000000000,0.666666666667),
double3(0.062466666667,0.548150000000,0.783233333333),
double3(0.104200000000,0.625000000000,0.718933333333),
double3(0.083333333333,0.937450000000,0.833333333333),
double3(0.083400000000,0.917900000000,0.745033333333),
double3(0.166666666667,0.951850000000,0.783266666667),
double3(0.000000000000,0.875000000000,0.719066666667),
double3(0.083333333333,0.875000000000,0.666666666667),
double3(0.104200000000,0.951850000000,0.783233333333),
double3(0.062466666667,0.875000000000,0.718933333333),
double3(0.083266666667,0.917900000000,0.921633333333),
double3(0.083333333333,0.500000000000,0.895566666667),
double3(0.000000000000,0.951850000000,0.883400000000),
double3(0.166666666667,0.875000000000,0.947600000000),
double3(0.062466666667,0.951850000000,0.883433333333),
double3(0.104200000000,0.875000000000,0.947733333333),
double3(0.083400000000,0.582100000000,0.921633333333),
double3(0.166666666667,0.548150000000,0.883400000000),
double3(0.000000000000,0.625000000000,0.947600000000),
double3(0.104200000000,0.548150000000,0.883433333333),
double3(0.062466666667,0.625000000000,0.947733333333),
double3(0.250000000000,0.937450000000,0.833333333333),
double3(0.250066666667,0.917900000000,0.921633333333),
double3(0.250000000000,0.500000000000,0.895566666667),
double3(0.250000000000,0.875000000000,0.666666666667),
double3(0.270866666667,0.951850000000,0.883433333333),
double3(0.229133333333,0.875000000000,0.947733333333),
double3(0.250000000000,0.562550000000,0.833333333333),
double3(0.249933333333,0.582100000000,0.921633333333),
double3(0.250000000000,0.625000000000,0.666666666667),
double3(0.229133333333,0.548150000000,0.883433333333),
double3(0.270866666667,0.625000000000,0.947733333333),
double3(0.250066666667,0.582100000000,0.745033333333),
double3(0.250000000000,0.500000000000,0.771100000000),
double3(0.270866666667,0.548150000000,0.783233333333),
double3(0.229133333333,0.625000000000,0.718933333333),
double3(0.249933333333,0.917900000000,0.745033333333),
double3(0.229133333333,0.951850000000,0.783233333333),
double3(0.270866666667,0.875000000000,0.718933333333),
double3(0.250000000000,0.812550000000,0.833333333333),
double3(0.249933333333,0.832100000000,0.745033333333),
double3(0.250000000000,0.750000000000,0.771100000000),
double3(0.166666666667,0.798150000000,0.783266666667),
double3(0.229133333333,0.798150000000,0.783233333333),
double3(0.250000000000,0.687450000000,0.833333333333),
double3(0.250066666667,0.667900000000,0.745033333333),
double3(0.000000000000,0.701850000000,0.783266666667),
double3(0.270866666667,0.701850000000,0.783233333333),
double3(0.249933333333,0.667900000000,0.921633333333),
double3(0.250000000000,0.750000000000,0.895566666667),
double3(0.166666666667,0.701850000000,0.883400000000),
double3(0.229133333333,0.701850000000,0.883433333333),
double3(0.250066666667,0.832100000000,0.921633333333),
double3(0.000000000000,0.798150000000,0.883400000000),
double3(0.270866666667,0.798150000000,0.883433333333),
double3(0.083333333333,0.687450000000,0.833333333333),
double3(0.083400000000,0.667900000000,0.921633333333),
double3(0.083333333333,0.750000000000,0.895566666667),
double3(0.104200000000,0.701850000000,0.883433333333),
double3(0.083333333333,0.812550000000,0.833333333333),
double3(0.083266666667,0.832100000000,0.921633333333),
double3(0.062466666667,0.798150000000,0.883433333333),
double3(0.083400000000,0.832100000000,0.745033333333),
double3(0.083333333333,0.750000000000,0.771100000000),
double3(0.104200000000,0.798150000000,0.783233333333),
double3(0.083266666667,0.667900000000,0.745033333333),
double3(0.062466666667,0.701850000000,0.783233333333),
double3(0.416666666667,0.062550000000,0.166666666667),
double3(0.416600000000,0.082100000000,0.078366666667),
double3(0.416666666667,0.000000000000,0.104433333333),
double3(0.333333333333,0.048150000000,0.116600000000),
double3(0.500000000000,0.125000000000,0.052400000000),
double3(0.416666666667,0.125000000000,0.000000000000),
double3(0.395800000000,0.048150000000,0.116566666667),
double3(0.437533333333,0.125000000000,0.052266666667),
double3(0.416666666667,0.437450000000,0.166666666667),
double3(0.416733333333,0.417900000000,0.078366666667),
double3(0.500000000000,0.451850000000,0.116600000000),
double3(0.333333333333,0.375000000000,0.052400000000),
double3(0.416666666667,0.375000000000,0.000000000000),
double3(0.437533333333,0.451850000000,0.116566666667),
double3(0.395800000000,0.375000000000,0.052266666667),
double3(0.416600000000,0.417900000000,0.254966666667),
double3(0.416666666667,0.000000000000,0.228900000000),
double3(0.333333333333,0.451850000000,0.216733333333),
double3(0.500000000000,0.375000000000,0.280933333333),
double3(0.395800000000,0.451850000000,0.216766666667),
double3(0.437533333333,0.375000000000,0.281066666667),
double3(0.416733333333,0.082100000000,0.254966666667),
double3(0.500000000000,0.048150000000,0.216733333333),
double3(0.333333333333,0.125000000000,0.280933333333),
double3(0.437533333333,0.048150000000,0.216766666667),
double3(0.395800000000,0.125000000000,0.281066666667),
double3(0.583333333333,0.437450000000,0.166666666667),
double3(0.583400000000,0.417900000000,0.254966666667),
double3(0.583333333333,0.000000000000,0.228900000000),
double3(0.583333333333,0.375000000000,0.000000000000),
double3(0.604200000000,0.451850000000,0.216766666667),
double3(0.562466666667,0.375000000000,0.281066666667),
double3(0.583333333333,0.062550000000,0.166666666667),
double3(0.583266666667,0.082100000000,0.254966666667),
double3(0.583333333333,0.125000000000,0.000000000000),
double3(0.562466666667,0.048150000000,0.216766666667),
double3(0.604200000000,0.125000000000,0.281066666667),
double3(0.583400000000,0.082100000000,0.078366666667),
double3(0.583333333333,0.000000000000,0.104433333333),
double3(0.604200000000,0.048150000000,0.116566666667),
double3(0.562466666667,0.125000000000,0.052266666667),
double3(0.583266666667,0.417900000000,0.078366666667),
double3(0.562466666667,0.451850000000,0.116566666667),
double3(0.604200000000,0.375000000000,0.052266666667),
double3(0.583333333333,0.312550000000,0.166666666667),
double3(0.583266666667,0.332100000000,0.078366666667),
double3(0.583333333333,0.250000000000,0.104433333333),
double3(0.500000000000,0.298150000000,0.116600000000),
double3(0.562466666667,0.298150000000,0.116566666667),
double3(0.583333333333,0.187450000000,0.166666666667),
double3(0.583400000000,0.167900000000,0.078366666667),
double3(0.333333333333,0.201850000000,0.116600000000),
double3(0.604200000000,0.201850000000,0.116566666667),
double3(0.583266666667,0.167900000000,0.254966666667),
double3(0.583333333333,0.250000000000,0.228900000000),
double3(0.500000000000,0.201850000000,0.216733333333),
double3(0.562466666667,0.201850000000,0.216766666667),
double3(0.583400000000,0.332100000000,0.254966666667),
double3(0.333333333333,0.298150000000,0.216733333333),
double3(0.604200000000,0.298150000000,0.216766666667),
double3(0.416666666667,0.187450000000,0.166666666667),
double3(0.416733333333,0.167900000000,0.254966666667),
double3(0.416666666667,0.250000000000,0.228900000000),
double3(0.437533333333,0.201850000000,0.216766666667),
double3(0.416666666667,0.312550000000,0.166666666667),
double3(0.416600000000,0.332100000000,0.254966666667),
double3(0.395800000000,0.298150000000,0.216766666667),
double3(0.416733333333,0.332100000000,0.078366666667),
double3(0.416666666667,0.250000000000,0.104433333333),
double3(0.437533333333,0.298150000000,0.116566666667),
double3(0.416600000000,0.167900000000,0.078366666667),
double3(0.395800000000,0.201850000000,0.116566666667),
double3(0.416666666667,0.062550000000,0.500000000000),
double3(0.416600000000,0.082100000000,0.411700000000),
double3(0.416666666667,0.000000000000,0.437766666667),
double3(0.333333333333,0.048150000000,0.449933333333),
double3(0.500000000000,0.125000000000,0.385733333333),
double3(0.416666666667,0.125000000000,0.333333333333),
double3(0.395800000000,0.048150000000,0.449900000000),
double3(0.437533333333,0.125000000000,0.385600000000),
double3(0.416666666667,0.437450000000,0.500000000000),
double3(0.416733333333,0.417900000000,0.411700000000),
double3(0.500000000000,0.451850000000,0.449933333333),
double3(0.333333333333,0.375000000000,0.385733333333),
double3(0.416666666667,0.375000000000,0.333333333333),
double3(0.437533333333,0.451850000000,0.449900000000),
double3(0.395800000000,0.375000000000,0.385600000000),
double3(0.416600000000,0.417900000000,0.588300000000),
double3(0.416666666667,0.000000000000,0.562233333333),
double3(0.333333333333,0.451850000000,0.550066666667),
double3(0.500000000000,0.375000000000,0.614266666667),
double3(0.395800000000,0.451850000000,0.550100000000),
double3(0.437533333333,0.375000000000,0.614400000000),
double3(0.416733333333,0.082100000000,0.588300000000),
double3(0.500000000000,0.048150000000,0.550066666667),
double3(0.333333333333,0.125000000000,0.614266666667),
double3(0.437533333333,0.048150000000,0.550100000000),
double3(0.395800000000,0.125000000000,0.614400000000),
double3(0.583333333333,0.437450000000,0.500000000000),
double3(0.583400000000,0.417900000000,0.588300000000),
double3(0.583333333333,0.000000000000,0.562233333333),
double3(0.583333333333,0.375000000000,0.333333333333),
double3(0.604200000000,0.451850000000,0.550100000000),
double3(0.562466666667,0.375000000000,0.614400000000),
double3(0.583333333333,0.062550000000,0.500000000000),
double3(0.583266666667,0.082100000000,0.588300000000),
double3(0.583333333333,0.125000000000,0.333333333333),
double3(0.562466666667,0.048150000000,0.550100000000),
double3(0.604200000000,0.125000000000,0.614400000000),
double3(0.583400000000,0.082100000000,0.411700000000),
double3(0.583333333333,0.000000000000,0.437766666667),
double3(0.604200000000,0.048150000000,0.449900000000),
double3(0.562466666667,0.125000000000,0.385600000000),
double3(0.583266666667,0.417900000000,0.411700000000),
double3(0.562466666667,0.451850000000,0.449900000000),
double3(0.604200000000,0.375000000000,0.385600000000),
double3(0.583333333333,0.312550000000,0.500000000000),
double3(0.583266666667,0.332100000000,0.411700000000),
double3(0.583333333333,0.250000000000,0.437766666667),
double3(0.500000000000,0.298150000000,0.449933333333),
double3(0.562466666667,0.298150000000,0.449900000000),
double3(0.583333333333,0.187450000000,0.500000000000),
double3(0.583400000000,0.167900000000,0.411700000000),
double3(0.333333333333,0.201850000000,0.449933333333),
double3(0.604200000000,0.201850000000,0.449900000000),
double3(0.583266666667,0.167900000000,0.588300000000),
double3(0.583333333333,0.250000000000,0.562233333333),
double3(0.500000000000,0.201850000000,0.550066666667),
double3(0.562466666667,0.201850000000,0.550100000000),
double3(0.583400000000,0.332100000000,0.588300000000),
double3(0.333333333333,0.298150000000,0.550066666667),
double3(0.604200000000,0.298150000000,0.550100000000),
double3(0.416666666667,0.187450000000,0.500000000000),
double3(0.416733333333,0.167900000000,0.588300000000),
double3(0.416666666667,0.250000000000,0.562233333333),
double3(0.437533333333,0.201850000000,0.550100000000),
double3(0.416666666667,0.312550000000,0.500000000000),
double3(0.416600000000,0.332100000000,0.588300000000),
double3(0.395800000000,0.298150000000,0.550100000000),
double3(0.416733333333,0.332100000000,0.411700000000),
double3(0.416666666667,0.250000000000,0.437766666667),
double3(0.437533333333,0.298150000000,0.449900000000),
double3(0.416600000000,0.167900000000,0.411700000000),
double3(0.395800000000,0.201850000000,0.449900000000),
double3(0.416666666667,0.062550000000,0.833333333333),
double3(0.416600000000,0.082100000000,0.745033333333),
double3(0.416666666667,0.000000000000,0.771100000000),
double3(0.333333333333,0.048150000000,0.783266666667),
double3(0.500000000000,0.125000000000,0.719066666667),
double3(0.416666666667,0.125000000000,0.666666666667),
double3(0.395800000000,0.048150000000,0.783233333333),
double3(0.437533333333,0.125000000000,0.718933333333),
double3(0.416666666667,0.437450000000,0.833333333333),
double3(0.416733333333,0.417900000000,0.745033333333),
double3(0.500000000000,0.451850000000,0.783266666667),
double3(0.333333333333,0.375000000000,0.719066666667),
double3(0.416666666667,0.375000000000,0.666666666667),
double3(0.437533333333,0.451850000000,0.783233333333),
double3(0.395800000000,0.375000000000,0.718933333333),
double3(0.416600000000,0.417900000000,0.921633333333),
double3(0.416666666667,0.000000000000,0.895566666667),
double3(0.333333333333,0.451850000000,0.883400000000),
double3(0.500000000000,0.375000000000,0.947600000000),
double3(0.395800000000,0.451850000000,0.883433333333),
double3(0.437533333333,0.375000000000,0.947733333333),
double3(0.416733333333,0.082100000000,0.921633333333),
double3(0.500000000000,0.048150000000,0.883400000000),
double3(0.333333333333,0.125000000000,0.947600000000),
double3(0.437533333333,0.048150000000,0.883433333333),
double3(0.395800000000,0.125000000000,0.947733333333),
double3(0.583333333333,0.437450000000,0.833333333333),
double3(0.583400000000,0.417900000000,0.921633333333),
double3(0.583333333333,0.000000000000,0.895566666667),
double3(0.583333333333,0.375000000000,0.666666666667),
double3(0.604200000000,0.451850000000,0.883433333333),
double3(0.562466666667,0.375000000000,0.947733333333),
double3(0.583333333333,0.062550000000,0.833333333333),
double3(0.583266666667,0.082100000000,0.921633333333),
double3(0.583333333333,0.125000000000,0.666666666667),
double3(0.562466666667,0.048150000000,0.883433333333),
double3(0.604200000000,0.125000000000,0.947733333333),
double3(0.583400000000,0.082100000000,0.745033333333),
double3(0.583333333333,0.000000000000,0.771100000000),
double3(0.604200000000,0.048150000000,0.783233333333),
double3(0.562466666667,0.125000000000,0.718933333333),
double3(0.583266666667,0.417900000000,0.745033333333),
double3(0.562466666667,0.451850000000,0.783233333333),
double3(0.604200000000,0.375000000000,0.718933333333),
double3(0.583333333333,0.312550000000,0.833333333333),
double3(0.583266666667,0.332100000000,0.745033333333),
double3(0.583333333333,0.250000000000,0.771100000000),
double3(0.500000000000,0.298150000000,0.783266666667),
double3(0.562466666667,0.298150000000,0.783233333333),
double3(0.583333333333,0.187450000000,0.833333333333),
double3(0.583400000000,0.167900000000,0.745033333333),
double3(0.333333333333,0.201850000000,0.783266666667),
double3(0.604200000000,0.201850000000,0.783233333333),
double3(0.583266666667,0.167900000000,0.921633333333),
double3(0.583333333333,0.250000000000,0.895566666667),
double3(0.500000000000,0.201850000000,0.883400000000),
double3(0.562466666667,0.201850000000,0.883433333333),
double3(0.583400000000,0.332100000000,0.921633333333),
double3(0.333333333333,0.298150000000,0.883400000000),
double3(0.604200000000,0.298150000000,0.883433333333),
double3(0.416666666667,0.187450000000,0.833333333333),
double3(0.416733333333,0.167900000000,0.921633333333),
double3(0.416666666667,0.250000000000,0.895566666667),
double3(0.437533333333,0.201850000000,0.883433333333),
double3(0.416666666667,0.312550000000,0.833333333333),
double3(0.416600000000,0.332100000000,0.921633333333),
double3(0.395800000000,0.298150000000,0.883433333333),
double3(0.416733333333,0.332100000000,0.745033333333),
double3(0.416666666667,0.250000000000,0.771100000000),
double3(0.437533333333,0.298150000000,0.783233333333),
double3(0.416600000000,0.167900000000,0.745033333333),
double3(0.395800000000,0.201850000000,0.783233333333),
double3(0.416666666667,0.562550000000,0.166666666667),
double3(0.416600000000,0.582100000000,0.078366666667),
double3(0.416666666667,0.500000000000,0.104433333333),
double3(0.333333333333,0.548150000000,0.116600000000),
double3(0.500000000000,0.625000000000,0.052400000000),
double3(0.416666666667,0.625000000000,0.000000000000),
double3(0.395800000000,0.548150000000,0.116566666667),
double3(0.437533333333,0.625000000000,0.052266666667),
double3(0.416666666667,0.937450000000,0.166666666667),
double3(0.416733333333,0.917900000000,0.078366666667),
double3(0.500000000000,0.951850000000,0.116600000000),
double3(0.333333333333,0.875000000000,0.052400000000),
double3(0.416666666667,0.875000000000,0.000000000000),
double3(0.437533333333,0.951850000000,0.116566666667),
double3(0.395800000000,0.875000000000,0.052266666667),
double3(0.416600000000,0.917900000000,0.254966666667),
double3(0.416666666667,0.500000000000,0.228900000000),
double3(0.333333333333,0.951850000000,0.216733333333),
double3(0.500000000000,0.875000000000,0.280933333333),
double3(0.395800000000,0.951850000000,0.216766666667),
double3(0.437533333333,0.875000000000,0.281066666667),
double3(0.416733333333,0.582100000000,0.254966666667),
double3(0.500000000000,0.548150000000,0.216733333333),
double3(0.333333333333,0.625000000000,0.280933333333),
double3(0.437533333333,0.548150000000,0.216766666667),
double3(0.395800000000,0.625000000000,0.281066666667),
double3(0.583333333333,0.937450000000,0.166666666667),
double3(0.583400000000,0.917900000000,0.254966666667),
double3(0.583333333333,0.500000000000,0.228900000000),
double3(0.583333333333,0.875000000000,0.000000000000),
double3(0.604200000000,0.951850000000,0.216766666667),
double3(0.562466666667,0.875000000000,0.281066666667),
double3(0.583333333333,0.562550000000,0.166666666667),
double3(0.583266666667,0.582100000000,0.254966666667),
double3(0.583333333333,0.625000000000,0.000000000000),
double3(0.562466666667,0.548150000000,0.216766666667),
double3(0.604200000000,0.625000000000,0.281066666667),
double3(0.583400000000,0.582100000000,0.078366666667),
double3(0.583333333333,0.500000000000,0.104433333333),
double3(0.604200000000,0.548150000000,0.116566666667),
double3(0.562466666667,0.625000000000,0.052266666667),
double3(0.583266666667,0.917900000000,0.078366666667),
double3(0.562466666667,0.951850000000,0.116566666667),
double3(0.604200000000,0.875000000000,0.052266666667),
double3(0.583333333333,0.812550000000,0.166666666667),
double3(0.583266666667,0.832100000000,0.078366666667),
double3(0.583333333333,0.750000000000,0.104433333333),
double3(0.500000000000,0.798150000000,0.116600000000),
double3(0.562466666667,0.798150000000,0.116566666667),
double3(0.583333333333,0.687450000000,0.166666666667),
double3(0.583400000000,0.667900000000,0.078366666667),
double3(0.333333333333,0.701850000000,0.116600000000),
double3(0.604200000000,0.701850000000,0.116566666667),
double3(0.583266666667,0.667900000000,0.254966666667),
double3(0.583333333333,0.750000000000,0.228900000000),
double3(0.500000000000,0.701850000000,0.216733333333),
double3(0.562466666667,0.701850000000,0.216766666667),
double3(0.583400000000,0.832100000000,0.254966666667),
double3(0.333333333333,0.798150000000,0.216733333333),
double3(0.604200000000,0.798150000000,0.216766666667),
double3(0.416666666667,0.687450000000,0.166666666667),
double3(0.416733333333,0.667900000000,0.254966666667),
double3(0.416666666667,0.750000000000,0.228900000000),
double3(0.437533333333,0.701850000000,0.216766666667),
double3(0.416666666667,0.812550000000,0.166666666667),
double3(0.416600000000,0.832100000000,0.254966666667),
double3(0.395800000000,0.798150000000,0.216766666667),
double3(0.416733333333,0.832100000000,0.078366666667),
double3(0.416666666667,0.750000000000,0.104433333333),
double3(0.437533333333,0.798150000000,0.116566666667),
double3(0.416600000000,0.667900000000,0.078366666667),
double3(0.395800000000,0.701850000000,0.116566666667),
double3(0.416666666667,0.562550000000,0.500000000000),
double3(0.416600000000,0.582100000000,0.411700000000),
double3(0.416666666667,0.500000000000,0.437766666667),
double3(0.333333333333,0.548150000000,0.449933333333),
double3(0.500000000000,0.625000000000,0.385733333333),
double3(0.416666666667,0.625000000000,0.333333333333),
double3(0.395800000000,0.548150000000,0.449900000000),
double3(0.437533333333,0.625000000000,0.385600000000),
double3(0.416666666667,0.937450000000,0.500000000000),
double3(0.416733333333,0.917900000000,0.411700000000),
double3(0.500000000000,0.951850000000,0.449933333333),
double3(0.333333333333,0.875000000000,0.385733333333),
double3(0.416666666667,0.875000000000,0.333333333333),
double3(0.437533333333,0.951850000000,0.449900000000),
double3(0.395800000000,0.875000000000,0.385600000000),
double3(0.416600000000,0.917900000000,0.588300000000),
double3(0.416666666667,0.500000000000,0.562233333333),
double3(0.333333333333,0.951850000000,0.550066666667),
double3(0.500000000000,0.875000000000,0.614266666667),
double3(0.395800000000,0.951850000000,0.550100000000),
double3(0.437533333333,0.875000000000,0.614400000000),
double3(0.416733333333,0.582100000000,0.588300000000),
double3(0.500000000000,0.548150000000,0.550066666667),
double3(0.333333333333,0.625000000000,0.614266666667),
double3(0.437533333333,0.548150000000,0.550100000000),
double3(0.395800000000,0.625000000000,0.614400000000),
double3(0.583333333333,0.937450000000,0.500000000000),
double3(0.583400000000,0.917900000000,0.588300000000),
double3(0.583333333333,0.500000000000,0.562233333333),
double3(0.583333333333,0.875000000000,0.333333333333),
double3(0.604200000000,0.951850000000,0.550100000000),
double3(0.562466666667,0.875000000000,0.614400000000),
double3(0.583333333333,0.562550000000,0.500000000000),
double3(0.583266666667,0.582100000000,0.588300000000),
double3(0.583333333333,0.625000000000,0.333333333333),
double3(0.562466666667,0.548150000000,0.550100000000),
double3(0.604200000000,0.625000000000,0.614400000000),
double3(0.583400000000,0.582100000000,0.411700000000),
double3(0.583333333333,0.500000000000,0.437766666667),
double3(0.604200000000,0.548150000000,0.449900000000),
double3(0.562466666667,0.625000000000,0.385600000000),
double3(0.583266666667,0.917900000000,0.411700000000),
double3(0.562466666667,0.951850000000,0.449900000000),
double3(0.604200000000,0.875000000000,0.385600000000),
double3(0.583333333333,0.812550000000,0.500000000000),
double3(0.583266666667,0.832100000000,0.411700000000),
double3(0.583333333333,0.750000000000,0.437766666667),
double3(0.500000000000,0.798150000000,0.449933333333),
double3(0.562466666667,0.798150000000,0.449900000000),
double3(0.583333333333,0.687450000000,0.500000000000),
double3(0.583400000000,0.667900000000,0.411700000000),
double3(0.333333333333,0.701850000000,0.449933333333),
double3(0.604200000000,0.701850000000,0.449900000000),
double3(0.583266666667,0.667900000000,0.588300000000),
double3(0.583333333333,0.750000000000,0.562233333333),
double3(0.500000000000,0.701850000000,0.550066666667),
double3(0.562466666667,0.701850000000,0.550100000000),
double3(0.583400000000,0.832100000000,0.588300000000),
double3(0.333333333333,0.798150000000,0.550066666667),
double3(0.604200000000,0.798150000000,0.550100000000),
double3(0.416666666667,0.687450000000,0.500000000000),
double3(0.416733333333,0.667900000000,0.588300000000),
double3(0.416666666667,0.750000000000,0.562233333333),
double3(0.437533333333,0.701850000000,0.550100000000),
double3(0.416666666667,0.812550000000,0.500000000000),
double3(0.416600000000,0.832100000000,0.588300000000),
double3(0.395800000000,0.798150000000,0.550100000000),
double3(0.416733333333,0.832100000000,0.411700000000),
double3(0.416666666667,0.750000000000,0.437766666667),
double3(0.437533333333,0.798150000000,0.449900000000),
double3(0.416600000000,0.667900000000,0.411700000000),
double3(0.395800000000,0.701850000000,0.449900000000),
double3(0.416666666667,0.562550000000,0.833333333333),
double3(0.416600000000,0.582100000000,0.745033333333),
double3(0.416666666667,0.500000000000,0.771100000000),
double3(0.333333333333,0.548150000000,0.783266666667),
double3(0.500000000000,0.625000000000,0.719066666667),
double3(0.416666666667,0.625000000000,0.666666666667),
double3(0.395800000000,0.548150000000,0.783233333333),
double3(0.437533333333,0.625000000000,0.718933333333),
double3(0.416666666667,0.937450000000,0.833333333333),
double3(0.416733333333,0.917900000000,0.745033333333),
double3(0.500000000000,0.951850000000,0.783266666667),
double3(0.333333333333,0.875000000000,0.719066666667),
double3(0.416666666667,0.875000000000,0.666666666667),
double3(0.437533333333,0.951850000000,0.783233333333),
double3(0.395800000000,0.875000000000,0.718933333333),
double3(0.416600000000,0.917900000000,0.921633333333),
double3(0.416666666667,0.500000000000,0.895566666667),
double3(0.333333333333,0.951850000000,0.883400000000),
double3(0.500000000000,0.875000000000,0.947600000000),
double3(0.395800000000,0.951850000000,0.883433333333),
double3(0.437533333333,0.875000000000,0.947733333333),
double3(0.416733333333,0.582100000000,0.921633333333),
double3(0.500000000000,0.548150000000,0.883400000000),
double3(0.333333333333,0.625000000000,0.947600000000),
double3(0.437533333333,0.548150000000,0.883433333333),
double3(0.395800000000,0.625000000000,0.947733333333),
double3(0.583333333333,0.937450000000,0.833333333333),
double3(0.583400000000,0.917900000000,0.921633333333),
double3(0.583333333333,0.500000000000,0.895566666667),
double3(0.583333333333,0.875000000000,0.666666666667),
double3(0.604200000000,0.951850000000,0.883433333333),
double3(0.562466666667,0.875000000000,0.947733333333),
double3(0.583333333333,0.562550000000,0.833333333333),
double3(0.583266666667,0.582100000000,0.921633333333),
double3(0.583333333333,0.625000000000,0.666666666667),
double3(0.562466666667,0.548150000000,0.883433333333),
double3(0.604200000000,0.625000000000,0.947733333333),
double3(0.583400000000,0.582100000000,0.745033333333),
double3(0.583333333333,0.500000000000,0.771100000000),
double3(0.604200000000,0.548150000000,0.783233333333),
double3(0.562466666667,0.625000000000,0.718933333333),
double3(0.583266666667,0.917900000000,0.745033333333),
double3(0.562466666667,0.951850000000,0.783233333333),
double3(0.604200000000,0.875000000000,0.718933333333),
double3(0.583333333333,0.812550000000,0.833333333333),
double3(0.583266666667,0.832100000000,0.745033333333),
double3(0.583333333333,0.750000000000,0.771100000000),
double3(0.500000000000,0.798150000000,0.783266666667),
double3(0.562466666667,0.798150000000,0.783233333333),
double3(0.583333333333,0.687450000000,0.833333333333),
double3(0.583400000000,0.667900000000,0.745033333333),
double3(0.333333333333,0.701850000000,0.783266666667),
double3(0.604200000000,0.701850000000,0.783233333333),
double3(0.583266666667,0.667900000000,0.921633333333),
double3(0.583333333333,0.750000000000,0.895566666667),
double3(0.500000000000,0.701850000000,0.883400000000),
double3(0.562466666667,0.701850000000,0.883433333333),
double3(0.583400000000,0.832100000000,0.921633333333),
double3(0.333333333333,0.798150000000,0.883400000000),
double3(0.604200000000,0.798150000000,0.883433333333),
double3(0.416666666667,0.687450000000,0.833333333333),
double3(0.416733333333,0.667900000000,0.921633333333),
double3(0.416666666667,0.750000000000,0.895566666667),
double3(0.437533333333,0.701850000000,0.883433333333),
double3(0.416666666667,0.812550000000,0.833333333333),
double3(0.416600000000,0.832100000000,0.921633333333),
double3(0.395800000000,0.798150000000,0.883433333333),
double3(0.416733333333,0.832100000000,0.745033333333),
double3(0.416666666667,0.750000000000,0.771100000000),
double3(0.437533333333,0.798150000000,0.783233333333),
double3(0.416600000000,0.667900000000,0.745033333333),
double3(0.395800000000,0.701850000000,0.783233333333),
double3(0.750000000000,0.062550000000,0.166666666667),
double3(0.749933333333,0.082100000000,0.078366666667),
double3(0.750000000000,0.000000000000,0.104433333333),
double3(0.666666666667,0.048150000000,0.116600000000),
double3(0.833333333333,0.125000000000,0.052400000000),
double3(0.750000000000,0.125000000000,0.000000000000),
double3(0.729133333333,0.048150000000,0.116566666667),
double3(0.770866666667,0.125000000000,0.052266666667),
double3(0.750000000000,0.437450000000,0.166666666667),
double3(0.750066666667,0.417900000000,0.078366666667),
double3(0.833333333333,0.451850000000,0.116600000000),
double3(0.666666666667,0.375000000000,0.052400000000),
double3(0.750000000000,0.375000000000,0.000000000000),
double3(0.770866666667,0.451850000000,0.116566666667),
double3(0.729133333333,0.375000000000,0.052266666667),
double3(0.749933333333,0.417900000000,0.254966666667),
double3(0.750000000000,0.000000000000,0.228900000000),
double3(0.666666666667,0.451850000000,0.216733333333),
double3(0.833333333333,0.375000000000,0.280933333333),
double3(0.729133333333,0.451850000000,0.216766666667),
double3(0.770866666667,0.375000000000,0.281066666667),
double3(0.750066666667,0.082100000000,0.254966666667),
double3(0.833333333333,0.048150000000,0.216733333333),
double3(0.666666666667,0.125000000000,0.280933333333),
double3(0.770866666667,0.048150000000,0.216766666667),
double3(0.729133333333,0.125000000000,0.281066666667),
double3(0.916666666667,0.437450000000,0.166666666667),
double3(0.916733333333,0.417900000000,0.254966666667),
double3(0.916666666667,0.000000000000,0.228900000000),
double3(0.916666666667,0.375000000000,0.000000000000),
double3(0.937533333333,0.451850000000,0.216766666667),
double3(0.895800000000,0.375000000000,0.281066666667),
double3(0.916666666667,0.062550000000,0.166666666667),
double3(0.916600000000,0.082100000000,0.254966666667),
double3(0.916666666667,0.125000000000,0.000000000000),
double3(0.895800000000,0.048150000000,0.216766666667),
double3(0.937533333333,0.125000000000,0.281066666667),
double3(0.916733333333,0.082100000000,0.078366666667),
double3(0.916666666667,0.000000000000,0.104433333333),
double3(0.937533333333,0.048150000000,0.116566666667),
double3(0.895800000000,0.125000000000,0.052266666667),
double3(0.916600000000,0.417900000000,0.078366666667),
double3(0.895800000000,0.451850000000,0.116566666667),
double3(0.937533333333,0.375000000000,0.052266666667),
double3(0.916666666667,0.312550000000,0.166666666667),
double3(0.916600000000,0.332100000000,0.078366666667),
double3(0.916666666667,0.250000000000,0.104433333333),
double3(0.833333333333,0.298150000000,0.116600000000),
double3(0.895800000000,0.298150000000,0.116566666667),
double3(0.916666666667,0.187450000000,0.166666666667),
double3(0.916733333333,0.167900000000,0.078366666667),
double3(0.666666666667,0.201850000000,0.116600000000),
double3(0.937533333333,0.201850000000,0.116566666667),
double3(0.916600000000,0.167900000000,0.254966666667),
double3(0.916666666667,0.250000000000,0.228900000000),
double3(0.833333333333,0.201850000000,0.216733333333),
double3(0.895800000000,0.201850000000,0.216766666667),
double3(0.916733333333,0.332100000000,0.254966666667),
double3(0.666666666667,0.298150000000,0.216733333333),
double3(0.937533333333,0.298150000000,0.216766666667),
double3(0.750000000000,0.187450000000,0.166666666667),
double3(0.750066666667,0.167900000000,0.254966666667),
double3(0.750000000000,0.250000000000,0.228900000000),
double3(0.770866666667,0.201850000000,0.216766666667),
double3(0.750000000000,0.312550000000,0.166666666667),
double3(0.749933333333,0.332100000000,0.254966666667),
double3(0.729133333333,0.298150000000,0.216766666667),
double3(0.750066666667,0.332100000000,0.078366666667),
double3(0.750000000000,0.250000000000,0.104433333333),
double3(0.770866666667,0.298150000000,0.116566666667),
double3(0.749933333333,0.167900000000,0.078366666667),
double3(0.729133333333,0.201850000000,0.116566666667),
double3(0.750000000000,0.062550000000,0.500000000000),
double3(0.749933333333,0.082100000000,0.411700000000),
double3(0.750000000000,0.000000000000,0.437766666667),
double3(0.666666666667,0.048150000000,0.449933333333),
double3(0.833333333333,0.125000000000,0.385733333333),
double3(0.750000000000,0.125000000000,0.333333333333),
double3(0.729133333333,0.048150000000,0.449900000000),
double3(0.770866666667,0.125000000000,0.385600000000),
double3(0.750000000000,0.437450000000,0.500000000000),
double3(0.750066666667,0.417900000000,0.411700000000),
double3(0.833333333333,0.451850000000,0.449933333333),
double3(0.666666666667,0.375000000000,0.385733333333),
double3(0.750000000000,0.375000000000,0.333333333333),
double3(0.770866666667,0.451850000000,0.449900000000),
double3(0.729133333333,0.375000000000,0.385600000000),
double3(0.749933333333,0.417900000000,0.588300000000),
double3(0.750000000000,0.000000000000,0.562233333333),
double3(0.666666666667,0.451850000000,0.550066666667),
double3(0.833333333333,0.375000000000,0.614266666667),
double3(0.729133333333,0.451850000000,0.550100000000),
double3(0.770866666667,0.375000000000,0.614400000000),
double3(0.750066666667,0.082100000000,0.588300000000),
double3(0.833333333333,0.048150000000,0.550066666667),
double3(0.666666666667,0.125000000000,0.614266666667),
double3(0.770866666667,0.048150000000,0.550100000000),
double3(0.729133333333,0.125000000000,0.614400000000),
double3(0.916666666667,0.437450000000,0.500000000000),
double3(0.916733333333,0.417900000000,0.588300000000),
double3(0.916666666667,0.000000000000,0.562233333333),
double3(0.916666666667,0.375000000000,0.333333333333),
double3(0.937533333333,0.451850000000,0.550100000000),
double3(0.895800000000,0.375000000000,0.614400000000),
double3(0.916666666667,0.062550000000,0.500000000000),
double3(0.916600000000,0.082100000000,0.588300000000),
double3(0.916666666667,0.125000000000,0.333333333333),
double3(0.895800000000,0.048150000000,0.550100000000),
double3(0.937533333333,0.125000000000,0.614400000000),
double3(0.916733333333,0.082100000000,0.411700000000),
double3(0.916666666667,0.000000000000,0.437766666667),
double3(0.937533333333,0.048150000000,0.449900000000),
double3(0.895800000000,0.125000000000,0.385600000000),
double3(0.916600000000,0.417900000000,0.411700000000),
double3(0.895800000000,0.451850000000,0.449900000000),
double3(0.937533333333,0.375000000000,0.385600000000),
double3(0.916666666667,0.312550000000,0.500000000000),
double3(0.916600000000,0.332100000000,0.411700000000),
double3(0.916666666667,0.250000000000,0.437766666667),
double3(0.833333333333,0.298150000000,0.449933333333),
double3(0.895800000000,0.298150000000,0.449900000000),
double3(0.916666666667,0.187450000000,0.500000000000),
double3(0.916733333333,0.167900000000,0.411700000000),
double3(0.666666666667,0.201850000000,0.449933333333),
double3(0.937533333333,0.201850000000,0.449900000000),
double3(0.916600000000,0.167900000000,0.588300000000),
double3(0.916666666667,0.250000000000,0.562233333333),
double3(0.833333333333,0.201850000000,0.550066666667),
double3(0.895800000000,0.201850000000,0.550100000000),
double3(0.916733333333,0.332100000000,0.588300000000),
double3(0.666666666667,0.298150000000,0.550066666667),
double3(0.937533333333,0.298150000000,0.550100000000),
double3(0.750000000000,0.187450000000,0.500000000000),
double3(0.750066666667,0.167900000000,0.588300000000),
double3(0.750000000000,0.250000000000,0.562233333333),
double3(0.770866666667,0.201850000000,0.550100000000),
double3(0.750000000000,0.312550000000,0.500000000000),
double3(0.749933333333,0.332100000000,0.588300000000),
double3(0.729133333333,0.298150000000,0.550100000000),
double3(0.750066666667,0.332100000000,0.411700000000),
double3(0.750000000000,0.250000000000,0.437766666667),
double3(0.770866666667,0.298150000000,0.449900000000),
double3(0.749933333333,0.167900000000,0.411700000000),
double3(0.729133333333,0.201850000000,0.449900000000),
double3(0.750000000000,0.062550000000,0.833333333333),
double3(0.749933333333,0.082100000000,0.745033333333),
double3(0.750000000000,0.000000000000,0.771100000000),
double3(0.666666666667,0.048150000000,0.783266666667),
double3(0.833333333333,0.125000000000,0.719066666667),
double3(0.750000000000,0.125000000000,0.666666666667),
double3(0.729133333333,0.048150000000,0.783233333333),
double3(0.770866666667,0.125000000000,0.718933333333),
double3(0.750000000000,0.437450000000,0.833333333333),
double3(0.750066666667,0.417900000000,0.745033333333),
double3(0.833333333333,0.451850000000,0.783266666667),
double3(0.666666666667,0.375000000000,0.719066666667),
double3(0.750000000000,0.375000000000,0.666666666667),
double3(0.770866666667,0.451850000000,0.783233333333),
double3(0.729133333333,0.375000000000,0.718933333333),
double3(0.749933333333,0.417900000000,0.921633333333),
double3(0.750000000000,0.000000000000,0.895566666667),
double3(0.666666666667,0.451850000000,0.883400000000),
double3(0.833333333333,0.375000000000,0.947600000000),
double3(0.729133333333,0.451850000000,0.883433333333),
double3(0.770866666667,0.375000000000,0.947733333333),
double3(0.750066666667,0.082100000000,0.921633333333),
double3(0.833333333333,0.048150000000,0.883400000000),
double3(0.666666666667,0.125000000000,0.947600000000),
double3(0.770866666667,0.048150000000,0.883433333333),
double3(0.729133333333,0.125000000000,0.947733333333),
double3(0.916666666667,0.437450000000,0.833333333333),
double3(0.916733333333,0.417900000000,0.921633333333),
double3(0.916666666667,0.000000000000,0.895566666667),
double3(0.916666666667,0.375000000000,0.666666666667),
double3(0.937533333333,0.451850000000,0.883433333333),
double3(0.895800000000,0.375000000000,0.947733333333),
double3(0.916666666667,0.062550000000,0.833333333333),
double3(0.916600000000,0.082100000000,0.921633333333),
double3(0.916666666667,0.125000000000,0.666666666667),
double3(0.895800000000,0.048150000000,0.883433333333),
double3(0.937533333333,0.125000000000,0.947733333333),
double3(0.916733333333,0.082100000000,0.745033333333),
double3(0.916666666667,0.000000000000,0.771100000000),
double3(0.937533333333,0.048150000000,0.783233333333),
double3(0.895800000000,0.125000000000,0.718933333333),
double3(0.916600000000,0.417900000000,0.745033333333),
double3(0.895800000000,0.451850000000,0.783233333333),
double3(0.937533333333,0.375000000000,0.718933333333),
double3(0.916666666667,0.312550000000,0.833333333333),
double3(0.916600000000,0.332100000000,0.745033333333),
double3(0.916666666667,0.250000000000,0.771100000000),
double3(0.833333333333,0.298150000000,0.783266666667),
double3(0.895800000000,0.298150000000,0.783233333333),
double3(0.916666666667,0.187450000000,0.833333333333),
double3(0.916733333333,0.167900000000,0.745033333333),
double3(0.666666666667,0.201850000000,0.783266666667),
double3(0.937533333333,0.201850000000,0.783233333333),
double3(0.916600000000,0.167900000000,0.921633333333),
double3(0.916666666667,0.250000000000,0.895566666667),
double3(0.833333333333,0.201850000000,0.883400000000),
double3(0.895800000000,0.201850000000,0.883433333333),
double3(0.916733333333,0.332100000000,0.921633333333),
double3(0.666666666667,0.298150000000,0.883400000000),
double3(0.937533333333,0.298150000000,0.883433333333),
double3(0.750000000000,0.187450000000,0.833333333333),
double3(0.750066666667,0.167900000000,0.921633333333),
double3(0.750000000000,0.250000000000,0.895566666667),
double3(0.770866666667,0.201850000000,0.883433333333),
double3(0.750000000000,0.312550000000,0.833333333333),
double3(0.749933333333,0.332100000000,0.921633333333),
double3(0.729133333333,0.298150000000,0.883433333333),
double3(0.750066666667,0.332100000000,0.745033333333),
double3(0.750000000000,0.250000000000,0.771100000000),
double3(0.770866666667,0.298150000000,0.783233333333),
double3(0.749933333333,0.167900000000,0.745033333333),
double3(0.729133333333,0.201850000000,0.783233333333),
double3(0.750000000000,0.562550000000,0.166666666667),
double3(0.749933333333,0.582100000000,0.078366666667),
double3(0.750000000000,0.500000000000,0.104433333333),
double3(0.666666666667,0.548150000000,0.116600000000),
double3(0.833333333333,0.625000000000,0.052400000000),
double3(0.750000000000,0.625000000000,0.000000000000),
double3(0.729133333333,0.548150000000,0.116566666667),
double3(0.770866666667,0.625000000000,0.052266666667),
double3(0.750000000000,0.937450000000,0.166666666667),
double3(0.750066666667,0.917900000000,0.078366666667),
double3(0.833333333333,0.951850000000,0.116600000000),
double3(0.666666666667,0.875000000000,0.052400000000),
double3(0.750000000000,0.875000000000,0.000000000000),
double3(0.770866666667,0.951850000000,0.116566666667),
double3(0.729133333333,0.875000000000,0.052266666667),
double3(0.749933333333,0.917900000000,0.254966666667),
double3(0.750000000000,0.500000000000,0.228900000000),
double3(0.666666666667,0.951850000000,0.216733333333),
double3(0.833333333333,0.875000000000,0.280933333333),
double3(0.729133333333,0.951850000000,0.216766666667),
double3(0.770866666667,0.875000000000,0.281066666667),
double3(0.750066666667,0.582100000000,0.254966666667),
double3(0.833333333333,0.548150000000,0.216733333333),
double3(0.666666666667,0.625000000000,0.280933333333),
double3(0.770866666667,0.548150000000,0.216766666667),
double3(0.729133333333,0.625000000000,0.281066666667),
double3(0.916666666667,0.937450000000,0.166666666667),
double3(0.916733333333,0.917900000000,0.254966666667),
double3(0.916666666667,0.500000000000,0.228900000000),
double3(0.916666666667,0.875000000000,0.000000000000),
double3(0.937533333333,0.951850000000,0.216766666667),
double3(0.895800000000,0.875000000000,0.281066666667),
double3(0.916666666667,0.562550000000,0.166666666667),
double3(0.916600000000,0.582100000000,0.254966666667),
double3(0.916666666667,0.625000000000,0.000000000000),
double3(0.895800000000,0.548150000000,0.216766666667),
double3(0.937533333333,0.625000000000,0.281066666667),
double3(0.916733333333,0.582100000000,0.078366666667),
double3(0.916666666667,0.500000000000,0.104433333333),
double3(0.937533333333,0.548150000000,0.116566666667),
double3(0.895800000000,0.625000000000,0.052266666667),
double3(0.916600000000,0.917900000000,0.078366666667),
double3(0.895800000000,0.951850000000,0.116566666667),
double3(0.937533333333,0.875000000000,0.052266666667),
double3(0.916666666667,0.812550000000,0.166666666667),
double3(0.916600000000,0.832100000000,0.078366666667),
double3(0.916666666667,0.750000000000,0.104433333333),
double3(0.833333333333,0.798150000000,0.116600000000),
double3(0.895800000000,0.798150000000,0.116566666667),
double3(0.916666666667,0.687450000000,0.166666666667),
double3(0.916733333333,0.667900000000,0.078366666667),
double3(0.666666666667,0.701850000000,0.116600000000),
double3(0.937533333333,0.701850000000,0.116566666667),
double3(0.916600000000,0.667900000000,0.254966666667),
double3(0.916666666667,0.750000000000,0.228900000000),
double3(0.833333333333,0.701850000000,0.216733333333),
double3(0.895800000000,0.701850000000,0.216766666667),
double3(0.916733333333,0.832100000000,0.254966666667),
double3(0.666666666667,0.798150000000,0.216733333333),
double3(0.937533333333,0.798150000000,0.216766666667),
double3(0.750000000000,0.687450000000,0.166666666667),
double3(0.750066666667,0.667900000000,0.254966666667),
double3(0.750000000000,0.750000000000,0.228900000000),
double3(0.770866666667,0.701850000000,0.216766666667),
double3(0.750000000000,0.812550000000,0.166666666667),
double3(0.749933333333,0.832100000000,0.254966666667),
double3(0.729133333333,0.798150000000,0.216766666667),
double3(0.750066666667,0.832100000000,0.078366666667),
double3(0.750000000000,0.750000000000,0.104433333333),
double3(0.770866666667,0.798150000000,0.116566666667),
double3(0.749933333333,0.667900000000,0.078366666667),
double3(0.729133333333,0.701850000000,0.116566666667),
double3(0.750000000000,0.562550000000,0.500000000000),
double3(0.749933333333,0.582100000000,0.411700000000),
double3(0.750000000000,0.500000000000,0.437766666667),
double3(0.666666666667,0.548150000000,0.449933333333),
double3(0.833333333333,0.625000000000,0.385733333333),
double3(0.750000000000,0.625000000000,0.333333333333),
double3(0.729133333333,0.548150000000,0.449900000000),
double3(0.770866666667,0.625000000000,0.385600000000),
double3(0.750000000000,0.937450000000,0.500000000000),
double3(0.750066666667,0.917900000000,0.411700000000),
double3(0.833333333333,0.951850000000,0.449933333333),
double3(0.666666666667,0.875000000000,0.385733333333),
double3(0.750000000000,0.875000000000,0.333333333333),
double3(0.770866666667,0.951850000000,0.449900000000),
double3(0.729133333333,0.875000000000,0.385600000000),
double3(0.749933333333,0.917900000000,0.588300000000),
double3(0.750000000000,0.500000000000,0.562233333333),
double3(0.666666666667,0.951850000000,0.550066666667),
double3(0.833333333333,0.875000000000,0.614266666667),
double3(0.729133333333,0.951850000000,0.550100000000),
double3(0.770866666667,0.875000000000,0.614400000000),
double3(0.750066666667,0.582100000000,0.588300000000),
double3(0.833333333333,0.548150000000,0.550066666667),
double3(0.666666666667,0.625000000000,0.614266666667),
double3(0.770866666667,0.548150000000,0.550100000000),
double3(0.729133333333,0.625000000000,0.614400000000),
double3(0.916666666667,0.937450000000,0.500000000000),
double3(0.916733333333,0.917900000000,0.588300000000),
double3(0.916666666667,0.500000000000,0.562233333333),
double3(0.916666666667,0.875000000000,0.333333333333),
double3(0.937533333333,0.951850000000,0.550100000000),
double3(0.895800000000,0.875000000000,0.614400000000),
double3(0.916666666667,0.562550000000,0.500000000000),
double3(0.916600000000,0.582100000000,0.588300000000),
double3(0.916666666667,0.625000000000,0.333333333333),
double3(0.895800000000,0.548150000000,0.550100000000),
double3(0.937533333333,0.625000000000,0.614400000000),
double3(0.916733333333,0.582100000000,0.411700000000),
double3(0.916666666667,0.500000000000,0.437766666667),
double3(0.937533333333,0.548150000000,0.449900000000),
double3(0.895800000000,0.625000000000,0.385600000000),
double3(0.916600000000,0.917900000000,0.411700000000),
double3(0.895800000000,0.951850000000,0.449900000000),
double3(0.937533333333,0.875000000000,0.385600000000),
double3(0.916666666667,0.812550000000,0.500000000000),
double3(0.916600000000,0.832100000000,0.411700000000),
double3(0.916666666667,0.750000000000,0.437766666667),
double3(0.833333333333,0.798150000000,0.449933333333),
double3(0.895800000000,0.798150000000,0.449900000000),
double3(0.916666666667,0.687450000000,0.500000000000),
double3(0.916733333333,0.667900000000,0.411700000000),
double3(0.666666666667,0.701850000000,0.449933333333),
double3(0.937533333333,0.701850000000,0.449900000000),
double3(0.916600000000,0.667900000000,0.588300000000),
double3(0.916666666667,0.750000000000,0.562233333333),
double3(0.833333333333,0.701850000000,0.550066666667),
double3(0.895800000000,0.701850000000,0.550100000000),
double3(0.916733333333,0.832100000000,0.588300000000),
double3(0.666666666667,0.798150000000,0.550066666667),
double3(0.937533333333,0.798150000000,0.550100000000),
double3(0.750000000000,0.687450000000,0.500000000000),
double3(0.750066666667,0.667900000000,0.588300000000),
double3(0.750000000000,0.750000000000,0.562233333333),
double3(0.770866666667,0.701850000000,0.550100000000),
double3(0.750000000000,0.812550000000,0.500000000000),
double3(0.749933333333,0.832100000000,0.588300000000),
double3(0.729133333333,0.798150000000,0.550100000000),
double3(0.750066666667,0.832100000000,0.411700000000),
double3(0.750000000000,0.750000000000,0.437766666667),
double3(0.770866666667,0.798150000000,0.449900000000),
double3(0.749933333333,0.667900000000,0.411700000000),
double3(0.729133333333,0.701850000000,0.449900000000),
double3(0.750000000000,0.562550000000,0.833333333333),
double3(0.749933333333,0.582100000000,0.745033333333),
double3(0.750000000000,0.500000000000,0.771100000000),
double3(0.666666666667,0.548150000000,0.783266666667),
double3(0.833333333333,0.625000000000,0.719066666667),
double3(0.750000000000,0.625000000000,0.666666666667),
double3(0.729133333333,0.548150000000,0.783233333333),
double3(0.770866666667,0.625000000000,0.718933333333),
double3(0.750000000000,0.937450000000,0.833333333333),
double3(0.750066666667,0.917900000000,0.745033333333),
double3(0.833333333333,0.951850000000,0.783266666667),
double3(0.666666666667,0.875000000000,0.719066666667),
double3(0.750000000000,0.875000000000,0.666666666667),
double3(0.770866666667,0.951850000000,0.783233333333),
double3(0.729133333333,0.875000000000,0.718933333333),
double3(0.749933333333,0.917900000000,0.921633333333),
double3(0.750000000000,0.500000000000,0.895566666667),
double3(0.666666666667,0.951850000000,0.883400000000),
double3(0.833333333333,0.875000000000,0.947600000000),
double3(0.729133333333,0.951850000000,0.883433333333),
double3(0.770866666667,0.875000000000,0.947733333333),
double3(0.750066666667,0.582100000000,0.921633333333),
double3(0.833333333333,0.548150000000,0.883400000000),
double3(0.666666666667,0.625000000000,0.947600000000),
double3(0.770866666667,0.548150000000,0.883433333333),
double3(0.729133333333,0.625000000000,0.947733333333),
double3(0.916666666667,0.937450000000,0.833333333333),
double3(0.916733333333,0.917900000000,0.921633333333),
double3(0.916666666667,0.500000000000,0.895566666667),
double3(0.916666666667,0.875000000000,0.666666666667),
double3(0.937533333333,0.951850000000,0.883433333333),
double3(0.895800000000,0.875000000000,0.947733333333),
double3(0.916666666667,0.562550000000,0.833333333333),
double3(0.916600000000,0.582100000000,0.921633333333),
double3(0.916666666667,0.625000000000,0.666666666667),
double3(0.895800000000,0.548150000000,0.883433333333),
double3(0.937533333333,0.625000000000,0.947733333333),
double3(0.916733333333,0.582100000000,0.745033333333),
double3(0.916666666667,0.500000000000,0.771100000000),
double3(0.937533333333,0.548150000000,0.783233333333),
double3(0.895800000000,0.625000000000,0.718933333333),
double3(0.916600000000,0.917900000000,0.745033333333),
double3(0.895800000000,0.951850000000,0.783233333333),
double3(0.937533333333,0.875000000000,0.718933333333),
double3(0.916666666667,0.812550000000,0.833333333333),
double3(0.916600000000,0.832100000000,0.745033333333),
double3(0.916666666667,0.750000000000,0.771100000000),
double3(0.833333333333,0.798150000000,0.783266666667),
double3(0.895800000000,0.798150000000,0.783233333333),
double3(0.916666666667,0.687450000000,0.833333333333),
double3(0.916733333333,0.667900000000,0.745033333333),
double3(0.666666666667,0.701850000000,0.783266666667),
double3(0.937533333333,0.701850000000,0.783233333333),
double3(0.916600000000,0.667900000000,0.921633333333),
double3(0.916666666667,0.750000000000,0.895566666667),
double3(0.833333333333,0.701850000000,0.883400000000),
double3(0.895800000000,0.701850000000,0.883433333333),
double3(0.916733333333,0.832100000000,0.921633333333),
double3(0.666666666667,0.798150000000,0.883400000000),
double3(0.937533333333,0.798150000000,0.883433333333),
double3(0.750000000000,0.687450000000,0.833333333333),
double3(0.750066666667,0.667900000000,0.921633333333),
double3(0.750000000000,0.750000000000,0.895566666667),
double3(0.770866666667,0.701850000000,0.883433333333),
double3(0.750000000000,0.812550000000,0.833333333333),
double3(0.749933333333,0.832100000000,0.921633333333),
double3(0.729133333333,0.798150000000,0.883433333333),
double3(0.750066666667,0.832100000000,0.745033333333),
double3(0.750000000000,0.750000000000,0.771100000000),
double3(0.770866666667,0.798150000000,0.783233333333),
double3(0.749933333333,0.667900000000,0.745033333333),
double3(0.729133333333,0.701850000000,0.783233333333),
