 # Derivative distribution function -dV(r)/dr (or -dV(d)/dd) vs d
  0.1250000      0.0000000E+00
  0.3750000      0.0000000E+00
  0.6250000      0.0000000E+00
  0.8750000      0.0000000E+00
   1.125000      0.0000000E+00
   1.375000      0.0000000E+00
   1.625000      0.0000000E+00
   1.875000      0.0000000E+00
   2.125000      0.0000000E+00
   2.375000      0.0000000E+00
   2.625000      0.0000000E+00
   2.875000      0.0000000E+00
   3.125000      3.4468293E-02
   3.375000      0.1672972    
   3.625000      0.2362337    
   3.875000      0.2000841    
   4.125000      0.4514502    
   4.375000      0.4077343    
   4.625000      8.9112997E-02
   4.875000      7.5662017E-02
   5.125000      7.5662017E-02
   5.375000      6.3892484E-02
   5.625000      7.1458697E-02
   5.875000      0.6170659    
   6.125000      0.5783942    
   6.375000      1.1769652E-02
   6.625000      9.2475712E-03
   6.875000      5.8848262E-03
   7.125000      9.2475712E-03
   7.375000      1.3451010E-02
   7.625000      1.3451040E-02
   7.875000      7.5662136E-03
   8.125000      3.3627748E-03
   8.375000      9.2475712E-03
   8.625000      1.0088265E-02
   8.875000      9.2476010E-03
   9.125000      9.2475712E-03
   9.375000      4.2034388E-03
   9.625000      0.4085750    
   9.875000      0.4068936    
   10.12500      0.0000000E+00
   10.37500      0.0000000E+00
   10.62500      0.0000000E+00
   10.87500      0.0000000E+00
   11.12500      0.0000000E+00
   11.37500      0.0000000E+00
   11.62500      0.0000000E+00
   11.87500      0.0000000E+00
   12.12500      0.0000000E+00
   12.37500      0.0000000E+00
   12.62500      0.0000000E+00
   12.87500      0.0000000E+00
   13.12500      0.0000000E+00
   13.37500      0.0000000E+00
   13.62500      0.0000000E+00
   13.87500      0.0000000E+00
   14.12500      0.0000000E+00
   14.37500      0.0000000E+00
   14.62500      0.0000000E+00
   14.87500      0.0000000E+00
   15.12500      0.0000000E+00
   15.37500      0.0000000E+00
   15.62500      0.0000000E+00
   15.87500      0.0000000E+00
   16.12500      0.0000000E+00
   16.37500      0.0000000E+00
   16.62500      0.0000000E+00
   16.87500      0.0000000E+00
   17.12500      0.0000000E+00
   17.37500      0.0000000E+00
   17.62500      0.0000000E+00
   17.87500      0.0000000E+00
   18.12500      0.0000000E+00
   18.37500      0.0000000E+00
   18.62500      0.0000000E+00
   18.87500      0.0000000E+00
   19.12500      0.0000000E+00
   19.37500      0.0000000E+00
