 # Derivative distribution function -dV(r)/dr (or -dV(d)/dd) vs d
  0.1250000      0.0000000E+00
  0.3750000      0.0000000E+00
  0.6250000      0.0000000E+00
  0.8750000      0.0000000E+00
   1.125000      0.0000000E+00
   1.375000      0.0000000E+00
   1.625000      0.0000000E+00
   1.875000      0.0000000E+00
   2.125000      0.0000000E+00
   2.375000      0.0000000E+00
   2.625000      0.0000000E+00
   2.875000      0.0000000E+00
   3.125000      4.3151259E-02
   3.375000      0.1812353    
   3.625000      0.5552952    
   3.875000      0.5368018    
   4.125000      0.3531007    
   4.375000      0.3212921    
   4.625000      0.3343608    
   4.875000      0.2830724    
   5.125000      7.4466765E-02
   5.375000      0.1033165    
   5.625000      0.1102207    
   5.875000      0.4440883    
   6.125000      0.3997041    
   6.375000      1.7260462E-03
   6.625000      2.9589534E-03
   6.875000      2.2192150E-03
   7.125000      1.4794618E-03
   7.375000      1.4794692E-03
   7.625000      1.9726381E-03
   7.875000      2.2192150E-03
   8.125000      1.7260462E-03
   8.375000      1.7260462E-03
   8.625000      1.4794767E-03
   8.875000      1.7260537E-03
   9.125000      1.7260537E-03
   9.375000      1.2328923E-03
   9.625000      0.1183578    
   9.875000      0.1178646    
   10.12500      0.0000000E+00
   10.37500      0.0000000E+00
   10.62500      0.0000000E+00
   10.87500      0.0000000E+00
   11.12500      0.0000000E+00
   11.37500      0.0000000E+00
   11.62500      0.0000000E+00
   11.87500      0.0000000E+00
   12.12500      0.0000000E+00
   12.37500      0.0000000E+00
   12.62500      0.0000000E+00
   12.87500      0.0000000E+00
   13.12500      0.0000000E+00
   13.37500      0.0000000E+00
   13.62500      0.0000000E+00
   13.87500      0.0000000E+00
   14.12500      0.0000000E+00
   14.37500      0.0000000E+00
   14.62500      0.0000000E+00
   14.87500      0.0000000E+00
   15.12500      0.0000000E+00
   15.37500      0.0000000E+00
   15.62500      0.0000000E+00
   15.87500      0.0000000E+00
   16.12500      0.0000000E+00
   16.37500      0.0000000E+00
   16.62500      0.0000000E+00
   16.87500      0.0000000E+00
   17.12500      0.0000000E+00
   17.37500      0.0000000E+00
   17.62500      0.0000000E+00
   17.87500      0.0000000E+00
   18.12500      0.0000000E+00
   18.37500      0.0000000E+00
   18.62500      0.0000000E+00
   18.87500      0.0000000E+00
   19.12500      0.0000000E+00
   19.37500      0.0000000E+00
