 # Derivative distribution function -dV(r)/dr (or -dV(d)/dd) vs d
  0.1250000      0.0000000E+00
  0.3750000      0.0000000E+00
  0.6250000      0.0000000E+00
  0.8750000      0.0000000E+00
   1.125000      0.0000000E+00
   1.375000      0.0000000E+00
   1.625000      0.0000000E+00
   1.875000      0.0000000E+00
   2.125000      0.0000000E+00
   2.375000      0.0000000E+00
   2.625000      0.0000000E+00
   2.875000      0.0000000E+00
   3.125000      1.5982747E-02
   3.375000      5.8398604E-02
   3.625000      8.9442134E-02
   3.875000      8.2680225E-02
   4.125000      6.9771051E-02
   4.375000      6.4238548E-02
   4.625000      7.2844625E-02
   4.875000      7.7455044E-02
   5.125000      7.2537303E-02
   5.375000      6.7619443E-02
   5.625000      6.5775275E-02
   5.875000      6.6082716E-02
   6.125000      6.0242891E-02
   6.375000      5.9320688E-02
   6.625000      4.8255682E-02
   6.875000      4.3645382E-02
   7.125000      5.2866101E-02
   7.375000      5.6247115E-02
   7.625000      8.1758142E-02
   7.875000      0.1045028    
   8.125000      8.8520050E-02
   8.375000       1.019825    
   8.625000       1.282004    
   8.875000      0.2999846    
   9.125000      0.0000000E+00
   9.375000      0.0000000E+00
   9.625000      0.0000000E+00
   9.875000      0.0000000E+00
   10.12500      0.0000000E+00
   10.37500      0.0000000E+00
   10.62500      0.0000000E+00
   10.87500      0.0000000E+00
   11.12500      0.0000000E+00
   11.37500      0.0000000E+00
   11.62500      0.0000000E+00
   11.87500      0.0000000E+00
   12.12500      0.0000000E+00
   12.37500      0.0000000E+00
   12.62500      0.0000000E+00
   12.87500      0.0000000E+00
   13.12500      0.0000000E+00
   13.37500      0.0000000E+00
   13.62500      0.0000000E+00
   13.87500      0.0000000E+00
   14.12500      0.0000000E+00
   14.37500      0.0000000E+00
   14.62500      0.0000000E+00
   14.87500      0.0000000E+00
   15.12500      0.0000000E+00
   15.37500      0.0000000E+00
   15.62500      0.0000000E+00
   15.87500      0.0000000E+00
   16.12500      0.0000000E+00
   16.37500      0.0000000E+00
   16.62500      0.0000000E+00
   16.87500      0.0000000E+00
   17.12500      0.0000000E+00
   17.37500      0.0000000E+00
   17.62500      0.0000000E+00
   17.87500      0.0000000E+00
   18.12500      0.0000000E+00
   18.37500      0.0000000E+00
   18.62500      0.0000000E+00
   18.87500      0.0000000E+00
   19.12500      0.0000000E+00
   19.37500      0.0000000E+00
