[double3(7.540000000000,0.000000000000,0.000000000000),double3(0.000000000000,16.222000000000,0.000000000000),double3(0.000000000000,0.000000000000,5.256000000000)]

double3(0.062500000000,0.125000000000,0.100000000000),
double3(0.081400000000,0.057150000000,0.050000000000),
double3(0.000000000000,0.085700000000,0.050000000000),
double3(0.125000000000,0.000000000000,0.000000000000),
double3(0.051625000000,0.098300000000,0.050000000000),
double3(0.125000000000,0.028550000000,0.050000000000),
double3(0.187500000000,0.375000000000,0.000000000000),
double3(0.168600000000,0.442850000000,0.150000000000),
double3(0.000000000000,0.414300000000,0.150000000000),
double3(0.125000000000,0.000000000000,0.100000000000),
double3(0.198375000000,0.401700000000,0.150000000000),
double3(0.125000000000,0.471450000000,0.150000000000),
double3(0.062500000000,0.375000000000,0.100000000000),
double3(0.081400000000,0.442850000000,0.150000000000),
double3(0.051625000000,0.401700000000,0.150000000000),
double3(0.187500000000,0.125000000000,0.000000000000),
double3(0.168600000000,0.057150000000,0.050000000000),
double3(0.198375000000,0.098300000000,0.050000000000),
double3(0.187500000000,0.375000000000,0.100000000000),
double3(0.062500000000,0.125000000000,0.000000000000),
double3(0.187500000000,0.125000000000,0.100000000000),
double3(0.062500000000,0.375000000000,0.000000000000),
double3(0.206400000000,0.307150000000,0.050000000000),
double3(0.125000000000,0.335700000000,0.050000000000),
double3(0.000000000000,0.250000000000,0.000000000000),
double3(0.176625000000,0.348300000000,0.050000000000),
double3(0.000000000000,0.278550000000,0.050000000000),
double3(0.043600000000,0.192850000000,0.150000000000),
double3(0.125000000000,0.164300000000,0.150000000000),
double3(0.000000000000,0.250000000000,0.100000000000),
double3(0.073375000000,0.151700000000,0.150000000000),
double3(0.000000000000,0.221450000000,0.150000000000),
double3(0.206400000000,0.192850000000,0.150000000000),
double3(0.176625000000,0.151700000000,0.150000000000),
double3(0.043600000000,0.307150000000,0.050000000000),
double3(0.073375000000,0.348300000000,0.050000000000),
double3(0.062500000000,0.125000000000,0.300000000000),
double3(0.081400000000,0.057150000000,0.250000000000),
double3(0.000000000000,0.085700000000,0.250000000000),
double3(0.125000000000,0.000000000000,0.200000000000),
double3(0.051625000000,0.098300000000,0.250000000000),
double3(0.125000000000,0.028550000000,0.250000000000),
double3(0.187500000000,0.375000000000,0.200000000000),
double3(0.168600000000,0.442850000000,0.350000000000),
double3(0.000000000000,0.414300000000,0.350000000000),
double3(0.125000000000,0.000000000000,0.300000000000),
double3(0.198375000000,0.401700000000,0.350000000000),
double3(0.125000000000,0.471450000000,0.350000000000),
double3(0.062500000000,0.375000000000,0.300000000000),
double3(0.081400000000,0.442850000000,0.350000000000),
double3(0.051625000000,0.401700000000,0.350000000000),
double3(0.187500000000,0.125000000000,0.200000000000),
double3(0.168600000000,0.057150000000,0.250000000000),
double3(0.198375000000,0.098300000000,0.250000000000),
double3(0.187500000000,0.375000000000,0.300000000000),
double3(0.062500000000,0.125000000000,0.200000000000),
double3(0.187500000000,0.125000000000,0.300000000000),
double3(0.062500000000,0.375000000000,0.200000000000),
double3(0.206400000000,0.307150000000,0.250000000000),
double3(0.125000000000,0.335700000000,0.250000000000),
double3(0.000000000000,0.250000000000,0.200000000000),
double3(0.176625000000,0.348300000000,0.250000000000),
double3(0.000000000000,0.278550000000,0.250000000000),
double3(0.043600000000,0.192850000000,0.350000000000),
double3(0.125000000000,0.164300000000,0.350000000000),
double3(0.000000000000,0.250000000000,0.300000000000),
double3(0.073375000000,0.151700000000,0.350000000000),
double3(0.000000000000,0.221450000000,0.350000000000),
double3(0.206400000000,0.192850000000,0.350000000000),
double3(0.176625000000,0.151700000000,0.350000000000),
double3(0.043600000000,0.307150000000,0.250000000000),
double3(0.073375000000,0.348300000000,0.250000000000),
double3(0.062500000000,0.125000000000,0.500000000000),
double3(0.081400000000,0.057150000000,0.450000000000),
double3(0.000000000000,0.085700000000,0.450000000000),
double3(0.125000000000,0.000000000000,0.400000000000),
double3(0.051625000000,0.098300000000,0.450000000000),
double3(0.125000000000,0.028550000000,0.450000000000),
double3(0.187500000000,0.375000000000,0.400000000000),
double3(0.168600000000,0.442850000000,0.550000000000),
double3(0.000000000000,0.414300000000,0.550000000000),
double3(0.125000000000,0.000000000000,0.500000000000),
double3(0.198375000000,0.401700000000,0.550000000000),
double3(0.125000000000,0.471450000000,0.550000000000),
double3(0.062500000000,0.375000000000,0.500000000000),
double3(0.081400000000,0.442850000000,0.550000000000),
double3(0.051625000000,0.401700000000,0.550000000000),
double3(0.187500000000,0.125000000000,0.400000000000),
double3(0.168600000000,0.057150000000,0.450000000000),
double3(0.198375000000,0.098300000000,0.450000000000),
double3(0.187500000000,0.375000000000,0.500000000000),
double3(0.062500000000,0.125000000000,0.400000000000),
double3(0.187500000000,0.125000000000,0.500000000000),
double3(0.062500000000,0.375000000000,0.400000000000),
double3(0.206400000000,0.307150000000,0.450000000000),
double3(0.125000000000,0.335700000000,0.450000000000),
double3(0.000000000000,0.250000000000,0.400000000000),
double3(0.176625000000,0.348300000000,0.450000000000),
double3(0.000000000000,0.278550000000,0.450000000000),
double3(0.043600000000,0.192850000000,0.550000000000),
double3(0.125000000000,0.164300000000,0.550000000000),
double3(0.000000000000,0.250000000000,0.500000000000),
double3(0.073375000000,0.151700000000,0.550000000000),
double3(0.000000000000,0.221450000000,0.550000000000),
double3(0.206400000000,0.192850000000,0.550000000000),
double3(0.176625000000,0.151700000000,0.550000000000),
double3(0.043600000000,0.307150000000,0.450000000000),
double3(0.073375000000,0.348300000000,0.450000000000),
double3(0.062500000000,0.125000000000,0.700000000000),
double3(0.081400000000,0.057150000000,0.650000000000),
double3(0.000000000000,0.085700000000,0.650000000000),
double3(0.125000000000,0.000000000000,0.600000000000),
double3(0.051625000000,0.098300000000,0.650000000000),
double3(0.125000000000,0.028550000000,0.650000000000),
double3(0.187500000000,0.375000000000,0.600000000000),
double3(0.168600000000,0.442850000000,0.750000000000),
double3(0.000000000000,0.414300000000,0.750000000000),
double3(0.125000000000,0.000000000000,0.700000000000),
double3(0.198375000000,0.401700000000,0.750000000000),
double3(0.125000000000,0.471450000000,0.750000000000),
double3(0.062500000000,0.375000000000,0.700000000000),
double3(0.081400000000,0.442850000000,0.750000000000),
double3(0.051625000000,0.401700000000,0.750000000000),
double3(0.187500000000,0.125000000000,0.600000000000),
double3(0.168600000000,0.057150000000,0.650000000000),
double3(0.198375000000,0.098300000000,0.650000000000),
double3(0.187500000000,0.375000000000,0.700000000000),
double3(0.062500000000,0.125000000000,0.600000000000),
double3(0.187500000000,0.125000000000,0.700000000000),
double3(0.062500000000,0.375000000000,0.600000000000),
double3(0.206400000000,0.307150000000,0.650000000000),
double3(0.125000000000,0.335700000000,0.650000000000),
double3(0.000000000000,0.250000000000,0.600000000000),
double3(0.176625000000,0.348300000000,0.650000000000),
double3(0.000000000000,0.278550000000,0.650000000000),
double3(0.043600000000,0.192850000000,0.750000000000),
double3(0.125000000000,0.164300000000,0.750000000000),
double3(0.000000000000,0.250000000000,0.700000000000),
double3(0.073375000000,0.151700000000,0.750000000000),
double3(0.000000000000,0.221450000000,0.750000000000),
double3(0.206400000000,0.192850000000,0.750000000000),
double3(0.176625000000,0.151700000000,0.750000000000),
double3(0.043600000000,0.307150000000,0.650000000000),
double3(0.073375000000,0.348300000000,0.650000000000),
double3(0.062500000000,0.125000000000,0.900000000000),
double3(0.081400000000,0.057150000000,0.850000000000),
double3(0.000000000000,0.085700000000,0.850000000000),
double3(0.125000000000,0.000000000000,0.800000000000),
double3(0.051625000000,0.098300000000,0.850000000000),
double3(0.125000000000,0.028550000000,0.850000000000),
double3(0.187500000000,0.375000000000,0.800000000000),
double3(0.168600000000,0.442850000000,0.950000000000),
double3(0.000000000000,0.414300000000,0.950000000000),
double3(0.125000000000,0.000000000000,0.900000000000),
double3(0.198375000000,0.401700000000,0.950000000000),
double3(0.125000000000,0.471450000000,0.950000000000),
double3(0.062500000000,0.375000000000,0.900000000000),
double3(0.081400000000,0.442850000000,0.950000000000),
double3(0.051625000000,0.401700000000,0.950000000000),
double3(0.187500000000,0.125000000000,0.800000000000),
double3(0.168600000000,0.057150000000,0.850000000000),
double3(0.198375000000,0.098300000000,0.850000000000),
double3(0.187500000000,0.375000000000,0.900000000000),
double3(0.062500000000,0.125000000000,0.800000000000),
double3(0.187500000000,0.125000000000,0.900000000000),
double3(0.062500000000,0.375000000000,0.800000000000),
double3(0.206400000000,0.307150000000,0.850000000000),
double3(0.125000000000,0.335700000000,0.850000000000),
double3(0.000000000000,0.250000000000,0.800000000000),
double3(0.176625000000,0.348300000000,0.850000000000),
double3(0.000000000000,0.278550000000,0.850000000000),
double3(0.043600000000,0.192850000000,0.950000000000),
double3(0.125000000000,0.164300000000,0.950000000000),
double3(0.000000000000,0.250000000000,0.900000000000),
double3(0.073375000000,0.151700000000,0.950000000000),
double3(0.000000000000,0.221450000000,0.950000000000),
double3(0.206400000000,0.192850000000,0.950000000000),
double3(0.176625000000,0.151700000000,0.950000000000),
double3(0.043600000000,0.307150000000,0.850000000000),
double3(0.073375000000,0.348300000000,0.850000000000),
double3(0.062500000000,0.625000000000,0.100000000000),
double3(0.081400000000,0.557150000000,0.050000000000),
double3(0.000000000000,0.585700000000,0.050000000000),
double3(0.125000000000,0.500000000000,0.000000000000),
double3(0.051625000000,0.598300000000,0.050000000000),
double3(0.125000000000,0.528550000000,0.050000000000),
double3(0.187500000000,0.875000000000,0.000000000000),
double3(0.168600000000,0.942850000000,0.150000000000),
double3(0.000000000000,0.914300000000,0.150000000000),
double3(0.125000000000,0.500000000000,0.100000000000),
double3(0.198375000000,0.901700000000,0.150000000000),
double3(0.125000000000,0.971450000000,0.150000000000),
double3(0.062500000000,0.875000000000,0.100000000000),
double3(0.081400000000,0.942850000000,0.150000000000),
double3(0.051625000000,0.901700000000,0.150000000000),
double3(0.187500000000,0.625000000000,0.000000000000),
double3(0.168600000000,0.557150000000,0.050000000000),
double3(0.198375000000,0.598300000000,0.050000000000),
double3(0.187500000000,0.875000000000,0.100000000000),
double3(0.062500000000,0.625000000000,0.000000000000),
double3(0.187500000000,0.625000000000,0.100000000000),
double3(0.062500000000,0.875000000000,0.000000000000),
double3(0.206400000000,0.807150000000,0.050000000000),
double3(0.125000000000,0.835700000000,0.050000000000),
double3(0.000000000000,0.750000000000,0.000000000000),
double3(0.176625000000,0.848300000000,0.050000000000),
double3(0.000000000000,0.778550000000,0.050000000000),
double3(0.043600000000,0.692850000000,0.150000000000),
double3(0.125000000000,0.664300000000,0.150000000000),
double3(0.000000000000,0.750000000000,0.100000000000),
double3(0.073375000000,0.651700000000,0.150000000000),
double3(0.000000000000,0.721450000000,0.150000000000),
double3(0.206400000000,0.692850000000,0.150000000000),
double3(0.176625000000,0.651700000000,0.150000000000),
double3(0.043600000000,0.807150000000,0.050000000000),
double3(0.073375000000,0.848300000000,0.050000000000),
double3(0.062500000000,0.625000000000,0.300000000000),
double3(0.081400000000,0.557150000000,0.250000000000),
double3(0.000000000000,0.585700000000,0.250000000000),
double3(0.125000000000,0.500000000000,0.200000000000),
double3(0.051625000000,0.598300000000,0.250000000000),
double3(0.125000000000,0.528550000000,0.250000000000),
double3(0.187500000000,0.875000000000,0.200000000000),
double3(0.168600000000,0.942850000000,0.350000000000),
double3(0.000000000000,0.914300000000,0.350000000000),
double3(0.125000000000,0.500000000000,0.300000000000),
double3(0.198375000000,0.901700000000,0.350000000000),
double3(0.125000000000,0.971450000000,0.350000000000),
double3(0.062500000000,0.875000000000,0.300000000000),
double3(0.081400000000,0.942850000000,0.350000000000),
double3(0.051625000000,0.901700000000,0.350000000000),
double3(0.187500000000,0.625000000000,0.200000000000),
double3(0.168600000000,0.557150000000,0.250000000000),
double3(0.198375000000,0.598300000000,0.250000000000),
double3(0.187500000000,0.875000000000,0.300000000000),
double3(0.062500000000,0.625000000000,0.200000000000),
double3(0.187500000000,0.625000000000,0.300000000000),
double3(0.062500000000,0.875000000000,0.200000000000),
double3(0.206400000000,0.807150000000,0.250000000000),
double3(0.125000000000,0.835700000000,0.250000000000),
double3(0.000000000000,0.750000000000,0.200000000000),
double3(0.176625000000,0.848300000000,0.250000000000),
double3(0.000000000000,0.778550000000,0.250000000000),
double3(0.043600000000,0.692850000000,0.350000000000),
double3(0.125000000000,0.664300000000,0.350000000000),
double3(0.000000000000,0.750000000000,0.300000000000),
double3(0.073375000000,0.651700000000,0.350000000000),
double3(0.000000000000,0.721450000000,0.350000000000),
double3(0.206400000000,0.692850000000,0.350000000000),
double3(0.176625000000,0.651700000000,0.350000000000),
double3(0.043600000000,0.807150000000,0.250000000000),
double3(0.073375000000,0.848300000000,0.250000000000),
double3(0.062500000000,0.625000000000,0.500000000000),
double3(0.081400000000,0.557150000000,0.450000000000),
double3(0.000000000000,0.585700000000,0.450000000000),
double3(0.125000000000,0.500000000000,0.400000000000),
double3(0.051625000000,0.598300000000,0.450000000000),
double3(0.125000000000,0.528550000000,0.450000000000),
double3(0.187500000000,0.875000000000,0.400000000000),
double3(0.168600000000,0.942850000000,0.550000000000),
double3(0.000000000000,0.914300000000,0.550000000000),
double3(0.125000000000,0.500000000000,0.500000000000),
double3(0.198375000000,0.901700000000,0.550000000000),
double3(0.125000000000,0.971450000000,0.550000000000),
double3(0.062500000000,0.875000000000,0.500000000000),
double3(0.081400000000,0.942850000000,0.550000000000),
double3(0.051625000000,0.901700000000,0.550000000000),
double3(0.187500000000,0.625000000000,0.400000000000),
double3(0.168600000000,0.557150000000,0.450000000000),
double3(0.198375000000,0.598300000000,0.450000000000),
double3(0.187500000000,0.875000000000,0.500000000000),
double3(0.062500000000,0.625000000000,0.400000000000),
double3(0.187500000000,0.625000000000,0.500000000000),
double3(0.062500000000,0.875000000000,0.400000000000),
double3(0.206400000000,0.807150000000,0.450000000000),
double3(0.125000000000,0.835700000000,0.450000000000),
double3(0.000000000000,0.750000000000,0.400000000000),
double3(0.176625000000,0.848300000000,0.450000000000),
double3(0.000000000000,0.778550000000,0.450000000000),
double3(0.043600000000,0.692850000000,0.550000000000),
double3(0.125000000000,0.664300000000,0.550000000000),
double3(0.000000000000,0.750000000000,0.500000000000),
double3(0.073375000000,0.651700000000,0.550000000000),
double3(0.000000000000,0.721450000000,0.550000000000),
double3(0.206400000000,0.692850000000,0.550000000000),
double3(0.176625000000,0.651700000000,0.550000000000),
double3(0.043600000000,0.807150000000,0.450000000000),
double3(0.073375000000,0.848300000000,0.450000000000),
double3(0.062500000000,0.625000000000,0.700000000000),
double3(0.081400000000,0.557150000000,0.650000000000),
double3(0.000000000000,0.585700000000,0.650000000000),
double3(0.125000000000,0.500000000000,0.600000000000),
double3(0.051625000000,0.598300000000,0.650000000000),
double3(0.125000000000,0.528550000000,0.650000000000),
double3(0.187500000000,0.875000000000,0.600000000000),
double3(0.168600000000,0.942850000000,0.750000000000),
double3(0.000000000000,0.914300000000,0.750000000000),
double3(0.125000000000,0.500000000000,0.700000000000),
double3(0.198375000000,0.901700000000,0.750000000000),
double3(0.125000000000,0.971450000000,0.750000000000),
double3(0.062500000000,0.875000000000,0.700000000000),
double3(0.081400000000,0.942850000000,0.750000000000),
double3(0.051625000000,0.901700000000,0.750000000000),
double3(0.187500000000,0.625000000000,0.600000000000),
double3(0.168600000000,0.557150000000,0.650000000000),
double3(0.198375000000,0.598300000000,0.650000000000),
double3(0.187500000000,0.875000000000,0.700000000000),
double3(0.062500000000,0.625000000000,0.600000000000),
double3(0.187500000000,0.625000000000,0.700000000000),
double3(0.062500000000,0.875000000000,0.600000000000),
double3(0.206400000000,0.807150000000,0.650000000000),
double3(0.125000000000,0.835700000000,0.650000000000),
double3(0.000000000000,0.750000000000,0.600000000000),
double3(0.176625000000,0.848300000000,0.650000000000),
double3(0.000000000000,0.778550000000,0.650000000000),
double3(0.043600000000,0.692850000000,0.750000000000),
double3(0.125000000000,0.664300000000,0.750000000000),
double3(0.000000000000,0.750000000000,0.700000000000),
double3(0.073375000000,0.651700000000,0.750000000000),
double3(0.000000000000,0.721450000000,0.750000000000),
double3(0.206400000000,0.692850000000,0.750000000000),
double3(0.176625000000,0.651700000000,0.750000000000),
double3(0.043600000000,0.807150000000,0.650000000000),
double3(0.073375000000,0.848300000000,0.650000000000),
double3(0.062500000000,0.625000000000,0.900000000000),
double3(0.081400000000,0.557150000000,0.850000000000),
double3(0.000000000000,0.585700000000,0.850000000000),
double3(0.125000000000,0.500000000000,0.800000000000),
double3(0.051625000000,0.598300000000,0.850000000000),
double3(0.125000000000,0.528550000000,0.850000000000),
double3(0.187500000000,0.875000000000,0.800000000000),
double3(0.168600000000,0.942850000000,0.950000000000),
double3(0.000000000000,0.914300000000,0.950000000000),
double3(0.125000000000,0.500000000000,0.900000000000),
double3(0.198375000000,0.901700000000,0.950000000000),
double3(0.125000000000,0.971450000000,0.950000000000),
double3(0.062500000000,0.875000000000,0.900000000000),
double3(0.081400000000,0.942850000000,0.950000000000),
double3(0.051625000000,0.901700000000,0.950000000000),
double3(0.187500000000,0.625000000000,0.800000000000),
double3(0.168600000000,0.557150000000,0.850000000000),
double3(0.198375000000,0.598300000000,0.850000000000),
double3(0.187500000000,0.875000000000,0.900000000000),
double3(0.062500000000,0.625000000000,0.800000000000),
double3(0.187500000000,0.625000000000,0.900000000000),
double3(0.062500000000,0.875000000000,0.800000000000),
double3(0.206400000000,0.807150000000,0.850000000000),
double3(0.125000000000,0.835700000000,0.850000000000),
double3(0.000000000000,0.750000000000,0.800000000000),
double3(0.176625000000,0.848300000000,0.850000000000),
double3(0.000000000000,0.778550000000,0.850000000000),
double3(0.043600000000,0.692850000000,0.950000000000),
double3(0.125000000000,0.664300000000,0.950000000000),
double3(0.000000000000,0.750000000000,0.900000000000),
double3(0.073375000000,0.651700000000,0.950000000000),
double3(0.000000000000,0.721450000000,0.950000000000),
double3(0.206400000000,0.692850000000,0.950000000000),
double3(0.176625000000,0.651700000000,0.950000000000),
double3(0.043600000000,0.807150000000,0.850000000000),
double3(0.073375000000,0.848300000000,0.850000000000),
double3(0.312500000000,0.125000000000,0.100000000000),
double3(0.331400000000,0.057150000000,0.050000000000),
double3(0.250000000000,0.085700000000,0.050000000000),
double3(0.375000000000,0.000000000000,0.000000000000),
double3(0.301625000000,0.098300000000,0.050000000000),
double3(0.375000000000,0.028550000000,0.050000000000),
double3(0.437500000000,0.375000000000,0.000000000000),
double3(0.418600000000,0.442850000000,0.150000000000),
double3(0.250000000000,0.414300000000,0.150000000000),
double3(0.375000000000,0.000000000000,0.100000000000),
double3(0.448375000000,0.401700000000,0.150000000000),
double3(0.375000000000,0.471450000000,0.150000000000),
double3(0.312500000000,0.375000000000,0.100000000000),
double3(0.331400000000,0.442850000000,0.150000000000),
double3(0.301625000000,0.401700000000,0.150000000000),
double3(0.437500000000,0.125000000000,0.000000000000),
double3(0.418600000000,0.057150000000,0.050000000000),
double3(0.448375000000,0.098300000000,0.050000000000),
double3(0.437500000000,0.375000000000,0.100000000000),
double3(0.312500000000,0.125000000000,0.000000000000),
double3(0.437500000000,0.125000000000,0.100000000000),
double3(0.312500000000,0.375000000000,0.000000000000),
double3(0.456400000000,0.307150000000,0.050000000000),
double3(0.375000000000,0.335700000000,0.050000000000),
double3(0.250000000000,0.250000000000,0.000000000000),
double3(0.426625000000,0.348300000000,0.050000000000),
double3(0.250000000000,0.278550000000,0.050000000000),
double3(0.293600000000,0.192850000000,0.150000000000),
double3(0.375000000000,0.164300000000,0.150000000000),
double3(0.250000000000,0.250000000000,0.100000000000),
double3(0.323375000000,0.151700000000,0.150000000000),
double3(0.250000000000,0.221450000000,0.150000000000),
double3(0.456400000000,0.192850000000,0.150000000000),
double3(0.426625000000,0.151700000000,0.150000000000),
double3(0.293600000000,0.307150000000,0.050000000000),
double3(0.323375000000,0.348300000000,0.050000000000),
double3(0.312500000000,0.125000000000,0.300000000000),
double3(0.331400000000,0.057150000000,0.250000000000),
double3(0.250000000000,0.085700000000,0.250000000000),
double3(0.375000000000,0.000000000000,0.200000000000),
double3(0.301625000000,0.098300000000,0.250000000000),
double3(0.375000000000,0.028550000000,0.250000000000),
double3(0.437500000000,0.375000000000,0.200000000000),
double3(0.418600000000,0.442850000000,0.350000000000),
double3(0.250000000000,0.414300000000,0.350000000000),
double3(0.375000000000,0.000000000000,0.300000000000),
double3(0.448375000000,0.401700000000,0.350000000000),
double3(0.375000000000,0.471450000000,0.350000000000),
double3(0.312500000000,0.375000000000,0.300000000000),
double3(0.331400000000,0.442850000000,0.350000000000),
double3(0.301625000000,0.401700000000,0.350000000000),
double3(0.437500000000,0.125000000000,0.200000000000),
double3(0.418600000000,0.057150000000,0.250000000000),
double3(0.448375000000,0.098300000000,0.250000000000),
double3(0.437500000000,0.375000000000,0.300000000000),
double3(0.312500000000,0.125000000000,0.200000000000),
double3(0.437500000000,0.125000000000,0.300000000000),
double3(0.312500000000,0.375000000000,0.200000000000),
double3(0.456400000000,0.307150000000,0.250000000000),
double3(0.375000000000,0.335700000000,0.250000000000),
double3(0.250000000000,0.250000000000,0.200000000000),
double3(0.426625000000,0.348300000000,0.250000000000),
double3(0.250000000000,0.278550000000,0.250000000000),
double3(0.293600000000,0.192850000000,0.350000000000),
double3(0.375000000000,0.164300000000,0.350000000000),
double3(0.250000000000,0.250000000000,0.300000000000),
double3(0.323375000000,0.151700000000,0.350000000000),
double3(0.250000000000,0.221450000000,0.350000000000),
double3(0.456400000000,0.192850000000,0.350000000000),
double3(0.426625000000,0.151700000000,0.350000000000),
double3(0.293600000000,0.307150000000,0.250000000000),
double3(0.323375000000,0.348300000000,0.250000000000),
double3(0.312500000000,0.125000000000,0.500000000000),
double3(0.331400000000,0.057150000000,0.450000000000),
double3(0.250000000000,0.085700000000,0.450000000000),
double3(0.375000000000,0.000000000000,0.400000000000),
double3(0.301625000000,0.098300000000,0.450000000000),
double3(0.375000000000,0.028550000000,0.450000000000),
double3(0.437500000000,0.375000000000,0.400000000000),
double3(0.418600000000,0.442850000000,0.550000000000),
double3(0.250000000000,0.414300000000,0.550000000000),
double3(0.375000000000,0.000000000000,0.500000000000),
double3(0.448375000000,0.401700000000,0.550000000000),
double3(0.375000000000,0.471450000000,0.550000000000),
double3(0.312500000000,0.375000000000,0.500000000000),
double3(0.331400000000,0.442850000000,0.550000000000),
double3(0.301625000000,0.401700000000,0.550000000000),
double3(0.437500000000,0.125000000000,0.400000000000),
double3(0.418600000000,0.057150000000,0.450000000000),
double3(0.448375000000,0.098300000000,0.450000000000),
double3(0.437500000000,0.375000000000,0.500000000000),
double3(0.312500000000,0.125000000000,0.400000000000),
double3(0.437500000000,0.125000000000,0.500000000000),
double3(0.312500000000,0.375000000000,0.400000000000),
double3(0.456400000000,0.307150000000,0.450000000000),
double3(0.375000000000,0.335700000000,0.450000000000),
double3(0.250000000000,0.250000000000,0.400000000000),
double3(0.426625000000,0.348300000000,0.450000000000),
double3(0.250000000000,0.278550000000,0.450000000000),
double3(0.293600000000,0.192850000000,0.550000000000),
double3(0.375000000000,0.164300000000,0.550000000000),
double3(0.250000000000,0.250000000000,0.500000000000),
double3(0.323375000000,0.151700000000,0.550000000000),
double3(0.250000000000,0.221450000000,0.550000000000),
double3(0.456400000000,0.192850000000,0.550000000000),
double3(0.426625000000,0.151700000000,0.550000000000),
double3(0.293600000000,0.307150000000,0.450000000000),
double3(0.323375000000,0.348300000000,0.450000000000),
double3(0.312500000000,0.125000000000,0.700000000000),
double3(0.331400000000,0.057150000000,0.650000000000),
double3(0.250000000000,0.085700000000,0.650000000000),
double3(0.375000000000,0.000000000000,0.600000000000),
double3(0.301625000000,0.098300000000,0.650000000000),
double3(0.375000000000,0.028550000000,0.650000000000),
double3(0.437500000000,0.375000000000,0.600000000000),
double3(0.418600000000,0.442850000000,0.750000000000),
double3(0.250000000000,0.414300000000,0.750000000000),
double3(0.375000000000,0.000000000000,0.700000000000),
double3(0.448375000000,0.401700000000,0.750000000000),
double3(0.375000000000,0.471450000000,0.750000000000),
double3(0.312500000000,0.375000000000,0.700000000000),
double3(0.331400000000,0.442850000000,0.750000000000),
double3(0.301625000000,0.401700000000,0.750000000000),
double3(0.437500000000,0.125000000000,0.600000000000),
double3(0.418600000000,0.057150000000,0.650000000000),
double3(0.448375000000,0.098300000000,0.650000000000),
double3(0.437500000000,0.375000000000,0.700000000000),
double3(0.312500000000,0.125000000000,0.600000000000),
double3(0.437500000000,0.125000000000,0.700000000000),
double3(0.312500000000,0.375000000000,0.600000000000),
double3(0.456400000000,0.307150000000,0.650000000000),
double3(0.375000000000,0.335700000000,0.650000000000),
double3(0.250000000000,0.250000000000,0.600000000000),
double3(0.426625000000,0.348300000000,0.650000000000),
double3(0.250000000000,0.278550000000,0.650000000000),
double3(0.293600000000,0.192850000000,0.750000000000),
double3(0.375000000000,0.164300000000,0.750000000000),
double3(0.250000000000,0.250000000000,0.700000000000),
double3(0.323375000000,0.151700000000,0.750000000000),
double3(0.250000000000,0.221450000000,0.750000000000),
double3(0.456400000000,0.192850000000,0.750000000000),
double3(0.426625000000,0.151700000000,0.750000000000),
double3(0.293600000000,0.307150000000,0.650000000000),
double3(0.323375000000,0.348300000000,0.650000000000),
double3(0.312500000000,0.125000000000,0.900000000000),
double3(0.331400000000,0.057150000000,0.850000000000),
double3(0.250000000000,0.085700000000,0.850000000000),
double3(0.375000000000,0.000000000000,0.800000000000),
double3(0.301625000000,0.098300000000,0.850000000000),
double3(0.375000000000,0.028550000000,0.850000000000),
double3(0.437500000000,0.375000000000,0.800000000000),
double3(0.418600000000,0.442850000000,0.950000000000),
double3(0.250000000000,0.414300000000,0.950000000000),
double3(0.375000000000,0.000000000000,0.900000000000),
double3(0.448375000000,0.401700000000,0.950000000000),
double3(0.375000000000,0.471450000000,0.950000000000),
double3(0.312500000000,0.375000000000,0.900000000000),
double3(0.331400000000,0.442850000000,0.950000000000),
double3(0.301625000000,0.401700000000,0.950000000000),
double3(0.437500000000,0.125000000000,0.800000000000),
double3(0.418600000000,0.057150000000,0.850000000000),
double3(0.448375000000,0.098300000000,0.850000000000),
double3(0.437500000000,0.375000000000,0.900000000000),
double3(0.312500000000,0.125000000000,0.800000000000),
double3(0.437500000000,0.125000000000,0.900000000000),
double3(0.312500000000,0.375000000000,0.800000000000),
double3(0.456400000000,0.307150000000,0.850000000000),
double3(0.375000000000,0.335700000000,0.850000000000),
double3(0.250000000000,0.250000000000,0.800000000000),
double3(0.426625000000,0.348300000000,0.850000000000),
double3(0.250000000000,0.278550000000,0.850000000000),
double3(0.293600000000,0.192850000000,0.950000000000),
double3(0.375000000000,0.164300000000,0.950000000000),
double3(0.250000000000,0.250000000000,0.900000000000),
double3(0.323375000000,0.151700000000,0.950000000000),
double3(0.250000000000,0.221450000000,0.950000000000),
double3(0.456400000000,0.192850000000,0.950000000000),
double3(0.426625000000,0.151700000000,0.950000000000),
double3(0.293600000000,0.307150000000,0.850000000000),
double3(0.323375000000,0.348300000000,0.850000000000),
double3(0.312500000000,0.625000000000,0.100000000000),
double3(0.331400000000,0.557150000000,0.050000000000),
double3(0.250000000000,0.585700000000,0.050000000000),
double3(0.375000000000,0.500000000000,0.000000000000),
double3(0.301625000000,0.598300000000,0.050000000000),
double3(0.375000000000,0.528550000000,0.050000000000),
double3(0.437500000000,0.875000000000,0.000000000000),
double3(0.418600000000,0.942850000000,0.150000000000),
double3(0.250000000000,0.914300000000,0.150000000000),
double3(0.375000000000,0.500000000000,0.100000000000),
double3(0.448375000000,0.901700000000,0.150000000000),
double3(0.375000000000,0.971450000000,0.150000000000),
double3(0.312500000000,0.875000000000,0.100000000000),
double3(0.331400000000,0.942850000000,0.150000000000),
double3(0.301625000000,0.901700000000,0.150000000000),
double3(0.437500000000,0.625000000000,0.000000000000),
double3(0.418600000000,0.557150000000,0.050000000000),
double3(0.448375000000,0.598300000000,0.050000000000),
double3(0.437500000000,0.875000000000,0.100000000000),
double3(0.312500000000,0.625000000000,0.000000000000),
double3(0.437500000000,0.625000000000,0.100000000000),
double3(0.312500000000,0.875000000000,0.000000000000),
double3(0.456400000000,0.807150000000,0.050000000000),
double3(0.375000000000,0.835700000000,0.050000000000),
double3(0.250000000000,0.750000000000,0.000000000000),
double3(0.426625000000,0.848300000000,0.050000000000),
double3(0.250000000000,0.778550000000,0.050000000000),
double3(0.293600000000,0.692850000000,0.150000000000),
double3(0.375000000000,0.664300000000,0.150000000000),
double3(0.250000000000,0.750000000000,0.100000000000),
double3(0.323375000000,0.651700000000,0.150000000000),
double3(0.250000000000,0.721450000000,0.150000000000),
double3(0.456400000000,0.692850000000,0.150000000000),
double3(0.426625000000,0.651700000000,0.150000000000),
double3(0.293600000000,0.807150000000,0.050000000000),
double3(0.323375000000,0.848300000000,0.050000000000),
double3(0.312500000000,0.625000000000,0.300000000000),
double3(0.331400000000,0.557150000000,0.250000000000),
double3(0.250000000000,0.585700000000,0.250000000000),
double3(0.375000000000,0.500000000000,0.200000000000),
double3(0.301625000000,0.598300000000,0.250000000000),
double3(0.375000000000,0.528550000000,0.250000000000),
double3(0.437500000000,0.875000000000,0.200000000000),
double3(0.418600000000,0.942850000000,0.350000000000),
double3(0.250000000000,0.914300000000,0.350000000000),
double3(0.375000000000,0.500000000000,0.300000000000),
double3(0.448375000000,0.901700000000,0.350000000000),
double3(0.375000000000,0.971450000000,0.350000000000),
double3(0.312500000000,0.875000000000,0.300000000000),
double3(0.331400000000,0.942850000000,0.350000000000),
double3(0.301625000000,0.901700000000,0.350000000000),
double3(0.437500000000,0.625000000000,0.200000000000),
double3(0.418600000000,0.557150000000,0.250000000000),
double3(0.448375000000,0.598300000000,0.250000000000),
double3(0.437500000000,0.875000000000,0.300000000000),
double3(0.312500000000,0.625000000000,0.200000000000),
double3(0.437500000000,0.625000000000,0.300000000000),
double3(0.312500000000,0.875000000000,0.200000000000),
double3(0.456400000000,0.807150000000,0.250000000000),
double3(0.375000000000,0.835700000000,0.250000000000),
double3(0.250000000000,0.750000000000,0.200000000000),
double3(0.426625000000,0.848300000000,0.250000000000),
double3(0.250000000000,0.778550000000,0.250000000000),
double3(0.293600000000,0.692850000000,0.350000000000),
double3(0.375000000000,0.664300000000,0.350000000000),
double3(0.250000000000,0.750000000000,0.300000000000),
double3(0.323375000000,0.651700000000,0.350000000000),
double3(0.250000000000,0.721450000000,0.350000000000),
double3(0.456400000000,0.692850000000,0.350000000000),
double3(0.426625000000,0.651700000000,0.350000000000),
double3(0.293600000000,0.807150000000,0.250000000000),
double3(0.323375000000,0.848300000000,0.250000000000),
double3(0.312500000000,0.625000000000,0.500000000000),
double3(0.331400000000,0.557150000000,0.450000000000),
double3(0.250000000000,0.585700000000,0.450000000000),
double3(0.375000000000,0.500000000000,0.400000000000),
double3(0.301625000000,0.598300000000,0.450000000000),
double3(0.375000000000,0.528550000000,0.450000000000),
double3(0.437500000000,0.875000000000,0.400000000000),
double3(0.418600000000,0.942850000000,0.550000000000),
double3(0.250000000000,0.914300000000,0.550000000000),
double3(0.375000000000,0.500000000000,0.500000000000),
double3(0.448375000000,0.901700000000,0.550000000000),
double3(0.375000000000,0.971450000000,0.550000000000),
double3(0.312500000000,0.875000000000,0.500000000000),
double3(0.331400000000,0.942850000000,0.550000000000),
double3(0.301625000000,0.901700000000,0.550000000000),
double3(0.437500000000,0.625000000000,0.400000000000),
double3(0.418600000000,0.557150000000,0.450000000000),
double3(0.448375000000,0.598300000000,0.450000000000),
double3(0.437500000000,0.875000000000,0.500000000000),
double3(0.312500000000,0.625000000000,0.400000000000),
double3(0.437500000000,0.625000000000,0.500000000000),
double3(0.312500000000,0.875000000000,0.400000000000),
double3(0.456400000000,0.807150000000,0.450000000000),
double3(0.375000000000,0.835700000000,0.450000000000),
double3(0.250000000000,0.750000000000,0.400000000000),
double3(0.426625000000,0.848300000000,0.450000000000),
double3(0.250000000000,0.778550000000,0.450000000000),
double3(0.293600000000,0.692850000000,0.550000000000),
double3(0.375000000000,0.664300000000,0.550000000000),
double3(0.250000000000,0.750000000000,0.500000000000),
double3(0.323375000000,0.651700000000,0.550000000000),
double3(0.250000000000,0.721450000000,0.550000000000),
double3(0.456400000000,0.692850000000,0.550000000000),
double3(0.426625000000,0.651700000000,0.550000000000),
double3(0.293600000000,0.807150000000,0.450000000000),
double3(0.323375000000,0.848300000000,0.450000000000),
double3(0.312500000000,0.625000000000,0.700000000000),
double3(0.331400000000,0.557150000000,0.650000000000),
double3(0.250000000000,0.585700000000,0.650000000000),
double3(0.375000000000,0.500000000000,0.600000000000),
double3(0.301625000000,0.598300000000,0.650000000000),
double3(0.375000000000,0.528550000000,0.650000000000),
double3(0.437500000000,0.875000000000,0.600000000000),
double3(0.418600000000,0.942850000000,0.750000000000),
double3(0.250000000000,0.914300000000,0.750000000000),
double3(0.375000000000,0.500000000000,0.700000000000),
double3(0.448375000000,0.901700000000,0.750000000000),
double3(0.375000000000,0.971450000000,0.750000000000),
double3(0.312500000000,0.875000000000,0.700000000000),
double3(0.331400000000,0.942850000000,0.750000000000),
double3(0.301625000000,0.901700000000,0.750000000000),
double3(0.437500000000,0.625000000000,0.600000000000),
double3(0.418600000000,0.557150000000,0.650000000000),
double3(0.448375000000,0.598300000000,0.650000000000),
double3(0.437500000000,0.875000000000,0.700000000000),
double3(0.312500000000,0.625000000000,0.600000000000),
double3(0.437500000000,0.625000000000,0.700000000000),
double3(0.312500000000,0.875000000000,0.600000000000),
double3(0.456400000000,0.807150000000,0.650000000000),
double3(0.375000000000,0.835700000000,0.650000000000),
double3(0.250000000000,0.750000000000,0.600000000000),
double3(0.426625000000,0.848300000000,0.650000000000),
double3(0.250000000000,0.778550000000,0.650000000000),
double3(0.293600000000,0.692850000000,0.750000000000),
double3(0.375000000000,0.664300000000,0.750000000000),
double3(0.250000000000,0.750000000000,0.700000000000),
double3(0.323375000000,0.651700000000,0.750000000000),
double3(0.250000000000,0.721450000000,0.750000000000),
double3(0.456400000000,0.692850000000,0.750000000000),
double3(0.426625000000,0.651700000000,0.750000000000),
double3(0.293600000000,0.807150000000,0.650000000000),
double3(0.323375000000,0.848300000000,0.650000000000),
double3(0.312500000000,0.625000000000,0.900000000000),
double3(0.331400000000,0.557150000000,0.850000000000),
double3(0.250000000000,0.585700000000,0.850000000000),
double3(0.375000000000,0.500000000000,0.800000000000),
double3(0.301625000000,0.598300000000,0.850000000000),
double3(0.375000000000,0.528550000000,0.850000000000),
double3(0.437500000000,0.875000000000,0.800000000000),
double3(0.418600000000,0.942850000000,0.950000000000),
double3(0.250000000000,0.914300000000,0.950000000000),
double3(0.375000000000,0.500000000000,0.900000000000),
double3(0.448375000000,0.901700000000,0.950000000000),
double3(0.375000000000,0.971450000000,0.950000000000),
double3(0.312500000000,0.875000000000,0.900000000000),
double3(0.331400000000,0.942850000000,0.950000000000),
double3(0.301625000000,0.901700000000,0.950000000000),
double3(0.437500000000,0.625000000000,0.800000000000),
double3(0.418600000000,0.557150000000,0.850000000000),
double3(0.448375000000,0.598300000000,0.850000000000),
double3(0.437500000000,0.875000000000,0.900000000000),
double3(0.312500000000,0.625000000000,0.800000000000),
double3(0.437500000000,0.625000000000,0.900000000000),
double3(0.312500000000,0.875000000000,0.800000000000),
double3(0.456400000000,0.807150000000,0.850000000000),
double3(0.375000000000,0.835700000000,0.850000000000),
double3(0.250000000000,0.750000000000,0.800000000000),
double3(0.426625000000,0.848300000000,0.850000000000),
double3(0.250000000000,0.778550000000,0.850000000000),
double3(0.293600000000,0.692850000000,0.950000000000),
double3(0.375000000000,0.664300000000,0.950000000000),
double3(0.250000000000,0.750000000000,0.900000000000),
double3(0.323375000000,0.651700000000,0.950000000000),
double3(0.250000000000,0.721450000000,0.950000000000),
double3(0.456400000000,0.692850000000,0.950000000000),
double3(0.426625000000,0.651700000000,0.950000000000),
double3(0.293600000000,0.807150000000,0.850000000000),
double3(0.323375000000,0.848300000000,0.850000000000),
double3(0.562500000000,0.125000000000,0.100000000000),
double3(0.581400000000,0.057150000000,0.050000000000),
double3(0.500000000000,0.085700000000,0.050000000000),
double3(0.625000000000,0.000000000000,0.000000000000),
double3(0.551625000000,0.098300000000,0.050000000000),
double3(0.625000000000,0.028550000000,0.050000000000),
double3(0.687500000000,0.375000000000,0.000000000000),
double3(0.668600000000,0.442850000000,0.150000000000),
double3(0.500000000000,0.414300000000,0.150000000000),
double3(0.625000000000,0.000000000000,0.100000000000),
double3(0.698375000000,0.401700000000,0.150000000000),
double3(0.625000000000,0.471450000000,0.150000000000),
double3(0.562500000000,0.375000000000,0.100000000000),
double3(0.581400000000,0.442850000000,0.150000000000),
double3(0.551625000000,0.401700000000,0.150000000000),
double3(0.687500000000,0.125000000000,0.000000000000),
double3(0.668600000000,0.057150000000,0.050000000000),
double3(0.698375000000,0.098300000000,0.050000000000),
double3(0.687500000000,0.375000000000,0.100000000000),
double3(0.562500000000,0.125000000000,0.000000000000),
double3(0.687500000000,0.125000000000,0.100000000000),
double3(0.562500000000,0.375000000000,0.000000000000),
double3(0.706400000000,0.307150000000,0.050000000000),
double3(0.625000000000,0.335700000000,0.050000000000),
double3(0.500000000000,0.250000000000,0.000000000000),
double3(0.676625000000,0.348300000000,0.050000000000),
double3(0.500000000000,0.278550000000,0.050000000000),
double3(0.543600000000,0.192850000000,0.150000000000),
double3(0.625000000000,0.164300000000,0.150000000000),
double3(0.500000000000,0.250000000000,0.100000000000),
double3(0.573375000000,0.151700000000,0.150000000000),
double3(0.500000000000,0.221450000000,0.150000000000),
double3(0.706400000000,0.192850000000,0.150000000000),
double3(0.676625000000,0.151700000000,0.150000000000),
double3(0.543600000000,0.307150000000,0.050000000000),
double3(0.573375000000,0.348300000000,0.050000000000),
double3(0.562500000000,0.125000000000,0.300000000000),
double3(0.581400000000,0.057150000000,0.250000000000),
double3(0.500000000000,0.085700000000,0.250000000000),
double3(0.625000000000,0.000000000000,0.200000000000),
double3(0.551625000000,0.098300000000,0.250000000000),
double3(0.625000000000,0.028550000000,0.250000000000),
double3(0.687500000000,0.375000000000,0.200000000000),
double3(0.668600000000,0.442850000000,0.350000000000),
double3(0.500000000000,0.414300000000,0.350000000000),
double3(0.625000000000,0.000000000000,0.300000000000),
double3(0.698375000000,0.401700000000,0.350000000000),
double3(0.625000000000,0.471450000000,0.350000000000),
double3(0.562500000000,0.375000000000,0.300000000000),
double3(0.581400000000,0.442850000000,0.350000000000),
double3(0.551625000000,0.401700000000,0.350000000000),
double3(0.687500000000,0.125000000000,0.200000000000),
double3(0.668600000000,0.057150000000,0.250000000000),
double3(0.698375000000,0.098300000000,0.250000000000),
double3(0.687500000000,0.375000000000,0.300000000000),
double3(0.562500000000,0.125000000000,0.200000000000),
double3(0.687500000000,0.125000000000,0.300000000000),
double3(0.562500000000,0.375000000000,0.200000000000),
double3(0.706400000000,0.307150000000,0.250000000000),
double3(0.625000000000,0.335700000000,0.250000000000),
double3(0.500000000000,0.250000000000,0.200000000000),
double3(0.676625000000,0.348300000000,0.250000000000),
double3(0.500000000000,0.278550000000,0.250000000000),
double3(0.543600000000,0.192850000000,0.350000000000),
double3(0.625000000000,0.164300000000,0.350000000000),
double3(0.500000000000,0.250000000000,0.300000000000),
double3(0.573375000000,0.151700000000,0.350000000000),
double3(0.500000000000,0.221450000000,0.350000000000),
double3(0.706400000000,0.192850000000,0.350000000000),
double3(0.676625000000,0.151700000000,0.350000000000),
double3(0.543600000000,0.307150000000,0.250000000000),
double3(0.573375000000,0.348300000000,0.250000000000),
double3(0.562500000000,0.125000000000,0.500000000000),
double3(0.581400000000,0.057150000000,0.450000000000),
double3(0.500000000000,0.085700000000,0.450000000000),
double3(0.625000000000,0.000000000000,0.400000000000),
double3(0.551625000000,0.098300000000,0.450000000000),
double3(0.625000000000,0.028550000000,0.450000000000),
double3(0.687500000000,0.375000000000,0.400000000000),
double3(0.668600000000,0.442850000000,0.550000000000),
double3(0.500000000000,0.414300000000,0.550000000000),
double3(0.625000000000,0.000000000000,0.500000000000),
double3(0.698375000000,0.401700000000,0.550000000000),
double3(0.625000000000,0.471450000000,0.550000000000),
double3(0.562500000000,0.375000000000,0.500000000000),
double3(0.581400000000,0.442850000000,0.550000000000),
double3(0.551625000000,0.401700000000,0.550000000000),
double3(0.687500000000,0.125000000000,0.400000000000),
double3(0.668600000000,0.057150000000,0.450000000000),
double3(0.698375000000,0.098300000000,0.450000000000),
double3(0.687500000000,0.375000000000,0.500000000000),
double3(0.562500000000,0.125000000000,0.400000000000),
double3(0.687500000000,0.125000000000,0.500000000000),
double3(0.562500000000,0.375000000000,0.400000000000),
double3(0.706400000000,0.307150000000,0.450000000000),
double3(0.625000000000,0.335700000000,0.450000000000),
double3(0.500000000000,0.250000000000,0.400000000000),
double3(0.676625000000,0.348300000000,0.450000000000),
double3(0.500000000000,0.278550000000,0.450000000000),
double3(0.543600000000,0.192850000000,0.550000000000),
double3(0.625000000000,0.164300000000,0.550000000000),
double3(0.500000000000,0.250000000000,0.500000000000),
double3(0.573375000000,0.151700000000,0.550000000000),
double3(0.500000000000,0.221450000000,0.550000000000),
double3(0.706400000000,0.192850000000,0.550000000000),
double3(0.676625000000,0.151700000000,0.550000000000),
double3(0.543600000000,0.307150000000,0.450000000000),
double3(0.573375000000,0.348300000000,0.450000000000),
double3(0.562500000000,0.125000000000,0.700000000000),
double3(0.581400000000,0.057150000000,0.650000000000),
double3(0.500000000000,0.085700000000,0.650000000000),
double3(0.625000000000,0.000000000000,0.600000000000),
double3(0.551625000000,0.098300000000,0.650000000000),
double3(0.625000000000,0.028550000000,0.650000000000),
double3(0.687500000000,0.375000000000,0.600000000000),
double3(0.668600000000,0.442850000000,0.750000000000),
double3(0.500000000000,0.414300000000,0.750000000000),
double3(0.625000000000,0.000000000000,0.700000000000),
double3(0.698375000000,0.401700000000,0.750000000000),
double3(0.625000000000,0.471450000000,0.750000000000),
double3(0.562500000000,0.375000000000,0.700000000000),
double3(0.581400000000,0.442850000000,0.750000000000),
double3(0.551625000000,0.401700000000,0.750000000000),
double3(0.687500000000,0.125000000000,0.600000000000),
double3(0.668600000000,0.057150000000,0.650000000000),
double3(0.698375000000,0.098300000000,0.650000000000),
double3(0.687500000000,0.375000000000,0.700000000000),
double3(0.562500000000,0.125000000000,0.600000000000),
double3(0.687500000000,0.125000000000,0.700000000000),
double3(0.562500000000,0.375000000000,0.600000000000),
double3(0.706400000000,0.307150000000,0.650000000000),
double3(0.625000000000,0.335700000000,0.650000000000),
double3(0.500000000000,0.250000000000,0.600000000000),
double3(0.676625000000,0.348300000000,0.650000000000),
double3(0.500000000000,0.278550000000,0.650000000000),
double3(0.543600000000,0.192850000000,0.750000000000),
double3(0.625000000000,0.164300000000,0.750000000000),
double3(0.500000000000,0.250000000000,0.700000000000),
double3(0.573375000000,0.151700000000,0.750000000000),
double3(0.500000000000,0.221450000000,0.750000000000),
double3(0.706400000000,0.192850000000,0.750000000000),
double3(0.676625000000,0.151700000000,0.750000000000),
double3(0.543600000000,0.307150000000,0.650000000000),
double3(0.573375000000,0.348300000000,0.650000000000),
double3(0.562500000000,0.125000000000,0.900000000000),
double3(0.581400000000,0.057150000000,0.850000000000),
double3(0.500000000000,0.085700000000,0.850000000000),
double3(0.625000000000,0.000000000000,0.800000000000),
double3(0.551625000000,0.098300000000,0.850000000000),
double3(0.625000000000,0.028550000000,0.850000000000),
double3(0.687500000000,0.375000000000,0.800000000000),
double3(0.668600000000,0.442850000000,0.950000000000),
double3(0.500000000000,0.414300000000,0.950000000000),
double3(0.625000000000,0.000000000000,0.900000000000),
double3(0.698375000000,0.401700000000,0.950000000000),
double3(0.625000000000,0.471450000000,0.950000000000),
double3(0.562500000000,0.375000000000,0.900000000000),
double3(0.581400000000,0.442850000000,0.950000000000),
double3(0.551625000000,0.401700000000,0.950000000000),
double3(0.687500000000,0.125000000000,0.800000000000),
double3(0.668600000000,0.057150000000,0.850000000000),
double3(0.698375000000,0.098300000000,0.850000000000),
double3(0.687500000000,0.375000000000,0.900000000000),
double3(0.562500000000,0.125000000000,0.800000000000),
double3(0.687500000000,0.125000000000,0.900000000000),
double3(0.562500000000,0.375000000000,0.800000000000),
double3(0.706400000000,0.307150000000,0.850000000000),
double3(0.625000000000,0.335700000000,0.850000000000),
double3(0.500000000000,0.250000000000,0.800000000000),
double3(0.676625000000,0.348300000000,0.850000000000),
double3(0.500000000000,0.278550000000,0.850000000000),
double3(0.543600000000,0.192850000000,0.950000000000),
double3(0.625000000000,0.164300000000,0.950000000000),
double3(0.500000000000,0.250000000000,0.900000000000),
double3(0.573375000000,0.151700000000,0.950000000000),
double3(0.500000000000,0.221450000000,0.950000000000),
double3(0.706400000000,0.192850000000,0.950000000000),
double3(0.676625000000,0.151700000000,0.950000000000),
double3(0.543600000000,0.307150000000,0.850000000000),
double3(0.573375000000,0.348300000000,0.850000000000),
double3(0.562500000000,0.625000000000,0.100000000000),
double3(0.581400000000,0.557150000000,0.050000000000),
double3(0.500000000000,0.585700000000,0.050000000000),
double3(0.625000000000,0.500000000000,0.000000000000),
double3(0.551625000000,0.598300000000,0.050000000000),
double3(0.625000000000,0.528550000000,0.050000000000),
double3(0.687500000000,0.875000000000,0.000000000000),
double3(0.668600000000,0.942850000000,0.150000000000),
double3(0.500000000000,0.914300000000,0.150000000000),
double3(0.625000000000,0.500000000000,0.100000000000),
double3(0.698375000000,0.901700000000,0.150000000000),
double3(0.625000000000,0.971450000000,0.150000000000),
double3(0.562500000000,0.875000000000,0.100000000000),
double3(0.581400000000,0.942850000000,0.150000000000),
double3(0.551625000000,0.901700000000,0.150000000000),
double3(0.687500000000,0.625000000000,0.000000000000),
double3(0.668600000000,0.557150000000,0.050000000000),
double3(0.698375000000,0.598300000000,0.050000000000),
double3(0.687500000000,0.875000000000,0.100000000000),
double3(0.562500000000,0.625000000000,0.000000000000),
double3(0.687500000000,0.625000000000,0.100000000000),
double3(0.562500000000,0.875000000000,0.000000000000),
double3(0.706400000000,0.807150000000,0.050000000000),
double3(0.625000000000,0.835700000000,0.050000000000),
double3(0.500000000000,0.750000000000,0.000000000000),
double3(0.676625000000,0.848300000000,0.050000000000),
double3(0.500000000000,0.778550000000,0.050000000000),
double3(0.543600000000,0.692850000000,0.150000000000),
double3(0.625000000000,0.664300000000,0.150000000000),
double3(0.500000000000,0.750000000000,0.100000000000),
double3(0.573375000000,0.651700000000,0.150000000000),
double3(0.500000000000,0.721450000000,0.150000000000),
double3(0.706400000000,0.692850000000,0.150000000000),
double3(0.676625000000,0.651700000000,0.150000000000),
double3(0.543600000000,0.807150000000,0.050000000000),
double3(0.573375000000,0.848300000000,0.050000000000),
double3(0.562500000000,0.625000000000,0.300000000000),
double3(0.581400000000,0.557150000000,0.250000000000),
double3(0.500000000000,0.585700000000,0.250000000000),
double3(0.625000000000,0.500000000000,0.200000000000),
double3(0.551625000000,0.598300000000,0.250000000000),
double3(0.625000000000,0.528550000000,0.250000000000),
double3(0.687500000000,0.875000000000,0.200000000000),
double3(0.668600000000,0.942850000000,0.350000000000),
double3(0.500000000000,0.914300000000,0.350000000000),
double3(0.625000000000,0.500000000000,0.300000000000),
double3(0.698375000000,0.901700000000,0.350000000000),
double3(0.625000000000,0.971450000000,0.350000000000),
double3(0.562500000000,0.875000000000,0.300000000000),
double3(0.581400000000,0.942850000000,0.350000000000),
double3(0.551625000000,0.901700000000,0.350000000000),
double3(0.687500000000,0.625000000000,0.200000000000),
double3(0.668600000000,0.557150000000,0.250000000000),
double3(0.698375000000,0.598300000000,0.250000000000),
double3(0.687500000000,0.875000000000,0.300000000000),
double3(0.562500000000,0.625000000000,0.200000000000),
double3(0.687500000000,0.625000000000,0.300000000000),
double3(0.562500000000,0.875000000000,0.200000000000),
double3(0.706400000000,0.807150000000,0.250000000000),
double3(0.625000000000,0.835700000000,0.250000000000),
double3(0.500000000000,0.750000000000,0.200000000000),
double3(0.676625000000,0.848300000000,0.250000000000),
double3(0.500000000000,0.778550000000,0.250000000000),
double3(0.543600000000,0.692850000000,0.350000000000),
double3(0.625000000000,0.664300000000,0.350000000000),
double3(0.500000000000,0.750000000000,0.300000000000),
double3(0.573375000000,0.651700000000,0.350000000000),
double3(0.500000000000,0.721450000000,0.350000000000),
double3(0.706400000000,0.692850000000,0.350000000000),
double3(0.676625000000,0.651700000000,0.350000000000),
double3(0.543600000000,0.807150000000,0.250000000000),
double3(0.573375000000,0.848300000000,0.250000000000),
double3(0.562500000000,0.625000000000,0.500000000000),
double3(0.581400000000,0.557150000000,0.450000000000),
double3(0.500000000000,0.585700000000,0.450000000000),
double3(0.625000000000,0.500000000000,0.400000000000),
double3(0.551625000000,0.598300000000,0.450000000000),
double3(0.625000000000,0.528550000000,0.450000000000),
double3(0.687500000000,0.875000000000,0.400000000000),
double3(0.668600000000,0.942850000000,0.550000000000),
double3(0.500000000000,0.914300000000,0.550000000000),
double3(0.625000000000,0.500000000000,0.500000000000),
double3(0.698375000000,0.901700000000,0.550000000000),
double3(0.625000000000,0.971450000000,0.550000000000),
double3(0.562500000000,0.875000000000,0.500000000000),
double3(0.581400000000,0.942850000000,0.550000000000),
double3(0.551625000000,0.901700000000,0.550000000000),
double3(0.687500000000,0.625000000000,0.400000000000),
double3(0.668600000000,0.557150000000,0.450000000000),
double3(0.698375000000,0.598300000000,0.450000000000),
double3(0.687500000000,0.875000000000,0.500000000000),
double3(0.562500000000,0.625000000000,0.400000000000),
double3(0.687500000000,0.625000000000,0.500000000000),
double3(0.562500000000,0.875000000000,0.400000000000),
double3(0.706400000000,0.807150000000,0.450000000000),
double3(0.625000000000,0.835700000000,0.450000000000),
double3(0.500000000000,0.750000000000,0.400000000000),
double3(0.676625000000,0.848300000000,0.450000000000),
double3(0.500000000000,0.778550000000,0.450000000000),
double3(0.543600000000,0.692850000000,0.550000000000),
double3(0.625000000000,0.664300000000,0.550000000000),
double3(0.500000000000,0.750000000000,0.500000000000),
double3(0.573375000000,0.651700000000,0.550000000000),
double3(0.500000000000,0.721450000000,0.550000000000),
double3(0.706400000000,0.692850000000,0.550000000000),
double3(0.676625000000,0.651700000000,0.550000000000),
double3(0.543600000000,0.807150000000,0.450000000000),
double3(0.573375000000,0.848300000000,0.450000000000),
double3(0.562500000000,0.625000000000,0.700000000000),
double3(0.581400000000,0.557150000000,0.650000000000),
double3(0.500000000000,0.585700000000,0.650000000000),
double3(0.625000000000,0.500000000000,0.600000000000),
double3(0.551625000000,0.598300000000,0.650000000000),
double3(0.625000000000,0.528550000000,0.650000000000),
double3(0.687500000000,0.875000000000,0.600000000000),
double3(0.668600000000,0.942850000000,0.750000000000),
double3(0.500000000000,0.914300000000,0.750000000000),
double3(0.625000000000,0.500000000000,0.700000000000),
double3(0.698375000000,0.901700000000,0.750000000000),
double3(0.625000000000,0.971450000000,0.750000000000),
double3(0.562500000000,0.875000000000,0.700000000000),
double3(0.581400000000,0.942850000000,0.750000000000),
double3(0.551625000000,0.901700000000,0.750000000000),
double3(0.687500000000,0.625000000000,0.600000000000),
double3(0.668600000000,0.557150000000,0.650000000000),
double3(0.698375000000,0.598300000000,0.650000000000),
double3(0.687500000000,0.875000000000,0.700000000000),
double3(0.562500000000,0.625000000000,0.600000000000),
double3(0.687500000000,0.625000000000,0.700000000000),
double3(0.562500000000,0.875000000000,0.600000000000),
double3(0.706400000000,0.807150000000,0.650000000000),
double3(0.625000000000,0.835700000000,0.650000000000),
double3(0.500000000000,0.750000000000,0.600000000000),
double3(0.676625000000,0.848300000000,0.650000000000),
double3(0.500000000000,0.778550000000,0.650000000000),
double3(0.543600000000,0.692850000000,0.750000000000),
double3(0.625000000000,0.664300000000,0.750000000000),
double3(0.500000000000,0.750000000000,0.700000000000),
double3(0.573375000000,0.651700000000,0.750000000000),
double3(0.500000000000,0.721450000000,0.750000000000),
double3(0.706400000000,0.692850000000,0.750000000000),
double3(0.676625000000,0.651700000000,0.750000000000),
double3(0.543600000000,0.807150000000,0.650000000000),
double3(0.573375000000,0.848300000000,0.650000000000),
double3(0.562500000000,0.625000000000,0.900000000000),
double3(0.581400000000,0.557150000000,0.850000000000),
double3(0.500000000000,0.585700000000,0.850000000000),
double3(0.625000000000,0.500000000000,0.800000000000),
double3(0.551625000000,0.598300000000,0.850000000000),
double3(0.625000000000,0.528550000000,0.850000000000),
double3(0.687500000000,0.875000000000,0.800000000000),
double3(0.668600000000,0.942850000000,0.950000000000),
double3(0.500000000000,0.914300000000,0.950000000000),
double3(0.625000000000,0.500000000000,0.900000000000),
double3(0.698375000000,0.901700000000,0.950000000000),
double3(0.625000000000,0.971450000000,0.950000000000),
double3(0.562500000000,0.875000000000,0.900000000000),
double3(0.581400000000,0.942850000000,0.950000000000),
double3(0.551625000000,0.901700000000,0.950000000000),
double3(0.687500000000,0.625000000000,0.800000000000),
double3(0.668600000000,0.557150000000,0.850000000000),
double3(0.698375000000,0.598300000000,0.850000000000),
double3(0.687500000000,0.875000000000,0.900000000000),
double3(0.562500000000,0.625000000000,0.800000000000),
double3(0.687500000000,0.625000000000,0.900000000000),
double3(0.562500000000,0.875000000000,0.800000000000),
double3(0.706400000000,0.807150000000,0.850000000000),
double3(0.625000000000,0.835700000000,0.850000000000),
double3(0.500000000000,0.750000000000,0.800000000000),
double3(0.676625000000,0.848300000000,0.850000000000),
double3(0.500000000000,0.778550000000,0.850000000000),
double3(0.543600000000,0.692850000000,0.950000000000),
double3(0.625000000000,0.664300000000,0.950000000000),
double3(0.500000000000,0.750000000000,0.900000000000),
double3(0.573375000000,0.651700000000,0.950000000000),
double3(0.500000000000,0.721450000000,0.950000000000),
double3(0.706400000000,0.692850000000,0.950000000000),
double3(0.676625000000,0.651700000000,0.950000000000),
double3(0.543600000000,0.807150000000,0.850000000000),
double3(0.573375000000,0.848300000000,0.850000000000),
double3(0.812500000000,0.125000000000,0.100000000000),
double3(0.831400000000,0.057150000000,0.050000000000),
double3(0.750000000000,0.085700000000,0.050000000000),
double3(0.875000000000,0.000000000000,0.000000000000),
double3(0.801625000000,0.098300000000,0.050000000000),
double3(0.875000000000,0.028550000000,0.050000000000),
double3(0.937500000000,0.375000000000,0.000000000000),
double3(0.918600000000,0.442850000000,0.150000000000),
double3(0.750000000000,0.414300000000,0.150000000000),
double3(0.875000000000,0.000000000000,0.100000000000),
double3(0.948375000000,0.401700000000,0.150000000000),
double3(0.875000000000,0.471450000000,0.150000000000),
double3(0.812500000000,0.375000000000,0.100000000000),
double3(0.831400000000,0.442850000000,0.150000000000),
double3(0.801625000000,0.401700000000,0.150000000000),
double3(0.937500000000,0.125000000000,0.000000000000),
double3(0.918600000000,0.057150000000,0.050000000000),
double3(0.948375000000,0.098300000000,0.050000000000),
double3(0.937500000000,0.375000000000,0.100000000000),
double3(0.812500000000,0.125000000000,0.000000000000),
double3(0.937500000000,0.125000000000,0.100000000000),
double3(0.812500000000,0.375000000000,0.000000000000),
double3(0.956400000000,0.307150000000,0.050000000000),
double3(0.875000000000,0.335700000000,0.050000000000),
double3(0.750000000000,0.250000000000,0.000000000000),
double3(0.926625000000,0.348300000000,0.050000000000),
double3(0.750000000000,0.278550000000,0.050000000000),
double3(0.793600000000,0.192850000000,0.150000000000),
double3(0.875000000000,0.164300000000,0.150000000000),
double3(0.750000000000,0.250000000000,0.100000000000),
double3(0.823375000000,0.151700000000,0.150000000000),
double3(0.750000000000,0.221450000000,0.150000000000),
double3(0.956400000000,0.192850000000,0.150000000000),
double3(0.926625000000,0.151700000000,0.150000000000),
double3(0.793600000000,0.307150000000,0.050000000000),
double3(0.823375000000,0.348300000000,0.050000000000),
double3(0.812500000000,0.125000000000,0.300000000000),
double3(0.831400000000,0.057150000000,0.250000000000),
double3(0.750000000000,0.085700000000,0.250000000000),
double3(0.875000000000,0.000000000000,0.200000000000),
double3(0.801625000000,0.098300000000,0.250000000000),
double3(0.875000000000,0.028550000000,0.250000000000),
double3(0.937500000000,0.375000000000,0.200000000000),
double3(0.918600000000,0.442850000000,0.350000000000),
double3(0.750000000000,0.414300000000,0.350000000000),
double3(0.875000000000,0.000000000000,0.300000000000),
double3(0.948375000000,0.401700000000,0.350000000000),
double3(0.875000000000,0.471450000000,0.350000000000),
double3(0.812500000000,0.375000000000,0.300000000000),
double3(0.831400000000,0.442850000000,0.350000000000),
double3(0.801625000000,0.401700000000,0.350000000000),
double3(0.937500000000,0.125000000000,0.200000000000),
double3(0.918600000000,0.057150000000,0.250000000000),
double3(0.948375000000,0.098300000000,0.250000000000),
double3(0.937500000000,0.375000000000,0.300000000000),
double3(0.812500000000,0.125000000000,0.200000000000),
double3(0.937500000000,0.125000000000,0.300000000000),
double3(0.812500000000,0.375000000000,0.200000000000),
double3(0.956400000000,0.307150000000,0.250000000000),
double3(0.875000000000,0.335700000000,0.250000000000),
double3(0.750000000000,0.250000000000,0.200000000000),
double3(0.926625000000,0.348300000000,0.250000000000),
double3(0.750000000000,0.278550000000,0.250000000000),
double3(0.793600000000,0.192850000000,0.350000000000),
double3(0.875000000000,0.164300000000,0.350000000000),
double3(0.750000000000,0.250000000000,0.300000000000),
double3(0.823375000000,0.151700000000,0.350000000000),
double3(0.750000000000,0.221450000000,0.350000000000),
double3(0.956400000000,0.192850000000,0.350000000000),
double3(0.926625000000,0.151700000000,0.350000000000),
double3(0.793600000000,0.307150000000,0.250000000000),
double3(0.823375000000,0.348300000000,0.250000000000),
double3(0.812500000000,0.125000000000,0.500000000000),
double3(0.831400000000,0.057150000000,0.450000000000),
double3(0.750000000000,0.085700000000,0.450000000000),
double3(0.875000000000,0.000000000000,0.400000000000),
double3(0.801625000000,0.098300000000,0.450000000000),
double3(0.875000000000,0.028550000000,0.450000000000),
double3(0.937500000000,0.375000000000,0.400000000000),
double3(0.918600000000,0.442850000000,0.550000000000),
double3(0.750000000000,0.414300000000,0.550000000000),
double3(0.875000000000,0.000000000000,0.500000000000),
double3(0.948375000000,0.401700000000,0.550000000000),
double3(0.875000000000,0.471450000000,0.550000000000),
double3(0.812500000000,0.375000000000,0.500000000000),
double3(0.831400000000,0.442850000000,0.550000000000),
double3(0.801625000000,0.401700000000,0.550000000000),
double3(0.937500000000,0.125000000000,0.400000000000),
double3(0.918600000000,0.057150000000,0.450000000000),
double3(0.948375000000,0.098300000000,0.450000000000),
double3(0.937500000000,0.375000000000,0.500000000000),
double3(0.812500000000,0.125000000000,0.400000000000),
double3(0.937500000000,0.125000000000,0.500000000000),
double3(0.812500000000,0.375000000000,0.400000000000),
double3(0.956400000000,0.307150000000,0.450000000000),
double3(0.875000000000,0.335700000000,0.450000000000),
double3(0.750000000000,0.250000000000,0.400000000000),
double3(0.926625000000,0.348300000000,0.450000000000),
double3(0.750000000000,0.278550000000,0.450000000000),
double3(0.793600000000,0.192850000000,0.550000000000),
double3(0.875000000000,0.164300000000,0.550000000000),
double3(0.750000000000,0.250000000000,0.500000000000),
double3(0.823375000000,0.151700000000,0.550000000000),
double3(0.750000000000,0.221450000000,0.550000000000),
double3(0.956400000000,0.192850000000,0.550000000000),
double3(0.926625000000,0.151700000000,0.550000000000),
double3(0.793600000000,0.307150000000,0.450000000000),
double3(0.823375000000,0.348300000000,0.450000000000),
double3(0.812500000000,0.125000000000,0.700000000000),
double3(0.831400000000,0.057150000000,0.650000000000),
double3(0.750000000000,0.085700000000,0.650000000000),
double3(0.875000000000,0.000000000000,0.600000000000),
double3(0.801625000000,0.098300000000,0.650000000000),
double3(0.875000000000,0.028550000000,0.650000000000),
double3(0.937500000000,0.375000000000,0.600000000000),
double3(0.918600000000,0.442850000000,0.750000000000),
double3(0.750000000000,0.414300000000,0.750000000000),
double3(0.875000000000,0.000000000000,0.700000000000),
double3(0.948375000000,0.401700000000,0.750000000000),
double3(0.875000000000,0.471450000000,0.750000000000),
double3(0.812500000000,0.375000000000,0.700000000000),
double3(0.831400000000,0.442850000000,0.750000000000),
double3(0.801625000000,0.401700000000,0.750000000000),
double3(0.937500000000,0.125000000000,0.600000000000),
double3(0.918600000000,0.057150000000,0.650000000000),
double3(0.948375000000,0.098300000000,0.650000000000),
double3(0.937500000000,0.375000000000,0.700000000000),
double3(0.812500000000,0.125000000000,0.600000000000),
double3(0.937500000000,0.125000000000,0.700000000000),
double3(0.812500000000,0.375000000000,0.600000000000),
double3(0.956400000000,0.307150000000,0.650000000000),
double3(0.875000000000,0.335700000000,0.650000000000),
double3(0.750000000000,0.250000000000,0.600000000000),
double3(0.926625000000,0.348300000000,0.650000000000),
double3(0.750000000000,0.278550000000,0.650000000000),
double3(0.793600000000,0.192850000000,0.750000000000),
double3(0.875000000000,0.164300000000,0.750000000000),
double3(0.750000000000,0.250000000000,0.700000000000),
double3(0.823375000000,0.151700000000,0.750000000000),
double3(0.750000000000,0.221450000000,0.750000000000),
double3(0.956400000000,0.192850000000,0.750000000000),
double3(0.926625000000,0.151700000000,0.750000000000),
double3(0.793600000000,0.307150000000,0.650000000000),
double3(0.823375000000,0.348300000000,0.650000000000),
double3(0.812500000000,0.125000000000,0.900000000000),
double3(0.831400000000,0.057150000000,0.850000000000),
double3(0.750000000000,0.085700000000,0.850000000000),
double3(0.875000000000,0.000000000000,0.800000000000),
double3(0.801625000000,0.098300000000,0.850000000000),
double3(0.875000000000,0.028550000000,0.850000000000),
double3(0.937500000000,0.375000000000,0.800000000000),
double3(0.918600000000,0.442850000000,0.950000000000),
double3(0.750000000000,0.414300000000,0.950000000000),
double3(0.875000000000,0.000000000000,0.900000000000),
double3(0.948375000000,0.401700000000,0.950000000000),
double3(0.875000000000,0.471450000000,0.950000000000),
double3(0.812500000000,0.375000000000,0.900000000000),
double3(0.831400000000,0.442850000000,0.950000000000),
double3(0.801625000000,0.401700000000,0.950000000000),
double3(0.937500000000,0.125000000000,0.800000000000),
double3(0.918600000000,0.057150000000,0.850000000000),
double3(0.948375000000,0.098300000000,0.850000000000),
double3(0.937500000000,0.375000000000,0.900000000000),
double3(0.812500000000,0.125000000000,0.800000000000),
double3(0.937500000000,0.125000000000,0.900000000000),
double3(0.812500000000,0.375000000000,0.800000000000),
double3(0.956400000000,0.307150000000,0.850000000000),
double3(0.875000000000,0.335700000000,0.850000000000),
double3(0.750000000000,0.250000000000,0.800000000000),
double3(0.926625000000,0.348300000000,0.850000000000),
double3(0.750000000000,0.278550000000,0.850000000000),
double3(0.793600000000,0.192850000000,0.950000000000),
double3(0.875000000000,0.164300000000,0.950000000000),
double3(0.750000000000,0.250000000000,0.900000000000),
double3(0.823375000000,0.151700000000,0.950000000000),
double3(0.750000000000,0.221450000000,0.950000000000),
double3(0.956400000000,0.192850000000,0.950000000000),
double3(0.926625000000,0.151700000000,0.950000000000),
double3(0.793600000000,0.307150000000,0.850000000000),
double3(0.823375000000,0.348300000000,0.850000000000),
double3(0.812500000000,0.625000000000,0.100000000000),
double3(0.831400000000,0.557150000000,0.050000000000),
double3(0.750000000000,0.585700000000,0.050000000000),
double3(0.875000000000,0.500000000000,0.000000000000),
double3(0.801625000000,0.598300000000,0.050000000000),
double3(0.875000000000,0.528550000000,0.050000000000),
double3(0.937500000000,0.875000000000,0.000000000000),
double3(0.918600000000,0.942850000000,0.150000000000),
double3(0.750000000000,0.914300000000,0.150000000000),
double3(0.875000000000,0.500000000000,0.100000000000),
double3(0.948375000000,0.901700000000,0.150000000000),
double3(0.875000000000,0.971450000000,0.150000000000),
double3(0.812500000000,0.875000000000,0.100000000000),
double3(0.831400000000,0.942850000000,0.150000000000),
double3(0.801625000000,0.901700000000,0.150000000000),
double3(0.937500000000,0.625000000000,0.000000000000),
double3(0.918600000000,0.557150000000,0.050000000000),
double3(0.948375000000,0.598300000000,0.050000000000),
double3(0.937500000000,0.875000000000,0.100000000000),
double3(0.812500000000,0.625000000000,0.000000000000),
double3(0.937500000000,0.625000000000,0.100000000000),
double3(0.812500000000,0.875000000000,0.000000000000),
double3(0.956400000000,0.807150000000,0.050000000000),
double3(0.875000000000,0.835700000000,0.050000000000),
double3(0.750000000000,0.750000000000,0.000000000000),
double3(0.926625000000,0.848300000000,0.050000000000),
double3(0.750000000000,0.778550000000,0.050000000000),
double3(0.793600000000,0.692850000000,0.150000000000),
double3(0.875000000000,0.664300000000,0.150000000000),
double3(0.750000000000,0.750000000000,0.100000000000),
double3(0.823375000000,0.651700000000,0.150000000000),
double3(0.750000000000,0.721450000000,0.150000000000),
double3(0.956400000000,0.692850000000,0.150000000000),
double3(0.926625000000,0.651700000000,0.150000000000),
double3(0.793600000000,0.807150000000,0.050000000000),
double3(0.823375000000,0.848300000000,0.050000000000),
double3(0.812500000000,0.625000000000,0.300000000000),
double3(0.831400000000,0.557150000000,0.250000000000),
double3(0.750000000000,0.585700000000,0.250000000000),
double3(0.875000000000,0.500000000000,0.200000000000),
double3(0.801625000000,0.598300000000,0.250000000000),
double3(0.875000000000,0.528550000000,0.250000000000),
double3(0.937500000000,0.875000000000,0.200000000000),
double3(0.918600000000,0.942850000000,0.350000000000),
double3(0.750000000000,0.914300000000,0.350000000000),
double3(0.875000000000,0.500000000000,0.300000000000),
double3(0.948375000000,0.901700000000,0.350000000000),
double3(0.875000000000,0.971450000000,0.350000000000),
double3(0.812500000000,0.875000000000,0.300000000000),
double3(0.831400000000,0.942850000000,0.350000000000),
double3(0.801625000000,0.901700000000,0.350000000000),
double3(0.937500000000,0.625000000000,0.200000000000),
double3(0.918600000000,0.557150000000,0.250000000000),
double3(0.948375000000,0.598300000000,0.250000000000),
double3(0.937500000000,0.875000000000,0.300000000000),
double3(0.812500000000,0.625000000000,0.200000000000),
double3(0.937500000000,0.625000000000,0.300000000000),
double3(0.812500000000,0.875000000000,0.200000000000),
double3(0.956400000000,0.807150000000,0.250000000000),
double3(0.875000000000,0.835700000000,0.250000000000),
double3(0.750000000000,0.750000000000,0.200000000000),
double3(0.926625000000,0.848300000000,0.250000000000),
double3(0.750000000000,0.778550000000,0.250000000000),
double3(0.793600000000,0.692850000000,0.350000000000),
double3(0.875000000000,0.664300000000,0.350000000000),
double3(0.750000000000,0.750000000000,0.300000000000),
double3(0.823375000000,0.651700000000,0.350000000000),
double3(0.750000000000,0.721450000000,0.350000000000),
double3(0.956400000000,0.692850000000,0.350000000000),
double3(0.926625000000,0.651700000000,0.350000000000),
double3(0.793600000000,0.807150000000,0.250000000000),
double3(0.823375000000,0.848300000000,0.250000000000),
double3(0.812500000000,0.625000000000,0.500000000000),
double3(0.831400000000,0.557150000000,0.450000000000),
double3(0.750000000000,0.585700000000,0.450000000000),
double3(0.875000000000,0.500000000000,0.400000000000),
double3(0.801625000000,0.598300000000,0.450000000000),
double3(0.875000000000,0.528550000000,0.450000000000),
double3(0.937500000000,0.875000000000,0.400000000000),
double3(0.918600000000,0.942850000000,0.550000000000),
double3(0.750000000000,0.914300000000,0.550000000000),
double3(0.875000000000,0.500000000000,0.500000000000),
double3(0.948375000000,0.901700000000,0.550000000000),
double3(0.875000000000,0.971450000000,0.550000000000),
double3(0.812500000000,0.875000000000,0.500000000000),
double3(0.831400000000,0.942850000000,0.550000000000),
double3(0.801625000000,0.901700000000,0.550000000000),
double3(0.937500000000,0.625000000000,0.400000000000),
double3(0.918600000000,0.557150000000,0.450000000000),
double3(0.948375000000,0.598300000000,0.450000000000),
double3(0.937500000000,0.875000000000,0.500000000000),
double3(0.812500000000,0.625000000000,0.400000000000),
double3(0.937500000000,0.625000000000,0.500000000000),
double3(0.812500000000,0.875000000000,0.400000000000),
double3(0.956400000000,0.807150000000,0.450000000000),
double3(0.875000000000,0.835700000000,0.450000000000),
double3(0.750000000000,0.750000000000,0.400000000000),
double3(0.926625000000,0.848300000000,0.450000000000),
double3(0.750000000000,0.778550000000,0.450000000000),
double3(0.793600000000,0.692850000000,0.550000000000),
double3(0.875000000000,0.664300000000,0.550000000000),
double3(0.750000000000,0.750000000000,0.500000000000),
double3(0.823375000000,0.651700000000,0.550000000000),
double3(0.750000000000,0.721450000000,0.550000000000),
double3(0.956400000000,0.692850000000,0.550000000000),
double3(0.926625000000,0.651700000000,0.550000000000),
double3(0.793600000000,0.807150000000,0.450000000000),
double3(0.823375000000,0.848300000000,0.450000000000),
double3(0.812500000000,0.625000000000,0.700000000000),
double3(0.831400000000,0.557150000000,0.650000000000),
double3(0.750000000000,0.585700000000,0.650000000000),
double3(0.875000000000,0.500000000000,0.600000000000),
double3(0.801625000000,0.598300000000,0.650000000000),
double3(0.875000000000,0.528550000000,0.650000000000),
double3(0.937500000000,0.875000000000,0.600000000000),
double3(0.918600000000,0.942850000000,0.750000000000),
double3(0.750000000000,0.914300000000,0.750000000000),
double3(0.875000000000,0.500000000000,0.700000000000),
double3(0.948375000000,0.901700000000,0.750000000000),
double3(0.875000000000,0.971450000000,0.750000000000),
double3(0.812500000000,0.875000000000,0.700000000000),
double3(0.831400000000,0.942850000000,0.750000000000),
double3(0.801625000000,0.901700000000,0.750000000000),
double3(0.937500000000,0.625000000000,0.600000000000),
double3(0.918600000000,0.557150000000,0.650000000000),
double3(0.948375000000,0.598300000000,0.650000000000),
double3(0.937500000000,0.875000000000,0.700000000000),
double3(0.812500000000,0.625000000000,0.600000000000),
double3(0.937500000000,0.625000000000,0.700000000000),
double3(0.812500000000,0.875000000000,0.600000000000),
double3(0.956400000000,0.807150000000,0.650000000000),
double3(0.875000000000,0.835700000000,0.650000000000),
double3(0.750000000000,0.750000000000,0.600000000000),
double3(0.926625000000,0.848300000000,0.650000000000),
double3(0.750000000000,0.778550000000,0.650000000000),
double3(0.793600000000,0.692850000000,0.750000000000),
double3(0.875000000000,0.664300000000,0.750000000000),
double3(0.750000000000,0.750000000000,0.700000000000),
double3(0.823375000000,0.651700000000,0.750000000000),
double3(0.750000000000,0.721450000000,0.750000000000),
double3(0.956400000000,0.692850000000,0.750000000000),
double3(0.926625000000,0.651700000000,0.750000000000),
double3(0.793600000000,0.807150000000,0.650000000000),
double3(0.823375000000,0.848300000000,0.650000000000),
double3(0.812500000000,0.625000000000,0.900000000000),
double3(0.831400000000,0.557150000000,0.850000000000),
double3(0.750000000000,0.585700000000,0.850000000000),
double3(0.875000000000,0.500000000000,0.800000000000),
double3(0.801625000000,0.598300000000,0.850000000000),
double3(0.875000000000,0.528550000000,0.850000000000),
double3(0.937500000000,0.875000000000,0.800000000000),
double3(0.918600000000,0.942850000000,0.950000000000),
double3(0.750000000000,0.914300000000,0.950000000000),
double3(0.875000000000,0.500000000000,0.900000000000),
double3(0.948375000000,0.901700000000,0.950000000000),
double3(0.875000000000,0.971450000000,0.950000000000),
double3(0.812500000000,0.875000000000,0.900000000000),
double3(0.831400000000,0.942850000000,0.950000000000),
double3(0.801625000000,0.901700000000,0.950000000000),
double3(0.937500000000,0.625000000000,0.800000000000),
double3(0.918600000000,0.557150000000,0.850000000000),
double3(0.948375000000,0.598300000000,0.850000000000),
double3(0.937500000000,0.875000000000,0.900000000000),
double3(0.812500000000,0.625000000000,0.800000000000),
double3(0.937500000000,0.625000000000,0.900000000000),
double3(0.812500000000,0.875000000000,0.800000000000),
double3(0.956400000000,0.807150000000,0.850000000000),
double3(0.875000000000,0.835700000000,0.850000000000),
double3(0.750000000000,0.750000000000,0.800000000000),
double3(0.926625000000,0.848300000000,0.850000000000),
double3(0.750000000000,0.778550000000,0.850000000000),
double3(0.793600000000,0.692850000000,0.950000000000),
double3(0.875000000000,0.664300000000,0.950000000000),
double3(0.750000000000,0.750000000000,0.900000000000),
double3(0.823375000000,0.651700000000,0.950000000000),
double3(0.750000000000,0.721450000000,0.950000000000),
double3(0.956400000000,0.692850000000,0.950000000000),
double3(0.926625000000,0.651700000000,0.950000000000),
double3(0.793600000000,0.807150000000,0.850000000000),
double3(0.823375000000,0.848300000000,0.850000000000),
