[double3(14.096630000000,0.000000000000,0.000000000000),double3(0.000000000000,14.096630000000,0.000000000000),double3(0.000000000000,0.000000000000,18.333810000000)]

double3(0.071300000000,0.069230000000,0.087240000000),
double3(0.008840000000,0.499620000000,0.043270000000),
double3(0.254455000000,0.069345000000,0.147695000000),
double3(0.072760000000,0.318395000000,0.084185000000),
double3(0.073015000000,0.125000000000,0.078020000000),
double3(0.042270000000,0.043265000000,0.055115000000),
double3(0.125000000000,0.049835000000,0.089465000000),
double3(0.044025000000,0.061270000000,0.125330000000),
double3(0.035625000000,0.451350000000,0.054545000000),
double3(0.000000000000,0.000000000000,0.000000000000),
double3(0.458605000000,0.001960000000,0.064050000000),
double3(0.262170000000,0.125000000000,0.155360000000),
double3(0.298850000000,0.048850000000,0.125000000000),
double3(0.125000000000,0.296815000000,0.077440000000),
double3(0.055790000000,0.305790000000,0.125000000000),
double3(0.076135000000,0.375000000000,0.079715000000),
double3(0.180770000000,0.071300000000,0.337240000000),
double3(0.250380000000,0.008840000000,0.293270000000),
double3(0.180655000000,0.254455000000,0.397695000000),
double3(0.431605000000,0.072760000000,0.334185000000),
double3(0.125000000000,0.073015000000,0.328020000000),
double3(0.206735000000,0.042270000000,0.305115000000),
double3(0.200165000000,0.125000000000,0.339465000000),
double3(0.188730000000,0.044025000000,0.375330000000),
double3(0.298650000000,0.035625000000,0.304545000000),
double3(0.250000000000,0.000000000000,0.250000000000),
double3(0.248040000000,0.458605000000,0.314050000000),
double3(0.125000000000,0.262170000000,0.405360000000),
double3(0.201150000000,0.298850000000,0.375000000000),
double3(0.453185000000,0.125000000000,0.327440000000),
double3(0.444210000000,0.055790000000,0.375000000000),
double3(0.375000000000,0.076135000000,0.329715000000),
double3(0.178700000000,0.180770000000,0.087240000000),
double3(0.241160000000,0.250380000000,0.043270000000),
double3(0.495545000000,0.180655000000,0.147695000000),
double3(0.177240000000,0.431605000000,0.084185000000),
double3(0.176985000000,0.125000000000,0.078020000000),
double3(0.207730000000,0.206735000000,0.055115000000),
double3(0.125000000000,0.200165000000,0.089465000000),
double3(0.205975000000,0.188730000000,0.125330000000),
double3(0.214375000000,0.298650000000,0.054545000000),
double3(0.250000000000,0.250000000000,0.000000000000),
double3(0.291395000000,0.248040000000,0.064050000000),
double3(0.487830000000,0.125000000000,0.155360000000),
double3(0.451150000000,0.201150000000,0.125000000000),
double3(0.125000000000,0.453185000000,0.077440000000),
double3(0.194210000000,0.444210000000,0.125000000000),
double3(0.173865000000,0.375000000000,0.079715000000),
double3(0.069230000000,0.178700000000,0.337240000000),
double3(0.499620000000,0.241160000000,0.293270000000),
double3(0.069345000000,0.495545000000,0.397695000000),
double3(0.318395000000,0.177240000000,0.334185000000),
double3(0.125000000000,0.176985000000,0.328020000000),
double3(0.043265000000,0.207730000000,0.305115000000),
double3(0.049835000000,0.125000000000,0.339465000000),
double3(0.061270000000,0.205975000000,0.375330000000),
double3(0.451350000000,0.214375000000,0.304545000000),
double3(0.000000000000,0.250000000000,0.250000000000),
double3(0.001960000000,0.291395000000,0.314050000000),
double3(0.125000000000,0.487830000000,0.405360000000),
double3(0.048850000000,0.451150000000,0.375000000000),
double3(0.296815000000,0.125000000000,0.327440000000),
double3(0.305790000000,0.194210000000,0.375000000000),
double3(0.375000000000,0.173865000000,0.329715000000),
double3(0.321300000000,0.430770000000,0.412760000000),
double3(0.258840000000,0.000380000000,0.456730000000),
double3(0.004455000000,0.430655000000,0.352305000000),
double3(0.322760000000,0.181605000000,0.415815000000),
double3(0.323015000000,0.375000000000,0.421980000000),
double3(0.292270000000,0.456735000000,0.444885000000),
double3(0.375000000000,0.450165000000,0.410535000000),
double3(0.294025000000,0.438730000000,0.374670000000),
double3(0.285625000000,0.048650000000,0.445455000000),
double3(0.250000000000,0.000000000000,0.000000000000),
double3(0.208605000000,0.498040000000,0.435950000000),
double3(0.012170000000,0.375000000000,0.344640000000),
double3(0.375000000000,0.203185000000,0.422560000000),
double3(0.326135000000,0.125000000000,0.420285000000),
double3(0.319230000000,0.321300000000,0.162760000000),
double3(0.249620000000,0.258840000000,0.206730000000),
double3(0.319345000000,0.004455000000,0.102305000000),
double3(0.068395000000,0.322760000000,0.165815000000),
double3(0.375000000000,0.323015000000,0.171980000000),
double3(0.293265000000,0.292270000000,0.194885000000),
double3(0.299835000000,0.375000000000,0.160535000000),
double3(0.311270000000,0.294025000000,0.124670000000),
double3(0.201350000000,0.285625000000,0.195455000000),
double3(0.250000000000,0.250000000000,0.250000000000),
double3(0.251960000000,0.208605000000,0.185950000000),
double3(0.375000000000,0.012170000000,0.094640000000),
double3(0.046815000000,0.375000000000,0.172560000000),
double3(0.125000000000,0.326135000000,0.170285000000),
double3(0.428700000000,0.319230000000,0.412760000000),
double3(0.491160000000,0.249620000000,0.456730000000),
double3(0.245545000000,0.319345000000,0.352305000000),
double3(0.427240000000,0.068395000000,0.415815000000),
double3(0.426985000000,0.375000000000,0.421980000000),
double3(0.457730000000,0.293265000000,0.444885000000),
double3(0.375000000000,0.299835000000,0.410535000000),
double3(0.455975000000,0.311270000000,0.374670000000),
double3(0.464375000000,0.201350000000,0.445455000000),
double3(0.000000000000,0.250000000000,0.000000000000),
double3(0.041395000000,0.251960000000,0.435950000000),
double3(0.237830000000,0.375000000000,0.344640000000),
double3(0.375000000000,0.046815000000,0.422560000000),
double3(0.423865000000,0.125000000000,0.420285000000),
double3(0.430770000000,0.428700000000,0.162760000000),
double3(0.000380000000,0.491160000000,0.206730000000),
double3(0.430655000000,0.245545000000,0.102305000000),
double3(0.181605000000,0.427240000000,0.165815000000),
double3(0.375000000000,0.426985000000,0.171980000000),
double3(0.456735000000,0.457730000000,0.194885000000),
double3(0.450165000000,0.375000000000,0.160535000000),
double3(0.438730000000,0.455975000000,0.124670000000),
double3(0.048650000000,0.464375000000,0.195455000000),
double3(0.000000000000,0.000000000000,0.250000000000),
double3(0.498040000000,0.041395000000,0.185950000000),
double3(0.375000000000,0.237830000000,0.094640000000),
double3(0.203185000000,0.375000000000,0.172560000000),
double3(0.125000000000,0.423865000000,0.170285000000),
double3(0.428700000000,0.430770000000,0.412760000000),
double3(0.491160000000,0.000380000000,0.456730000000),
double3(0.245545000000,0.430655000000,0.352305000000),
double3(0.427240000000,0.181605000000,0.415815000000),
double3(0.457730000000,0.456735000000,0.444885000000),
double3(0.455975000000,0.438730000000,0.374670000000),
double3(0.464375000000,0.048650000000,0.445455000000),
double3(0.041395000000,0.498040000000,0.435950000000),
double3(0.201150000000,0.451150000000,0.375000000000),
double3(0.444210000000,0.194210000000,0.375000000000),
double3(0.319230000000,0.428700000000,0.162760000000),
double3(0.249620000000,0.491160000000,0.206730000000),
double3(0.319345000000,0.245545000000,0.102305000000),
double3(0.068395000000,0.427240000000,0.165815000000),
double3(0.293265000000,0.457730000000,0.194885000000),
double3(0.311270000000,0.455975000000,0.124670000000),
double3(0.201350000000,0.464375000000,0.195455000000),
double3(0.251960000000,0.041395000000,0.185950000000),
double3(0.298850000000,0.201150000000,0.125000000000),
double3(0.055790000000,0.444210000000,0.125000000000),
double3(0.321300000000,0.319230000000,0.412760000000),
double3(0.258840000000,0.249620000000,0.456730000000),
double3(0.004455000000,0.319345000000,0.352305000000),
double3(0.322760000000,0.068395000000,0.415815000000),
double3(0.292270000000,0.293265000000,0.444885000000),
double3(0.294025000000,0.311270000000,0.374670000000),
double3(0.285625000000,0.201350000000,0.445455000000),
double3(0.208605000000,0.251960000000,0.435950000000),
double3(0.048850000000,0.298850000000,0.375000000000),
double3(0.305790000000,0.055790000000,0.375000000000),
double3(0.430770000000,0.321300000000,0.162760000000),
double3(0.000380000000,0.258840000000,0.206730000000),
double3(0.430655000000,0.004455000000,0.102305000000),
double3(0.181605000000,0.322760000000,0.165815000000),
double3(0.456735000000,0.292270000000,0.194885000000),
double3(0.438730000000,0.294025000000,0.124670000000),
double3(0.048650000000,0.285625000000,0.195455000000),
double3(0.498040000000,0.208605000000,0.185950000000),
double3(0.451150000000,0.048850000000,0.125000000000),
double3(0.194210000000,0.305790000000,0.125000000000),
double3(0.178700000000,0.069230000000,0.087240000000),
double3(0.241160000000,0.499620000000,0.043270000000),
double3(0.495545000000,0.069345000000,0.147695000000),
double3(0.177240000000,0.318395000000,0.084185000000),
double3(0.207730000000,0.043265000000,0.055115000000),
double3(0.205975000000,0.061270000000,0.125330000000),
double3(0.214375000000,0.451350000000,0.054545000000),
double3(0.291395000000,0.001960000000,0.064050000000),
double3(0.180770000000,0.178700000000,0.337240000000),
double3(0.250380000000,0.241160000000,0.293270000000),
double3(0.180655000000,0.495545000000,0.397695000000),
double3(0.431605000000,0.177240000000,0.334185000000),
double3(0.206735000000,0.207730000000,0.305115000000),
double3(0.188730000000,0.205975000000,0.375330000000),
double3(0.298650000000,0.214375000000,0.304545000000),
double3(0.248040000000,0.291395000000,0.314050000000),
double3(0.071300000000,0.180770000000,0.087240000000),
double3(0.008840000000,0.250380000000,0.043270000000),
double3(0.254455000000,0.180655000000,0.147695000000),
double3(0.072760000000,0.431605000000,0.084185000000),
double3(0.042270000000,0.206735000000,0.055115000000),
double3(0.044025000000,0.188730000000,0.125330000000),
double3(0.035625000000,0.298650000000,0.054545000000),
double3(0.458605000000,0.248040000000,0.064050000000),
double3(0.069230000000,0.071300000000,0.337240000000),
double3(0.499620000000,0.008840000000,0.293270000000),
double3(0.069345000000,0.254455000000,0.397695000000),
double3(0.318395000000,0.072760000000,0.334185000000),
double3(0.043265000000,0.042270000000,0.305115000000),
double3(0.061270000000,0.044025000000,0.375330000000),
double3(0.451350000000,0.035625000000,0.304545000000),
double3(0.001960000000,0.458605000000,0.314050000000),
double3(0.071300000000,0.069230000000,0.587240000000),
double3(0.008840000000,0.499620000000,0.543270000000),
double3(0.254455000000,0.069345000000,0.647695000000),
double3(0.072760000000,0.318395000000,0.584185000000),
double3(0.073015000000,0.125000000000,0.578020000000),
double3(0.042270000000,0.043265000000,0.555115000000),
double3(0.125000000000,0.049835000000,0.589465000000),
double3(0.044025000000,0.061270000000,0.625330000000),
double3(0.035625000000,0.451350000000,0.554545000000),
double3(0.000000000000,0.000000000000,0.500000000000),
double3(0.458605000000,0.001960000000,0.564050000000),
double3(0.262170000000,0.125000000000,0.655360000000),
double3(0.298850000000,0.048850000000,0.625000000000),
double3(0.125000000000,0.296815000000,0.577440000000),
double3(0.055790000000,0.305790000000,0.625000000000),
double3(0.076135000000,0.375000000000,0.579715000000),
double3(0.180770000000,0.071300000000,0.837240000000),
double3(0.250380000000,0.008840000000,0.793270000000),
double3(0.180655000000,0.254455000000,0.897695000000),
double3(0.431605000000,0.072760000000,0.834185000000),
double3(0.125000000000,0.073015000000,0.828020000000),
double3(0.206735000000,0.042270000000,0.805115000000),
double3(0.200165000000,0.125000000000,0.839465000000),
double3(0.188730000000,0.044025000000,0.875330000000),
double3(0.298650000000,0.035625000000,0.804545000000),
double3(0.250000000000,0.000000000000,0.750000000000),
double3(0.248040000000,0.458605000000,0.814050000000),
double3(0.125000000000,0.262170000000,0.905360000000),
double3(0.201150000000,0.298850000000,0.875000000000),
double3(0.453185000000,0.125000000000,0.827440000000),
double3(0.444210000000,0.055790000000,0.875000000000),
double3(0.375000000000,0.076135000000,0.829715000000),
double3(0.178700000000,0.180770000000,0.587240000000),
double3(0.241160000000,0.250380000000,0.543270000000),
double3(0.495545000000,0.180655000000,0.647695000000),
double3(0.177240000000,0.431605000000,0.584185000000),
double3(0.176985000000,0.125000000000,0.578020000000),
double3(0.207730000000,0.206735000000,0.555115000000),
double3(0.125000000000,0.200165000000,0.589465000000),
double3(0.205975000000,0.188730000000,0.625330000000),
double3(0.214375000000,0.298650000000,0.554545000000),
double3(0.250000000000,0.250000000000,0.500000000000),
double3(0.291395000000,0.248040000000,0.564050000000),
double3(0.487830000000,0.125000000000,0.655360000000),
double3(0.451150000000,0.201150000000,0.625000000000),
double3(0.125000000000,0.453185000000,0.577440000000),
double3(0.194210000000,0.444210000000,0.625000000000),
double3(0.173865000000,0.375000000000,0.579715000000),
double3(0.069230000000,0.178700000000,0.837240000000),
double3(0.499620000000,0.241160000000,0.793270000000),
double3(0.069345000000,0.495545000000,0.897695000000),
double3(0.318395000000,0.177240000000,0.834185000000),
double3(0.125000000000,0.176985000000,0.828020000000),
double3(0.043265000000,0.207730000000,0.805115000000),
double3(0.049835000000,0.125000000000,0.839465000000),
double3(0.061270000000,0.205975000000,0.875330000000),
double3(0.451350000000,0.214375000000,0.804545000000),
double3(0.000000000000,0.250000000000,0.750000000000),
double3(0.001960000000,0.291395000000,0.814050000000),
double3(0.125000000000,0.487830000000,0.905360000000),
double3(0.048850000000,0.451150000000,0.875000000000),
double3(0.296815000000,0.125000000000,0.827440000000),
double3(0.305790000000,0.194210000000,0.875000000000),
double3(0.375000000000,0.173865000000,0.829715000000),
double3(0.321300000000,0.430770000000,0.912760000000),
double3(0.258840000000,0.000380000000,0.956730000000),
double3(0.004455000000,0.430655000000,0.852305000000),
double3(0.322760000000,0.181605000000,0.915815000000),
double3(0.323015000000,0.375000000000,0.921980000000),
double3(0.292270000000,0.456735000000,0.944885000000),
double3(0.375000000000,0.450165000000,0.910535000000),
double3(0.294025000000,0.438730000000,0.874670000000),
double3(0.285625000000,0.048650000000,0.945455000000),
double3(0.250000000000,0.000000000000,0.500000000000),
double3(0.208605000000,0.498040000000,0.935950000000),
double3(0.012170000000,0.375000000000,0.844640000000),
double3(0.375000000000,0.203185000000,0.922560000000),
double3(0.326135000000,0.125000000000,0.920285000000),
double3(0.319230000000,0.321300000000,0.662760000000),
double3(0.249620000000,0.258840000000,0.706730000000),
double3(0.319345000000,0.004455000000,0.602305000000),
double3(0.068395000000,0.322760000000,0.665815000000),
double3(0.375000000000,0.323015000000,0.671980000000),
double3(0.293265000000,0.292270000000,0.694885000000),
double3(0.299835000000,0.375000000000,0.660535000000),
double3(0.311270000000,0.294025000000,0.624670000000),
double3(0.201350000000,0.285625000000,0.695455000000),
double3(0.250000000000,0.250000000000,0.750000000000),
double3(0.251960000000,0.208605000000,0.685950000000),
double3(0.375000000000,0.012170000000,0.594640000000),
double3(0.046815000000,0.375000000000,0.672560000000),
double3(0.125000000000,0.326135000000,0.670285000000),
double3(0.428700000000,0.319230000000,0.912760000000),
double3(0.491160000000,0.249620000000,0.956730000000),
double3(0.245545000000,0.319345000000,0.852305000000),
double3(0.427240000000,0.068395000000,0.915815000000),
double3(0.426985000000,0.375000000000,0.921980000000),
double3(0.457730000000,0.293265000000,0.944885000000),
double3(0.375000000000,0.299835000000,0.910535000000),
double3(0.455975000000,0.311270000000,0.874670000000),
double3(0.464375000000,0.201350000000,0.945455000000),
double3(0.000000000000,0.250000000000,0.500000000000),
double3(0.041395000000,0.251960000000,0.935950000000),
double3(0.237830000000,0.375000000000,0.844640000000),
double3(0.375000000000,0.046815000000,0.922560000000),
double3(0.423865000000,0.125000000000,0.920285000000),
double3(0.430770000000,0.428700000000,0.662760000000),
double3(0.000380000000,0.491160000000,0.706730000000),
double3(0.430655000000,0.245545000000,0.602305000000),
double3(0.181605000000,0.427240000000,0.665815000000),
double3(0.375000000000,0.426985000000,0.671980000000),
double3(0.456735000000,0.457730000000,0.694885000000),
double3(0.450165000000,0.375000000000,0.660535000000),
double3(0.438730000000,0.455975000000,0.624670000000),
double3(0.048650000000,0.464375000000,0.695455000000),
double3(0.000000000000,0.000000000000,0.750000000000),
double3(0.498040000000,0.041395000000,0.685950000000),
double3(0.375000000000,0.237830000000,0.594640000000),
double3(0.203185000000,0.375000000000,0.672560000000),
double3(0.125000000000,0.423865000000,0.670285000000),
double3(0.428700000000,0.430770000000,0.912760000000),
double3(0.491160000000,0.000380000000,0.956730000000),
double3(0.245545000000,0.430655000000,0.852305000000),
double3(0.427240000000,0.181605000000,0.915815000000),
double3(0.457730000000,0.456735000000,0.944885000000),
double3(0.455975000000,0.438730000000,0.874670000000),
double3(0.464375000000,0.048650000000,0.945455000000),
double3(0.041395000000,0.498040000000,0.935950000000),
double3(0.201150000000,0.451150000000,0.875000000000),
double3(0.444210000000,0.194210000000,0.875000000000),
double3(0.319230000000,0.428700000000,0.662760000000),
double3(0.249620000000,0.491160000000,0.706730000000),
double3(0.319345000000,0.245545000000,0.602305000000),
double3(0.068395000000,0.427240000000,0.665815000000),
double3(0.293265000000,0.457730000000,0.694885000000),
double3(0.311270000000,0.455975000000,0.624670000000),
double3(0.201350000000,0.464375000000,0.695455000000),
double3(0.251960000000,0.041395000000,0.685950000000),
double3(0.298850000000,0.201150000000,0.625000000000),
double3(0.055790000000,0.444210000000,0.625000000000),
double3(0.321300000000,0.319230000000,0.912760000000),
double3(0.258840000000,0.249620000000,0.956730000000),
double3(0.004455000000,0.319345000000,0.852305000000),
double3(0.322760000000,0.068395000000,0.915815000000),
double3(0.292270000000,0.293265000000,0.944885000000),
double3(0.294025000000,0.311270000000,0.874670000000),
double3(0.285625000000,0.201350000000,0.945455000000),
double3(0.208605000000,0.251960000000,0.935950000000),
double3(0.048850000000,0.298850000000,0.875000000000),
double3(0.305790000000,0.055790000000,0.875000000000),
double3(0.430770000000,0.321300000000,0.662760000000),
double3(0.000380000000,0.258840000000,0.706730000000),
double3(0.430655000000,0.004455000000,0.602305000000),
double3(0.181605000000,0.322760000000,0.665815000000),
double3(0.456735000000,0.292270000000,0.694885000000),
double3(0.438730000000,0.294025000000,0.624670000000),
double3(0.048650000000,0.285625000000,0.695455000000),
double3(0.498040000000,0.208605000000,0.685950000000),
double3(0.451150000000,0.048850000000,0.625000000000),
double3(0.194210000000,0.305790000000,0.625000000000),
double3(0.178700000000,0.069230000000,0.587240000000),
double3(0.241160000000,0.499620000000,0.543270000000),
double3(0.495545000000,0.069345000000,0.647695000000),
double3(0.177240000000,0.318395000000,0.584185000000),
double3(0.207730000000,0.043265000000,0.555115000000),
double3(0.205975000000,0.061270000000,0.625330000000),
double3(0.214375000000,0.451350000000,0.554545000000),
double3(0.291395000000,0.001960000000,0.564050000000),
double3(0.180770000000,0.178700000000,0.837240000000),
double3(0.250380000000,0.241160000000,0.793270000000),
double3(0.180655000000,0.495545000000,0.897695000000),
double3(0.431605000000,0.177240000000,0.834185000000),
double3(0.206735000000,0.207730000000,0.805115000000),
double3(0.188730000000,0.205975000000,0.875330000000),
double3(0.298650000000,0.214375000000,0.804545000000),
double3(0.248040000000,0.291395000000,0.814050000000),
double3(0.071300000000,0.180770000000,0.587240000000),
double3(0.008840000000,0.250380000000,0.543270000000),
double3(0.254455000000,0.180655000000,0.647695000000),
double3(0.072760000000,0.431605000000,0.584185000000),
double3(0.042270000000,0.206735000000,0.555115000000),
double3(0.044025000000,0.188730000000,0.625330000000),
double3(0.035625000000,0.298650000000,0.554545000000),
double3(0.458605000000,0.248040000000,0.564050000000),
double3(0.069230000000,0.071300000000,0.837240000000),
double3(0.499620000000,0.008840000000,0.793270000000),
double3(0.069345000000,0.254455000000,0.897695000000),
double3(0.318395000000,0.072760000000,0.834185000000),
double3(0.043265000000,0.042270000000,0.805115000000),
double3(0.061270000000,0.044025000000,0.875330000000),
double3(0.451350000000,0.035625000000,0.804545000000),
double3(0.001960000000,0.458605000000,0.814050000000),
double3(0.071300000000,0.569230000000,0.087240000000),
double3(0.008840000000,0.999620000000,0.043270000000),
double3(0.254455000000,0.569345000000,0.147695000000),
double3(0.072760000000,0.818395000000,0.084185000000),
double3(0.073015000000,0.625000000000,0.078020000000),
double3(0.042270000000,0.543265000000,0.055115000000),
double3(0.125000000000,0.549835000000,0.089465000000),
double3(0.044025000000,0.561270000000,0.125330000000),
double3(0.035625000000,0.951350000000,0.054545000000),
double3(0.000000000000,0.500000000000,0.000000000000),
double3(0.458605000000,0.501960000000,0.064050000000),
double3(0.262170000000,0.625000000000,0.155360000000),
double3(0.298850000000,0.548850000000,0.125000000000),
double3(0.125000000000,0.796815000000,0.077440000000),
double3(0.055790000000,0.805790000000,0.125000000000),
double3(0.076135000000,0.875000000000,0.079715000000),
double3(0.180770000000,0.571300000000,0.337240000000),
double3(0.250380000000,0.508840000000,0.293270000000),
double3(0.180655000000,0.754455000000,0.397695000000),
double3(0.431605000000,0.572760000000,0.334185000000),
double3(0.125000000000,0.573015000000,0.328020000000),
double3(0.206735000000,0.542270000000,0.305115000000),
double3(0.200165000000,0.625000000000,0.339465000000),
double3(0.188730000000,0.544025000000,0.375330000000),
double3(0.298650000000,0.535625000000,0.304545000000),
double3(0.250000000000,0.500000000000,0.250000000000),
double3(0.248040000000,0.958605000000,0.314050000000),
double3(0.125000000000,0.762170000000,0.405360000000),
double3(0.201150000000,0.798850000000,0.375000000000),
double3(0.453185000000,0.625000000000,0.327440000000),
double3(0.444210000000,0.555790000000,0.375000000000),
double3(0.375000000000,0.576135000000,0.329715000000),
double3(0.178700000000,0.680770000000,0.087240000000),
double3(0.241160000000,0.750380000000,0.043270000000),
double3(0.495545000000,0.680655000000,0.147695000000),
double3(0.177240000000,0.931605000000,0.084185000000),
double3(0.176985000000,0.625000000000,0.078020000000),
double3(0.207730000000,0.706735000000,0.055115000000),
double3(0.125000000000,0.700165000000,0.089465000000),
double3(0.205975000000,0.688730000000,0.125330000000),
double3(0.214375000000,0.798650000000,0.054545000000),
double3(0.250000000000,0.750000000000,0.000000000000),
double3(0.291395000000,0.748040000000,0.064050000000),
double3(0.487830000000,0.625000000000,0.155360000000),
double3(0.451150000000,0.701150000000,0.125000000000),
double3(0.125000000000,0.953185000000,0.077440000000),
double3(0.194210000000,0.944210000000,0.125000000000),
double3(0.173865000000,0.875000000000,0.079715000000),
double3(0.069230000000,0.678700000000,0.337240000000),
double3(0.499620000000,0.741160000000,0.293270000000),
double3(0.069345000000,0.995545000000,0.397695000000),
double3(0.318395000000,0.677240000000,0.334185000000),
double3(0.125000000000,0.676985000000,0.328020000000),
double3(0.043265000000,0.707730000000,0.305115000000),
double3(0.049835000000,0.625000000000,0.339465000000),
double3(0.061270000000,0.705975000000,0.375330000000),
double3(0.451350000000,0.714375000000,0.304545000000),
double3(0.000000000000,0.750000000000,0.250000000000),
double3(0.001960000000,0.791395000000,0.314050000000),
double3(0.125000000000,0.987830000000,0.405360000000),
double3(0.048850000000,0.951150000000,0.375000000000),
double3(0.296815000000,0.625000000000,0.327440000000),
double3(0.305790000000,0.694210000000,0.375000000000),
double3(0.375000000000,0.673865000000,0.329715000000),
double3(0.321300000000,0.930770000000,0.412760000000),
double3(0.258840000000,0.500380000000,0.456730000000),
double3(0.004455000000,0.930655000000,0.352305000000),
double3(0.322760000000,0.681605000000,0.415815000000),
double3(0.323015000000,0.875000000000,0.421980000000),
double3(0.292270000000,0.956735000000,0.444885000000),
double3(0.375000000000,0.950165000000,0.410535000000),
double3(0.294025000000,0.938730000000,0.374670000000),
double3(0.285625000000,0.548650000000,0.445455000000),
double3(0.250000000000,0.500000000000,0.000000000000),
double3(0.208605000000,0.998040000000,0.435950000000),
double3(0.012170000000,0.875000000000,0.344640000000),
double3(0.375000000000,0.703185000000,0.422560000000),
double3(0.326135000000,0.625000000000,0.420285000000),
double3(0.319230000000,0.821300000000,0.162760000000),
double3(0.249620000000,0.758840000000,0.206730000000),
double3(0.319345000000,0.504455000000,0.102305000000),
double3(0.068395000000,0.822760000000,0.165815000000),
double3(0.375000000000,0.823015000000,0.171980000000),
double3(0.293265000000,0.792270000000,0.194885000000),
double3(0.299835000000,0.875000000000,0.160535000000),
double3(0.311270000000,0.794025000000,0.124670000000),
double3(0.201350000000,0.785625000000,0.195455000000),
double3(0.250000000000,0.750000000000,0.250000000000),
double3(0.251960000000,0.708605000000,0.185950000000),
double3(0.375000000000,0.512170000000,0.094640000000),
double3(0.046815000000,0.875000000000,0.172560000000),
double3(0.125000000000,0.826135000000,0.170285000000),
double3(0.428700000000,0.819230000000,0.412760000000),
double3(0.491160000000,0.749620000000,0.456730000000),
double3(0.245545000000,0.819345000000,0.352305000000),
double3(0.427240000000,0.568395000000,0.415815000000),
double3(0.426985000000,0.875000000000,0.421980000000),
double3(0.457730000000,0.793265000000,0.444885000000),
double3(0.375000000000,0.799835000000,0.410535000000),
double3(0.455975000000,0.811270000000,0.374670000000),
double3(0.464375000000,0.701350000000,0.445455000000),
double3(0.000000000000,0.750000000000,0.000000000000),
double3(0.041395000000,0.751960000000,0.435950000000),
double3(0.237830000000,0.875000000000,0.344640000000),
double3(0.375000000000,0.546815000000,0.422560000000),
double3(0.423865000000,0.625000000000,0.420285000000),
double3(0.430770000000,0.928700000000,0.162760000000),
double3(0.000380000000,0.991160000000,0.206730000000),
double3(0.430655000000,0.745545000000,0.102305000000),
double3(0.181605000000,0.927240000000,0.165815000000),
double3(0.375000000000,0.926985000000,0.171980000000),
double3(0.456735000000,0.957730000000,0.194885000000),
double3(0.450165000000,0.875000000000,0.160535000000),
double3(0.438730000000,0.955975000000,0.124670000000),
double3(0.048650000000,0.964375000000,0.195455000000),
double3(0.000000000000,0.500000000000,0.250000000000),
double3(0.498040000000,0.541395000000,0.185950000000),
double3(0.375000000000,0.737830000000,0.094640000000),
double3(0.203185000000,0.875000000000,0.172560000000),
double3(0.125000000000,0.923865000000,0.170285000000),
double3(0.428700000000,0.930770000000,0.412760000000),
double3(0.491160000000,0.500380000000,0.456730000000),
double3(0.245545000000,0.930655000000,0.352305000000),
double3(0.427240000000,0.681605000000,0.415815000000),
double3(0.457730000000,0.956735000000,0.444885000000),
double3(0.455975000000,0.938730000000,0.374670000000),
double3(0.464375000000,0.548650000000,0.445455000000),
double3(0.041395000000,0.998040000000,0.435950000000),
double3(0.201150000000,0.951150000000,0.375000000000),
double3(0.444210000000,0.694210000000,0.375000000000),
double3(0.319230000000,0.928700000000,0.162760000000),
double3(0.249620000000,0.991160000000,0.206730000000),
double3(0.319345000000,0.745545000000,0.102305000000),
double3(0.068395000000,0.927240000000,0.165815000000),
double3(0.293265000000,0.957730000000,0.194885000000),
double3(0.311270000000,0.955975000000,0.124670000000),
double3(0.201350000000,0.964375000000,0.195455000000),
double3(0.251960000000,0.541395000000,0.185950000000),
double3(0.298850000000,0.701150000000,0.125000000000),
double3(0.055790000000,0.944210000000,0.125000000000),
double3(0.321300000000,0.819230000000,0.412760000000),
double3(0.258840000000,0.749620000000,0.456730000000),
double3(0.004455000000,0.819345000000,0.352305000000),
double3(0.322760000000,0.568395000000,0.415815000000),
double3(0.292270000000,0.793265000000,0.444885000000),
double3(0.294025000000,0.811270000000,0.374670000000),
double3(0.285625000000,0.701350000000,0.445455000000),
double3(0.208605000000,0.751960000000,0.435950000000),
double3(0.048850000000,0.798850000000,0.375000000000),
double3(0.305790000000,0.555790000000,0.375000000000),
double3(0.430770000000,0.821300000000,0.162760000000),
double3(0.000380000000,0.758840000000,0.206730000000),
double3(0.430655000000,0.504455000000,0.102305000000),
double3(0.181605000000,0.822760000000,0.165815000000),
double3(0.456735000000,0.792270000000,0.194885000000),
double3(0.438730000000,0.794025000000,0.124670000000),
double3(0.048650000000,0.785625000000,0.195455000000),
double3(0.498040000000,0.708605000000,0.185950000000),
double3(0.451150000000,0.548850000000,0.125000000000),
double3(0.194210000000,0.805790000000,0.125000000000),
double3(0.178700000000,0.569230000000,0.087240000000),
double3(0.241160000000,0.999620000000,0.043270000000),
double3(0.495545000000,0.569345000000,0.147695000000),
double3(0.177240000000,0.818395000000,0.084185000000),
double3(0.207730000000,0.543265000000,0.055115000000),
double3(0.205975000000,0.561270000000,0.125330000000),
double3(0.214375000000,0.951350000000,0.054545000000),
double3(0.291395000000,0.501960000000,0.064050000000),
double3(0.180770000000,0.678700000000,0.337240000000),
double3(0.250380000000,0.741160000000,0.293270000000),
double3(0.180655000000,0.995545000000,0.397695000000),
double3(0.431605000000,0.677240000000,0.334185000000),
double3(0.206735000000,0.707730000000,0.305115000000),
double3(0.188730000000,0.705975000000,0.375330000000),
double3(0.298650000000,0.714375000000,0.304545000000),
double3(0.248040000000,0.791395000000,0.314050000000),
double3(0.071300000000,0.680770000000,0.087240000000),
double3(0.008840000000,0.750380000000,0.043270000000),
double3(0.254455000000,0.680655000000,0.147695000000),
double3(0.072760000000,0.931605000000,0.084185000000),
double3(0.042270000000,0.706735000000,0.055115000000),
double3(0.044025000000,0.688730000000,0.125330000000),
double3(0.035625000000,0.798650000000,0.054545000000),
double3(0.458605000000,0.748040000000,0.064050000000),
double3(0.069230000000,0.571300000000,0.337240000000),
double3(0.499620000000,0.508840000000,0.293270000000),
double3(0.069345000000,0.754455000000,0.397695000000),
double3(0.318395000000,0.572760000000,0.334185000000),
double3(0.043265000000,0.542270000000,0.305115000000),
double3(0.061270000000,0.544025000000,0.375330000000),
double3(0.451350000000,0.535625000000,0.304545000000),
double3(0.001960000000,0.958605000000,0.314050000000),
double3(0.071300000000,0.569230000000,0.587240000000),
double3(0.008840000000,0.999620000000,0.543270000000),
double3(0.254455000000,0.569345000000,0.647695000000),
double3(0.072760000000,0.818395000000,0.584185000000),
double3(0.073015000000,0.625000000000,0.578020000000),
double3(0.042270000000,0.543265000000,0.555115000000),
double3(0.125000000000,0.549835000000,0.589465000000),
double3(0.044025000000,0.561270000000,0.625330000000),
double3(0.035625000000,0.951350000000,0.554545000000),
double3(0.000000000000,0.500000000000,0.500000000000),
double3(0.458605000000,0.501960000000,0.564050000000),
double3(0.262170000000,0.625000000000,0.655360000000),
double3(0.298850000000,0.548850000000,0.625000000000),
double3(0.125000000000,0.796815000000,0.577440000000),
double3(0.055790000000,0.805790000000,0.625000000000),
double3(0.076135000000,0.875000000000,0.579715000000),
double3(0.180770000000,0.571300000000,0.837240000000),
double3(0.250380000000,0.508840000000,0.793270000000),
double3(0.180655000000,0.754455000000,0.897695000000),
double3(0.431605000000,0.572760000000,0.834185000000),
double3(0.125000000000,0.573015000000,0.828020000000),
double3(0.206735000000,0.542270000000,0.805115000000),
double3(0.200165000000,0.625000000000,0.839465000000),
double3(0.188730000000,0.544025000000,0.875330000000),
double3(0.298650000000,0.535625000000,0.804545000000),
double3(0.250000000000,0.500000000000,0.750000000000),
double3(0.248040000000,0.958605000000,0.814050000000),
double3(0.125000000000,0.762170000000,0.905360000000),
double3(0.201150000000,0.798850000000,0.875000000000),
double3(0.453185000000,0.625000000000,0.827440000000),
double3(0.444210000000,0.555790000000,0.875000000000),
double3(0.375000000000,0.576135000000,0.829715000000),
double3(0.178700000000,0.680770000000,0.587240000000),
double3(0.241160000000,0.750380000000,0.543270000000),
double3(0.495545000000,0.680655000000,0.647695000000),
double3(0.177240000000,0.931605000000,0.584185000000),
double3(0.176985000000,0.625000000000,0.578020000000),
double3(0.207730000000,0.706735000000,0.555115000000),
double3(0.125000000000,0.700165000000,0.589465000000),
double3(0.205975000000,0.688730000000,0.625330000000),
double3(0.214375000000,0.798650000000,0.554545000000),
double3(0.250000000000,0.750000000000,0.500000000000),
double3(0.291395000000,0.748040000000,0.564050000000),
double3(0.487830000000,0.625000000000,0.655360000000),
double3(0.451150000000,0.701150000000,0.625000000000),
double3(0.125000000000,0.953185000000,0.577440000000),
double3(0.194210000000,0.944210000000,0.625000000000),
double3(0.173865000000,0.875000000000,0.579715000000),
double3(0.069230000000,0.678700000000,0.837240000000),
double3(0.499620000000,0.741160000000,0.793270000000),
double3(0.069345000000,0.995545000000,0.897695000000),
double3(0.318395000000,0.677240000000,0.834185000000),
double3(0.125000000000,0.676985000000,0.828020000000),
double3(0.043265000000,0.707730000000,0.805115000000),
double3(0.049835000000,0.625000000000,0.839465000000),
double3(0.061270000000,0.705975000000,0.875330000000),
double3(0.451350000000,0.714375000000,0.804545000000),
double3(0.000000000000,0.750000000000,0.750000000000),
double3(0.001960000000,0.791395000000,0.814050000000),
double3(0.125000000000,0.987830000000,0.905360000000),
double3(0.048850000000,0.951150000000,0.875000000000),
double3(0.296815000000,0.625000000000,0.827440000000),
double3(0.305790000000,0.694210000000,0.875000000000),
double3(0.375000000000,0.673865000000,0.829715000000),
double3(0.321300000000,0.930770000000,0.912760000000),
double3(0.258840000000,0.500380000000,0.956730000000),
double3(0.004455000000,0.930655000000,0.852305000000),
double3(0.322760000000,0.681605000000,0.915815000000),
double3(0.323015000000,0.875000000000,0.921980000000),
double3(0.292270000000,0.956735000000,0.944885000000),
double3(0.375000000000,0.950165000000,0.910535000000),
double3(0.294025000000,0.938730000000,0.874670000000),
double3(0.285625000000,0.548650000000,0.945455000000),
double3(0.250000000000,0.500000000000,0.500000000000),
double3(0.208605000000,0.998040000000,0.935950000000),
double3(0.012170000000,0.875000000000,0.844640000000),
double3(0.375000000000,0.703185000000,0.922560000000),
double3(0.326135000000,0.625000000000,0.920285000000),
double3(0.319230000000,0.821300000000,0.662760000000),
double3(0.249620000000,0.758840000000,0.706730000000),
double3(0.319345000000,0.504455000000,0.602305000000),
double3(0.068395000000,0.822760000000,0.665815000000),
double3(0.375000000000,0.823015000000,0.671980000000),
double3(0.293265000000,0.792270000000,0.694885000000),
double3(0.299835000000,0.875000000000,0.660535000000),
double3(0.311270000000,0.794025000000,0.624670000000),
double3(0.201350000000,0.785625000000,0.695455000000),
double3(0.250000000000,0.750000000000,0.750000000000),
double3(0.251960000000,0.708605000000,0.685950000000),
double3(0.375000000000,0.512170000000,0.594640000000),
double3(0.046815000000,0.875000000000,0.672560000000),
double3(0.125000000000,0.826135000000,0.670285000000),
double3(0.428700000000,0.819230000000,0.912760000000),
double3(0.491160000000,0.749620000000,0.956730000000),
double3(0.245545000000,0.819345000000,0.852305000000),
double3(0.427240000000,0.568395000000,0.915815000000),
double3(0.426985000000,0.875000000000,0.921980000000),
double3(0.457730000000,0.793265000000,0.944885000000),
double3(0.375000000000,0.799835000000,0.910535000000),
double3(0.455975000000,0.811270000000,0.874670000000),
double3(0.464375000000,0.701350000000,0.945455000000),
double3(0.000000000000,0.750000000000,0.500000000000),
double3(0.041395000000,0.751960000000,0.935950000000),
double3(0.237830000000,0.875000000000,0.844640000000),
double3(0.375000000000,0.546815000000,0.922560000000),
double3(0.423865000000,0.625000000000,0.920285000000),
double3(0.430770000000,0.928700000000,0.662760000000),
double3(0.000380000000,0.991160000000,0.706730000000),
double3(0.430655000000,0.745545000000,0.602305000000),
double3(0.181605000000,0.927240000000,0.665815000000),
double3(0.375000000000,0.926985000000,0.671980000000),
double3(0.456735000000,0.957730000000,0.694885000000),
double3(0.450165000000,0.875000000000,0.660535000000),
double3(0.438730000000,0.955975000000,0.624670000000),
double3(0.048650000000,0.964375000000,0.695455000000),
double3(0.000000000000,0.500000000000,0.750000000000),
double3(0.498040000000,0.541395000000,0.685950000000),
double3(0.375000000000,0.737830000000,0.594640000000),
double3(0.203185000000,0.875000000000,0.672560000000),
double3(0.125000000000,0.923865000000,0.670285000000),
double3(0.428700000000,0.930770000000,0.912760000000),
double3(0.491160000000,0.500380000000,0.956730000000),
double3(0.245545000000,0.930655000000,0.852305000000),
double3(0.427240000000,0.681605000000,0.915815000000),
double3(0.457730000000,0.956735000000,0.944885000000),
double3(0.455975000000,0.938730000000,0.874670000000),
double3(0.464375000000,0.548650000000,0.945455000000),
double3(0.041395000000,0.998040000000,0.935950000000),
double3(0.201150000000,0.951150000000,0.875000000000),
double3(0.444210000000,0.694210000000,0.875000000000),
double3(0.319230000000,0.928700000000,0.662760000000),
double3(0.249620000000,0.991160000000,0.706730000000),
double3(0.319345000000,0.745545000000,0.602305000000),
double3(0.068395000000,0.927240000000,0.665815000000),
double3(0.293265000000,0.957730000000,0.694885000000),
double3(0.311270000000,0.955975000000,0.624670000000),
double3(0.201350000000,0.964375000000,0.695455000000),
double3(0.251960000000,0.541395000000,0.685950000000),
double3(0.298850000000,0.701150000000,0.625000000000),
double3(0.055790000000,0.944210000000,0.625000000000),
double3(0.321300000000,0.819230000000,0.912760000000),
double3(0.258840000000,0.749620000000,0.956730000000),
double3(0.004455000000,0.819345000000,0.852305000000),
double3(0.322760000000,0.568395000000,0.915815000000),
double3(0.292270000000,0.793265000000,0.944885000000),
double3(0.294025000000,0.811270000000,0.874670000000),
double3(0.285625000000,0.701350000000,0.945455000000),
double3(0.208605000000,0.751960000000,0.935950000000),
double3(0.048850000000,0.798850000000,0.875000000000),
double3(0.305790000000,0.555790000000,0.875000000000),
double3(0.430770000000,0.821300000000,0.662760000000),
double3(0.000380000000,0.758840000000,0.706730000000),
double3(0.430655000000,0.504455000000,0.602305000000),
double3(0.181605000000,0.822760000000,0.665815000000),
double3(0.456735000000,0.792270000000,0.694885000000),
double3(0.438730000000,0.794025000000,0.624670000000),
double3(0.048650000000,0.785625000000,0.695455000000),
double3(0.498040000000,0.708605000000,0.685950000000),
double3(0.451150000000,0.548850000000,0.625000000000),
double3(0.194210000000,0.805790000000,0.625000000000),
double3(0.178700000000,0.569230000000,0.587240000000),
double3(0.241160000000,0.999620000000,0.543270000000),
double3(0.495545000000,0.569345000000,0.647695000000),
double3(0.177240000000,0.818395000000,0.584185000000),
double3(0.207730000000,0.543265000000,0.555115000000),
double3(0.205975000000,0.561270000000,0.625330000000),
double3(0.214375000000,0.951350000000,0.554545000000),
double3(0.291395000000,0.501960000000,0.564050000000),
double3(0.180770000000,0.678700000000,0.837240000000),
double3(0.250380000000,0.741160000000,0.793270000000),
double3(0.180655000000,0.995545000000,0.897695000000),
double3(0.431605000000,0.677240000000,0.834185000000),
double3(0.206735000000,0.707730000000,0.805115000000),
double3(0.188730000000,0.705975000000,0.875330000000),
double3(0.298650000000,0.714375000000,0.804545000000),
double3(0.248040000000,0.791395000000,0.814050000000),
double3(0.071300000000,0.680770000000,0.587240000000),
double3(0.008840000000,0.750380000000,0.543270000000),
double3(0.254455000000,0.680655000000,0.647695000000),
double3(0.072760000000,0.931605000000,0.584185000000),
double3(0.042270000000,0.706735000000,0.555115000000),
double3(0.044025000000,0.688730000000,0.625330000000),
double3(0.035625000000,0.798650000000,0.554545000000),
double3(0.458605000000,0.748040000000,0.564050000000),
double3(0.069230000000,0.571300000000,0.837240000000),
double3(0.499620000000,0.508840000000,0.793270000000),
double3(0.069345000000,0.754455000000,0.897695000000),
double3(0.318395000000,0.572760000000,0.834185000000),
double3(0.043265000000,0.542270000000,0.805115000000),
double3(0.061270000000,0.544025000000,0.875330000000),
double3(0.451350000000,0.535625000000,0.804545000000),
double3(0.001960000000,0.958605000000,0.814050000000),
double3(0.571300000000,0.069230000000,0.087240000000),
double3(0.508840000000,0.499620000000,0.043270000000),
double3(0.754455000000,0.069345000000,0.147695000000),
double3(0.572760000000,0.318395000000,0.084185000000),
double3(0.573015000000,0.125000000000,0.078020000000),
double3(0.542270000000,0.043265000000,0.055115000000),
double3(0.625000000000,0.049835000000,0.089465000000),
double3(0.544025000000,0.061270000000,0.125330000000),
double3(0.535625000000,0.451350000000,0.054545000000),
double3(0.500000000000,0.000000000000,0.000000000000),
double3(0.958605000000,0.001960000000,0.064050000000),
double3(0.762170000000,0.125000000000,0.155360000000),
double3(0.798850000000,0.048850000000,0.125000000000),
double3(0.625000000000,0.296815000000,0.077440000000),
double3(0.555790000000,0.305790000000,0.125000000000),
double3(0.576135000000,0.375000000000,0.079715000000),
double3(0.680770000000,0.071300000000,0.337240000000),
double3(0.750380000000,0.008840000000,0.293270000000),
double3(0.680655000000,0.254455000000,0.397695000000),
double3(0.931605000000,0.072760000000,0.334185000000),
double3(0.625000000000,0.073015000000,0.328020000000),
double3(0.706735000000,0.042270000000,0.305115000000),
double3(0.700165000000,0.125000000000,0.339465000000),
double3(0.688730000000,0.044025000000,0.375330000000),
double3(0.798650000000,0.035625000000,0.304545000000),
double3(0.750000000000,0.000000000000,0.250000000000),
double3(0.748040000000,0.458605000000,0.314050000000),
double3(0.625000000000,0.262170000000,0.405360000000),
double3(0.701150000000,0.298850000000,0.375000000000),
double3(0.953185000000,0.125000000000,0.327440000000),
double3(0.944210000000,0.055790000000,0.375000000000),
double3(0.875000000000,0.076135000000,0.329715000000),
double3(0.678700000000,0.180770000000,0.087240000000),
double3(0.741160000000,0.250380000000,0.043270000000),
double3(0.995545000000,0.180655000000,0.147695000000),
double3(0.677240000000,0.431605000000,0.084185000000),
double3(0.676985000000,0.125000000000,0.078020000000),
double3(0.707730000000,0.206735000000,0.055115000000),
double3(0.625000000000,0.200165000000,0.089465000000),
double3(0.705975000000,0.188730000000,0.125330000000),
double3(0.714375000000,0.298650000000,0.054545000000),
double3(0.750000000000,0.250000000000,0.000000000000),
double3(0.791395000000,0.248040000000,0.064050000000),
double3(0.987830000000,0.125000000000,0.155360000000),
double3(0.951150000000,0.201150000000,0.125000000000),
double3(0.625000000000,0.453185000000,0.077440000000),
double3(0.694210000000,0.444210000000,0.125000000000),
double3(0.673865000000,0.375000000000,0.079715000000),
double3(0.569230000000,0.178700000000,0.337240000000),
double3(0.999620000000,0.241160000000,0.293270000000),
double3(0.569345000000,0.495545000000,0.397695000000),
double3(0.818395000000,0.177240000000,0.334185000000),
double3(0.625000000000,0.176985000000,0.328020000000),
double3(0.543265000000,0.207730000000,0.305115000000),
double3(0.549835000000,0.125000000000,0.339465000000),
double3(0.561270000000,0.205975000000,0.375330000000),
double3(0.951350000000,0.214375000000,0.304545000000),
double3(0.500000000000,0.250000000000,0.250000000000),
double3(0.501960000000,0.291395000000,0.314050000000),
double3(0.625000000000,0.487830000000,0.405360000000),
double3(0.548850000000,0.451150000000,0.375000000000),
double3(0.796815000000,0.125000000000,0.327440000000),
double3(0.805790000000,0.194210000000,0.375000000000),
double3(0.875000000000,0.173865000000,0.329715000000),
double3(0.821300000000,0.430770000000,0.412760000000),
double3(0.758840000000,0.000380000000,0.456730000000),
double3(0.504455000000,0.430655000000,0.352305000000),
double3(0.822760000000,0.181605000000,0.415815000000),
double3(0.823015000000,0.375000000000,0.421980000000),
double3(0.792270000000,0.456735000000,0.444885000000),
double3(0.875000000000,0.450165000000,0.410535000000),
double3(0.794025000000,0.438730000000,0.374670000000),
double3(0.785625000000,0.048650000000,0.445455000000),
double3(0.750000000000,0.000000000000,0.000000000000),
double3(0.708605000000,0.498040000000,0.435950000000),
double3(0.512170000000,0.375000000000,0.344640000000),
double3(0.875000000000,0.203185000000,0.422560000000),
double3(0.826135000000,0.125000000000,0.420285000000),
double3(0.819230000000,0.321300000000,0.162760000000),
double3(0.749620000000,0.258840000000,0.206730000000),
double3(0.819345000000,0.004455000000,0.102305000000),
double3(0.568395000000,0.322760000000,0.165815000000),
double3(0.875000000000,0.323015000000,0.171980000000),
double3(0.793265000000,0.292270000000,0.194885000000),
double3(0.799835000000,0.375000000000,0.160535000000),
double3(0.811270000000,0.294025000000,0.124670000000),
double3(0.701350000000,0.285625000000,0.195455000000),
double3(0.750000000000,0.250000000000,0.250000000000),
double3(0.751960000000,0.208605000000,0.185950000000),
double3(0.875000000000,0.012170000000,0.094640000000),
double3(0.546815000000,0.375000000000,0.172560000000),
double3(0.625000000000,0.326135000000,0.170285000000),
double3(0.928700000000,0.319230000000,0.412760000000),
double3(0.991160000000,0.249620000000,0.456730000000),
double3(0.745545000000,0.319345000000,0.352305000000),
double3(0.927240000000,0.068395000000,0.415815000000),
double3(0.926985000000,0.375000000000,0.421980000000),
double3(0.957730000000,0.293265000000,0.444885000000),
double3(0.875000000000,0.299835000000,0.410535000000),
double3(0.955975000000,0.311270000000,0.374670000000),
double3(0.964375000000,0.201350000000,0.445455000000),
double3(0.500000000000,0.250000000000,0.000000000000),
double3(0.541395000000,0.251960000000,0.435950000000),
double3(0.737830000000,0.375000000000,0.344640000000),
double3(0.875000000000,0.046815000000,0.422560000000),
double3(0.923865000000,0.125000000000,0.420285000000),
double3(0.930770000000,0.428700000000,0.162760000000),
double3(0.500380000000,0.491160000000,0.206730000000),
double3(0.930655000000,0.245545000000,0.102305000000),
double3(0.681605000000,0.427240000000,0.165815000000),
double3(0.875000000000,0.426985000000,0.171980000000),
double3(0.956735000000,0.457730000000,0.194885000000),
double3(0.950165000000,0.375000000000,0.160535000000),
double3(0.938730000000,0.455975000000,0.124670000000),
double3(0.548650000000,0.464375000000,0.195455000000),
double3(0.500000000000,0.000000000000,0.250000000000),
double3(0.998040000000,0.041395000000,0.185950000000),
double3(0.875000000000,0.237830000000,0.094640000000),
double3(0.703185000000,0.375000000000,0.172560000000),
double3(0.625000000000,0.423865000000,0.170285000000),
double3(0.928700000000,0.430770000000,0.412760000000),
double3(0.991160000000,0.000380000000,0.456730000000),
double3(0.745545000000,0.430655000000,0.352305000000),
double3(0.927240000000,0.181605000000,0.415815000000),
double3(0.957730000000,0.456735000000,0.444885000000),
double3(0.955975000000,0.438730000000,0.374670000000),
double3(0.964375000000,0.048650000000,0.445455000000),
double3(0.541395000000,0.498040000000,0.435950000000),
double3(0.701150000000,0.451150000000,0.375000000000),
double3(0.944210000000,0.194210000000,0.375000000000),
double3(0.819230000000,0.428700000000,0.162760000000),
double3(0.749620000000,0.491160000000,0.206730000000),
double3(0.819345000000,0.245545000000,0.102305000000),
double3(0.568395000000,0.427240000000,0.165815000000),
double3(0.793265000000,0.457730000000,0.194885000000),
double3(0.811270000000,0.455975000000,0.124670000000),
double3(0.701350000000,0.464375000000,0.195455000000),
double3(0.751960000000,0.041395000000,0.185950000000),
double3(0.798850000000,0.201150000000,0.125000000000),
double3(0.555790000000,0.444210000000,0.125000000000),
double3(0.821300000000,0.319230000000,0.412760000000),
double3(0.758840000000,0.249620000000,0.456730000000),
double3(0.504455000000,0.319345000000,0.352305000000),
double3(0.822760000000,0.068395000000,0.415815000000),
double3(0.792270000000,0.293265000000,0.444885000000),
double3(0.794025000000,0.311270000000,0.374670000000),
double3(0.785625000000,0.201350000000,0.445455000000),
double3(0.708605000000,0.251960000000,0.435950000000),
double3(0.548850000000,0.298850000000,0.375000000000),
double3(0.805790000000,0.055790000000,0.375000000000),
double3(0.930770000000,0.321300000000,0.162760000000),
double3(0.500380000000,0.258840000000,0.206730000000),
double3(0.930655000000,0.004455000000,0.102305000000),
double3(0.681605000000,0.322760000000,0.165815000000),
double3(0.956735000000,0.292270000000,0.194885000000),
double3(0.938730000000,0.294025000000,0.124670000000),
double3(0.548650000000,0.285625000000,0.195455000000),
double3(0.998040000000,0.208605000000,0.185950000000),
double3(0.951150000000,0.048850000000,0.125000000000),
double3(0.694210000000,0.305790000000,0.125000000000),
double3(0.678700000000,0.069230000000,0.087240000000),
double3(0.741160000000,0.499620000000,0.043270000000),
double3(0.995545000000,0.069345000000,0.147695000000),
double3(0.677240000000,0.318395000000,0.084185000000),
double3(0.707730000000,0.043265000000,0.055115000000),
double3(0.705975000000,0.061270000000,0.125330000000),
double3(0.714375000000,0.451350000000,0.054545000000),
double3(0.791395000000,0.001960000000,0.064050000000),
double3(0.680770000000,0.178700000000,0.337240000000),
double3(0.750380000000,0.241160000000,0.293270000000),
double3(0.680655000000,0.495545000000,0.397695000000),
double3(0.931605000000,0.177240000000,0.334185000000),
double3(0.706735000000,0.207730000000,0.305115000000),
double3(0.688730000000,0.205975000000,0.375330000000),
double3(0.798650000000,0.214375000000,0.304545000000),
double3(0.748040000000,0.291395000000,0.314050000000),
double3(0.571300000000,0.180770000000,0.087240000000),
double3(0.508840000000,0.250380000000,0.043270000000),
double3(0.754455000000,0.180655000000,0.147695000000),
double3(0.572760000000,0.431605000000,0.084185000000),
double3(0.542270000000,0.206735000000,0.055115000000),
double3(0.544025000000,0.188730000000,0.125330000000),
double3(0.535625000000,0.298650000000,0.054545000000),
double3(0.958605000000,0.248040000000,0.064050000000),
double3(0.569230000000,0.071300000000,0.337240000000),
double3(0.999620000000,0.008840000000,0.293270000000),
double3(0.569345000000,0.254455000000,0.397695000000),
double3(0.818395000000,0.072760000000,0.334185000000),
double3(0.543265000000,0.042270000000,0.305115000000),
double3(0.561270000000,0.044025000000,0.375330000000),
double3(0.951350000000,0.035625000000,0.304545000000),
double3(0.501960000000,0.458605000000,0.314050000000),
double3(0.571300000000,0.069230000000,0.587240000000),
double3(0.508840000000,0.499620000000,0.543270000000),
double3(0.754455000000,0.069345000000,0.647695000000),
double3(0.572760000000,0.318395000000,0.584185000000),
double3(0.573015000000,0.125000000000,0.578020000000),
double3(0.542270000000,0.043265000000,0.555115000000),
double3(0.625000000000,0.049835000000,0.589465000000),
double3(0.544025000000,0.061270000000,0.625330000000),
double3(0.535625000000,0.451350000000,0.554545000000),
double3(0.500000000000,0.000000000000,0.500000000000),
double3(0.958605000000,0.001960000000,0.564050000000),
double3(0.762170000000,0.125000000000,0.655360000000),
double3(0.798850000000,0.048850000000,0.625000000000),
double3(0.625000000000,0.296815000000,0.577440000000),
double3(0.555790000000,0.305790000000,0.625000000000),
double3(0.576135000000,0.375000000000,0.579715000000),
double3(0.680770000000,0.071300000000,0.837240000000),
double3(0.750380000000,0.008840000000,0.793270000000),
double3(0.680655000000,0.254455000000,0.897695000000),
double3(0.931605000000,0.072760000000,0.834185000000),
double3(0.625000000000,0.073015000000,0.828020000000),
double3(0.706735000000,0.042270000000,0.805115000000),
double3(0.700165000000,0.125000000000,0.839465000000),
double3(0.688730000000,0.044025000000,0.875330000000),
double3(0.798650000000,0.035625000000,0.804545000000),
double3(0.750000000000,0.000000000000,0.750000000000),
double3(0.748040000000,0.458605000000,0.814050000000),
double3(0.625000000000,0.262170000000,0.905360000000),
double3(0.701150000000,0.298850000000,0.875000000000),
double3(0.953185000000,0.125000000000,0.827440000000),
double3(0.944210000000,0.055790000000,0.875000000000),
double3(0.875000000000,0.076135000000,0.829715000000),
double3(0.678700000000,0.180770000000,0.587240000000),
double3(0.741160000000,0.250380000000,0.543270000000),
double3(0.995545000000,0.180655000000,0.647695000000),
double3(0.677240000000,0.431605000000,0.584185000000),
double3(0.676985000000,0.125000000000,0.578020000000),
double3(0.707730000000,0.206735000000,0.555115000000),
double3(0.625000000000,0.200165000000,0.589465000000),
double3(0.705975000000,0.188730000000,0.625330000000),
double3(0.714375000000,0.298650000000,0.554545000000),
double3(0.750000000000,0.250000000000,0.500000000000),
double3(0.791395000000,0.248040000000,0.564050000000),
double3(0.987830000000,0.125000000000,0.655360000000),
double3(0.951150000000,0.201150000000,0.625000000000),
double3(0.625000000000,0.453185000000,0.577440000000),
double3(0.694210000000,0.444210000000,0.625000000000),
double3(0.673865000000,0.375000000000,0.579715000000),
double3(0.569230000000,0.178700000000,0.837240000000),
double3(0.999620000000,0.241160000000,0.793270000000),
double3(0.569345000000,0.495545000000,0.897695000000),
double3(0.818395000000,0.177240000000,0.834185000000),
double3(0.625000000000,0.176985000000,0.828020000000),
double3(0.543265000000,0.207730000000,0.805115000000),
double3(0.549835000000,0.125000000000,0.839465000000),
double3(0.561270000000,0.205975000000,0.875330000000),
double3(0.951350000000,0.214375000000,0.804545000000),
double3(0.500000000000,0.250000000000,0.750000000000),
double3(0.501960000000,0.291395000000,0.814050000000),
double3(0.625000000000,0.487830000000,0.905360000000),
double3(0.548850000000,0.451150000000,0.875000000000),
double3(0.796815000000,0.125000000000,0.827440000000),
double3(0.805790000000,0.194210000000,0.875000000000),
double3(0.875000000000,0.173865000000,0.829715000000),
double3(0.821300000000,0.430770000000,0.912760000000),
double3(0.758840000000,0.000380000000,0.956730000000),
double3(0.504455000000,0.430655000000,0.852305000000),
double3(0.822760000000,0.181605000000,0.915815000000),
double3(0.823015000000,0.375000000000,0.921980000000),
double3(0.792270000000,0.456735000000,0.944885000000),
double3(0.875000000000,0.450165000000,0.910535000000),
double3(0.794025000000,0.438730000000,0.874670000000),
double3(0.785625000000,0.048650000000,0.945455000000),
double3(0.750000000000,0.000000000000,0.500000000000),
double3(0.708605000000,0.498040000000,0.935950000000),
double3(0.512170000000,0.375000000000,0.844640000000),
double3(0.875000000000,0.203185000000,0.922560000000),
double3(0.826135000000,0.125000000000,0.920285000000),
double3(0.819230000000,0.321300000000,0.662760000000),
double3(0.749620000000,0.258840000000,0.706730000000),
double3(0.819345000000,0.004455000000,0.602305000000),
double3(0.568395000000,0.322760000000,0.665815000000),
double3(0.875000000000,0.323015000000,0.671980000000),
double3(0.793265000000,0.292270000000,0.694885000000),
double3(0.799835000000,0.375000000000,0.660535000000),
double3(0.811270000000,0.294025000000,0.624670000000),
double3(0.701350000000,0.285625000000,0.695455000000),
double3(0.750000000000,0.250000000000,0.750000000000),
double3(0.751960000000,0.208605000000,0.685950000000),
double3(0.875000000000,0.012170000000,0.594640000000),
double3(0.546815000000,0.375000000000,0.672560000000),
double3(0.625000000000,0.326135000000,0.670285000000),
double3(0.928700000000,0.319230000000,0.912760000000),
double3(0.991160000000,0.249620000000,0.956730000000),
double3(0.745545000000,0.319345000000,0.852305000000),
double3(0.927240000000,0.068395000000,0.915815000000),
double3(0.926985000000,0.375000000000,0.921980000000),
double3(0.957730000000,0.293265000000,0.944885000000),
double3(0.875000000000,0.299835000000,0.910535000000),
double3(0.955975000000,0.311270000000,0.874670000000),
double3(0.964375000000,0.201350000000,0.945455000000),
double3(0.500000000000,0.250000000000,0.500000000000),
double3(0.541395000000,0.251960000000,0.935950000000),
double3(0.737830000000,0.375000000000,0.844640000000),
double3(0.875000000000,0.046815000000,0.922560000000),
double3(0.923865000000,0.125000000000,0.920285000000),
double3(0.930770000000,0.428700000000,0.662760000000),
double3(0.500380000000,0.491160000000,0.706730000000),
double3(0.930655000000,0.245545000000,0.602305000000),
double3(0.681605000000,0.427240000000,0.665815000000),
double3(0.875000000000,0.426985000000,0.671980000000),
double3(0.956735000000,0.457730000000,0.694885000000),
double3(0.950165000000,0.375000000000,0.660535000000),
double3(0.938730000000,0.455975000000,0.624670000000),
double3(0.548650000000,0.464375000000,0.695455000000),
double3(0.500000000000,0.000000000000,0.750000000000),
double3(0.998040000000,0.041395000000,0.685950000000),
double3(0.875000000000,0.237830000000,0.594640000000),
double3(0.703185000000,0.375000000000,0.672560000000),
double3(0.625000000000,0.423865000000,0.670285000000),
double3(0.928700000000,0.430770000000,0.912760000000),
double3(0.991160000000,0.000380000000,0.956730000000),
double3(0.745545000000,0.430655000000,0.852305000000),
double3(0.927240000000,0.181605000000,0.915815000000),
double3(0.957730000000,0.456735000000,0.944885000000),
double3(0.955975000000,0.438730000000,0.874670000000),
double3(0.964375000000,0.048650000000,0.945455000000),
double3(0.541395000000,0.498040000000,0.935950000000),
double3(0.701150000000,0.451150000000,0.875000000000),
double3(0.944210000000,0.194210000000,0.875000000000),
double3(0.819230000000,0.428700000000,0.662760000000),
double3(0.749620000000,0.491160000000,0.706730000000),
double3(0.819345000000,0.245545000000,0.602305000000),
double3(0.568395000000,0.427240000000,0.665815000000),
double3(0.793265000000,0.457730000000,0.694885000000),
double3(0.811270000000,0.455975000000,0.624670000000),
double3(0.701350000000,0.464375000000,0.695455000000),
double3(0.751960000000,0.041395000000,0.685950000000),
double3(0.798850000000,0.201150000000,0.625000000000),
double3(0.555790000000,0.444210000000,0.625000000000),
double3(0.821300000000,0.319230000000,0.912760000000),
double3(0.758840000000,0.249620000000,0.956730000000),
double3(0.504455000000,0.319345000000,0.852305000000),
double3(0.822760000000,0.068395000000,0.915815000000),
double3(0.792270000000,0.293265000000,0.944885000000),
double3(0.794025000000,0.311270000000,0.874670000000),
double3(0.785625000000,0.201350000000,0.945455000000),
double3(0.708605000000,0.251960000000,0.935950000000),
double3(0.548850000000,0.298850000000,0.875000000000),
double3(0.805790000000,0.055790000000,0.875000000000),
double3(0.930770000000,0.321300000000,0.662760000000),
double3(0.500380000000,0.258840000000,0.706730000000),
double3(0.930655000000,0.004455000000,0.602305000000),
double3(0.681605000000,0.322760000000,0.665815000000),
double3(0.956735000000,0.292270000000,0.694885000000),
double3(0.938730000000,0.294025000000,0.624670000000),
double3(0.548650000000,0.285625000000,0.695455000000),
double3(0.998040000000,0.208605000000,0.685950000000),
double3(0.951150000000,0.048850000000,0.625000000000),
double3(0.694210000000,0.305790000000,0.625000000000),
double3(0.678700000000,0.069230000000,0.587240000000),
double3(0.741160000000,0.499620000000,0.543270000000),
double3(0.995545000000,0.069345000000,0.647695000000),
double3(0.677240000000,0.318395000000,0.584185000000),
double3(0.707730000000,0.043265000000,0.555115000000),
double3(0.705975000000,0.061270000000,0.625330000000),
double3(0.714375000000,0.451350000000,0.554545000000),
double3(0.791395000000,0.001960000000,0.564050000000),
double3(0.680770000000,0.178700000000,0.837240000000),
double3(0.750380000000,0.241160000000,0.793270000000),
double3(0.680655000000,0.495545000000,0.897695000000),
double3(0.931605000000,0.177240000000,0.834185000000),
double3(0.706735000000,0.207730000000,0.805115000000),
double3(0.688730000000,0.205975000000,0.875330000000),
double3(0.798650000000,0.214375000000,0.804545000000),
double3(0.748040000000,0.291395000000,0.814050000000),
double3(0.571300000000,0.180770000000,0.587240000000),
double3(0.508840000000,0.250380000000,0.543270000000),
double3(0.754455000000,0.180655000000,0.647695000000),
double3(0.572760000000,0.431605000000,0.584185000000),
double3(0.542270000000,0.206735000000,0.555115000000),
double3(0.544025000000,0.188730000000,0.625330000000),
double3(0.535625000000,0.298650000000,0.554545000000),
double3(0.958605000000,0.248040000000,0.564050000000),
double3(0.569230000000,0.071300000000,0.837240000000),
double3(0.999620000000,0.008840000000,0.793270000000),
double3(0.569345000000,0.254455000000,0.897695000000),
double3(0.818395000000,0.072760000000,0.834185000000),
double3(0.543265000000,0.042270000000,0.805115000000),
double3(0.561270000000,0.044025000000,0.875330000000),
double3(0.951350000000,0.035625000000,0.804545000000),
double3(0.501960000000,0.458605000000,0.814050000000),
double3(0.571300000000,0.569230000000,0.087240000000),
double3(0.508840000000,0.999620000000,0.043270000000),
double3(0.754455000000,0.569345000000,0.147695000000),
double3(0.572760000000,0.818395000000,0.084185000000),
double3(0.573015000000,0.625000000000,0.078020000000),
double3(0.542270000000,0.543265000000,0.055115000000),
double3(0.625000000000,0.549835000000,0.089465000000),
double3(0.544025000000,0.561270000000,0.125330000000),
double3(0.535625000000,0.951350000000,0.054545000000),
double3(0.500000000000,0.500000000000,0.000000000000),
double3(0.958605000000,0.501960000000,0.064050000000),
double3(0.762170000000,0.625000000000,0.155360000000),
double3(0.798850000000,0.548850000000,0.125000000000),
double3(0.625000000000,0.796815000000,0.077440000000),
double3(0.555790000000,0.805790000000,0.125000000000),
double3(0.576135000000,0.875000000000,0.079715000000),
double3(0.680770000000,0.571300000000,0.337240000000),
double3(0.750380000000,0.508840000000,0.293270000000),
double3(0.680655000000,0.754455000000,0.397695000000),
double3(0.931605000000,0.572760000000,0.334185000000),
double3(0.625000000000,0.573015000000,0.328020000000),
double3(0.706735000000,0.542270000000,0.305115000000),
double3(0.700165000000,0.625000000000,0.339465000000),
double3(0.688730000000,0.544025000000,0.375330000000),
double3(0.798650000000,0.535625000000,0.304545000000),
double3(0.750000000000,0.500000000000,0.250000000000),
double3(0.748040000000,0.958605000000,0.314050000000),
double3(0.625000000000,0.762170000000,0.405360000000),
double3(0.701150000000,0.798850000000,0.375000000000),
double3(0.953185000000,0.625000000000,0.327440000000),
double3(0.944210000000,0.555790000000,0.375000000000),
double3(0.875000000000,0.576135000000,0.329715000000),
double3(0.678700000000,0.680770000000,0.087240000000),
double3(0.741160000000,0.750380000000,0.043270000000),
double3(0.995545000000,0.680655000000,0.147695000000),
double3(0.677240000000,0.931605000000,0.084185000000),
double3(0.676985000000,0.625000000000,0.078020000000),
double3(0.707730000000,0.706735000000,0.055115000000),
double3(0.625000000000,0.700165000000,0.089465000000),
double3(0.705975000000,0.688730000000,0.125330000000),
double3(0.714375000000,0.798650000000,0.054545000000),
double3(0.750000000000,0.750000000000,0.000000000000),
double3(0.791395000000,0.748040000000,0.064050000000),
double3(0.987830000000,0.625000000000,0.155360000000),
double3(0.951150000000,0.701150000000,0.125000000000),
double3(0.625000000000,0.953185000000,0.077440000000),
double3(0.694210000000,0.944210000000,0.125000000000),
double3(0.673865000000,0.875000000000,0.079715000000),
double3(0.569230000000,0.678700000000,0.337240000000),
double3(0.999620000000,0.741160000000,0.293270000000),
double3(0.569345000000,0.995545000000,0.397695000000),
double3(0.818395000000,0.677240000000,0.334185000000),
double3(0.625000000000,0.676985000000,0.328020000000),
double3(0.543265000000,0.707730000000,0.305115000000),
double3(0.549835000000,0.625000000000,0.339465000000),
double3(0.561270000000,0.705975000000,0.375330000000),
double3(0.951350000000,0.714375000000,0.304545000000),
double3(0.500000000000,0.750000000000,0.250000000000),
double3(0.501960000000,0.791395000000,0.314050000000),
double3(0.625000000000,0.987830000000,0.405360000000),
double3(0.548850000000,0.951150000000,0.375000000000),
double3(0.796815000000,0.625000000000,0.327440000000),
double3(0.805790000000,0.694210000000,0.375000000000),
double3(0.875000000000,0.673865000000,0.329715000000),
double3(0.821300000000,0.930770000000,0.412760000000),
double3(0.758840000000,0.500380000000,0.456730000000),
double3(0.504455000000,0.930655000000,0.352305000000),
double3(0.822760000000,0.681605000000,0.415815000000),
double3(0.823015000000,0.875000000000,0.421980000000),
double3(0.792270000000,0.956735000000,0.444885000000),
double3(0.875000000000,0.950165000000,0.410535000000),
double3(0.794025000000,0.938730000000,0.374670000000),
double3(0.785625000000,0.548650000000,0.445455000000),
double3(0.750000000000,0.500000000000,0.000000000000),
double3(0.708605000000,0.998040000000,0.435950000000),
double3(0.512170000000,0.875000000000,0.344640000000),
double3(0.875000000000,0.703185000000,0.422560000000),
double3(0.826135000000,0.625000000000,0.420285000000),
double3(0.819230000000,0.821300000000,0.162760000000),
double3(0.749620000000,0.758840000000,0.206730000000),
double3(0.819345000000,0.504455000000,0.102305000000),
double3(0.568395000000,0.822760000000,0.165815000000),
double3(0.875000000000,0.823015000000,0.171980000000),
double3(0.793265000000,0.792270000000,0.194885000000),
double3(0.799835000000,0.875000000000,0.160535000000),
double3(0.811270000000,0.794025000000,0.124670000000),
double3(0.701350000000,0.785625000000,0.195455000000),
double3(0.750000000000,0.750000000000,0.250000000000),
double3(0.751960000000,0.708605000000,0.185950000000),
double3(0.875000000000,0.512170000000,0.094640000000),
double3(0.546815000000,0.875000000000,0.172560000000),
double3(0.625000000000,0.826135000000,0.170285000000),
double3(0.928700000000,0.819230000000,0.412760000000),
double3(0.991160000000,0.749620000000,0.456730000000),
double3(0.745545000000,0.819345000000,0.352305000000),
double3(0.927240000000,0.568395000000,0.415815000000),
double3(0.926985000000,0.875000000000,0.421980000000),
double3(0.957730000000,0.793265000000,0.444885000000),
double3(0.875000000000,0.799835000000,0.410535000000),
double3(0.955975000000,0.811270000000,0.374670000000),
double3(0.964375000000,0.701350000000,0.445455000000),
double3(0.500000000000,0.750000000000,0.000000000000),
double3(0.541395000000,0.751960000000,0.435950000000),
double3(0.737830000000,0.875000000000,0.344640000000),
double3(0.875000000000,0.546815000000,0.422560000000),
double3(0.923865000000,0.625000000000,0.420285000000),
double3(0.930770000000,0.928700000000,0.162760000000),
double3(0.500380000000,0.991160000000,0.206730000000),
double3(0.930655000000,0.745545000000,0.102305000000),
double3(0.681605000000,0.927240000000,0.165815000000),
double3(0.875000000000,0.926985000000,0.171980000000),
double3(0.956735000000,0.957730000000,0.194885000000),
double3(0.950165000000,0.875000000000,0.160535000000),
double3(0.938730000000,0.955975000000,0.124670000000),
double3(0.548650000000,0.964375000000,0.195455000000),
double3(0.500000000000,0.500000000000,0.250000000000),
double3(0.998040000000,0.541395000000,0.185950000000),
double3(0.875000000000,0.737830000000,0.094640000000),
double3(0.703185000000,0.875000000000,0.172560000000),
double3(0.625000000000,0.923865000000,0.170285000000),
double3(0.928700000000,0.930770000000,0.412760000000),
double3(0.991160000000,0.500380000000,0.456730000000),
double3(0.745545000000,0.930655000000,0.352305000000),
double3(0.927240000000,0.681605000000,0.415815000000),
double3(0.957730000000,0.956735000000,0.444885000000),
double3(0.955975000000,0.938730000000,0.374670000000),
double3(0.964375000000,0.548650000000,0.445455000000),
double3(0.541395000000,0.998040000000,0.435950000000),
double3(0.701150000000,0.951150000000,0.375000000000),
double3(0.944210000000,0.694210000000,0.375000000000),
double3(0.819230000000,0.928700000000,0.162760000000),
double3(0.749620000000,0.991160000000,0.206730000000),
double3(0.819345000000,0.745545000000,0.102305000000),
double3(0.568395000000,0.927240000000,0.165815000000),
double3(0.793265000000,0.957730000000,0.194885000000),
double3(0.811270000000,0.955975000000,0.124670000000),
double3(0.701350000000,0.964375000000,0.195455000000),
double3(0.751960000000,0.541395000000,0.185950000000),
double3(0.798850000000,0.701150000000,0.125000000000),
double3(0.555790000000,0.944210000000,0.125000000000),
double3(0.821300000000,0.819230000000,0.412760000000),
double3(0.758840000000,0.749620000000,0.456730000000),
double3(0.504455000000,0.819345000000,0.352305000000),
double3(0.822760000000,0.568395000000,0.415815000000),
double3(0.792270000000,0.793265000000,0.444885000000),
double3(0.794025000000,0.811270000000,0.374670000000),
double3(0.785625000000,0.701350000000,0.445455000000),
double3(0.708605000000,0.751960000000,0.435950000000),
double3(0.548850000000,0.798850000000,0.375000000000),
double3(0.805790000000,0.555790000000,0.375000000000),
double3(0.930770000000,0.821300000000,0.162760000000),
double3(0.500380000000,0.758840000000,0.206730000000),
double3(0.930655000000,0.504455000000,0.102305000000),
double3(0.681605000000,0.822760000000,0.165815000000),
double3(0.956735000000,0.792270000000,0.194885000000),
double3(0.938730000000,0.794025000000,0.124670000000),
double3(0.548650000000,0.785625000000,0.195455000000),
double3(0.998040000000,0.708605000000,0.185950000000),
double3(0.951150000000,0.548850000000,0.125000000000),
double3(0.694210000000,0.805790000000,0.125000000000),
double3(0.678700000000,0.569230000000,0.087240000000),
double3(0.741160000000,0.999620000000,0.043270000000),
double3(0.995545000000,0.569345000000,0.147695000000),
double3(0.677240000000,0.818395000000,0.084185000000),
double3(0.707730000000,0.543265000000,0.055115000000),
double3(0.705975000000,0.561270000000,0.125330000000),
double3(0.714375000000,0.951350000000,0.054545000000),
double3(0.791395000000,0.501960000000,0.064050000000),
double3(0.680770000000,0.678700000000,0.337240000000),
double3(0.750380000000,0.741160000000,0.293270000000),
double3(0.680655000000,0.995545000000,0.397695000000),
double3(0.931605000000,0.677240000000,0.334185000000),
double3(0.706735000000,0.707730000000,0.305115000000),
double3(0.688730000000,0.705975000000,0.375330000000),
double3(0.798650000000,0.714375000000,0.304545000000),
double3(0.748040000000,0.791395000000,0.314050000000),
double3(0.571300000000,0.680770000000,0.087240000000),
double3(0.508840000000,0.750380000000,0.043270000000),
double3(0.754455000000,0.680655000000,0.147695000000),
double3(0.572760000000,0.931605000000,0.084185000000),
double3(0.542270000000,0.706735000000,0.055115000000),
double3(0.544025000000,0.688730000000,0.125330000000),
double3(0.535625000000,0.798650000000,0.054545000000),
double3(0.958605000000,0.748040000000,0.064050000000),
double3(0.569230000000,0.571300000000,0.337240000000),
double3(0.999620000000,0.508840000000,0.293270000000),
double3(0.569345000000,0.754455000000,0.397695000000),
double3(0.818395000000,0.572760000000,0.334185000000),
double3(0.543265000000,0.542270000000,0.305115000000),
double3(0.561270000000,0.544025000000,0.375330000000),
double3(0.951350000000,0.535625000000,0.304545000000),
double3(0.501960000000,0.958605000000,0.314050000000),
double3(0.571300000000,0.569230000000,0.587240000000),
double3(0.508840000000,0.999620000000,0.543270000000),
double3(0.754455000000,0.569345000000,0.647695000000),
double3(0.572760000000,0.818395000000,0.584185000000),
double3(0.573015000000,0.625000000000,0.578020000000),
double3(0.542270000000,0.543265000000,0.555115000000),
double3(0.625000000000,0.549835000000,0.589465000000),
double3(0.544025000000,0.561270000000,0.625330000000),
double3(0.535625000000,0.951350000000,0.554545000000),
double3(0.500000000000,0.500000000000,0.500000000000),
double3(0.958605000000,0.501960000000,0.564050000000),
double3(0.762170000000,0.625000000000,0.655360000000),
double3(0.798850000000,0.548850000000,0.625000000000),
double3(0.625000000000,0.796815000000,0.577440000000),
double3(0.555790000000,0.805790000000,0.625000000000),
double3(0.576135000000,0.875000000000,0.579715000000),
double3(0.680770000000,0.571300000000,0.837240000000),
double3(0.750380000000,0.508840000000,0.793270000000),
double3(0.680655000000,0.754455000000,0.897695000000),
double3(0.931605000000,0.572760000000,0.834185000000),
double3(0.625000000000,0.573015000000,0.828020000000),
double3(0.706735000000,0.542270000000,0.805115000000),
double3(0.700165000000,0.625000000000,0.839465000000),
double3(0.688730000000,0.544025000000,0.875330000000),
double3(0.798650000000,0.535625000000,0.804545000000),
double3(0.750000000000,0.500000000000,0.750000000000),
double3(0.748040000000,0.958605000000,0.814050000000),
double3(0.625000000000,0.762170000000,0.905360000000),
double3(0.701150000000,0.798850000000,0.875000000000),
double3(0.953185000000,0.625000000000,0.827440000000),
double3(0.944210000000,0.555790000000,0.875000000000),
double3(0.875000000000,0.576135000000,0.829715000000),
double3(0.678700000000,0.680770000000,0.587240000000),
double3(0.741160000000,0.750380000000,0.543270000000),
double3(0.995545000000,0.680655000000,0.647695000000),
double3(0.677240000000,0.931605000000,0.584185000000),
double3(0.676985000000,0.625000000000,0.578020000000),
double3(0.707730000000,0.706735000000,0.555115000000),
double3(0.625000000000,0.700165000000,0.589465000000),
double3(0.705975000000,0.688730000000,0.625330000000),
double3(0.714375000000,0.798650000000,0.554545000000),
double3(0.750000000000,0.750000000000,0.500000000000),
double3(0.791395000000,0.748040000000,0.564050000000),
double3(0.987830000000,0.625000000000,0.655360000000),
double3(0.951150000000,0.701150000000,0.625000000000),
double3(0.625000000000,0.953185000000,0.577440000000),
double3(0.694210000000,0.944210000000,0.625000000000),
double3(0.673865000000,0.875000000000,0.579715000000),
double3(0.569230000000,0.678700000000,0.837240000000),
double3(0.999620000000,0.741160000000,0.793270000000),
double3(0.569345000000,0.995545000000,0.897695000000),
double3(0.818395000000,0.677240000000,0.834185000000),
double3(0.625000000000,0.676985000000,0.828020000000),
double3(0.543265000000,0.707730000000,0.805115000000),
double3(0.549835000000,0.625000000000,0.839465000000),
double3(0.561270000000,0.705975000000,0.875330000000),
double3(0.951350000000,0.714375000000,0.804545000000),
double3(0.500000000000,0.750000000000,0.750000000000),
double3(0.501960000000,0.791395000000,0.814050000000),
double3(0.625000000000,0.987830000000,0.905360000000),
double3(0.548850000000,0.951150000000,0.875000000000),
double3(0.796815000000,0.625000000000,0.827440000000),
double3(0.805790000000,0.694210000000,0.875000000000),
double3(0.875000000000,0.673865000000,0.829715000000),
double3(0.821300000000,0.930770000000,0.912760000000),
double3(0.758840000000,0.500380000000,0.956730000000),
double3(0.504455000000,0.930655000000,0.852305000000),
double3(0.822760000000,0.681605000000,0.915815000000),
double3(0.823015000000,0.875000000000,0.921980000000),
double3(0.792270000000,0.956735000000,0.944885000000),
double3(0.875000000000,0.950165000000,0.910535000000),
double3(0.794025000000,0.938730000000,0.874670000000),
double3(0.785625000000,0.548650000000,0.945455000000),
double3(0.750000000000,0.500000000000,0.500000000000),
double3(0.708605000000,0.998040000000,0.935950000000),
double3(0.512170000000,0.875000000000,0.844640000000),
double3(0.875000000000,0.703185000000,0.922560000000),
double3(0.826135000000,0.625000000000,0.920285000000),
double3(0.819230000000,0.821300000000,0.662760000000),
double3(0.749620000000,0.758840000000,0.706730000000),
double3(0.819345000000,0.504455000000,0.602305000000),
double3(0.568395000000,0.822760000000,0.665815000000),
double3(0.875000000000,0.823015000000,0.671980000000),
double3(0.793265000000,0.792270000000,0.694885000000),
double3(0.799835000000,0.875000000000,0.660535000000),
double3(0.811270000000,0.794025000000,0.624670000000),
double3(0.701350000000,0.785625000000,0.695455000000),
double3(0.750000000000,0.750000000000,0.750000000000),
double3(0.751960000000,0.708605000000,0.685950000000),
double3(0.875000000000,0.512170000000,0.594640000000),
double3(0.546815000000,0.875000000000,0.672560000000),
double3(0.625000000000,0.826135000000,0.670285000000),
double3(0.928700000000,0.819230000000,0.912760000000),
double3(0.991160000000,0.749620000000,0.956730000000),
double3(0.745545000000,0.819345000000,0.852305000000),
double3(0.927240000000,0.568395000000,0.915815000000),
double3(0.926985000000,0.875000000000,0.921980000000),
double3(0.957730000000,0.793265000000,0.944885000000),
double3(0.875000000000,0.799835000000,0.910535000000),
double3(0.955975000000,0.811270000000,0.874670000000),
double3(0.964375000000,0.701350000000,0.945455000000),
double3(0.500000000000,0.750000000000,0.500000000000),
double3(0.541395000000,0.751960000000,0.935950000000),
double3(0.737830000000,0.875000000000,0.844640000000),
double3(0.875000000000,0.546815000000,0.922560000000),
double3(0.923865000000,0.625000000000,0.920285000000),
double3(0.930770000000,0.928700000000,0.662760000000),
double3(0.500380000000,0.991160000000,0.706730000000),
double3(0.930655000000,0.745545000000,0.602305000000),
double3(0.681605000000,0.927240000000,0.665815000000),
double3(0.875000000000,0.926985000000,0.671980000000),
double3(0.956735000000,0.957730000000,0.694885000000),
double3(0.950165000000,0.875000000000,0.660535000000),
double3(0.938730000000,0.955975000000,0.624670000000),
double3(0.548650000000,0.964375000000,0.695455000000),
double3(0.500000000000,0.500000000000,0.750000000000),
double3(0.998040000000,0.541395000000,0.685950000000),
double3(0.875000000000,0.737830000000,0.594640000000),
double3(0.703185000000,0.875000000000,0.672560000000),
double3(0.625000000000,0.923865000000,0.670285000000),
double3(0.928700000000,0.930770000000,0.912760000000),
double3(0.991160000000,0.500380000000,0.956730000000),
double3(0.745545000000,0.930655000000,0.852305000000),
double3(0.927240000000,0.681605000000,0.915815000000),
double3(0.957730000000,0.956735000000,0.944885000000),
double3(0.955975000000,0.938730000000,0.874670000000),
double3(0.964375000000,0.548650000000,0.945455000000),
double3(0.541395000000,0.998040000000,0.935950000000),
double3(0.701150000000,0.951150000000,0.875000000000),
double3(0.944210000000,0.694210000000,0.875000000000),
double3(0.819230000000,0.928700000000,0.662760000000),
double3(0.749620000000,0.991160000000,0.706730000000),
double3(0.819345000000,0.745545000000,0.602305000000),
double3(0.568395000000,0.927240000000,0.665815000000),
double3(0.793265000000,0.957730000000,0.694885000000),
double3(0.811270000000,0.955975000000,0.624670000000),
double3(0.701350000000,0.964375000000,0.695455000000),
double3(0.751960000000,0.541395000000,0.685950000000),
double3(0.798850000000,0.701150000000,0.625000000000),
double3(0.555790000000,0.944210000000,0.625000000000),
double3(0.821300000000,0.819230000000,0.912760000000),
double3(0.758840000000,0.749620000000,0.956730000000),
double3(0.504455000000,0.819345000000,0.852305000000),
double3(0.822760000000,0.568395000000,0.915815000000),
double3(0.792270000000,0.793265000000,0.944885000000),
double3(0.794025000000,0.811270000000,0.874670000000),
double3(0.785625000000,0.701350000000,0.945455000000),
double3(0.708605000000,0.751960000000,0.935950000000),
double3(0.548850000000,0.798850000000,0.875000000000),
double3(0.805790000000,0.555790000000,0.875000000000),
double3(0.930770000000,0.821300000000,0.662760000000),
double3(0.500380000000,0.758840000000,0.706730000000),
double3(0.930655000000,0.504455000000,0.602305000000),
double3(0.681605000000,0.822760000000,0.665815000000),
double3(0.956735000000,0.792270000000,0.694885000000),
double3(0.938730000000,0.794025000000,0.624670000000),
double3(0.548650000000,0.785625000000,0.695455000000),
double3(0.998040000000,0.708605000000,0.685950000000),
double3(0.951150000000,0.548850000000,0.625000000000),
double3(0.694210000000,0.805790000000,0.625000000000),
double3(0.678700000000,0.569230000000,0.587240000000),
double3(0.741160000000,0.999620000000,0.543270000000),
double3(0.995545000000,0.569345000000,0.647695000000),
double3(0.677240000000,0.818395000000,0.584185000000),
double3(0.707730000000,0.543265000000,0.555115000000),
double3(0.705975000000,0.561270000000,0.625330000000),
double3(0.714375000000,0.951350000000,0.554545000000),
double3(0.791395000000,0.501960000000,0.564050000000),
double3(0.680770000000,0.678700000000,0.837240000000),
double3(0.750380000000,0.741160000000,0.793270000000),
double3(0.680655000000,0.995545000000,0.897695000000),
double3(0.931605000000,0.677240000000,0.834185000000),
double3(0.706735000000,0.707730000000,0.805115000000),
double3(0.688730000000,0.705975000000,0.875330000000),
double3(0.798650000000,0.714375000000,0.804545000000),
double3(0.748040000000,0.791395000000,0.814050000000),
double3(0.571300000000,0.680770000000,0.587240000000),
double3(0.508840000000,0.750380000000,0.543270000000),
double3(0.754455000000,0.680655000000,0.647695000000),
double3(0.572760000000,0.931605000000,0.584185000000),
double3(0.542270000000,0.706735000000,0.555115000000),
double3(0.544025000000,0.688730000000,0.625330000000),
double3(0.535625000000,0.798650000000,0.554545000000),
double3(0.958605000000,0.748040000000,0.564050000000),
double3(0.569230000000,0.571300000000,0.837240000000),
double3(0.999620000000,0.508840000000,0.793270000000),
double3(0.569345000000,0.754455000000,0.897695000000),
double3(0.818395000000,0.572760000000,0.834185000000),
double3(0.543265000000,0.542270000000,0.805115000000),
double3(0.561270000000,0.544025000000,0.875330000000),
double3(0.951350000000,0.535625000000,0.804545000000),
double3(0.501960000000,0.958605000000,0.814050000000),
