[double3(26.310000000000,0.000000000000,0.000000000000),double3(0.000000000000,26.310000000000,0.000000000000),double3(0.000000000000,0.000000000000,26.310000000000)]

double3(0.018800000000,0.202600000000,0.010500000000),
double3(0.030400000000,0.173400000000,0.105500000000),
double3(0.043000000000,0.107300000000,0.031600000000),
double3(0.109500000000,0.180800000000,0.045300000000),
double3(0.186100000000,0.167300000000,0.108000000000),
double3(0.202300000000,0.200100000000,0.014900000000),
double3(0.230500000000,0.295400000000,0.026700000000),
double3(0.294300000000,0.221200000000,0.047400000000),
double3(0.209000000000,0.389600000000,0.053000000000),
double3(0.137800000000,0.319400000000,0.055300000000),
double3(0.211700000000,0.318300000000,0.122300000000),
double3(0.066000000000,0.316000000000,0.125000000000),
double3(0.067100000000,0.389900000000,0.058000000000),
double3(0.044100000000,0.483800000000,0.033600000000),
double3(0.138200000000,0.460200000000,0.055600000000),
double3(0.209700000000,0.459700000000,0.125000000000),
double3(0.201000000000,0.201000000000,0.201000000000),
double3(0.011000000000,0.011000000000,0.011000000000),
double3(0.234400000000,0.487000000000,0.028200000000),
double3(0.050200000000,0.165800000000,0.048000000000),
double3(0.167900000000,0.163300000000,0.049700000000),
double3(0.249000000000,0.239400000000,0.010500000000),
double3(0.197300000000,0.330600000000,0.064100000000),
double3(0.078700000000,0.330500000000,0.066900000000),
double3(0.079600000000,0.448700000000,0.069000000000),
double3(0.197300000000,0.448200000000,0.066200000000),
double3(0.049000000000,0.049000000000,0.049000000000),
double3(0.165700000000,0.165700000000,0.165700000000),
double3(0.236200000000,0.236200000000,0.236200000000),
double3(0.047400000000,0.768800000000,0.260500000000),
double3(0.076600000000,0.780400000000,0.355500000000),
double3(0.142700000000,0.793000000000,0.281600000000),
double3(0.069200000000,0.859500000000,0.295300000000),
double3(0.082700000000,0.936100000000,0.358000000000),
double3(0.049900000000,0.952300000000,0.264900000000),
double3(0.954600000000,0.980500000000,0.276700000000),
double3(0.028800000000,0.044300000000,0.297400000000),
double3(0.860400000000,0.959000000000,0.303000000000),
double3(0.930600000000,0.887800000000,0.305300000000),
double3(0.931700000000,0.961700000000,0.372300000000),
double3(0.934000000000,0.816000000000,0.375000000000),
double3(0.860100000000,0.817100000000,0.308000000000),
double3(0.766200000000,0.794100000000,0.283600000000),
double3(0.789800000000,0.888200000000,0.305600000000),
double3(0.790300000000,0.959700000000,0.375000000000),
double3(0.049000000000,0.951000000000,0.451000000000),
double3(0.239000000000,0.761000000000,0.261000000000),
double3(0.763000000000,0.984400000000,0.278200000000),
double3(0.084200000000,0.800200000000,0.298000000000),
double3(0.086700000000,0.917900000000,0.299700000000),
double3(0.010600000000,0.999000000000,0.260500000000),
double3(0.919400000000,0.947300000000,0.314100000000),
double3(0.919500000000,0.828700000000,0.316900000000),
double3(0.801300000000,0.829600000000,0.319000000000),
double3(0.801800000000,0.947300000000,0.316200000000),
double3(0.201000000000,0.799000000000,0.299000000000),
double3(0.084300000000,0.915700000000,0.415700000000),
double3(0.013800000000,0.986200000000,0.486200000000),
double3(0.481200000000,0.797400000000,0.510500000000),
double3(0.469600000000,0.826600000000,0.605500000000),
double3(0.457000000000,0.892700000000,0.531600000000),
double3(0.390500000000,0.819200000000,0.545300000000),
double3(0.313900000000,0.832700000000,0.608000000000),
double3(0.297700000000,0.799900000000,0.514900000000),
double3(0.269500000000,0.704600000000,0.526700000000),
double3(0.205700000000,0.778800000000,0.547400000000),
double3(0.291000000000,0.610400000000,0.553000000000),
double3(0.362200000000,0.680600000000,0.555300000000),
double3(0.288300000000,0.681700000000,0.622300000000),
double3(0.434000000000,0.684000000000,0.625000000000),
double3(0.432900000000,0.610100000000,0.558000000000),
double3(0.455900000000,0.516200000000,0.533600000000),
double3(0.361800000000,0.539800000000,0.555600000000),
double3(0.290300000000,0.540300000000,0.625000000000),
double3(0.299000000000,0.799000000000,0.701000000000),
double3(0.489000000000,0.989000000000,0.511000000000),
double3(0.265600000000,0.513000000000,0.528200000000),
double3(0.449800000000,0.834200000000,0.548000000000),
double3(0.332100000000,0.836700000000,0.549700000000),
double3(0.251000000000,0.760600000000,0.510500000000),
double3(0.302700000000,0.669400000000,0.564100000000),
double3(0.421300000000,0.669500000000,0.566900000000),
double3(0.420400000000,0.551300000000,0.569000000000),
double3(0.302700000000,0.551800000000,0.566200000000),
double3(0.451000000000,0.951000000000,0.549000000000),
double3(0.334300000000,0.834300000000,0.665700000000),
double3(0.263800000000,0.763800000000,0.736200000000),
double3(0.452600000000,0.231200000000,0.760500000000),
double3(0.423400000000,0.219600000000,0.855500000000),
double3(0.357300000000,0.207000000000,0.781600000000),
double3(0.430800000000,0.140500000000,0.795300000000),
double3(0.417300000000,0.063900000000,0.858000000000),
double3(0.450100000000,0.047700000000,0.764900000000),
double3(0.545400000000,0.019500000000,0.776700000000),
double3(0.471200000000,0.955700000000,0.797400000000),
double3(0.639600000000,0.041000000000,0.803000000000),
double3(0.569400000000,0.112200000000,0.805300000000),
double3(0.568300000000,0.038300000000,0.872300000000),
double3(0.566000000000,0.184000000000,0.875000000000),
double3(0.639900000000,0.182900000000,0.808000000000),
double3(0.733800000000,0.205900000000,0.783600000000),
double3(0.710200000000,0.111800000000,0.805600000000),
double3(0.709700000000,0.040300000000,0.875000000000),
double3(0.451000000000,0.049000000000,0.951000000000),
double3(0.261000000000,0.239000000000,0.761000000000),
double3(0.737000000000,0.015600000000,0.778200000000),
double3(0.415800000000,0.199800000000,0.798000000000),
double3(0.413300000000,0.082100000000,0.799700000000),
double3(0.489400000000,0.001000000000,0.760500000000),
double3(0.580600000000,0.052700000000,0.814100000000),
double3(0.580500000000,0.171300000000,0.816900000000),
double3(0.698700000000,0.170400000000,0.819000000000),
double3(0.698200000000,0.052700000000,0.816200000000),
double3(0.299000000000,0.201000000000,0.799000000000),
double3(0.415700000000,0.084300000000,0.915700000000),
double3(0.486200000000,0.013800000000,0.986200000000),
double3(0.518800000000,0.297400000000,0.989500000000),
double3(0.530400000000,0.326600000000,0.894500000000),
double3(0.543000000000,0.392700000000,0.968400000000),
double3(0.609500000000,0.319200000000,0.954700000000),
double3(0.686100000000,0.332700000000,0.892000000000),
double3(0.702300000000,0.299900000000,0.985100000000),
double3(0.730500000000,0.204600000000,0.973300000000),
double3(0.794300000000,0.278800000000,0.952600000000),
double3(0.709000000000,0.110400000000,0.947000000000),
double3(0.637800000000,0.180600000000,0.944700000000),
double3(0.711700000000,0.181700000000,0.877700000000),
double3(0.567100000000,0.110100000000,0.942000000000),
double3(0.544100000000,0.016200000000,0.966400000000),
double3(0.638200000000,0.039800000000,0.944400000000),
double3(0.701000000000,0.299000000000,0.799000000000),
double3(0.511000000000,0.489000000000,0.989000000000),
double3(0.734400000000,0.013000000000,0.971800000000),
double3(0.550200000000,0.334200000000,0.952000000000),
double3(0.667900000000,0.336700000000,0.950300000000),
double3(0.749000000000,0.260600000000,0.989500000000),
double3(0.697300000000,0.169400000000,0.935900000000),
double3(0.578700000000,0.169500000000,0.933100000000),
double3(0.579600000000,0.051300000000,0.931000000000),
double3(0.697300000000,0.051800000000,0.933800000000),
double3(0.549000000000,0.451000000000,0.951000000000),
double3(0.665700000000,0.334300000000,0.834300000000),
double3(0.736200000000,0.263800000000,0.763800000000),
double3(0.952600000000,0.268800000000,0.239500000000),
double3(0.923400000000,0.280400000000,0.144500000000),
double3(0.857300000000,0.293000000000,0.218400000000),
double3(0.930800000000,0.359500000000,0.204700000000),
double3(0.917300000000,0.436100000000,0.142000000000),
double3(0.950100000000,0.452300000000,0.235100000000),
double3(0.045400000000,0.480500000000,0.223300000000),
double3(0.971200000000,0.544300000000,0.202600000000),
double3(0.139600000000,0.459000000000,0.197000000000),
double3(0.069400000000,0.387800000000,0.194700000000),
double3(0.068300000000,0.461700000000,0.127700000000),
double3(0.139900000000,0.317100000000,0.192000000000),
double3(0.233800000000,0.294100000000,0.216400000000),
double3(0.210200000000,0.388200000000,0.194400000000),
double3(0.951000000000,0.451000000000,0.049000000000),
double3(0.761000000000,0.261000000000,0.239000000000),
double3(0.237000000000,0.484400000000,0.221800000000),
double3(0.915800000000,0.300200000000,0.202000000000),
double3(0.913300000000,0.417900000000,0.200300000000),
double3(0.989400000000,0.499000000000,0.239500000000),
double3(0.080600000000,0.447300000000,0.185900000000),
double3(0.080500000000,0.328700000000,0.183100000000),
double3(0.198700000000,0.329600000000,0.181000000000),
double3(0.198200000000,0.447300000000,0.183800000000),
double3(0.799000000000,0.299000000000,0.201000000000),
double3(0.915700000000,0.415700000000,0.084300000000),
double3(0.986200000000,0.486200000000,0.013800000000),
double3(0.981200000000,0.702600000000,0.489500000000),
double3(0.969600000000,0.673400000000,0.394500000000),
double3(0.957000000000,0.607300000000,0.468400000000),
double3(0.890500000000,0.680800000000,0.454700000000),
double3(0.813900000000,0.667300000000,0.392000000000),
double3(0.797700000000,0.700100000000,0.485100000000),
double3(0.769500000000,0.795400000000,0.473300000000),
double3(0.705700000000,0.721200000000,0.452600000000),
double3(0.791000000000,0.889600000000,0.447000000000),
double3(0.862200000000,0.819400000000,0.444700000000),
double3(0.788300000000,0.818300000000,0.377700000000),
double3(0.932900000000,0.889900000000,0.442000000000),
double3(0.955900000000,0.983800000000,0.466400000000),
double3(0.861800000000,0.960200000000,0.444400000000),
double3(0.799000000000,0.701000000000,0.299000000000),
double3(0.989000000000,0.511000000000,0.489000000000),
double3(0.765600000000,0.987000000000,0.471800000000),
double3(0.949800000000,0.665800000000,0.452000000000),
double3(0.832100000000,0.663300000000,0.450300000000),
double3(0.751000000000,0.739400000000,0.489500000000),
double3(0.802700000000,0.830600000000,0.435900000000),
double3(0.921300000000,0.830500000000,0.433100000000),
double3(0.920400000000,0.948700000000,0.431000000000),
double3(0.802700000000,0.948200000000,0.433800000000),
double3(0.951000000000,0.549000000000,0.451000000000),
double3(0.834300000000,0.665700000000,0.334300000000),
double3(0.763800000000,0.736200000000,0.263800000000),
double3(0.547400000000,0.731200000000,0.739500000000),
double3(0.576600000000,0.719600000000,0.644500000000),
double3(0.642700000000,0.707000000000,0.718400000000),
double3(0.569200000000,0.640500000000,0.704700000000),
double3(0.582700000000,0.563900000000,0.642000000000),
double3(0.549900000000,0.547700000000,0.735100000000),
double3(0.454600000000,0.519500000000,0.723300000000),
double3(0.528800000000,0.455700000000,0.702600000000),
double3(0.360400000000,0.541000000000,0.697000000000),
double3(0.430600000000,0.612200000000,0.694700000000),
double3(0.431700000000,0.538300000000,0.627700000000),
double3(0.360100000000,0.682900000000,0.692000000000),
double3(0.266200000000,0.705900000000,0.716400000000),
double3(0.289800000000,0.611800000000,0.694400000000),
double3(0.549000000000,0.549000000000,0.549000000000),
double3(0.739000000000,0.739000000000,0.739000000000),
double3(0.263000000000,0.515600000000,0.721800000000),
double3(0.584200000000,0.699800000000,0.702000000000),
double3(0.586700000000,0.582100000000,0.700300000000),
double3(0.510600000000,0.501000000000,0.739500000000),
double3(0.419400000000,0.552700000000,0.685900000000),
double3(0.419500000000,0.671300000000,0.683100000000),
double3(0.301300000000,0.670400000000,0.681000000000),
double3(0.301800000000,0.552700000000,0.683800000000),
double3(0.701000000000,0.701000000000,0.701000000000),
double3(0.584300000000,0.584300000000,0.584300000000),
double3(0.513800000000,0.513800000000,0.513800000000),
double3(0.010500000000,0.018800000000,0.202600000000),
double3(0.105500000000,0.030400000000,0.173400000000),
double3(0.031600000000,0.043000000000,0.107300000000),
double3(0.045300000000,0.109500000000,0.180800000000),
double3(0.108000000000,0.186100000000,0.167300000000),
double3(0.014900000000,0.202300000000,0.200100000000),
double3(0.026700000000,0.230500000000,0.295400000000),
double3(0.047400000000,0.294300000000,0.221200000000),
double3(0.053000000000,0.209000000000,0.389600000000),
double3(0.055300000000,0.137800000000,0.319400000000),
double3(0.122300000000,0.211700000000,0.318300000000),
double3(0.125000000000,0.066000000000,0.316000000000),
double3(0.058000000000,0.067100000000,0.389900000000),
double3(0.033600000000,0.044100000000,0.483800000000),
double3(0.055600000000,0.138200000000,0.460200000000),
double3(0.125000000000,0.209700000000,0.459700000000),
double3(0.028200000000,0.234400000000,0.487000000000),
double3(0.048000000000,0.050200000000,0.165800000000),
double3(0.049700000000,0.167900000000,0.163300000000),
double3(0.010500000000,0.249000000000,0.239400000000),
double3(0.064100000000,0.197300000000,0.330600000000),
double3(0.066900000000,0.078700000000,0.330500000000),
double3(0.069000000000,0.079600000000,0.448700000000),
double3(0.066200000000,0.197300000000,0.448200000000),
double3(0.231200000000,0.760500000000,0.452600000000),
double3(0.219600000000,0.855500000000,0.423400000000),
double3(0.207000000000,0.781600000000,0.357300000000),
double3(0.140500000000,0.795300000000,0.430800000000),
double3(0.063900000000,0.858000000000,0.417300000000),
double3(0.047700000000,0.764900000000,0.450100000000),
double3(0.019500000000,0.776700000000,0.545400000000),
double3(0.955700000000,0.797400000000,0.471200000000),
double3(0.041000000000,0.803000000000,0.639600000000),
double3(0.112200000000,0.805300000000,0.569400000000),
double3(0.038300000000,0.872300000000,0.568300000000),
double3(0.184000000000,0.875000000000,0.566000000000),
double3(0.182900000000,0.808000000000,0.639900000000),
double3(0.205900000000,0.783600000000,0.733800000000),
double3(0.111800000000,0.805600000000,0.710200000000),
double3(0.040300000000,0.875000000000,0.709700000000),
double3(0.015600000000,0.778200000000,0.737000000000),
double3(0.199800000000,0.798000000000,0.415800000000),
double3(0.082100000000,0.799700000000,0.413300000000),
double3(0.001000000000,0.760500000000,0.489400000000),
double3(0.052700000000,0.814100000000,0.580600000000),
double3(0.171300000000,0.816900000000,0.580500000000),
double3(0.170400000000,0.819000000000,0.698700000000),
double3(0.052700000000,0.816200000000,0.698200000000),
double3(0.489500000000,0.981200000000,0.702600000000),
double3(0.394500000000,0.969600000000,0.673400000000),
double3(0.468400000000,0.957000000000,0.607300000000),
double3(0.454700000000,0.890500000000,0.680800000000),
double3(0.392000000000,0.813900000000,0.667300000000),
double3(0.485100000000,0.797700000000,0.700100000000),
double3(0.473300000000,0.769500000000,0.795400000000),
double3(0.452600000000,0.705700000000,0.721200000000),
double3(0.447000000000,0.791000000000,0.889600000000),
double3(0.444700000000,0.862200000000,0.819400000000),
double3(0.377700000000,0.788300000000,0.818300000000),
double3(0.375000000000,0.934000000000,0.816000000000),
double3(0.442000000000,0.932900000000,0.889900000000),
double3(0.466400000000,0.955900000000,0.983800000000),
double3(0.444400000000,0.861800000000,0.960200000000),
double3(0.375000000000,0.790300000000,0.959700000000),
double3(0.471800000000,0.765600000000,0.987000000000),
double3(0.452000000000,0.949800000000,0.665800000000),
double3(0.450300000000,0.832100000000,0.663300000000),
double3(0.489500000000,0.751000000000,0.739400000000),
double3(0.435900000000,0.802700000000,0.830600000000),
double3(0.433100000000,0.921300000000,0.830500000000),
double3(0.431000000000,0.920400000000,0.948700000000),
double3(0.433800000000,0.802700000000,0.948200000000),
double3(0.268800000000,0.239500000000,0.952600000000),
double3(0.280400000000,0.144500000000,0.923400000000),
double3(0.293000000000,0.218400000000,0.857300000000),
double3(0.359500000000,0.204700000000,0.930800000000),
double3(0.436100000000,0.142000000000,0.917300000000),
double3(0.452300000000,0.235100000000,0.950100000000),
double3(0.480500000000,0.223300000000,0.045400000000),
double3(0.544300000000,0.202600000000,0.971200000000),
double3(0.459000000000,0.197000000000,0.139600000000),
double3(0.387800000000,0.194700000000,0.069400000000),
double3(0.461700000000,0.127700000000,0.068300000000),
double3(0.316000000000,0.125000000000,0.066000000000),
double3(0.317100000000,0.192000000000,0.139900000000),
double3(0.294100000000,0.216400000000,0.233800000000),
double3(0.388200000000,0.194400000000,0.210200000000),
double3(0.459700000000,0.125000000000,0.209700000000),
double3(0.484400000000,0.221800000000,0.237000000000),
double3(0.300200000000,0.202000000000,0.915800000000),
double3(0.417900000000,0.200300000000,0.913300000000),
double3(0.499000000000,0.239500000000,0.989400000000),
double3(0.447300000000,0.185900000000,0.080600000000),
double3(0.328700000000,0.183100000000,0.080500000000),
double3(0.329600000000,0.181000000000,0.198700000000),
double3(0.447300000000,0.183800000000,0.198200000000),
double3(0.510500000000,0.481200000000,0.797400000000),
double3(0.605500000000,0.469600000000,0.826600000000),
double3(0.531600000000,0.457000000000,0.892700000000),
double3(0.545300000000,0.390500000000,0.819200000000),
double3(0.608000000000,0.313900000000,0.832700000000),
double3(0.514900000000,0.297700000000,0.799900000000),
double3(0.526700000000,0.269500000000,0.704600000000),
double3(0.547400000000,0.205700000000,0.778800000000),
double3(0.553000000000,0.291000000000,0.610400000000),
double3(0.555300000000,0.362200000000,0.680600000000),
double3(0.622300000000,0.288300000000,0.681700000000),
double3(0.625000000000,0.434000000000,0.684000000000),
double3(0.558000000000,0.432900000000,0.610100000000),
double3(0.533600000000,0.455900000000,0.516200000000),
double3(0.555600000000,0.361800000000,0.539800000000),
double3(0.625000000000,0.290300000000,0.540300000000),
double3(0.528200000000,0.265600000000,0.513000000000),
double3(0.548000000000,0.449800000000,0.834200000000),
double3(0.549700000000,0.332100000000,0.836700000000),
double3(0.510500000000,0.251000000000,0.760600000000),
double3(0.564100000000,0.302700000000,0.669400000000),
double3(0.566900000000,0.421300000000,0.669500000000),
double3(0.569000000000,0.420400000000,0.551300000000),
double3(0.566200000000,0.302700000000,0.551800000000),
double3(0.768800000000,0.260500000000,0.047400000000),
double3(0.780400000000,0.355500000000,0.076600000000),
double3(0.793000000000,0.281600000000,0.142700000000),
double3(0.859500000000,0.295300000000,0.069200000000),
double3(0.936100000000,0.358000000000,0.082700000000),
double3(0.952300000000,0.264900000000,0.049900000000),
double3(0.980500000000,0.276700000000,0.954600000000),
double3(0.044300000000,0.297400000000,0.028800000000),
double3(0.959000000000,0.303000000000,0.860400000000),
double3(0.887800000000,0.305300000000,0.930600000000),
double3(0.961700000000,0.372300000000,0.931700000000),
double3(0.816000000000,0.375000000000,0.934000000000),
double3(0.817100000000,0.308000000000,0.860100000000),
double3(0.794100000000,0.283600000000,0.766200000000),
double3(0.888200000000,0.305600000000,0.789800000000),
double3(0.959700000000,0.375000000000,0.790300000000),
double3(0.984400000000,0.278200000000,0.763000000000),
double3(0.800200000000,0.298000000000,0.084200000000),
double3(0.917900000000,0.299700000000,0.086700000000),
double3(0.999000000000,0.260500000000,0.010600000000),
double3(0.947300000000,0.314100000000,0.919400000000),
double3(0.828700000000,0.316900000000,0.919500000000),
double3(0.829600000000,0.319000000000,0.801300000000),
double3(0.947300000000,0.316200000000,0.801800000000),
double3(0.989500000000,0.518800000000,0.297400000000),
double3(0.894500000000,0.530400000000,0.326600000000),
double3(0.968400000000,0.543000000000,0.392700000000),
double3(0.954700000000,0.609500000000,0.319200000000),
double3(0.892000000000,0.686100000000,0.332700000000),
double3(0.985100000000,0.702300000000,0.299900000000),
double3(0.973300000000,0.730500000000,0.204600000000),
double3(0.952600000000,0.794300000000,0.278800000000),
double3(0.947000000000,0.709000000000,0.110400000000),
double3(0.944700000000,0.637800000000,0.180600000000),
double3(0.877700000000,0.711700000000,0.181700000000),
double3(0.875000000000,0.566000000000,0.184000000000),
double3(0.942000000000,0.567100000000,0.110100000000),
double3(0.966400000000,0.544100000000,0.016200000000),
double3(0.944400000000,0.638200000000,0.039800000000),
double3(0.875000000000,0.709700000000,0.040300000000),
double3(0.971800000000,0.734400000000,0.013000000000),
double3(0.952000000000,0.550200000000,0.334200000000),
double3(0.950300000000,0.667900000000,0.336700000000),
double3(0.989500000000,0.749000000000,0.260600000000),
double3(0.935900000000,0.697300000000,0.169400000000),
double3(0.933100000000,0.578700000000,0.169500000000),
double3(0.931000000000,0.579600000000,0.051300000000),
double3(0.933800000000,0.697300000000,0.051800000000),
double3(0.731200000000,0.739500000000,0.547400000000),
double3(0.719600000000,0.644500000000,0.576600000000),
double3(0.707000000000,0.718400000000,0.642700000000),
double3(0.640500000000,0.704700000000,0.569200000000),
double3(0.563900000000,0.642000000000,0.582700000000),
double3(0.547700000000,0.735100000000,0.549900000000),
double3(0.519500000000,0.723300000000,0.454600000000),
double3(0.455700000000,0.702600000000,0.528800000000),
double3(0.541000000000,0.697000000000,0.360400000000),
double3(0.612200000000,0.694700000000,0.430600000000),
double3(0.538300000000,0.627700000000,0.431700000000),
double3(0.684000000000,0.625000000000,0.434000000000),
double3(0.682900000000,0.692000000000,0.360100000000),
double3(0.705900000000,0.716400000000,0.266200000000),
double3(0.611800000000,0.694400000000,0.289800000000),
double3(0.540300000000,0.625000000000,0.290300000000),
double3(0.515600000000,0.721800000000,0.263000000000),
double3(0.699800000000,0.702000000000,0.584200000000),
double3(0.582100000000,0.700300000000,0.586700000000),
double3(0.501000000000,0.739500000000,0.510600000000),
double3(0.552700000000,0.685900000000,0.419400000000),
double3(0.671300000000,0.683100000000,0.419500000000),
double3(0.670400000000,0.681000000000,0.301300000000),
double3(0.552700000000,0.683800000000,0.301800000000),
double3(0.202600000000,0.010500000000,0.018800000000),
double3(0.173400000000,0.105500000000,0.030400000000),
double3(0.107300000000,0.031600000000,0.043000000000),
double3(0.180800000000,0.045300000000,0.109500000000),
double3(0.167300000000,0.108000000000,0.186100000000),
double3(0.200100000000,0.014900000000,0.202300000000),
double3(0.295400000000,0.026700000000,0.230500000000),
double3(0.221200000000,0.047400000000,0.294300000000),
double3(0.389600000000,0.053000000000,0.209000000000),
double3(0.319400000000,0.055300000000,0.137800000000),
double3(0.318300000000,0.122300000000,0.211700000000),
double3(0.389900000000,0.058000000000,0.067100000000),
double3(0.483800000000,0.033600000000,0.044100000000),
double3(0.460200000000,0.055600000000,0.138200000000),
double3(0.487000000000,0.028200000000,0.234400000000),
double3(0.165800000000,0.048000000000,0.050200000000),
double3(0.163300000000,0.049700000000,0.167900000000),
double3(0.239400000000,0.010500000000,0.249000000000),
double3(0.330600000000,0.064100000000,0.197300000000),
double3(0.330500000000,0.066900000000,0.078700000000),
double3(0.448700000000,0.069000000000,0.079600000000),
double3(0.448200000000,0.066200000000,0.197300000000),
double3(0.702600000000,0.489500000000,0.981200000000),
double3(0.673400000000,0.394500000000,0.969600000000),
double3(0.607300000000,0.468400000000,0.957000000000),
double3(0.680800000000,0.454700000000,0.890500000000),
double3(0.667300000000,0.392000000000,0.813900000000),
double3(0.700100000000,0.485100000000,0.797700000000),
double3(0.795400000000,0.473300000000,0.769500000000),
double3(0.721200000000,0.452600000000,0.705700000000),
double3(0.889600000000,0.447000000000,0.791000000000),
double3(0.819400000000,0.444700000000,0.862200000000),
double3(0.818300000000,0.377700000000,0.788300000000),
double3(0.889900000000,0.442000000000,0.932900000000),
double3(0.983800000000,0.466400000000,0.955900000000),
double3(0.960200000000,0.444400000000,0.861800000000),
double3(0.987000000000,0.471800000000,0.765600000000),
double3(0.665800000000,0.452000000000,0.949800000000),
double3(0.663300000000,0.450300000000,0.832100000000),
double3(0.739400000000,0.489500000000,0.751000000000),
double3(0.830600000000,0.435900000000,0.802700000000),
double3(0.830500000000,0.433100000000,0.921300000000),
double3(0.948700000000,0.431000000000,0.920400000000),
double3(0.948200000000,0.433800000000,0.802700000000),
double3(0.760500000000,0.452600000000,0.231200000000),
double3(0.855500000000,0.423400000000,0.219600000000),
double3(0.781600000000,0.357300000000,0.207000000000),
double3(0.795300000000,0.430800000000,0.140500000000),
double3(0.858000000000,0.417300000000,0.063900000000),
double3(0.764900000000,0.450100000000,0.047700000000),
double3(0.776700000000,0.545400000000,0.019500000000),
double3(0.797400000000,0.471200000000,0.955700000000),
double3(0.803000000000,0.639600000000,0.041000000000),
double3(0.805300000000,0.569400000000,0.112200000000),
double3(0.872300000000,0.568300000000,0.038300000000),
double3(0.808000000000,0.639900000000,0.182900000000),
double3(0.783600000000,0.733800000000,0.205900000000),
double3(0.805600000000,0.710200000000,0.111800000000),
double3(0.778200000000,0.737000000000,0.015600000000),
double3(0.798000000000,0.415800000000,0.199800000000),
double3(0.799700000000,0.413300000000,0.082100000000),
double3(0.760500000000,0.489400000000,0.001000000000),
double3(0.814100000000,0.580600000000,0.052700000000),
double3(0.816900000000,0.580500000000,0.171300000000),
double3(0.819000000000,0.698700000000,0.170400000000),
double3(0.816200000000,0.698200000000,0.052700000000),
double3(0.797400000000,0.510500000000,0.481200000000),
double3(0.826600000000,0.605500000000,0.469600000000),
double3(0.892700000000,0.531600000000,0.457000000000),
double3(0.819200000000,0.545300000000,0.390500000000),
double3(0.832700000000,0.608000000000,0.313900000000),
double3(0.799900000000,0.514900000000,0.297700000000),
double3(0.704600000000,0.526700000000,0.269500000000),
double3(0.778800000000,0.547400000000,0.205700000000),
double3(0.610400000000,0.553000000000,0.291000000000),
double3(0.680600000000,0.555300000000,0.362200000000),
double3(0.681700000000,0.622300000000,0.288300000000),
double3(0.610100000000,0.558000000000,0.432900000000),
double3(0.516200000000,0.533600000000,0.455900000000),
double3(0.539800000000,0.555600000000,0.361800000000),
double3(0.513000000000,0.528200000000,0.265600000000),
double3(0.834200000000,0.548000000000,0.449800000000),
double3(0.836700000000,0.549700000000,0.332100000000),
double3(0.760600000000,0.510500000000,0.251000000000),
double3(0.669400000000,0.564100000000,0.302700000000),
double3(0.669500000000,0.566900000000,0.421300000000),
double3(0.551300000000,0.569000000000,0.420400000000),
double3(0.551800000000,0.566200000000,0.302700000000),
double3(0.739500000000,0.547400000000,0.731200000000),
double3(0.644500000000,0.576600000000,0.719600000000),
double3(0.718400000000,0.642700000000,0.707000000000),
double3(0.704700000000,0.569200000000,0.640500000000),
double3(0.642000000000,0.582700000000,0.563900000000),
double3(0.735100000000,0.549900000000,0.547700000000),
double3(0.723300000000,0.454600000000,0.519500000000),
double3(0.702600000000,0.528800000000,0.455700000000),
double3(0.697000000000,0.360400000000,0.541000000000),
double3(0.694700000000,0.430600000000,0.612200000000),
double3(0.627700000000,0.431700000000,0.538300000000),
double3(0.692000000000,0.360100000000,0.682900000000),
double3(0.716400000000,0.266200000000,0.705900000000),
double3(0.694400000000,0.289800000000,0.611800000000),
double3(0.721800000000,0.263000000000,0.515600000000),
double3(0.702000000000,0.584200000000,0.699800000000),
double3(0.700300000000,0.586700000000,0.582100000000),
double3(0.739500000000,0.510600000000,0.501000000000),
double3(0.685900000000,0.419400000000,0.552700000000),
double3(0.683100000000,0.419500000000,0.671300000000),
double3(0.681000000000,0.301300000000,0.670400000000),
double3(0.683800000000,0.301800000000,0.552700000000),
double3(0.297400000000,0.989500000000,0.518800000000),
double3(0.326600000000,0.894500000000,0.530400000000),
double3(0.392700000000,0.968400000000,0.543000000000),
double3(0.319200000000,0.954700000000,0.609500000000),
double3(0.332700000000,0.892000000000,0.686100000000),
double3(0.299900000000,0.985100000000,0.702300000000),
double3(0.204600000000,0.973300000000,0.730500000000),
double3(0.278800000000,0.952600000000,0.794300000000),
double3(0.110400000000,0.947000000000,0.709000000000),
double3(0.180600000000,0.944700000000,0.637800000000),
double3(0.181700000000,0.877700000000,0.711700000000),
double3(0.110100000000,0.942000000000,0.567100000000),
double3(0.016200000000,0.966400000000,0.544100000000),
double3(0.039800000000,0.944400000000,0.638200000000),
double3(0.013000000000,0.971800000000,0.734400000000),
double3(0.334200000000,0.952000000000,0.550200000000),
double3(0.336700000000,0.950300000000,0.667900000000),
double3(0.260600000000,0.989500000000,0.749000000000),
double3(0.169400000000,0.935900000000,0.697300000000),
double3(0.169500000000,0.933100000000,0.578700000000),
double3(0.051300000000,0.931000000000,0.579600000000),
double3(0.051800000000,0.933800000000,0.697300000000),
double3(0.260500000000,0.047400000000,0.768800000000),
double3(0.355500000000,0.076600000000,0.780400000000),
double3(0.281600000000,0.142700000000,0.793000000000),
double3(0.295300000000,0.069200000000,0.859500000000),
double3(0.358000000000,0.082700000000,0.936100000000),
double3(0.264900000000,0.049900000000,0.952300000000),
double3(0.276700000000,0.954600000000,0.980500000000),
double3(0.297400000000,0.028800000000,0.044300000000),
double3(0.303000000000,0.860400000000,0.959000000000),
double3(0.305300000000,0.930600000000,0.887800000000),
double3(0.372300000000,0.931700000000,0.961700000000),
double3(0.308000000000,0.860100000000,0.817100000000),
double3(0.283600000000,0.766200000000,0.794100000000),
double3(0.305600000000,0.789800000000,0.888200000000),
double3(0.278200000000,0.763000000000,0.984400000000),
double3(0.298000000000,0.084200000000,0.800200000000),
double3(0.299700000000,0.086700000000,0.917900000000),
double3(0.260500000000,0.010600000000,0.999000000000),
double3(0.314100000000,0.919400000000,0.947300000000),
double3(0.316900000000,0.919500000000,0.828700000000),
double3(0.319000000000,0.801300000000,0.829600000000),
double3(0.316200000000,0.801800000000,0.947300000000),
double3(0.239500000000,0.952600000000,0.268800000000),
double3(0.144500000000,0.923400000000,0.280400000000),
double3(0.218400000000,0.857300000000,0.293000000000),
double3(0.204700000000,0.930800000000,0.359500000000),
double3(0.142000000000,0.917300000000,0.436100000000),
double3(0.235100000000,0.950100000000,0.452300000000),
double3(0.223300000000,0.045400000000,0.480500000000),
double3(0.202600000000,0.971200000000,0.544300000000),
double3(0.197000000000,0.139600000000,0.459000000000),
double3(0.194700000000,0.069400000000,0.387800000000),
double3(0.127700000000,0.068300000000,0.461700000000),
double3(0.192000000000,0.139900000000,0.317100000000),
double3(0.216400000000,0.233800000000,0.294100000000),
double3(0.194400000000,0.210200000000,0.388200000000),
double3(0.221800000000,0.237000000000,0.484400000000),
double3(0.202000000000,0.915800000000,0.300200000000),
double3(0.200300000000,0.913300000000,0.417900000000),
double3(0.239500000000,0.989400000000,0.499000000000),
double3(0.185900000000,0.080600000000,0.447300000000),
double3(0.183100000000,0.080500000000,0.328700000000),
double3(0.181000000000,0.198700000000,0.329600000000),
double3(0.183800000000,0.198200000000,0.447300000000),
