 # Derivative distribution function -dV(r)/dr (or -dV(d)/dd) vs d
  0.1250000      0.0000000E+00
  0.3750000      0.0000000E+00
  0.6250000      0.0000000E+00
  0.8750000      0.0000000E+00
   1.125000      0.0000000E+00
   1.375000      0.0000000E+00
   1.625000      0.0000000E+00
   1.875000      0.0000000E+00
   2.125000      0.0000000E+00
   2.375000      0.0000000E+00
   2.625000      0.0000000E+00
   2.875000      0.0000000E+00
   3.125000      4.7413111E-03
   3.375000      2.1196485E-02
   3.625000      2.8726816E-02
   3.875000      3.0400157E-02
   4.125000      3.2910347E-02
   4.375000      3.0679107E-02
   4.625000      2.9842377E-02
   4.875000      2.9005766E-02
   5.125000      3.0121326E-02
   5.375000      2.9284596E-02
   5.625000      2.4543285E-02
   5.875000      1.9801974E-02
   6.125000      2.0080924E-02
   6.375000      2.0080924E-02
   6.625000      1.9801974E-02
   6.875000      1.4781713E-02
   7.125000      1.3387203E-02
   7.375000      1.7849684E-02
   7.625000      1.6176343E-02
   7.875000      1.3108373E-02
   8.125000      1.1713862E-02
   8.375000      1.5897393E-02
   8.625000      1.6176224E-02
   8.875000      1.1156082E-02
   9.125000      1.0319352E-02
   9.375000      1.1155963E-02
   9.625000      1.1992693E-02
   9.875000      1.1434913E-02
   10.12500      8.9248419E-03
   10.37500      7.8092813E-03
   10.62500      8.6460114E-03
   10.87500      1.1713862E-02
   11.12500       1.279319    
   11.37500       1.704644    
   11.62500      0.4325757    
   11.87500      0.0000000E+00
   12.12500      0.0000000E+00
   12.37500      0.0000000E+00
   12.62500      0.0000000E+00
   12.87500      0.0000000E+00
   13.12500      0.0000000E+00
   13.37500      0.0000000E+00
   13.62500      0.0000000E+00
   13.87500      0.0000000E+00
   14.12500      0.0000000E+00
   14.37500      0.0000000E+00
   14.62500      0.0000000E+00
   14.87500      0.0000000E+00
   15.12500      0.0000000E+00
   15.37500      0.0000000E+00
   15.62500      0.0000000E+00
   15.87500      0.0000000E+00
   16.12500      0.0000000E+00
   16.37500      0.0000000E+00
   16.62500      0.0000000E+00
   16.87500      0.0000000E+00
   17.12500      0.0000000E+00
   17.37500      0.0000000E+00
   17.62500      0.0000000E+00
   17.87500      0.0000000E+00
   18.12500      0.0000000E+00
   18.37500      0.0000000E+00
   18.62500      0.0000000E+00
   18.87500      0.0000000E+00
   19.12500      0.0000000E+00
   19.37500      0.0000000E+00
