 # Derivative distribution function -dV(r)/dr (or -dV(d)/dd) vs d
  0.1250000      0.0000000E+00
  0.3750000      0.0000000E+00
  0.6250000      0.0000000E+00
  0.8750000      0.0000000E+00
   1.125000      0.0000000E+00
   1.375000      0.0000000E+00
   1.625000      0.0000000E+00
   1.875000      0.0000000E+00
   2.125000      0.0000000E+00
   2.375000      0.0000000E+00
   2.625000      0.0000000E+00
   2.875000      0.0000000E+00
   3.125000      5.7811737E-03
   3.375000      2.1748185E-02
   3.625000      3.1658649E-02
   3.875000      2.8079748E-02
   4.125000      2.3950458E-02
   4.375000      2.6428103E-02
   4.625000      3.5237432E-02
   4.875000      3.6063313E-02
   5.125000      2.9456258E-02
   5.375000      2.7253985E-02
   5.625000      2.4225831E-02
   5.875000      2.1472812E-02
   6.125000      2.2573948E-02
   6.375000      2.0922184E-02
   6.625000      1.7343402E-02
   6.875000      1.8995285E-02
   7.125000      2.0922184E-02
   7.375000      1.8995166E-02
   7.625000      1.8444657E-02
   7.875000      1.6242266E-02
   8.125000      1.4865756E-02
   8.375000      1.5966892E-02
   8.625000      1.4865875E-02
   8.875000      1.5141129E-02
   9.125000      1.2663364E-02
   9.375000      1.0461092E-02
   9.625000      1.1286974E-02
   9.875000      1.1286974E-02
   10.12500      1.2388229E-02
   10.37500      9.3599558E-03
   10.62500      9.0847015E-03
   10.87500      1.2112856E-02
   11.12500       1.277908    
   11.37500       1.689470    
   11.62500      0.4173434    
   11.87500      0.0000000E+00
   12.12500      0.0000000E+00
   12.37500      0.0000000E+00
   12.62500      0.0000000E+00
   12.87500      0.0000000E+00
   13.12500      0.0000000E+00
   13.37500      0.0000000E+00
   13.62500      0.0000000E+00
   13.87500      0.0000000E+00
   14.12500      0.0000000E+00
   14.37500      0.0000000E+00
   14.62500      0.0000000E+00
   14.87500      0.0000000E+00
   15.12500      0.0000000E+00
   15.37500      0.0000000E+00
   15.62500      0.0000000E+00
   15.87500      0.0000000E+00
   16.12500      0.0000000E+00
   16.37500      0.0000000E+00
   16.62500      0.0000000E+00
   16.87500      0.0000000E+00
   17.12500      0.0000000E+00
   17.37500      0.0000000E+00
   17.62500      0.0000000E+00
   17.87500      0.0000000E+00
   18.12500      0.0000000E+00
   18.37500      0.0000000E+00
   18.62500      0.0000000E+00
   18.87500      0.0000000E+00
   19.12500      0.0000000E+00
   19.37500      0.0000000E+00
