[double3(7.163000000000,0.000000000000,0.000000000000),double3(0.000000000000,7.163000000000,0.000000000000),double3(0.000000000000,0.000000000000,20.876000000000)]

double3(0.063950000000,0.125000000000,0.000000000000),
double3(0.046000000000,0.170825000000,0.053050000000),
double3(0.125000000000,0.125000000000,0.047150000000),
double3(0.000000000000,0.000000000000,0.048500000000),
double3(0.000000000000,0.204150000000,0.102650000000),
double3(0.070350000000,0.125000000000,0.038250000000),
double3(0.000000000000,0.198600000000,0.064250000000),
double3(0.000000000000,0.000000000000,0.375000000000),
double3(0.125000000000,0.063950000000,0.250000000000),
double3(0.079175000000,0.046000000000,0.303050000000),
double3(0.125000000000,0.125000000000,0.297150000000),
double3(0.000000000000,0.000000000000,0.298500000000),
double3(0.045850000000,0.000000000000,0.352650000000),
double3(0.125000000000,0.070350000000,0.288250000000),
double3(0.051400000000,0.000000000000,0.314250000000),
double3(0.000000000000,0.000000000000,0.125000000000),
double3(0.186050000000,0.125000000000,0.000000000000),
double3(0.204000000000,0.079175000000,0.053050000000),
double3(0.000000000000,0.045850000000,0.102650000000),
double3(0.179650000000,0.125000000000,0.038250000000),
double3(0.000000000000,0.051400000000,0.064250000000),
double3(0.125000000000,0.186050000000,0.250000000000),
double3(0.170825000000,0.204000000000,0.303050000000),
double3(0.204150000000,0.000000000000,0.352650000000),
double3(0.125000000000,0.179650000000,0.288250000000),
double3(0.198600000000,0.000000000000,0.314250000000),
double3(0.046000000000,0.079175000000,0.446950000000),
double3(0.125000000000,0.125000000000,0.452850000000),
double3(0.000000000000,0.000000000000,0.451500000000),
double3(0.000000000000,0.045850000000,0.397350000000),
double3(0.070350000000,0.125000000000,0.461750000000),
double3(0.000000000000,0.051400000000,0.435750000000),
double3(0.170825000000,0.046000000000,0.196950000000),
double3(0.125000000000,0.125000000000,0.202850000000),
double3(0.000000000000,0.000000000000,0.201500000000),
double3(0.204150000000,0.000000000000,0.147350000000),
double3(0.125000000000,0.070350000000,0.211750000000),
double3(0.198600000000,0.000000000000,0.185750000000),
double3(0.204000000000,0.170825000000,0.446950000000),
double3(0.000000000000,0.204150000000,0.397350000000),
double3(0.179650000000,0.125000000000,0.461750000000),
double3(0.000000000000,0.198600000000,0.435750000000),
double3(0.079175000000,0.204000000000,0.196950000000),
double3(0.045850000000,0.000000000000,0.147350000000),
double3(0.125000000000,0.179650000000,0.211750000000),
double3(0.051400000000,0.000000000000,0.185750000000),
double3(0.204000000000,0.079175000000,0.446950000000),
double3(0.170825000000,0.204000000000,0.196950000000),
double3(0.046000000000,0.170825000000,0.446950000000),
double3(0.079175000000,0.046000000000,0.196950000000),
double3(0.204000000000,0.170825000000,0.053050000000),
double3(0.079175000000,0.204000000000,0.303050000000),
double3(0.046000000000,0.079175000000,0.053050000000),
double3(0.170825000000,0.046000000000,0.303050000000),
double3(0.063950000000,0.125000000000,0.500000000000),
double3(0.046000000000,0.170825000000,0.553050000000),
double3(0.125000000000,0.125000000000,0.547150000000),
double3(0.000000000000,0.000000000000,0.548500000000),
double3(0.000000000000,0.204150000000,0.602650000000),
double3(0.070350000000,0.125000000000,0.538250000000),
double3(0.000000000000,0.198600000000,0.564250000000),
double3(0.000000000000,0.000000000000,0.875000000000),
double3(0.125000000000,0.063950000000,0.750000000000),
double3(0.079175000000,0.046000000000,0.803050000000),
double3(0.125000000000,0.125000000000,0.797150000000),
double3(0.000000000000,0.000000000000,0.798500000000),
double3(0.045850000000,0.000000000000,0.852650000000),
double3(0.125000000000,0.070350000000,0.788250000000),
double3(0.051400000000,0.000000000000,0.814250000000),
double3(0.000000000000,0.000000000000,0.625000000000),
double3(0.186050000000,0.125000000000,0.500000000000),
double3(0.204000000000,0.079175000000,0.553050000000),
double3(0.000000000000,0.045850000000,0.602650000000),
double3(0.179650000000,0.125000000000,0.538250000000),
double3(0.000000000000,0.051400000000,0.564250000000),
double3(0.125000000000,0.186050000000,0.750000000000),
double3(0.170825000000,0.204000000000,0.803050000000),
double3(0.204150000000,0.000000000000,0.852650000000),
double3(0.125000000000,0.179650000000,0.788250000000),
double3(0.198600000000,0.000000000000,0.814250000000),
double3(0.046000000000,0.079175000000,0.946950000000),
double3(0.125000000000,0.125000000000,0.952850000000),
double3(0.000000000000,0.000000000000,0.951500000000),
double3(0.000000000000,0.045850000000,0.897350000000),
double3(0.070350000000,0.125000000000,0.961750000000),
double3(0.000000000000,0.051400000000,0.935750000000),
double3(0.170825000000,0.046000000000,0.696950000000),
double3(0.125000000000,0.125000000000,0.702850000000),
double3(0.000000000000,0.000000000000,0.701500000000),
double3(0.204150000000,0.000000000000,0.647350000000),
double3(0.125000000000,0.070350000000,0.711750000000),
double3(0.198600000000,0.000000000000,0.685750000000),
double3(0.204000000000,0.170825000000,0.946950000000),
double3(0.000000000000,0.204150000000,0.897350000000),
double3(0.179650000000,0.125000000000,0.961750000000),
double3(0.000000000000,0.198600000000,0.935750000000),
double3(0.079175000000,0.204000000000,0.696950000000),
double3(0.045850000000,0.000000000000,0.647350000000),
double3(0.125000000000,0.179650000000,0.711750000000),
double3(0.051400000000,0.000000000000,0.685750000000),
double3(0.204000000000,0.079175000000,0.946950000000),
double3(0.170825000000,0.204000000000,0.696950000000),
double3(0.046000000000,0.170825000000,0.946950000000),
double3(0.079175000000,0.046000000000,0.696950000000),
double3(0.204000000000,0.170825000000,0.553050000000),
double3(0.079175000000,0.204000000000,0.803050000000),
double3(0.046000000000,0.079175000000,0.553050000000),
double3(0.170825000000,0.046000000000,0.803050000000),
double3(0.063950000000,0.375000000000,0.000000000000),
double3(0.046000000000,0.420825000000,0.053050000000),
double3(0.125000000000,0.375000000000,0.047150000000),
double3(0.000000000000,0.250000000000,0.048500000000),
double3(0.000000000000,0.454150000000,0.102650000000),
double3(0.070350000000,0.375000000000,0.038250000000),
double3(0.000000000000,0.448600000000,0.064250000000),
double3(0.000000000000,0.250000000000,0.375000000000),
double3(0.125000000000,0.313950000000,0.250000000000),
double3(0.079175000000,0.296000000000,0.303050000000),
double3(0.125000000000,0.375000000000,0.297150000000),
double3(0.000000000000,0.250000000000,0.298500000000),
double3(0.045850000000,0.250000000000,0.352650000000),
double3(0.125000000000,0.320350000000,0.288250000000),
double3(0.051400000000,0.250000000000,0.314250000000),
double3(0.000000000000,0.250000000000,0.125000000000),
double3(0.186050000000,0.375000000000,0.000000000000),
double3(0.204000000000,0.329175000000,0.053050000000),
double3(0.000000000000,0.295850000000,0.102650000000),
double3(0.179650000000,0.375000000000,0.038250000000),
double3(0.000000000000,0.301400000000,0.064250000000),
double3(0.125000000000,0.436050000000,0.250000000000),
double3(0.170825000000,0.454000000000,0.303050000000),
double3(0.204150000000,0.250000000000,0.352650000000),
double3(0.125000000000,0.429650000000,0.288250000000),
double3(0.198600000000,0.250000000000,0.314250000000),
double3(0.046000000000,0.329175000000,0.446950000000),
double3(0.125000000000,0.375000000000,0.452850000000),
double3(0.000000000000,0.250000000000,0.451500000000),
double3(0.000000000000,0.295850000000,0.397350000000),
double3(0.070350000000,0.375000000000,0.461750000000),
double3(0.000000000000,0.301400000000,0.435750000000),
double3(0.170825000000,0.296000000000,0.196950000000),
double3(0.125000000000,0.375000000000,0.202850000000),
double3(0.000000000000,0.250000000000,0.201500000000),
double3(0.204150000000,0.250000000000,0.147350000000),
double3(0.125000000000,0.320350000000,0.211750000000),
double3(0.198600000000,0.250000000000,0.185750000000),
double3(0.204000000000,0.420825000000,0.446950000000),
double3(0.000000000000,0.454150000000,0.397350000000),
double3(0.179650000000,0.375000000000,0.461750000000),
double3(0.000000000000,0.448600000000,0.435750000000),
double3(0.079175000000,0.454000000000,0.196950000000),
double3(0.045850000000,0.250000000000,0.147350000000),
double3(0.125000000000,0.429650000000,0.211750000000),
double3(0.051400000000,0.250000000000,0.185750000000),
double3(0.204000000000,0.329175000000,0.446950000000),
double3(0.170825000000,0.454000000000,0.196950000000),
double3(0.046000000000,0.420825000000,0.446950000000),
double3(0.079175000000,0.296000000000,0.196950000000),
double3(0.204000000000,0.420825000000,0.053050000000),
double3(0.079175000000,0.454000000000,0.303050000000),
double3(0.046000000000,0.329175000000,0.053050000000),
double3(0.170825000000,0.296000000000,0.303050000000),
double3(0.063950000000,0.375000000000,0.500000000000),
double3(0.046000000000,0.420825000000,0.553050000000),
double3(0.125000000000,0.375000000000,0.547150000000),
double3(0.000000000000,0.250000000000,0.548500000000),
double3(0.000000000000,0.454150000000,0.602650000000),
double3(0.070350000000,0.375000000000,0.538250000000),
double3(0.000000000000,0.448600000000,0.564250000000),
double3(0.000000000000,0.250000000000,0.875000000000),
double3(0.125000000000,0.313950000000,0.750000000000),
double3(0.079175000000,0.296000000000,0.803050000000),
double3(0.125000000000,0.375000000000,0.797150000000),
double3(0.000000000000,0.250000000000,0.798500000000),
double3(0.045850000000,0.250000000000,0.852650000000),
double3(0.125000000000,0.320350000000,0.788250000000),
double3(0.051400000000,0.250000000000,0.814250000000),
double3(0.000000000000,0.250000000000,0.625000000000),
double3(0.186050000000,0.375000000000,0.500000000000),
double3(0.204000000000,0.329175000000,0.553050000000),
double3(0.000000000000,0.295850000000,0.602650000000),
double3(0.179650000000,0.375000000000,0.538250000000),
double3(0.000000000000,0.301400000000,0.564250000000),
double3(0.125000000000,0.436050000000,0.750000000000),
double3(0.170825000000,0.454000000000,0.803050000000),
double3(0.204150000000,0.250000000000,0.852650000000),
double3(0.125000000000,0.429650000000,0.788250000000),
double3(0.198600000000,0.250000000000,0.814250000000),
double3(0.046000000000,0.329175000000,0.946950000000),
double3(0.125000000000,0.375000000000,0.952850000000),
double3(0.000000000000,0.250000000000,0.951500000000),
double3(0.000000000000,0.295850000000,0.897350000000),
double3(0.070350000000,0.375000000000,0.961750000000),
double3(0.000000000000,0.301400000000,0.935750000000),
double3(0.170825000000,0.296000000000,0.696950000000),
double3(0.125000000000,0.375000000000,0.702850000000),
double3(0.000000000000,0.250000000000,0.701500000000),
double3(0.204150000000,0.250000000000,0.647350000000),
double3(0.125000000000,0.320350000000,0.711750000000),
double3(0.198600000000,0.250000000000,0.685750000000),
double3(0.204000000000,0.420825000000,0.946950000000),
double3(0.000000000000,0.454150000000,0.897350000000),
double3(0.179650000000,0.375000000000,0.961750000000),
double3(0.000000000000,0.448600000000,0.935750000000),
double3(0.079175000000,0.454000000000,0.696950000000),
double3(0.045850000000,0.250000000000,0.647350000000),
double3(0.125000000000,0.429650000000,0.711750000000),
double3(0.051400000000,0.250000000000,0.685750000000),
double3(0.204000000000,0.329175000000,0.946950000000),
double3(0.170825000000,0.454000000000,0.696950000000),
double3(0.046000000000,0.420825000000,0.946950000000),
double3(0.079175000000,0.296000000000,0.696950000000),
double3(0.204000000000,0.420825000000,0.553050000000),
double3(0.079175000000,0.454000000000,0.803050000000),
double3(0.046000000000,0.329175000000,0.553050000000),
double3(0.170825000000,0.296000000000,0.803050000000),
double3(0.063950000000,0.625000000000,0.000000000000),
double3(0.046000000000,0.670825000000,0.053050000000),
double3(0.125000000000,0.625000000000,0.047150000000),
double3(0.000000000000,0.500000000000,0.048500000000),
double3(0.000000000000,0.704150000000,0.102650000000),
double3(0.070350000000,0.625000000000,0.038250000000),
double3(0.000000000000,0.698600000000,0.064250000000),
double3(0.000000000000,0.500000000000,0.375000000000),
double3(0.125000000000,0.563950000000,0.250000000000),
double3(0.079175000000,0.546000000000,0.303050000000),
double3(0.125000000000,0.625000000000,0.297150000000),
double3(0.000000000000,0.500000000000,0.298500000000),
double3(0.045850000000,0.500000000000,0.352650000000),
double3(0.125000000000,0.570350000000,0.288250000000),
double3(0.051400000000,0.500000000000,0.314250000000),
double3(0.000000000000,0.500000000000,0.125000000000),
double3(0.186050000000,0.625000000000,0.000000000000),
double3(0.204000000000,0.579175000000,0.053050000000),
double3(0.000000000000,0.545850000000,0.102650000000),
double3(0.179650000000,0.625000000000,0.038250000000),
double3(0.000000000000,0.551400000000,0.064250000000),
double3(0.125000000000,0.686050000000,0.250000000000),
double3(0.170825000000,0.704000000000,0.303050000000),
double3(0.204150000000,0.500000000000,0.352650000000),
double3(0.125000000000,0.679650000000,0.288250000000),
double3(0.198600000000,0.500000000000,0.314250000000),
double3(0.046000000000,0.579175000000,0.446950000000),
double3(0.125000000000,0.625000000000,0.452850000000),
double3(0.000000000000,0.500000000000,0.451500000000),
double3(0.000000000000,0.545850000000,0.397350000000),
double3(0.070350000000,0.625000000000,0.461750000000),
double3(0.000000000000,0.551400000000,0.435750000000),
double3(0.170825000000,0.546000000000,0.196950000000),
double3(0.125000000000,0.625000000000,0.202850000000),
double3(0.000000000000,0.500000000000,0.201500000000),
double3(0.204150000000,0.500000000000,0.147350000000),
double3(0.125000000000,0.570350000000,0.211750000000),
double3(0.198600000000,0.500000000000,0.185750000000),
double3(0.204000000000,0.670825000000,0.446950000000),
double3(0.000000000000,0.704150000000,0.397350000000),
double3(0.179650000000,0.625000000000,0.461750000000),
double3(0.000000000000,0.698600000000,0.435750000000),
double3(0.079175000000,0.704000000000,0.196950000000),
double3(0.045850000000,0.500000000000,0.147350000000),
double3(0.125000000000,0.679650000000,0.211750000000),
double3(0.051400000000,0.500000000000,0.185750000000),
double3(0.204000000000,0.579175000000,0.446950000000),
double3(0.170825000000,0.704000000000,0.196950000000),
double3(0.046000000000,0.670825000000,0.446950000000),
double3(0.079175000000,0.546000000000,0.196950000000),
double3(0.204000000000,0.670825000000,0.053050000000),
double3(0.079175000000,0.704000000000,0.303050000000),
double3(0.046000000000,0.579175000000,0.053050000000),
double3(0.170825000000,0.546000000000,0.303050000000),
double3(0.063950000000,0.625000000000,0.500000000000),
double3(0.046000000000,0.670825000000,0.553050000000),
double3(0.125000000000,0.625000000000,0.547150000000),
double3(0.000000000000,0.500000000000,0.548500000000),
double3(0.000000000000,0.704150000000,0.602650000000),
double3(0.070350000000,0.625000000000,0.538250000000),
double3(0.000000000000,0.698600000000,0.564250000000),
double3(0.000000000000,0.500000000000,0.875000000000),
double3(0.125000000000,0.563950000000,0.750000000000),
double3(0.079175000000,0.546000000000,0.803050000000),
double3(0.125000000000,0.625000000000,0.797150000000),
double3(0.000000000000,0.500000000000,0.798500000000),
double3(0.045850000000,0.500000000000,0.852650000000),
double3(0.125000000000,0.570350000000,0.788250000000),
double3(0.051400000000,0.500000000000,0.814250000000),
double3(0.000000000000,0.500000000000,0.625000000000),
double3(0.186050000000,0.625000000000,0.500000000000),
double3(0.204000000000,0.579175000000,0.553050000000),
double3(0.000000000000,0.545850000000,0.602650000000),
double3(0.179650000000,0.625000000000,0.538250000000),
double3(0.000000000000,0.551400000000,0.564250000000),
double3(0.125000000000,0.686050000000,0.750000000000),
double3(0.170825000000,0.704000000000,0.803050000000),
double3(0.204150000000,0.500000000000,0.852650000000),
double3(0.125000000000,0.679650000000,0.788250000000),
double3(0.198600000000,0.500000000000,0.814250000000),
double3(0.046000000000,0.579175000000,0.946950000000),
double3(0.125000000000,0.625000000000,0.952850000000),
double3(0.000000000000,0.500000000000,0.951500000000),
double3(0.000000000000,0.545850000000,0.897350000000),
double3(0.070350000000,0.625000000000,0.961750000000),
double3(0.000000000000,0.551400000000,0.935750000000),
double3(0.170825000000,0.546000000000,0.696950000000),
double3(0.125000000000,0.625000000000,0.702850000000),
double3(0.000000000000,0.500000000000,0.701500000000),
double3(0.204150000000,0.500000000000,0.647350000000),
double3(0.125000000000,0.570350000000,0.711750000000),
double3(0.198600000000,0.500000000000,0.685750000000),
double3(0.204000000000,0.670825000000,0.946950000000),
double3(0.000000000000,0.704150000000,0.897350000000),
double3(0.179650000000,0.625000000000,0.961750000000),
double3(0.000000000000,0.698600000000,0.935750000000),
double3(0.079175000000,0.704000000000,0.696950000000),
double3(0.045850000000,0.500000000000,0.647350000000),
double3(0.125000000000,0.679650000000,0.711750000000),
double3(0.051400000000,0.500000000000,0.685750000000),
double3(0.204000000000,0.579175000000,0.946950000000),
double3(0.170825000000,0.704000000000,0.696950000000),
double3(0.046000000000,0.670825000000,0.946950000000),
double3(0.079175000000,0.546000000000,0.696950000000),
double3(0.204000000000,0.670825000000,0.553050000000),
double3(0.079175000000,0.704000000000,0.803050000000),
double3(0.046000000000,0.579175000000,0.553050000000),
double3(0.170825000000,0.546000000000,0.803050000000),
double3(0.063950000000,0.875000000000,0.000000000000),
double3(0.046000000000,0.920825000000,0.053050000000),
double3(0.125000000000,0.875000000000,0.047150000000),
double3(0.000000000000,0.750000000000,0.048500000000),
double3(0.000000000000,0.954150000000,0.102650000000),
double3(0.070350000000,0.875000000000,0.038250000000),
double3(0.000000000000,0.948600000000,0.064250000000),
double3(0.000000000000,0.750000000000,0.375000000000),
double3(0.125000000000,0.813950000000,0.250000000000),
double3(0.079175000000,0.796000000000,0.303050000000),
double3(0.125000000000,0.875000000000,0.297150000000),
double3(0.000000000000,0.750000000000,0.298500000000),
double3(0.045850000000,0.750000000000,0.352650000000),
double3(0.125000000000,0.820350000000,0.288250000000),
double3(0.051400000000,0.750000000000,0.314250000000),
double3(0.000000000000,0.750000000000,0.125000000000),
double3(0.186050000000,0.875000000000,0.000000000000),
double3(0.204000000000,0.829175000000,0.053050000000),
double3(0.000000000000,0.795850000000,0.102650000000),
double3(0.179650000000,0.875000000000,0.038250000000),
double3(0.000000000000,0.801400000000,0.064250000000),
double3(0.125000000000,0.936050000000,0.250000000000),
double3(0.170825000000,0.954000000000,0.303050000000),
double3(0.204150000000,0.750000000000,0.352650000000),
double3(0.125000000000,0.929650000000,0.288250000000),
double3(0.198600000000,0.750000000000,0.314250000000),
double3(0.046000000000,0.829175000000,0.446950000000),
double3(0.125000000000,0.875000000000,0.452850000000),
double3(0.000000000000,0.750000000000,0.451500000000),
double3(0.000000000000,0.795850000000,0.397350000000),
double3(0.070350000000,0.875000000000,0.461750000000),
double3(0.000000000000,0.801400000000,0.435750000000),
double3(0.170825000000,0.796000000000,0.196950000000),
double3(0.125000000000,0.875000000000,0.202850000000),
double3(0.000000000000,0.750000000000,0.201500000000),
double3(0.204150000000,0.750000000000,0.147350000000),
double3(0.125000000000,0.820350000000,0.211750000000),
double3(0.198600000000,0.750000000000,0.185750000000),
double3(0.204000000000,0.920825000000,0.446950000000),
double3(0.000000000000,0.954150000000,0.397350000000),
double3(0.179650000000,0.875000000000,0.461750000000),
double3(0.000000000000,0.948600000000,0.435750000000),
double3(0.079175000000,0.954000000000,0.196950000000),
double3(0.045850000000,0.750000000000,0.147350000000),
double3(0.125000000000,0.929650000000,0.211750000000),
double3(0.051400000000,0.750000000000,0.185750000000),
double3(0.204000000000,0.829175000000,0.446950000000),
double3(0.170825000000,0.954000000000,0.196950000000),
double3(0.046000000000,0.920825000000,0.446950000000),
double3(0.079175000000,0.796000000000,0.196950000000),
double3(0.204000000000,0.920825000000,0.053050000000),
double3(0.079175000000,0.954000000000,0.303050000000),
double3(0.046000000000,0.829175000000,0.053050000000),
double3(0.170825000000,0.796000000000,0.303050000000),
double3(0.063950000000,0.875000000000,0.500000000000),
double3(0.046000000000,0.920825000000,0.553050000000),
double3(0.125000000000,0.875000000000,0.547150000000),
double3(0.000000000000,0.750000000000,0.548500000000),
double3(0.000000000000,0.954150000000,0.602650000000),
double3(0.070350000000,0.875000000000,0.538250000000),
double3(0.000000000000,0.948600000000,0.564250000000),
double3(0.000000000000,0.750000000000,0.875000000000),
double3(0.125000000000,0.813950000000,0.750000000000),
double3(0.079175000000,0.796000000000,0.803050000000),
double3(0.125000000000,0.875000000000,0.797150000000),
double3(0.000000000000,0.750000000000,0.798500000000),
double3(0.045850000000,0.750000000000,0.852650000000),
double3(0.125000000000,0.820350000000,0.788250000000),
double3(0.051400000000,0.750000000000,0.814250000000),
double3(0.000000000000,0.750000000000,0.625000000000),
double3(0.186050000000,0.875000000000,0.500000000000),
double3(0.204000000000,0.829175000000,0.553050000000),
double3(0.000000000000,0.795850000000,0.602650000000),
double3(0.179650000000,0.875000000000,0.538250000000),
double3(0.000000000000,0.801400000000,0.564250000000),
double3(0.125000000000,0.936050000000,0.750000000000),
double3(0.170825000000,0.954000000000,0.803050000000),
double3(0.204150000000,0.750000000000,0.852650000000),
double3(0.125000000000,0.929650000000,0.788250000000),
double3(0.198600000000,0.750000000000,0.814250000000),
double3(0.046000000000,0.829175000000,0.946950000000),
double3(0.125000000000,0.875000000000,0.952850000000),
double3(0.000000000000,0.750000000000,0.951500000000),
double3(0.000000000000,0.795850000000,0.897350000000),
double3(0.070350000000,0.875000000000,0.961750000000),
double3(0.000000000000,0.801400000000,0.935750000000),
double3(0.170825000000,0.796000000000,0.696950000000),
double3(0.125000000000,0.875000000000,0.702850000000),
double3(0.000000000000,0.750000000000,0.701500000000),
double3(0.204150000000,0.750000000000,0.647350000000),
double3(0.125000000000,0.820350000000,0.711750000000),
double3(0.198600000000,0.750000000000,0.685750000000),
double3(0.204000000000,0.920825000000,0.946950000000),
double3(0.000000000000,0.954150000000,0.897350000000),
double3(0.179650000000,0.875000000000,0.961750000000),
double3(0.000000000000,0.948600000000,0.935750000000),
double3(0.079175000000,0.954000000000,0.696950000000),
double3(0.045850000000,0.750000000000,0.647350000000),
double3(0.125000000000,0.929650000000,0.711750000000),
double3(0.051400000000,0.750000000000,0.685750000000),
double3(0.204000000000,0.829175000000,0.946950000000),
double3(0.170825000000,0.954000000000,0.696950000000),
double3(0.046000000000,0.920825000000,0.946950000000),
double3(0.079175000000,0.796000000000,0.696950000000),
double3(0.204000000000,0.920825000000,0.553050000000),
double3(0.079175000000,0.954000000000,0.803050000000),
double3(0.046000000000,0.829175000000,0.553050000000),
double3(0.170825000000,0.796000000000,0.803050000000),
double3(0.313950000000,0.125000000000,0.000000000000),
double3(0.296000000000,0.170825000000,0.053050000000),
double3(0.375000000000,0.125000000000,0.047150000000),
double3(0.250000000000,0.000000000000,0.048500000000),
double3(0.250000000000,0.204150000000,0.102650000000),
double3(0.320350000000,0.125000000000,0.038250000000),
double3(0.250000000000,0.198600000000,0.064250000000),
double3(0.250000000000,0.000000000000,0.375000000000),
double3(0.375000000000,0.063950000000,0.250000000000),
double3(0.329175000000,0.046000000000,0.303050000000),
double3(0.375000000000,0.125000000000,0.297150000000),
double3(0.250000000000,0.000000000000,0.298500000000),
double3(0.295850000000,0.000000000000,0.352650000000),
double3(0.375000000000,0.070350000000,0.288250000000),
double3(0.301400000000,0.000000000000,0.314250000000),
double3(0.250000000000,0.000000000000,0.125000000000),
double3(0.436050000000,0.125000000000,0.000000000000),
double3(0.454000000000,0.079175000000,0.053050000000),
double3(0.250000000000,0.045850000000,0.102650000000),
double3(0.429650000000,0.125000000000,0.038250000000),
double3(0.250000000000,0.051400000000,0.064250000000),
double3(0.375000000000,0.186050000000,0.250000000000),
double3(0.420825000000,0.204000000000,0.303050000000),
double3(0.454150000000,0.000000000000,0.352650000000),
double3(0.375000000000,0.179650000000,0.288250000000),
double3(0.448600000000,0.000000000000,0.314250000000),
double3(0.296000000000,0.079175000000,0.446950000000),
double3(0.375000000000,0.125000000000,0.452850000000),
double3(0.250000000000,0.000000000000,0.451500000000),
double3(0.250000000000,0.045850000000,0.397350000000),
double3(0.320350000000,0.125000000000,0.461750000000),
double3(0.250000000000,0.051400000000,0.435750000000),
double3(0.420825000000,0.046000000000,0.196950000000),
double3(0.375000000000,0.125000000000,0.202850000000),
double3(0.250000000000,0.000000000000,0.201500000000),
double3(0.454150000000,0.000000000000,0.147350000000),
double3(0.375000000000,0.070350000000,0.211750000000),
double3(0.448600000000,0.000000000000,0.185750000000),
double3(0.454000000000,0.170825000000,0.446950000000),
double3(0.250000000000,0.204150000000,0.397350000000),
double3(0.429650000000,0.125000000000,0.461750000000),
double3(0.250000000000,0.198600000000,0.435750000000),
double3(0.329175000000,0.204000000000,0.196950000000),
double3(0.295850000000,0.000000000000,0.147350000000),
double3(0.375000000000,0.179650000000,0.211750000000),
double3(0.301400000000,0.000000000000,0.185750000000),
double3(0.454000000000,0.079175000000,0.446950000000),
double3(0.420825000000,0.204000000000,0.196950000000),
double3(0.296000000000,0.170825000000,0.446950000000),
double3(0.329175000000,0.046000000000,0.196950000000),
double3(0.454000000000,0.170825000000,0.053050000000),
double3(0.329175000000,0.204000000000,0.303050000000),
double3(0.296000000000,0.079175000000,0.053050000000),
double3(0.420825000000,0.046000000000,0.303050000000),
double3(0.313950000000,0.125000000000,0.500000000000),
double3(0.296000000000,0.170825000000,0.553050000000),
double3(0.375000000000,0.125000000000,0.547150000000),
double3(0.250000000000,0.000000000000,0.548500000000),
double3(0.250000000000,0.204150000000,0.602650000000),
double3(0.320350000000,0.125000000000,0.538250000000),
double3(0.250000000000,0.198600000000,0.564250000000),
double3(0.250000000000,0.000000000000,0.875000000000),
double3(0.375000000000,0.063950000000,0.750000000000),
double3(0.329175000000,0.046000000000,0.803050000000),
double3(0.375000000000,0.125000000000,0.797150000000),
double3(0.250000000000,0.000000000000,0.798500000000),
double3(0.295850000000,0.000000000000,0.852650000000),
double3(0.375000000000,0.070350000000,0.788250000000),
double3(0.301400000000,0.000000000000,0.814250000000),
double3(0.250000000000,0.000000000000,0.625000000000),
double3(0.436050000000,0.125000000000,0.500000000000),
double3(0.454000000000,0.079175000000,0.553050000000),
double3(0.250000000000,0.045850000000,0.602650000000),
double3(0.429650000000,0.125000000000,0.538250000000),
double3(0.250000000000,0.051400000000,0.564250000000),
double3(0.375000000000,0.186050000000,0.750000000000),
double3(0.420825000000,0.204000000000,0.803050000000),
double3(0.454150000000,0.000000000000,0.852650000000),
double3(0.375000000000,0.179650000000,0.788250000000),
double3(0.448600000000,0.000000000000,0.814250000000),
double3(0.296000000000,0.079175000000,0.946950000000),
double3(0.375000000000,0.125000000000,0.952850000000),
double3(0.250000000000,0.000000000000,0.951500000000),
double3(0.250000000000,0.045850000000,0.897350000000),
double3(0.320350000000,0.125000000000,0.961750000000),
double3(0.250000000000,0.051400000000,0.935750000000),
double3(0.420825000000,0.046000000000,0.696950000000),
double3(0.375000000000,0.125000000000,0.702850000000),
double3(0.250000000000,0.000000000000,0.701500000000),
double3(0.454150000000,0.000000000000,0.647350000000),
double3(0.375000000000,0.070350000000,0.711750000000),
double3(0.448600000000,0.000000000000,0.685750000000),
double3(0.454000000000,0.170825000000,0.946950000000),
double3(0.250000000000,0.204150000000,0.897350000000),
double3(0.429650000000,0.125000000000,0.961750000000),
double3(0.250000000000,0.198600000000,0.935750000000),
double3(0.329175000000,0.204000000000,0.696950000000),
double3(0.295850000000,0.000000000000,0.647350000000),
double3(0.375000000000,0.179650000000,0.711750000000),
double3(0.301400000000,0.000000000000,0.685750000000),
double3(0.454000000000,0.079175000000,0.946950000000),
double3(0.420825000000,0.204000000000,0.696950000000),
double3(0.296000000000,0.170825000000,0.946950000000),
double3(0.329175000000,0.046000000000,0.696950000000),
double3(0.454000000000,0.170825000000,0.553050000000),
double3(0.329175000000,0.204000000000,0.803050000000),
double3(0.296000000000,0.079175000000,0.553050000000),
double3(0.420825000000,0.046000000000,0.803050000000),
double3(0.313950000000,0.375000000000,0.000000000000),
double3(0.296000000000,0.420825000000,0.053050000000),
double3(0.375000000000,0.375000000000,0.047150000000),
double3(0.250000000000,0.250000000000,0.048500000000),
double3(0.250000000000,0.454150000000,0.102650000000),
double3(0.320350000000,0.375000000000,0.038250000000),
double3(0.250000000000,0.448600000000,0.064250000000),
double3(0.250000000000,0.250000000000,0.375000000000),
double3(0.375000000000,0.313950000000,0.250000000000),
double3(0.329175000000,0.296000000000,0.303050000000),
double3(0.375000000000,0.375000000000,0.297150000000),
double3(0.250000000000,0.250000000000,0.298500000000),
double3(0.295850000000,0.250000000000,0.352650000000),
double3(0.375000000000,0.320350000000,0.288250000000),
double3(0.301400000000,0.250000000000,0.314250000000),
double3(0.250000000000,0.250000000000,0.125000000000),
double3(0.436050000000,0.375000000000,0.000000000000),
double3(0.454000000000,0.329175000000,0.053050000000),
double3(0.250000000000,0.295850000000,0.102650000000),
double3(0.429650000000,0.375000000000,0.038250000000),
double3(0.250000000000,0.301400000000,0.064250000000),
double3(0.375000000000,0.436050000000,0.250000000000),
double3(0.420825000000,0.454000000000,0.303050000000),
double3(0.454150000000,0.250000000000,0.352650000000),
double3(0.375000000000,0.429650000000,0.288250000000),
double3(0.448600000000,0.250000000000,0.314250000000),
double3(0.296000000000,0.329175000000,0.446950000000),
double3(0.375000000000,0.375000000000,0.452850000000),
double3(0.250000000000,0.250000000000,0.451500000000),
double3(0.250000000000,0.295850000000,0.397350000000),
double3(0.320350000000,0.375000000000,0.461750000000),
double3(0.250000000000,0.301400000000,0.435750000000),
double3(0.420825000000,0.296000000000,0.196950000000),
double3(0.375000000000,0.375000000000,0.202850000000),
double3(0.250000000000,0.250000000000,0.201500000000),
double3(0.454150000000,0.250000000000,0.147350000000),
double3(0.375000000000,0.320350000000,0.211750000000),
double3(0.448600000000,0.250000000000,0.185750000000),
double3(0.454000000000,0.420825000000,0.446950000000),
double3(0.250000000000,0.454150000000,0.397350000000),
double3(0.429650000000,0.375000000000,0.461750000000),
double3(0.250000000000,0.448600000000,0.435750000000),
double3(0.329175000000,0.454000000000,0.196950000000),
double3(0.295850000000,0.250000000000,0.147350000000),
double3(0.375000000000,0.429650000000,0.211750000000),
double3(0.301400000000,0.250000000000,0.185750000000),
double3(0.454000000000,0.329175000000,0.446950000000),
double3(0.420825000000,0.454000000000,0.196950000000),
double3(0.296000000000,0.420825000000,0.446950000000),
double3(0.329175000000,0.296000000000,0.196950000000),
double3(0.454000000000,0.420825000000,0.053050000000),
double3(0.329175000000,0.454000000000,0.303050000000),
double3(0.296000000000,0.329175000000,0.053050000000),
double3(0.420825000000,0.296000000000,0.303050000000),
double3(0.313950000000,0.375000000000,0.500000000000),
double3(0.296000000000,0.420825000000,0.553050000000),
double3(0.375000000000,0.375000000000,0.547150000000),
double3(0.250000000000,0.250000000000,0.548500000000),
double3(0.250000000000,0.454150000000,0.602650000000),
double3(0.320350000000,0.375000000000,0.538250000000),
double3(0.250000000000,0.448600000000,0.564250000000),
double3(0.250000000000,0.250000000000,0.875000000000),
double3(0.375000000000,0.313950000000,0.750000000000),
double3(0.329175000000,0.296000000000,0.803050000000),
double3(0.375000000000,0.375000000000,0.797150000000),
double3(0.250000000000,0.250000000000,0.798500000000),
double3(0.295850000000,0.250000000000,0.852650000000),
double3(0.375000000000,0.320350000000,0.788250000000),
double3(0.301400000000,0.250000000000,0.814250000000),
double3(0.250000000000,0.250000000000,0.625000000000),
double3(0.436050000000,0.375000000000,0.500000000000),
double3(0.454000000000,0.329175000000,0.553050000000),
double3(0.250000000000,0.295850000000,0.602650000000),
double3(0.429650000000,0.375000000000,0.538250000000),
double3(0.250000000000,0.301400000000,0.564250000000),
double3(0.375000000000,0.436050000000,0.750000000000),
double3(0.420825000000,0.454000000000,0.803050000000),
double3(0.454150000000,0.250000000000,0.852650000000),
double3(0.375000000000,0.429650000000,0.788250000000),
double3(0.448600000000,0.250000000000,0.814250000000),
double3(0.296000000000,0.329175000000,0.946950000000),
double3(0.375000000000,0.375000000000,0.952850000000),
double3(0.250000000000,0.250000000000,0.951500000000),
double3(0.250000000000,0.295850000000,0.897350000000),
double3(0.320350000000,0.375000000000,0.961750000000),
double3(0.250000000000,0.301400000000,0.935750000000),
double3(0.420825000000,0.296000000000,0.696950000000),
double3(0.375000000000,0.375000000000,0.702850000000),
double3(0.250000000000,0.250000000000,0.701500000000),
double3(0.454150000000,0.250000000000,0.647350000000),
double3(0.375000000000,0.320350000000,0.711750000000),
double3(0.448600000000,0.250000000000,0.685750000000),
double3(0.454000000000,0.420825000000,0.946950000000),
double3(0.250000000000,0.454150000000,0.897350000000),
double3(0.429650000000,0.375000000000,0.961750000000),
double3(0.250000000000,0.448600000000,0.935750000000),
double3(0.329175000000,0.454000000000,0.696950000000),
double3(0.295850000000,0.250000000000,0.647350000000),
double3(0.375000000000,0.429650000000,0.711750000000),
double3(0.301400000000,0.250000000000,0.685750000000),
double3(0.454000000000,0.329175000000,0.946950000000),
double3(0.420825000000,0.454000000000,0.696950000000),
double3(0.296000000000,0.420825000000,0.946950000000),
double3(0.329175000000,0.296000000000,0.696950000000),
double3(0.454000000000,0.420825000000,0.553050000000),
double3(0.329175000000,0.454000000000,0.803050000000),
double3(0.296000000000,0.329175000000,0.553050000000),
double3(0.420825000000,0.296000000000,0.803050000000),
double3(0.313950000000,0.625000000000,0.000000000000),
double3(0.296000000000,0.670825000000,0.053050000000),
double3(0.375000000000,0.625000000000,0.047150000000),
double3(0.250000000000,0.500000000000,0.048500000000),
double3(0.250000000000,0.704150000000,0.102650000000),
double3(0.320350000000,0.625000000000,0.038250000000),
double3(0.250000000000,0.698600000000,0.064250000000),
double3(0.250000000000,0.500000000000,0.375000000000),
double3(0.375000000000,0.563950000000,0.250000000000),
double3(0.329175000000,0.546000000000,0.303050000000),
double3(0.375000000000,0.625000000000,0.297150000000),
double3(0.250000000000,0.500000000000,0.298500000000),
double3(0.295850000000,0.500000000000,0.352650000000),
double3(0.375000000000,0.570350000000,0.288250000000),
double3(0.301400000000,0.500000000000,0.314250000000),
double3(0.250000000000,0.500000000000,0.125000000000),
double3(0.436050000000,0.625000000000,0.000000000000),
double3(0.454000000000,0.579175000000,0.053050000000),
double3(0.250000000000,0.545850000000,0.102650000000),
double3(0.429650000000,0.625000000000,0.038250000000),
double3(0.250000000000,0.551400000000,0.064250000000),
double3(0.375000000000,0.686050000000,0.250000000000),
double3(0.420825000000,0.704000000000,0.303050000000),
double3(0.454150000000,0.500000000000,0.352650000000),
double3(0.375000000000,0.679650000000,0.288250000000),
double3(0.448600000000,0.500000000000,0.314250000000),
double3(0.296000000000,0.579175000000,0.446950000000),
double3(0.375000000000,0.625000000000,0.452850000000),
double3(0.250000000000,0.500000000000,0.451500000000),
double3(0.250000000000,0.545850000000,0.397350000000),
double3(0.320350000000,0.625000000000,0.461750000000),
double3(0.250000000000,0.551400000000,0.435750000000),
double3(0.420825000000,0.546000000000,0.196950000000),
double3(0.375000000000,0.625000000000,0.202850000000),
double3(0.250000000000,0.500000000000,0.201500000000),
double3(0.454150000000,0.500000000000,0.147350000000),
double3(0.375000000000,0.570350000000,0.211750000000),
double3(0.448600000000,0.500000000000,0.185750000000),
double3(0.454000000000,0.670825000000,0.446950000000),
double3(0.250000000000,0.704150000000,0.397350000000),
double3(0.429650000000,0.625000000000,0.461750000000),
double3(0.250000000000,0.698600000000,0.435750000000),
double3(0.329175000000,0.704000000000,0.196950000000),
double3(0.295850000000,0.500000000000,0.147350000000),
double3(0.375000000000,0.679650000000,0.211750000000),
double3(0.301400000000,0.500000000000,0.185750000000),
double3(0.454000000000,0.579175000000,0.446950000000),
double3(0.420825000000,0.704000000000,0.196950000000),
double3(0.296000000000,0.670825000000,0.446950000000),
double3(0.329175000000,0.546000000000,0.196950000000),
double3(0.454000000000,0.670825000000,0.053050000000),
double3(0.329175000000,0.704000000000,0.303050000000),
double3(0.296000000000,0.579175000000,0.053050000000),
double3(0.420825000000,0.546000000000,0.303050000000),
double3(0.313950000000,0.625000000000,0.500000000000),
double3(0.296000000000,0.670825000000,0.553050000000),
double3(0.375000000000,0.625000000000,0.547150000000),
double3(0.250000000000,0.500000000000,0.548500000000),
double3(0.250000000000,0.704150000000,0.602650000000),
double3(0.320350000000,0.625000000000,0.538250000000),
double3(0.250000000000,0.698600000000,0.564250000000),
double3(0.250000000000,0.500000000000,0.875000000000),
double3(0.375000000000,0.563950000000,0.750000000000),
double3(0.329175000000,0.546000000000,0.803050000000),
double3(0.375000000000,0.625000000000,0.797150000000),
double3(0.250000000000,0.500000000000,0.798500000000),
double3(0.295850000000,0.500000000000,0.852650000000),
double3(0.375000000000,0.570350000000,0.788250000000),
double3(0.301400000000,0.500000000000,0.814250000000),
double3(0.250000000000,0.500000000000,0.625000000000),
double3(0.436050000000,0.625000000000,0.500000000000),
double3(0.454000000000,0.579175000000,0.553050000000),
double3(0.250000000000,0.545850000000,0.602650000000),
double3(0.429650000000,0.625000000000,0.538250000000),
double3(0.250000000000,0.551400000000,0.564250000000),
double3(0.375000000000,0.686050000000,0.750000000000),
double3(0.420825000000,0.704000000000,0.803050000000),
double3(0.454150000000,0.500000000000,0.852650000000),
double3(0.375000000000,0.679650000000,0.788250000000),
double3(0.448600000000,0.500000000000,0.814250000000),
double3(0.296000000000,0.579175000000,0.946950000000),
double3(0.375000000000,0.625000000000,0.952850000000),
double3(0.250000000000,0.500000000000,0.951500000000),
double3(0.250000000000,0.545850000000,0.897350000000),
double3(0.320350000000,0.625000000000,0.961750000000),
double3(0.250000000000,0.551400000000,0.935750000000),
double3(0.420825000000,0.546000000000,0.696950000000),
double3(0.375000000000,0.625000000000,0.702850000000),
double3(0.250000000000,0.500000000000,0.701500000000),
double3(0.454150000000,0.500000000000,0.647350000000),
double3(0.375000000000,0.570350000000,0.711750000000),
double3(0.448600000000,0.500000000000,0.685750000000),
double3(0.454000000000,0.670825000000,0.946950000000),
double3(0.250000000000,0.704150000000,0.897350000000),
double3(0.429650000000,0.625000000000,0.961750000000),
double3(0.250000000000,0.698600000000,0.935750000000),
double3(0.329175000000,0.704000000000,0.696950000000),
double3(0.295850000000,0.500000000000,0.647350000000),
double3(0.375000000000,0.679650000000,0.711750000000),
double3(0.301400000000,0.500000000000,0.685750000000),
double3(0.454000000000,0.579175000000,0.946950000000),
double3(0.420825000000,0.704000000000,0.696950000000),
double3(0.296000000000,0.670825000000,0.946950000000),
double3(0.329175000000,0.546000000000,0.696950000000),
double3(0.454000000000,0.670825000000,0.553050000000),
double3(0.329175000000,0.704000000000,0.803050000000),
double3(0.296000000000,0.579175000000,0.553050000000),
double3(0.420825000000,0.546000000000,0.803050000000),
double3(0.313950000000,0.875000000000,0.000000000000),
double3(0.296000000000,0.920825000000,0.053050000000),
double3(0.375000000000,0.875000000000,0.047150000000),
double3(0.250000000000,0.750000000000,0.048500000000),
double3(0.250000000000,0.954150000000,0.102650000000),
double3(0.320350000000,0.875000000000,0.038250000000),
double3(0.250000000000,0.948600000000,0.064250000000),
double3(0.250000000000,0.750000000000,0.375000000000),
double3(0.375000000000,0.813950000000,0.250000000000),
double3(0.329175000000,0.796000000000,0.303050000000),
double3(0.375000000000,0.875000000000,0.297150000000),
double3(0.250000000000,0.750000000000,0.298500000000),
double3(0.295850000000,0.750000000000,0.352650000000),
double3(0.375000000000,0.820350000000,0.288250000000),
double3(0.301400000000,0.750000000000,0.314250000000),
double3(0.250000000000,0.750000000000,0.125000000000),
double3(0.436050000000,0.875000000000,0.000000000000),
double3(0.454000000000,0.829175000000,0.053050000000),
double3(0.250000000000,0.795850000000,0.102650000000),
double3(0.429650000000,0.875000000000,0.038250000000),
double3(0.250000000000,0.801400000000,0.064250000000),
double3(0.375000000000,0.936050000000,0.250000000000),
double3(0.420825000000,0.954000000000,0.303050000000),
double3(0.454150000000,0.750000000000,0.352650000000),
double3(0.375000000000,0.929650000000,0.288250000000),
double3(0.448600000000,0.750000000000,0.314250000000),
double3(0.296000000000,0.829175000000,0.446950000000),
double3(0.375000000000,0.875000000000,0.452850000000),
double3(0.250000000000,0.750000000000,0.451500000000),
double3(0.250000000000,0.795850000000,0.397350000000),
double3(0.320350000000,0.875000000000,0.461750000000),
double3(0.250000000000,0.801400000000,0.435750000000),
double3(0.420825000000,0.796000000000,0.196950000000),
double3(0.375000000000,0.875000000000,0.202850000000),
double3(0.250000000000,0.750000000000,0.201500000000),
double3(0.454150000000,0.750000000000,0.147350000000),
double3(0.375000000000,0.820350000000,0.211750000000),
double3(0.448600000000,0.750000000000,0.185750000000),
double3(0.454000000000,0.920825000000,0.446950000000),
double3(0.250000000000,0.954150000000,0.397350000000),
double3(0.429650000000,0.875000000000,0.461750000000),
double3(0.250000000000,0.948600000000,0.435750000000),
double3(0.329175000000,0.954000000000,0.196950000000),
double3(0.295850000000,0.750000000000,0.147350000000),
double3(0.375000000000,0.929650000000,0.211750000000),
double3(0.301400000000,0.750000000000,0.185750000000),
double3(0.454000000000,0.829175000000,0.446950000000),
double3(0.420825000000,0.954000000000,0.196950000000),
double3(0.296000000000,0.920825000000,0.446950000000),
double3(0.329175000000,0.796000000000,0.196950000000),
double3(0.454000000000,0.920825000000,0.053050000000),
double3(0.329175000000,0.954000000000,0.303050000000),
double3(0.296000000000,0.829175000000,0.053050000000),
double3(0.420825000000,0.796000000000,0.303050000000),
double3(0.313950000000,0.875000000000,0.500000000000),
double3(0.296000000000,0.920825000000,0.553050000000),
double3(0.375000000000,0.875000000000,0.547150000000),
double3(0.250000000000,0.750000000000,0.548500000000),
double3(0.250000000000,0.954150000000,0.602650000000),
double3(0.320350000000,0.875000000000,0.538250000000),
double3(0.250000000000,0.948600000000,0.564250000000),
double3(0.250000000000,0.750000000000,0.875000000000),
double3(0.375000000000,0.813950000000,0.750000000000),
double3(0.329175000000,0.796000000000,0.803050000000),
double3(0.375000000000,0.875000000000,0.797150000000),
double3(0.250000000000,0.750000000000,0.798500000000),
double3(0.295850000000,0.750000000000,0.852650000000),
double3(0.375000000000,0.820350000000,0.788250000000),
double3(0.301400000000,0.750000000000,0.814250000000),
double3(0.250000000000,0.750000000000,0.625000000000),
double3(0.436050000000,0.875000000000,0.500000000000),
double3(0.454000000000,0.829175000000,0.553050000000),
double3(0.250000000000,0.795850000000,0.602650000000),
double3(0.429650000000,0.875000000000,0.538250000000),
double3(0.250000000000,0.801400000000,0.564250000000),
double3(0.375000000000,0.936050000000,0.750000000000),
double3(0.420825000000,0.954000000000,0.803050000000),
double3(0.454150000000,0.750000000000,0.852650000000),
double3(0.375000000000,0.929650000000,0.788250000000),
double3(0.448600000000,0.750000000000,0.814250000000),
double3(0.296000000000,0.829175000000,0.946950000000),
double3(0.375000000000,0.875000000000,0.952850000000),
double3(0.250000000000,0.750000000000,0.951500000000),
double3(0.250000000000,0.795850000000,0.897350000000),
double3(0.320350000000,0.875000000000,0.961750000000),
double3(0.250000000000,0.801400000000,0.935750000000),
double3(0.420825000000,0.796000000000,0.696950000000),
double3(0.375000000000,0.875000000000,0.702850000000),
double3(0.250000000000,0.750000000000,0.701500000000),
double3(0.454150000000,0.750000000000,0.647350000000),
double3(0.375000000000,0.820350000000,0.711750000000),
double3(0.448600000000,0.750000000000,0.685750000000),
double3(0.454000000000,0.920825000000,0.946950000000),
double3(0.250000000000,0.954150000000,0.897350000000),
double3(0.429650000000,0.875000000000,0.961750000000),
double3(0.250000000000,0.948600000000,0.935750000000),
double3(0.329175000000,0.954000000000,0.696950000000),
double3(0.295850000000,0.750000000000,0.647350000000),
double3(0.375000000000,0.929650000000,0.711750000000),
double3(0.301400000000,0.750000000000,0.685750000000),
double3(0.454000000000,0.829175000000,0.946950000000),
double3(0.420825000000,0.954000000000,0.696950000000),
double3(0.296000000000,0.920825000000,0.946950000000),
double3(0.329175000000,0.796000000000,0.696950000000),
double3(0.454000000000,0.920825000000,0.553050000000),
double3(0.329175000000,0.954000000000,0.803050000000),
double3(0.296000000000,0.829175000000,0.553050000000),
double3(0.420825000000,0.796000000000,0.803050000000),
double3(0.563950000000,0.125000000000,0.000000000000),
double3(0.546000000000,0.170825000000,0.053050000000),
double3(0.625000000000,0.125000000000,0.047150000000),
double3(0.500000000000,0.000000000000,0.048500000000),
double3(0.500000000000,0.204150000000,0.102650000000),
double3(0.570350000000,0.125000000000,0.038250000000),
double3(0.500000000000,0.198600000000,0.064250000000),
double3(0.500000000000,0.000000000000,0.375000000000),
double3(0.625000000000,0.063950000000,0.250000000000),
double3(0.579175000000,0.046000000000,0.303050000000),
double3(0.625000000000,0.125000000000,0.297150000000),
double3(0.500000000000,0.000000000000,0.298500000000),
double3(0.545850000000,0.000000000000,0.352650000000),
double3(0.625000000000,0.070350000000,0.288250000000),
double3(0.551400000000,0.000000000000,0.314250000000),
double3(0.500000000000,0.000000000000,0.125000000000),
double3(0.686050000000,0.125000000000,0.000000000000),
double3(0.704000000000,0.079175000000,0.053050000000),
double3(0.500000000000,0.045850000000,0.102650000000),
double3(0.679650000000,0.125000000000,0.038250000000),
double3(0.500000000000,0.051400000000,0.064250000000),
double3(0.625000000000,0.186050000000,0.250000000000),
double3(0.670825000000,0.204000000000,0.303050000000),
double3(0.704150000000,0.000000000000,0.352650000000),
double3(0.625000000000,0.179650000000,0.288250000000),
double3(0.698600000000,0.000000000000,0.314250000000),
double3(0.546000000000,0.079175000000,0.446950000000),
double3(0.625000000000,0.125000000000,0.452850000000),
double3(0.500000000000,0.000000000000,0.451500000000),
double3(0.500000000000,0.045850000000,0.397350000000),
double3(0.570350000000,0.125000000000,0.461750000000),
double3(0.500000000000,0.051400000000,0.435750000000),
double3(0.670825000000,0.046000000000,0.196950000000),
double3(0.625000000000,0.125000000000,0.202850000000),
double3(0.500000000000,0.000000000000,0.201500000000),
double3(0.704150000000,0.000000000000,0.147350000000),
double3(0.625000000000,0.070350000000,0.211750000000),
double3(0.698600000000,0.000000000000,0.185750000000),
double3(0.704000000000,0.170825000000,0.446950000000),
double3(0.500000000000,0.204150000000,0.397350000000),
double3(0.679650000000,0.125000000000,0.461750000000),
double3(0.500000000000,0.198600000000,0.435750000000),
double3(0.579175000000,0.204000000000,0.196950000000),
double3(0.545850000000,0.000000000000,0.147350000000),
double3(0.625000000000,0.179650000000,0.211750000000),
double3(0.551400000000,0.000000000000,0.185750000000),
double3(0.704000000000,0.079175000000,0.446950000000),
double3(0.670825000000,0.204000000000,0.196950000000),
double3(0.546000000000,0.170825000000,0.446950000000),
double3(0.579175000000,0.046000000000,0.196950000000),
double3(0.704000000000,0.170825000000,0.053050000000),
double3(0.579175000000,0.204000000000,0.303050000000),
double3(0.546000000000,0.079175000000,0.053050000000),
double3(0.670825000000,0.046000000000,0.303050000000),
double3(0.563950000000,0.125000000000,0.500000000000),
double3(0.546000000000,0.170825000000,0.553050000000),
double3(0.625000000000,0.125000000000,0.547150000000),
double3(0.500000000000,0.000000000000,0.548500000000),
double3(0.500000000000,0.204150000000,0.602650000000),
double3(0.570350000000,0.125000000000,0.538250000000),
double3(0.500000000000,0.198600000000,0.564250000000),
double3(0.500000000000,0.000000000000,0.875000000000),
double3(0.625000000000,0.063950000000,0.750000000000),
double3(0.579175000000,0.046000000000,0.803050000000),
double3(0.625000000000,0.125000000000,0.797150000000),
double3(0.500000000000,0.000000000000,0.798500000000),
double3(0.545850000000,0.000000000000,0.852650000000),
double3(0.625000000000,0.070350000000,0.788250000000),
double3(0.551400000000,0.000000000000,0.814250000000),
double3(0.500000000000,0.000000000000,0.625000000000),
double3(0.686050000000,0.125000000000,0.500000000000),
double3(0.704000000000,0.079175000000,0.553050000000),
double3(0.500000000000,0.045850000000,0.602650000000),
double3(0.679650000000,0.125000000000,0.538250000000),
double3(0.500000000000,0.051400000000,0.564250000000),
double3(0.625000000000,0.186050000000,0.750000000000),
double3(0.670825000000,0.204000000000,0.803050000000),
double3(0.704150000000,0.000000000000,0.852650000000),
double3(0.625000000000,0.179650000000,0.788250000000),
double3(0.698600000000,0.000000000000,0.814250000000),
double3(0.546000000000,0.079175000000,0.946950000000),
double3(0.625000000000,0.125000000000,0.952850000000),
double3(0.500000000000,0.000000000000,0.951500000000),
double3(0.500000000000,0.045850000000,0.897350000000),
double3(0.570350000000,0.125000000000,0.961750000000),
double3(0.500000000000,0.051400000000,0.935750000000),
double3(0.670825000000,0.046000000000,0.696950000000),
double3(0.625000000000,0.125000000000,0.702850000000),
double3(0.500000000000,0.000000000000,0.701500000000),
double3(0.704150000000,0.000000000000,0.647350000000),
double3(0.625000000000,0.070350000000,0.711750000000),
double3(0.698600000000,0.000000000000,0.685750000000),
double3(0.704000000000,0.170825000000,0.946950000000),
double3(0.500000000000,0.204150000000,0.897350000000),
double3(0.679650000000,0.125000000000,0.961750000000),
double3(0.500000000000,0.198600000000,0.935750000000),
double3(0.579175000000,0.204000000000,0.696950000000),
double3(0.545850000000,0.000000000000,0.647350000000),
double3(0.625000000000,0.179650000000,0.711750000000),
double3(0.551400000000,0.000000000000,0.685750000000),
double3(0.704000000000,0.079175000000,0.946950000000),
double3(0.670825000000,0.204000000000,0.696950000000),
double3(0.546000000000,0.170825000000,0.946950000000),
double3(0.579175000000,0.046000000000,0.696950000000),
double3(0.704000000000,0.170825000000,0.553050000000),
double3(0.579175000000,0.204000000000,0.803050000000),
double3(0.546000000000,0.079175000000,0.553050000000),
double3(0.670825000000,0.046000000000,0.803050000000),
double3(0.563950000000,0.375000000000,0.000000000000),
double3(0.546000000000,0.420825000000,0.053050000000),
double3(0.625000000000,0.375000000000,0.047150000000),
double3(0.500000000000,0.250000000000,0.048500000000),
double3(0.500000000000,0.454150000000,0.102650000000),
double3(0.570350000000,0.375000000000,0.038250000000),
double3(0.500000000000,0.448600000000,0.064250000000),
double3(0.500000000000,0.250000000000,0.375000000000),
double3(0.625000000000,0.313950000000,0.250000000000),
double3(0.579175000000,0.296000000000,0.303050000000),
double3(0.625000000000,0.375000000000,0.297150000000),
double3(0.500000000000,0.250000000000,0.298500000000),
double3(0.545850000000,0.250000000000,0.352650000000),
double3(0.625000000000,0.320350000000,0.288250000000),
double3(0.551400000000,0.250000000000,0.314250000000),
double3(0.500000000000,0.250000000000,0.125000000000),
double3(0.686050000000,0.375000000000,0.000000000000),
double3(0.704000000000,0.329175000000,0.053050000000),
double3(0.500000000000,0.295850000000,0.102650000000),
double3(0.679650000000,0.375000000000,0.038250000000),
double3(0.500000000000,0.301400000000,0.064250000000),
double3(0.625000000000,0.436050000000,0.250000000000),
double3(0.670825000000,0.454000000000,0.303050000000),
double3(0.704150000000,0.250000000000,0.352650000000),
double3(0.625000000000,0.429650000000,0.288250000000),
double3(0.698600000000,0.250000000000,0.314250000000),
double3(0.546000000000,0.329175000000,0.446950000000),
double3(0.625000000000,0.375000000000,0.452850000000),
double3(0.500000000000,0.250000000000,0.451500000000),
double3(0.500000000000,0.295850000000,0.397350000000),
double3(0.570350000000,0.375000000000,0.461750000000),
double3(0.500000000000,0.301400000000,0.435750000000),
double3(0.670825000000,0.296000000000,0.196950000000),
double3(0.625000000000,0.375000000000,0.202850000000),
double3(0.500000000000,0.250000000000,0.201500000000),
double3(0.704150000000,0.250000000000,0.147350000000),
double3(0.625000000000,0.320350000000,0.211750000000),
double3(0.698600000000,0.250000000000,0.185750000000),
double3(0.704000000000,0.420825000000,0.446950000000),
double3(0.500000000000,0.454150000000,0.397350000000),
double3(0.679650000000,0.375000000000,0.461750000000),
double3(0.500000000000,0.448600000000,0.435750000000),
double3(0.579175000000,0.454000000000,0.196950000000),
double3(0.545850000000,0.250000000000,0.147350000000),
double3(0.625000000000,0.429650000000,0.211750000000),
double3(0.551400000000,0.250000000000,0.185750000000),
double3(0.704000000000,0.329175000000,0.446950000000),
double3(0.670825000000,0.454000000000,0.196950000000),
double3(0.546000000000,0.420825000000,0.446950000000),
double3(0.579175000000,0.296000000000,0.196950000000),
double3(0.704000000000,0.420825000000,0.053050000000),
double3(0.579175000000,0.454000000000,0.303050000000),
double3(0.546000000000,0.329175000000,0.053050000000),
double3(0.670825000000,0.296000000000,0.303050000000),
double3(0.563950000000,0.375000000000,0.500000000000),
double3(0.546000000000,0.420825000000,0.553050000000),
double3(0.625000000000,0.375000000000,0.547150000000),
double3(0.500000000000,0.250000000000,0.548500000000),
double3(0.500000000000,0.454150000000,0.602650000000),
double3(0.570350000000,0.375000000000,0.538250000000),
double3(0.500000000000,0.448600000000,0.564250000000),
double3(0.500000000000,0.250000000000,0.875000000000),
double3(0.625000000000,0.313950000000,0.750000000000),
double3(0.579175000000,0.296000000000,0.803050000000),
double3(0.625000000000,0.375000000000,0.797150000000),
double3(0.500000000000,0.250000000000,0.798500000000),
double3(0.545850000000,0.250000000000,0.852650000000),
double3(0.625000000000,0.320350000000,0.788250000000),
double3(0.551400000000,0.250000000000,0.814250000000),
double3(0.500000000000,0.250000000000,0.625000000000),
double3(0.686050000000,0.375000000000,0.500000000000),
double3(0.704000000000,0.329175000000,0.553050000000),
double3(0.500000000000,0.295850000000,0.602650000000),
double3(0.679650000000,0.375000000000,0.538250000000),
double3(0.500000000000,0.301400000000,0.564250000000),
double3(0.625000000000,0.436050000000,0.750000000000),
double3(0.670825000000,0.454000000000,0.803050000000),
double3(0.704150000000,0.250000000000,0.852650000000),
double3(0.625000000000,0.429650000000,0.788250000000),
double3(0.698600000000,0.250000000000,0.814250000000),
double3(0.546000000000,0.329175000000,0.946950000000),
double3(0.625000000000,0.375000000000,0.952850000000),
double3(0.500000000000,0.250000000000,0.951500000000),
double3(0.500000000000,0.295850000000,0.897350000000),
double3(0.570350000000,0.375000000000,0.961750000000),
double3(0.500000000000,0.301400000000,0.935750000000),
double3(0.670825000000,0.296000000000,0.696950000000),
double3(0.625000000000,0.375000000000,0.702850000000),
double3(0.500000000000,0.250000000000,0.701500000000),
double3(0.704150000000,0.250000000000,0.647350000000),
double3(0.625000000000,0.320350000000,0.711750000000),
double3(0.698600000000,0.250000000000,0.685750000000),
double3(0.704000000000,0.420825000000,0.946950000000),
double3(0.500000000000,0.454150000000,0.897350000000),
double3(0.679650000000,0.375000000000,0.961750000000),
double3(0.500000000000,0.448600000000,0.935750000000),
double3(0.579175000000,0.454000000000,0.696950000000),
double3(0.545850000000,0.250000000000,0.647350000000),
double3(0.625000000000,0.429650000000,0.711750000000),
double3(0.551400000000,0.250000000000,0.685750000000),
double3(0.704000000000,0.329175000000,0.946950000000),
double3(0.670825000000,0.454000000000,0.696950000000),
double3(0.546000000000,0.420825000000,0.946950000000),
double3(0.579175000000,0.296000000000,0.696950000000),
double3(0.704000000000,0.420825000000,0.553050000000),
double3(0.579175000000,0.454000000000,0.803050000000),
double3(0.546000000000,0.329175000000,0.553050000000),
double3(0.670825000000,0.296000000000,0.803050000000),
double3(0.563950000000,0.625000000000,0.000000000000),
double3(0.546000000000,0.670825000000,0.053050000000),
double3(0.625000000000,0.625000000000,0.047150000000),
double3(0.500000000000,0.500000000000,0.048500000000),
double3(0.500000000000,0.704150000000,0.102650000000),
double3(0.570350000000,0.625000000000,0.038250000000),
double3(0.500000000000,0.698600000000,0.064250000000),
double3(0.500000000000,0.500000000000,0.375000000000),
double3(0.625000000000,0.563950000000,0.250000000000),
double3(0.579175000000,0.546000000000,0.303050000000),
double3(0.625000000000,0.625000000000,0.297150000000),
double3(0.500000000000,0.500000000000,0.298500000000),
double3(0.545850000000,0.500000000000,0.352650000000),
double3(0.625000000000,0.570350000000,0.288250000000),
double3(0.551400000000,0.500000000000,0.314250000000),
double3(0.500000000000,0.500000000000,0.125000000000),
double3(0.686050000000,0.625000000000,0.000000000000),
double3(0.704000000000,0.579175000000,0.053050000000),
double3(0.500000000000,0.545850000000,0.102650000000),
double3(0.679650000000,0.625000000000,0.038250000000),
double3(0.500000000000,0.551400000000,0.064250000000),
double3(0.625000000000,0.686050000000,0.250000000000),
double3(0.670825000000,0.704000000000,0.303050000000),
double3(0.704150000000,0.500000000000,0.352650000000),
double3(0.625000000000,0.679650000000,0.288250000000),
double3(0.698600000000,0.500000000000,0.314250000000),
double3(0.546000000000,0.579175000000,0.446950000000),
double3(0.625000000000,0.625000000000,0.452850000000),
double3(0.500000000000,0.500000000000,0.451500000000),
double3(0.500000000000,0.545850000000,0.397350000000),
double3(0.570350000000,0.625000000000,0.461750000000),
double3(0.500000000000,0.551400000000,0.435750000000),
double3(0.670825000000,0.546000000000,0.196950000000),
double3(0.625000000000,0.625000000000,0.202850000000),
double3(0.500000000000,0.500000000000,0.201500000000),
double3(0.704150000000,0.500000000000,0.147350000000),
double3(0.625000000000,0.570350000000,0.211750000000),
double3(0.698600000000,0.500000000000,0.185750000000),
double3(0.704000000000,0.670825000000,0.446950000000),
double3(0.500000000000,0.704150000000,0.397350000000),
double3(0.679650000000,0.625000000000,0.461750000000),
double3(0.500000000000,0.698600000000,0.435750000000),
double3(0.579175000000,0.704000000000,0.196950000000),
double3(0.545850000000,0.500000000000,0.147350000000),
double3(0.625000000000,0.679650000000,0.211750000000),
double3(0.551400000000,0.500000000000,0.185750000000),
double3(0.704000000000,0.579175000000,0.446950000000),
double3(0.670825000000,0.704000000000,0.196950000000),
double3(0.546000000000,0.670825000000,0.446950000000),
double3(0.579175000000,0.546000000000,0.196950000000),
double3(0.704000000000,0.670825000000,0.053050000000),
double3(0.579175000000,0.704000000000,0.303050000000),
double3(0.546000000000,0.579175000000,0.053050000000),
double3(0.670825000000,0.546000000000,0.303050000000),
double3(0.563950000000,0.625000000000,0.500000000000),
double3(0.546000000000,0.670825000000,0.553050000000),
double3(0.625000000000,0.625000000000,0.547150000000),
double3(0.500000000000,0.500000000000,0.548500000000),
double3(0.500000000000,0.704150000000,0.602650000000),
double3(0.570350000000,0.625000000000,0.538250000000),
double3(0.500000000000,0.698600000000,0.564250000000),
double3(0.500000000000,0.500000000000,0.875000000000),
double3(0.625000000000,0.563950000000,0.750000000000),
double3(0.579175000000,0.546000000000,0.803050000000),
double3(0.625000000000,0.625000000000,0.797150000000),
double3(0.500000000000,0.500000000000,0.798500000000),
double3(0.545850000000,0.500000000000,0.852650000000),
double3(0.625000000000,0.570350000000,0.788250000000),
double3(0.551400000000,0.500000000000,0.814250000000),
double3(0.500000000000,0.500000000000,0.625000000000),
double3(0.686050000000,0.625000000000,0.500000000000),
double3(0.704000000000,0.579175000000,0.553050000000),
double3(0.500000000000,0.545850000000,0.602650000000),
double3(0.679650000000,0.625000000000,0.538250000000),
double3(0.500000000000,0.551400000000,0.564250000000),
double3(0.625000000000,0.686050000000,0.750000000000),
double3(0.670825000000,0.704000000000,0.803050000000),
double3(0.704150000000,0.500000000000,0.852650000000),
double3(0.625000000000,0.679650000000,0.788250000000),
double3(0.698600000000,0.500000000000,0.814250000000),
double3(0.546000000000,0.579175000000,0.946950000000),
double3(0.625000000000,0.625000000000,0.952850000000),
double3(0.500000000000,0.500000000000,0.951500000000),
double3(0.500000000000,0.545850000000,0.897350000000),
double3(0.570350000000,0.625000000000,0.961750000000),
double3(0.500000000000,0.551400000000,0.935750000000),
double3(0.670825000000,0.546000000000,0.696950000000),
double3(0.625000000000,0.625000000000,0.702850000000),
double3(0.500000000000,0.500000000000,0.701500000000),
double3(0.704150000000,0.500000000000,0.647350000000),
double3(0.625000000000,0.570350000000,0.711750000000),
double3(0.698600000000,0.500000000000,0.685750000000),
double3(0.704000000000,0.670825000000,0.946950000000),
double3(0.500000000000,0.704150000000,0.897350000000),
double3(0.679650000000,0.625000000000,0.961750000000),
double3(0.500000000000,0.698600000000,0.935750000000),
double3(0.579175000000,0.704000000000,0.696950000000),
double3(0.545850000000,0.500000000000,0.647350000000),
double3(0.625000000000,0.679650000000,0.711750000000),
double3(0.551400000000,0.500000000000,0.685750000000),
double3(0.704000000000,0.579175000000,0.946950000000),
double3(0.670825000000,0.704000000000,0.696950000000),
double3(0.546000000000,0.670825000000,0.946950000000),
double3(0.579175000000,0.546000000000,0.696950000000),
double3(0.704000000000,0.670825000000,0.553050000000),
double3(0.579175000000,0.704000000000,0.803050000000),
double3(0.546000000000,0.579175000000,0.553050000000),
double3(0.670825000000,0.546000000000,0.803050000000),
double3(0.563950000000,0.875000000000,0.000000000000),
double3(0.546000000000,0.920825000000,0.053050000000),
double3(0.625000000000,0.875000000000,0.047150000000),
double3(0.500000000000,0.750000000000,0.048500000000),
double3(0.500000000000,0.954150000000,0.102650000000),
double3(0.570350000000,0.875000000000,0.038250000000),
double3(0.500000000000,0.948600000000,0.064250000000),
double3(0.500000000000,0.750000000000,0.375000000000),
double3(0.625000000000,0.813950000000,0.250000000000),
double3(0.579175000000,0.796000000000,0.303050000000),
double3(0.625000000000,0.875000000000,0.297150000000),
double3(0.500000000000,0.750000000000,0.298500000000),
double3(0.545850000000,0.750000000000,0.352650000000),
double3(0.625000000000,0.820350000000,0.288250000000),
double3(0.551400000000,0.750000000000,0.314250000000),
double3(0.500000000000,0.750000000000,0.125000000000),
double3(0.686050000000,0.875000000000,0.000000000000),
double3(0.704000000000,0.829175000000,0.053050000000),
double3(0.500000000000,0.795850000000,0.102650000000),
double3(0.679650000000,0.875000000000,0.038250000000),
double3(0.500000000000,0.801400000000,0.064250000000),
double3(0.625000000000,0.936050000000,0.250000000000),
double3(0.670825000000,0.954000000000,0.303050000000),
double3(0.704150000000,0.750000000000,0.352650000000),
double3(0.625000000000,0.929650000000,0.288250000000),
double3(0.698600000000,0.750000000000,0.314250000000),
double3(0.546000000000,0.829175000000,0.446950000000),
double3(0.625000000000,0.875000000000,0.452850000000),
double3(0.500000000000,0.750000000000,0.451500000000),
double3(0.500000000000,0.795850000000,0.397350000000),
double3(0.570350000000,0.875000000000,0.461750000000),
double3(0.500000000000,0.801400000000,0.435750000000),
double3(0.670825000000,0.796000000000,0.196950000000),
double3(0.625000000000,0.875000000000,0.202850000000),
double3(0.500000000000,0.750000000000,0.201500000000),
double3(0.704150000000,0.750000000000,0.147350000000),
double3(0.625000000000,0.820350000000,0.211750000000),
double3(0.698600000000,0.750000000000,0.185750000000),
double3(0.704000000000,0.920825000000,0.446950000000),
double3(0.500000000000,0.954150000000,0.397350000000),
double3(0.679650000000,0.875000000000,0.461750000000),
double3(0.500000000000,0.948600000000,0.435750000000),
double3(0.579175000000,0.954000000000,0.196950000000),
double3(0.545850000000,0.750000000000,0.147350000000),
double3(0.625000000000,0.929650000000,0.211750000000),
double3(0.551400000000,0.750000000000,0.185750000000),
double3(0.704000000000,0.829175000000,0.446950000000),
double3(0.670825000000,0.954000000000,0.196950000000),
double3(0.546000000000,0.920825000000,0.446950000000),
double3(0.579175000000,0.796000000000,0.196950000000),
double3(0.704000000000,0.920825000000,0.053050000000),
double3(0.579175000000,0.954000000000,0.303050000000),
double3(0.546000000000,0.829175000000,0.053050000000),
double3(0.670825000000,0.796000000000,0.303050000000),
double3(0.563950000000,0.875000000000,0.500000000000),
double3(0.546000000000,0.920825000000,0.553050000000),
double3(0.625000000000,0.875000000000,0.547150000000),
double3(0.500000000000,0.750000000000,0.548500000000),
double3(0.500000000000,0.954150000000,0.602650000000),
double3(0.570350000000,0.875000000000,0.538250000000),
double3(0.500000000000,0.948600000000,0.564250000000),
double3(0.500000000000,0.750000000000,0.875000000000),
double3(0.625000000000,0.813950000000,0.750000000000),
double3(0.579175000000,0.796000000000,0.803050000000),
double3(0.625000000000,0.875000000000,0.797150000000),
double3(0.500000000000,0.750000000000,0.798500000000),
double3(0.545850000000,0.750000000000,0.852650000000),
double3(0.625000000000,0.820350000000,0.788250000000),
double3(0.551400000000,0.750000000000,0.814250000000),
double3(0.500000000000,0.750000000000,0.625000000000),
double3(0.686050000000,0.875000000000,0.500000000000),
double3(0.704000000000,0.829175000000,0.553050000000),
double3(0.500000000000,0.795850000000,0.602650000000),
double3(0.679650000000,0.875000000000,0.538250000000),
double3(0.500000000000,0.801400000000,0.564250000000),
double3(0.625000000000,0.936050000000,0.750000000000),
double3(0.670825000000,0.954000000000,0.803050000000),
double3(0.704150000000,0.750000000000,0.852650000000),
double3(0.625000000000,0.929650000000,0.788250000000),
double3(0.698600000000,0.750000000000,0.814250000000),
double3(0.546000000000,0.829175000000,0.946950000000),
double3(0.625000000000,0.875000000000,0.952850000000),
double3(0.500000000000,0.750000000000,0.951500000000),
double3(0.500000000000,0.795850000000,0.897350000000),
double3(0.570350000000,0.875000000000,0.961750000000),
double3(0.500000000000,0.801400000000,0.935750000000),
double3(0.670825000000,0.796000000000,0.696950000000),
double3(0.625000000000,0.875000000000,0.702850000000),
double3(0.500000000000,0.750000000000,0.701500000000),
double3(0.704150000000,0.750000000000,0.647350000000),
double3(0.625000000000,0.820350000000,0.711750000000),
double3(0.698600000000,0.750000000000,0.685750000000),
double3(0.704000000000,0.920825000000,0.946950000000),
double3(0.500000000000,0.954150000000,0.897350000000),
double3(0.679650000000,0.875000000000,0.961750000000),
double3(0.500000000000,0.948600000000,0.935750000000),
double3(0.579175000000,0.954000000000,0.696950000000),
double3(0.545850000000,0.750000000000,0.647350000000),
double3(0.625000000000,0.929650000000,0.711750000000),
double3(0.551400000000,0.750000000000,0.685750000000),
double3(0.704000000000,0.829175000000,0.946950000000),
double3(0.670825000000,0.954000000000,0.696950000000),
double3(0.546000000000,0.920825000000,0.946950000000),
double3(0.579175000000,0.796000000000,0.696950000000),
double3(0.704000000000,0.920825000000,0.553050000000),
double3(0.579175000000,0.954000000000,0.803050000000),
double3(0.546000000000,0.829175000000,0.553050000000),
double3(0.670825000000,0.796000000000,0.803050000000),
double3(0.813950000000,0.125000000000,0.000000000000),
double3(0.796000000000,0.170825000000,0.053050000000),
double3(0.875000000000,0.125000000000,0.047150000000),
double3(0.750000000000,0.000000000000,0.048500000000),
double3(0.750000000000,0.204150000000,0.102650000000),
double3(0.820350000000,0.125000000000,0.038250000000),
double3(0.750000000000,0.198600000000,0.064250000000),
double3(0.750000000000,0.000000000000,0.375000000000),
double3(0.875000000000,0.063950000000,0.250000000000),
double3(0.829175000000,0.046000000000,0.303050000000),
double3(0.875000000000,0.125000000000,0.297150000000),
double3(0.750000000000,0.000000000000,0.298500000000),
double3(0.795850000000,0.000000000000,0.352650000000),
double3(0.875000000000,0.070350000000,0.288250000000),
double3(0.801400000000,0.000000000000,0.314250000000),
double3(0.750000000000,0.000000000000,0.125000000000),
double3(0.936050000000,0.125000000000,0.000000000000),
double3(0.954000000000,0.079175000000,0.053050000000),
double3(0.750000000000,0.045850000000,0.102650000000),
double3(0.929650000000,0.125000000000,0.038250000000),
double3(0.750000000000,0.051400000000,0.064250000000),
double3(0.875000000000,0.186050000000,0.250000000000),
double3(0.920825000000,0.204000000000,0.303050000000),
double3(0.954150000000,0.000000000000,0.352650000000),
double3(0.875000000000,0.179650000000,0.288250000000),
double3(0.948600000000,0.000000000000,0.314250000000),
double3(0.796000000000,0.079175000000,0.446950000000),
double3(0.875000000000,0.125000000000,0.452850000000),
double3(0.750000000000,0.000000000000,0.451500000000),
double3(0.750000000000,0.045850000000,0.397350000000),
double3(0.820350000000,0.125000000000,0.461750000000),
double3(0.750000000000,0.051400000000,0.435750000000),
double3(0.920825000000,0.046000000000,0.196950000000),
double3(0.875000000000,0.125000000000,0.202850000000),
double3(0.750000000000,0.000000000000,0.201500000000),
double3(0.954150000000,0.000000000000,0.147350000000),
double3(0.875000000000,0.070350000000,0.211750000000),
double3(0.948600000000,0.000000000000,0.185750000000),
double3(0.954000000000,0.170825000000,0.446950000000),
double3(0.750000000000,0.204150000000,0.397350000000),
double3(0.929650000000,0.125000000000,0.461750000000),
double3(0.750000000000,0.198600000000,0.435750000000),
double3(0.829175000000,0.204000000000,0.196950000000),
double3(0.795850000000,0.000000000000,0.147350000000),
double3(0.875000000000,0.179650000000,0.211750000000),
double3(0.801400000000,0.000000000000,0.185750000000),
double3(0.954000000000,0.079175000000,0.446950000000),
double3(0.920825000000,0.204000000000,0.196950000000),
double3(0.796000000000,0.170825000000,0.446950000000),
double3(0.829175000000,0.046000000000,0.196950000000),
double3(0.954000000000,0.170825000000,0.053050000000),
double3(0.829175000000,0.204000000000,0.303050000000),
double3(0.796000000000,0.079175000000,0.053050000000),
double3(0.920825000000,0.046000000000,0.303050000000),
double3(0.813950000000,0.125000000000,0.500000000000),
double3(0.796000000000,0.170825000000,0.553050000000),
double3(0.875000000000,0.125000000000,0.547150000000),
double3(0.750000000000,0.000000000000,0.548500000000),
double3(0.750000000000,0.204150000000,0.602650000000),
double3(0.820350000000,0.125000000000,0.538250000000),
double3(0.750000000000,0.198600000000,0.564250000000),
double3(0.750000000000,0.000000000000,0.875000000000),
double3(0.875000000000,0.063950000000,0.750000000000),
double3(0.829175000000,0.046000000000,0.803050000000),
double3(0.875000000000,0.125000000000,0.797150000000),
double3(0.750000000000,0.000000000000,0.798500000000),
double3(0.795850000000,0.000000000000,0.852650000000),
double3(0.875000000000,0.070350000000,0.788250000000),
double3(0.801400000000,0.000000000000,0.814250000000),
double3(0.750000000000,0.000000000000,0.625000000000),
double3(0.936050000000,0.125000000000,0.500000000000),
double3(0.954000000000,0.079175000000,0.553050000000),
double3(0.750000000000,0.045850000000,0.602650000000),
double3(0.929650000000,0.125000000000,0.538250000000),
double3(0.750000000000,0.051400000000,0.564250000000),
double3(0.875000000000,0.186050000000,0.750000000000),
double3(0.920825000000,0.204000000000,0.803050000000),
double3(0.954150000000,0.000000000000,0.852650000000),
double3(0.875000000000,0.179650000000,0.788250000000),
double3(0.948600000000,0.000000000000,0.814250000000),
double3(0.796000000000,0.079175000000,0.946950000000),
double3(0.875000000000,0.125000000000,0.952850000000),
double3(0.750000000000,0.000000000000,0.951500000000),
double3(0.750000000000,0.045850000000,0.897350000000),
double3(0.820350000000,0.125000000000,0.961750000000),
double3(0.750000000000,0.051400000000,0.935750000000),
double3(0.920825000000,0.046000000000,0.696950000000),
double3(0.875000000000,0.125000000000,0.702850000000),
double3(0.750000000000,0.000000000000,0.701500000000),
double3(0.954150000000,0.000000000000,0.647350000000),
double3(0.875000000000,0.070350000000,0.711750000000),
double3(0.948600000000,0.000000000000,0.685750000000),
double3(0.954000000000,0.170825000000,0.946950000000),
double3(0.750000000000,0.204150000000,0.897350000000),
double3(0.929650000000,0.125000000000,0.961750000000),
double3(0.750000000000,0.198600000000,0.935750000000),
double3(0.829175000000,0.204000000000,0.696950000000),
double3(0.795850000000,0.000000000000,0.647350000000),
double3(0.875000000000,0.179650000000,0.711750000000),
double3(0.801400000000,0.000000000000,0.685750000000),
double3(0.954000000000,0.079175000000,0.946950000000),
double3(0.920825000000,0.204000000000,0.696950000000),
double3(0.796000000000,0.170825000000,0.946950000000),
double3(0.829175000000,0.046000000000,0.696950000000),
double3(0.954000000000,0.170825000000,0.553050000000),
double3(0.829175000000,0.204000000000,0.803050000000),
double3(0.796000000000,0.079175000000,0.553050000000),
double3(0.920825000000,0.046000000000,0.803050000000),
double3(0.813950000000,0.375000000000,0.000000000000),
double3(0.796000000000,0.420825000000,0.053050000000),
double3(0.875000000000,0.375000000000,0.047150000000),
double3(0.750000000000,0.250000000000,0.048500000000),
double3(0.750000000000,0.454150000000,0.102650000000),
double3(0.820350000000,0.375000000000,0.038250000000),
double3(0.750000000000,0.448600000000,0.064250000000),
double3(0.750000000000,0.250000000000,0.375000000000),
double3(0.875000000000,0.313950000000,0.250000000000),
double3(0.829175000000,0.296000000000,0.303050000000),
double3(0.875000000000,0.375000000000,0.297150000000),
double3(0.750000000000,0.250000000000,0.298500000000),
double3(0.795850000000,0.250000000000,0.352650000000),
double3(0.875000000000,0.320350000000,0.288250000000),
double3(0.801400000000,0.250000000000,0.314250000000),
double3(0.750000000000,0.250000000000,0.125000000000),
double3(0.936050000000,0.375000000000,0.000000000000),
double3(0.954000000000,0.329175000000,0.053050000000),
double3(0.750000000000,0.295850000000,0.102650000000),
double3(0.929650000000,0.375000000000,0.038250000000),
double3(0.750000000000,0.301400000000,0.064250000000),
double3(0.875000000000,0.436050000000,0.250000000000),
double3(0.920825000000,0.454000000000,0.303050000000),
double3(0.954150000000,0.250000000000,0.352650000000),
double3(0.875000000000,0.429650000000,0.288250000000),
double3(0.948600000000,0.250000000000,0.314250000000),
double3(0.796000000000,0.329175000000,0.446950000000),
double3(0.875000000000,0.375000000000,0.452850000000),
double3(0.750000000000,0.250000000000,0.451500000000),
double3(0.750000000000,0.295850000000,0.397350000000),
double3(0.820350000000,0.375000000000,0.461750000000),
double3(0.750000000000,0.301400000000,0.435750000000),
double3(0.920825000000,0.296000000000,0.196950000000),
double3(0.875000000000,0.375000000000,0.202850000000),
double3(0.750000000000,0.250000000000,0.201500000000),
double3(0.954150000000,0.250000000000,0.147350000000),
double3(0.875000000000,0.320350000000,0.211750000000),
double3(0.948600000000,0.250000000000,0.185750000000),
double3(0.954000000000,0.420825000000,0.446950000000),
double3(0.750000000000,0.454150000000,0.397350000000),
double3(0.929650000000,0.375000000000,0.461750000000),
double3(0.750000000000,0.448600000000,0.435750000000),
double3(0.829175000000,0.454000000000,0.196950000000),
double3(0.795850000000,0.250000000000,0.147350000000),
double3(0.875000000000,0.429650000000,0.211750000000),
double3(0.801400000000,0.250000000000,0.185750000000),
double3(0.954000000000,0.329175000000,0.446950000000),
double3(0.920825000000,0.454000000000,0.196950000000),
double3(0.796000000000,0.420825000000,0.446950000000),
double3(0.829175000000,0.296000000000,0.196950000000),
double3(0.954000000000,0.420825000000,0.053050000000),
double3(0.829175000000,0.454000000000,0.303050000000),
double3(0.796000000000,0.329175000000,0.053050000000),
double3(0.920825000000,0.296000000000,0.303050000000),
double3(0.813950000000,0.375000000000,0.500000000000),
double3(0.796000000000,0.420825000000,0.553050000000),
double3(0.875000000000,0.375000000000,0.547150000000),
double3(0.750000000000,0.250000000000,0.548500000000),
double3(0.750000000000,0.454150000000,0.602650000000),
double3(0.820350000000,0.375000000000,0.538250000000),
double3(0.750000000000,0.448600000000,0.564250000000),
double3(0.750000000000,0.250000000000,0.875000000000),
double3(0.875000000000,0.313950000000,0.750000000000),
double3(0.829175000000,0.296000000000,0.803050000000),
double3(0.875000000000,0.375000000000,0.797150000000),
double3(0.750000000000,0.250000000000,0.798500000000),
double3(0.795850000000,0.250000000000,0.852650000000),
double3(0.875000000000,0.320350000000,0.788250000000),
double3(0.801400000000,0.250000000000,0.814250000000),
double3(0.750000000000,0.250000000000,0.625000000000),
double3(0.936050000000,0.375000000000,0.500000000000),
double3(0.954000000000,0.329175000000,0.553050000000),
double3(0.750000000000,0.295850000000,0.602650000000),
double3(0.929650000000,0.375000000000,0.538250000000),
double3(0.750000000000,0.301400000000,0.564250000000),
double3(0.875000000000,0.436050000000,0.750000000000),
double3(0.920825000000,0.454000000000,0.803050000000),
double3(0.954150000000,0.250000000000,0.852650000000),
double3(0.875000000000,0.429650000000,0.788250000000),
double3(0.948600000000,0.250000000000,0.814250000000),
double3(0.796000000000,0.329175000000,0.946950000000),
double3(0.875000000000,0.375000000000,0.952850000000),
double3(0.750000000000,0.250000000000,0.951500000000),
double3(0.750000000000,0.295850000000,0.897350000000),
double3(0.820350000000,0.375000000000,0.961750000000),
double3(0.750000000000,0.301400000000,0.935750000000),
double3(0.920825000000,0.296000000000,0.696950000000),
double3(0.875000000000,0.375000000000,0.702850000000),
double3(0.750000000000,0.250000000000,0.701500000000),
double3(0.954150000000,0.250000000000,0.647350000000),
double3(0.875000000000,0.320350000000,0.711750000000),
double3(0.948600000000,0.250000000000,0.685750000000),
double3(0.954000000000,0.420825000000,0.946950000000),
double3(0.750000000000,0.454150000000,0.897350000000),
double3(0.929650000000,0.375000000000,0.961750000000),
double3(0.750000000000,0.448600000000,0.935750000000),
double3(0.829175000000,0.454000000000,0.696950000000),
double3(0.795850000000,0.250000000000,0.647350000000),
double3(0.875000000000,0.429650000000,0.711750000000),
double3(0.801400000000,0.250000000000,0.685750000000),
double3(0.954000000000,0.329175000000,0.946950000000),
double3(0.920825000000,0.454000000000,0.696950000000),
double3(0.796000000000,0.420825000000,0.946950000000),
double3(0.829175000000,0.296000000000,0.696950000000),
double3(0.954000000000,0.420825000000,0.553050000000),
double3(0.829175000000,0.454000000000,0.803050000000),
double3(0.796000000000,0.329175000000,0.553050000000),
double3(0.920825000000,0.296000000000,0.803050000000),
double3(0.813950000000,0.625000000000,0.000000000000),
double3(0.796000000000,0.670825000000,0.053050000000),
double3(0.875000000000,0.625000000000,0.047150000000),
double3(0.750000000000,0.500000000000,0.048500000000),
double3(0.750000000000,0.704150000000,0.102650000000),
double3(0.820350000000,0.625000000000,0.038250000000),
double3(0.750000000000,0.698600000000,0.064250000000),
double3(0.750000000000,0.500000000000,0.375000000000),
double3(0.875000000000,0.563950000000,0.250000000000),
double3(0.829175000000,0.546000000000,0.303050000000),
double3(0.875000000000,0.625000000000,0.297150000000),
double3(0.750000000000,0.500000000000,0.298500000000),
double3(0.795850000000,0.500000000000,0.352650000000),
double3(0.875000000000,0.570350000000,0.288250000000),
double3(0.801400000000,0.500000000000,0.314250000000),
double3(0.750000000000,0.500000000000,0.125000000000),
double3(0.936050000000,0.625000000000,0.000000000000),
double3(0.954000000000,0.579175000000,0.053050000000),
double3(0.750000000000,0.545850000000,0.102650000000),
double3(0.929650000000,0.625000000000,0.038250000000),
double3(0.750000000000,0.551400000000,0.064250000000),
double3(0.875000000000,0.686050000000,0.250000000000),
double3(0.920825000000,0.704000000000,0.303050000000),
double3(0.954150000000,0.500000000000,0.352650000000),
double3(0.875000000000,0.679650000000,0.288250000000),
double3(0.948600000000,0.500000000000,0.314250000000),
double3(0.796000000000,0.579175000000,0.446950000000),
double3(0.875000000000,0.625000000000,0.452850000000),
double3(0.750000000000,0.500000000000,0.451500000000),
double3(0.750000000000,0.545850000000,0.397350000000),
double3(0.820350000000,0.625000000000,0.461750000000),
double3(0.750000000000,0.551400000000,0.435750000000),
double3(0.920825000000,0.546000000000,0.196950000000),
double3(0.875000000000,0.625000000000,0.202850000000),
double3(0.750000000000,0.500000000000,0.201500000000),
double3(0.954150000000,0.500000000000,0.147350000000),
double3(0.875000000000,0.570350000000,0.211750000000),
double3(0.948600000000,0.500000000000,0.185750000000),
double3(0.954000000000,0.670825000000,0.446950000000),
double3(0.750000000000,0.704150000000,0.397350000000),
double3(0.929650000000,0.625000000000,0.461750000000),
double3(0.750000000000,0.698600000000,0.435750000000),
double3(0.829175000000,0.704000000000,0.196950000000),
double3(0.795850000000,0.500000000000,0.147350000000),
double3(0.875000000000,0.679650000000,0.211750000000),
double3(0.801400000000,0.500000000000,0.185750000000),
double3(0.954000000000,0.579175000000,0.446950000000),
double3(0.920825000000,0.704000000000,0.196950000000),
double3(0.796000000000,0.670825000000,0.446950000000),
double3(0.829175000000,0.546000000000,0.196950000000),
double3(0.954000000000,0.670825000000,0.053050000000),
double3(0.829175000000,0.704000000000,0.303050000000),
double3(0.796000000000,0.579175000000,0.053050000000),
double3(0.920825000000,0.546000000000,0.303050000000),
double3(0.813950000000,0.625000000000,0.500000000000),
double3(0.796000000000,0.670825000000,0.553050000000),
double3(0.875000000000,0.625000000000,0.547150000000),
double3(0.750000000000,0.500000000000,0.548500000000),
double3(0.750000000000,0.704150000000,0.602650000000),
double3(0.820350000000,0.625000000000,0.538250000000),
double3(0.750000000000,0.698600000000,0.564250000000),
double3(0.750000000000,0.500000000000,0.875000000000),
double3(0.875000000000,0.563950000000,0.750000000000),
double3(0.829175000000,0.546000000000,0.803050000000),
double3(0.875000000000,0.625000000000,0.797150000000),
double3(0.750000000000,0.500000000000,0.798500000000),
double3(0.795850000000,0.500000000000,0.852650000000),
double3(0.875000000000,0.570350000000,0.788250000000),
double3(0.801400000000,0.500000000000,0.814250000000),
double3(0.750000000000,0.500000000000,0.625000000000),
double3(0.936050000000,0.625000000000,0.500000000000),
double3(0.954000000000,0.579175000000,0.553050000000),
double3(0.750000000000,0.545850000000,0.602650000000),
double3(0.929650000000,0.625000000000,0.538250000000),
double3(0.750000000000,0.551400000000,0.564250000000),
double3(0.875000000000,0.686050000000,0.750000000000),
double3(0.920825000000,0.704000000000,0.803050000000),
double3(0.954150000000,0.500000000000,0.852650000000),
double3(0.875000000000,0.679650000000,0.788250000000),
double3(0.948600000000,0.500000000000,0.814250000000),
double3(0.796000000000,0.579175000000,0.946950000000),
double3(0.875000000000,0.625000000000,0.952850000000),
double3(0.750000000000,0.500000000000,0.951500000000),
double3(0.750000000000,0.545850000000,0.897350000000),
double3(0.820350000000,0.625000000000,0.961750000000),
double3(0.750000000000,0.551400000000,0.935750000000),
double3(0.920825000000,0.546000000000,0.696950000000),
double3(0.875000000000,0.625000000000,0.702850000000),
double3(0.750000000000,0.500000000000,0.701500000000),
double3(0.954150000000,0.500000000000,0.647350000000),
double3(0.875000000000,0.570350000000,0.711750000000),
double3(0.948600000000,0.500000000000,0.685750000000),
double3(0.954000000000,0.670825000000,0.946950000000),
double3(0.750000000000,0.704150000000,0.897350000000),
double3(0.929650000000,0.625000000000,0.961750000000),
double3(0.750000000000,0.698600000000,0.935750000000),
double3(0.829175000000,0.704000000000,0.696950000000),
double3(0.795850000000,0.500000000000,0.647350000000),
double3(0.875000000000,0.679650000000,0.711750000000),
double3(0.801400000000,0.500000000000,0.685750000000),
double3(0.954000000000,0.579175000000,0.946950000000),
double3(0.920825000000,0.704000000000,0.696950000000),
double3(0.796000000000,0.670825000000,0.946950000000),
double3(0.829175000000,0.546000000000,0.696950000000),
double3(0.954000000000,0.670825000000,0.553050000000),
double3(0.829175000000,0.704000000000,0.803050000000),
double3(0.796000000000,0.579175000000,0.553050000000),
double3(0.920825000000,0.546000000000,0.803050000000),
double3(0.813950000000,0.875000000000,0.000000000000),
double3(0.796000000000,0.920825000000,0.053050000000),
double3(0.875000000000,0.875000000000,0.047150000000),
double3(0.750000000000,0.750000000000,0.048500000000),
double3(0.750000000000,0.954150000000,0.102650000000),
double3(0.820350000000,0.875000000000,0.038250000000),
double3(0.750000000000,0.948600000000,0.064250000000),
double3(0.750000000000,0.750000000000,0.375000000000),
double3(0.875000000000,0.813950000000,0.250000000000),
double3(0.829175000000,0.796000000000,0.303050000000),
double3(0.875000000000,0.875000000000,0.297150000000),
double3(0.750000000000,0.750000000000,0.298500000000),
double3(0.795850000000,0.750000000000,0.352650000000),
double3(0.875000000000,0.820350000000,0.288250000000),
double3(0.801400000000,0.750000000000,0.314250000000),
double3(0.750000000000,0.750000000000,0.125000000000),
double3(0.936050000000,0.875000000000,0.000000000000),
double3(0.954000000000,0.829175000000,0.053050000000),
double3(0.750000000000,0.795850000000,0.102650000000),
double3(0.929650000000,0.875000000000,0.038250000000),
double3(0.750000000000,0.801400000000,0.064250000000),
double3(0.875000000000,0.936050000000,0.250000000000),
double3(0.920825000000,0.954000000000,0.303050000000),
double3(0.954150000000,0.750000000000,0.352650000000),
double3(0.875000000000,0.929650000000,0.288250000000),
double3(0.948600000000,0.750000000000,0.314250000000),
double3(0.796000000000,0.829175000000,0.446950000000),
double3(0.875000000000,0.875000000000,0.452850000000),
double3(0.750000000000,0.750000000000,0.451500000000),
double3(0.750000000000,0.795850000000,0.397350000000),
double3(0.820350000000,0.875000000000,0.461750000000),
double3(0.750000000000,0.801400000000,0.435750000000),
double3(0.920825000000,0.796000000000,0.196950000000),
double3(0.875000000000,0.875000000000,0.202850000000),
double3(0.750000000000,0.750000000000,0.201500000000),
double3(0.954150000000,0.750000000000,0.147350000000),
double3(0.875000000000,0.820350000000,0.211750000000),
double3(0.948600000000,0.750000000000,0.185750000000),
double3(0.954000000000,0.920825000000,0.446950000000),
double3(0.750000000000,0.954150000000,0.397350000000),
double3(0.929650000000,0.875000000000,0.461750000000),
double3(0.750000000000,0.948600000000,0.435750000000),
double3(0.829175000000,0.954000000000,0.196950000000),
double3(0.795850000000,0.750000000000,0.147350000000),
double3(0.875000000000,0.929650000000,0.211750000000),
double3(0.801400000000,0.750000000000,0.185750000000),
double3(0.954000000000,0.829175000000,0.446950000000),
double3(0.920825000000,0.954000000000,0.196950000000),
double3(0.796000000000,0.920825000000,0.446950000000),
double3(0.829175000000,0.796000000000,0.196950000000),
double3(0.954000000000,0.920825000000,0.053050000000),
double3(0.829175000000,0.954000000000,0.303050000000),
double3(0.796000000000,0.829175000000,0.053050000000),
double3(0.920825000000,0.796000000000,0.303050000000),
double3(0.813950000000,0.875000000000,0.500000000000),
double3(0.796000000000,0.920825000000,0.553050000000),
double3(0.875000000000,0.875000000000,0.547150000000),
double3(0.750000000000,0.750000000000,0.548500000000),
double3(0.750000000000,0.954150000000,0.602650000000),
double3(0.820350000000,0.875000000000,0.538250000000),
double3(0.750000000000,0.948600000000,0.564250000000),
double3(0.750000000000,0.750000000000,0.875000000000),
double3(0.875000000000,0.813950000000,0.750000000000),
double3(0.829175000000,0.796000000000,0.803050000000),
double3(0.875000000000,0.875000000000,0.797150000000),
double3(0.750000000000,0.750000000000,0.798500000000),
double3(0.795850000000,0.750000000000,0.852650000000),
double3(0.875000000000,0.820350000000,0.788250000000),
double3(0.801400000000,0.750000000000,0.814250000000),
double3(0.750000000000,0.750000000000,0.625000000000),
double3(0.936050000000,0.875000000000,0.500000000000),
double3(0.954000000000,0.829175000000,0.553050000000),
double3(0.750000000000,0.795850000000,0.602650000000),
double3(0.929650000000,0.875000000000,0.538250000000),
double3(0.750000000000,0.801400000000,0.564250000000),
double3(0.875000000000,0.936050000000,0.750000000000),
double3(0.920825000000,0.954000000000,0.803050000000),
double3(0.954150000000,0.750000000000,0.852650000000),
double3(0.875000000000,0.929650000000,0.788250000000),
double3(0.948600000000,0.750000000000,0.814250000000),
double3(0.796000000000,0.829175000000,0.946950000000),
double3(0.875000000000,0.875000000000,0.952850000000),
double3(0.750000000000,0.750000000000,0.951500000000),
double3(0.750000000000,0.795850000000,0.897350000000),
double3(0.820350000000,0.875000000000,0.961750000000),
double3(0.750000000000,0.801400000000,0.935750000000),
double3(0.920825000000,0.796000000000,0.696950000000),
double3(0.875000000000,0.875000000000,0.702850000000),
double3(0.750000000000,0.750000000000,0.701500000000),
double3(0.954150000000,0.750000000000,0.647350000000),
double3(0.875000000000,0.820350000000,0.711750000000),
double3(0.948600000000,0.750000000000,0.685750000000),
double3(0.954000000000,0.920825000000,0.946950000000),
double3(0.750000000000,0.954150000000,0.897350000000),
double3(0.929650000000,0.875000000000,0.961750000000),
double3(0.750000000000,0.948600000000,0.935750000000),
double3(0.829175000000,0.954000000000,0.696950000000),
double3(0.795850000000,0.750000000000,0.647350000000),
double3(0.875000000000,0.929650000000,0.711750000000),
double3(0.801400000000,0.750000000000,0.685750000000),
double3(0.954000000000,0.829175000000,0.946950000000),
double3(0.920825000000,0.954000000000,0.696950000000),
double3(0.796000000000,0.920825000000,0.946950000000),
double3(0.829175000000,0.796000000000,0.696950000000),
double3(0.954000000000,0.920825000000,0.553050000000),
double3(0.829175000000,0.954000000000,0.803050000000),
double3(0.796000000000,0.829175000000,0.553050000000),
double3(0.920825000000,0.796000000000,0.803050000000),
