[double3(19.801140000000,0.000000000000,0.000000000000),double3(-9.900570000000,17.148290263892,0.000000000000),double3(0.000000000000,0.000000000000,14.187790000000)]

double3(0.455555000000,0.204990000000,0.297500000000),
double3(0.383750000000,0.126265000000,0.300455000000),
double3(0.324735000000,0.057830000000,0.245820000000),
double3(0.365735000000,0.005695000000,0.375440000000),
double3(0.464220000000,0.215410000000,0.497345000000),
double3(0.387315000000,0.141515000000,0.479055000000),
double3(0.336705000000,0.075400000000,0.042845000000),
double3(0.365230000000,0.082935000000,0.398000000000),
double3(0.275485000000,0.032515000000,0.394015000000),
double3(0.220265000000,0.176530000000,0.140460000000),
double3(0.340565000000,0.490825000000,0.270760000000),
double3(0.333335000000,0.166665000000,0.320040000000),
double3(0.333335000000,0.166665000000,0.433375000000),
double3(0.437605000000,0.229590000000,0.274020000000),
double3(0.457600000000,0.210600000000,0.353850000000),
double3(0.427225000000,0.159415000000,0.286065000000),
double3(0.355675000000,0.144770000000,0.301165000000),
double3(0.367345000000,0.091600000000,0.262170000000),
double3(0.384315000000,0.108845000000,0.351485000000),
double3(0.319965000000,0.061505000000,0.190020000000),
double3(0.320210000000,0.015935000000,0.257050000000),
double3(0.364995000000,0.007490000000,0.318790000000),
double3(0.447775000000,0.241125000000,0.021350000000),
double3(0.476150000000,0.228865000000,0.443470000000),
double3(0.430940000000,0.170065000000,0.497805000000),
double3(0.371835000000,0.166985000000,0.452200000000),
double3(0.359195000000,0.119415000000,0.023120000000),
double3(0.386500000000,0.109410000000,0.443525000000),
double3(0.334705000000,0.075795000000,0.099530000000),
double3(0.360420000000,0.053795000000,0.027910000000),
double3(0.375835000000,0.006630000000,0.478935000000),
double3(0.401380000000,0.499815000000,0.391850000000),
double3(0.498335000000,0.219405000000,0.276315000000),
double3(0.355870000000,0.030585000000,0.143655000000),
double3(0.319320000000,0.068380000000,0.399710000000),
double3(0.371285000000,0.045660000000,0.397325000000),
double3(0.276480000000,0.494120000000,0.377585000000),
double3(0.333335000000,0.166665000000,0.376705000000),
double3(0.295010000000,0.250565000000,0.297500000000),
double3(0.373735000000,0.257485000000,0.300455000000),
double3(0.442170000000,0.266905000000,0.245820000000),
double3(0.494305000000,0.360040000000,0.375440000000),
double3(0.284590000000,0.248810000000,0.497345000000),
double3(0.358485000000,0.245800000000,0.479055000000),
double3(0.424600000000,0.261305000000,0.042845000000),
double3(0.417065000000,0.282295000000,0.398000000000),
double3(0.467485000000,0.242970000000,0.394015000000),
double3(0.323470000000,0.043735000000,0.140460000000),
double3(0.009175000000,0.349740000000,0.270760000000),
double3(0.270410000000,0.208015000000,0.274020000000),
double3(0.289400000000,0.247000000000,0.353850000000),
double3(0.340585000000,0.267810000000,0.286065000000),
double3(0.355230000000,0.210905000000,0.301165000000),
double3(0.408400000000,0.275745000000,0.262170000000),
double3(0.391155000000,0.275470000000,0.351485000000),
double3(0.438495000000,0.258460000000,0.190020000000),
double3(0.484065000000,0.304275000000,0.257050000000),
double3(0.492510000000,0.357505000000,0.318790000000),
double3(0.258875000000,0.206650000000,0.021350000000),
double3(0.271135000000,0.247285000000,0.443470000000),
double3(0.329935000000,0.260875000000,0.497805000000),
double3(0.333015000000,0.204850000000,0.452200000000),
double3(0.380585000000,0.239780000000,0.023120000000),
double3(0.390590000000,0.277090000000,0.443525000000),
double3(0.424205000000,0.258910000000,0.099530000000),
double3(0.446205000000,0.306625000000,0.027910000000),
double3(0.493370000000,0.369205000000,0.478935000000),
double3(0.000185000000,0.401565000000,0.391850000000),
double3(0.280595000000,0.278930000000,0.276315000000),
double3(0.469415000000,0.325285000000,0.143655000000),
double3(0.431620000000,0.250940000000,0.399710000000),
double3(0.454340000000,0.325625000000,0.397325000000),
double3(0.005880000000,0.282360000000,0.377585000000),
double3(0.249435000000,0.044445000000,0.297500000000),
double3(0.242515000000,0.116250000000,0.300455000000),
double3(0.233095000000,0.175265000000,0.245820000000),
double3(0.139960000000,0.134265000000,0.375440000000),
double3(0.251190000000,0.035780000000,0.497345000000),
double3(0.254200000000,0.112685000000,0.479055000000),
double3(0.238695000000,0.163295000000,0.042845000000),
double3(0.217705000000,0.134770000000,0.398000000000),
double3(0.257030000000,0.224515000000,0.394015000000),
double3(0.456265000000,0.279735000000,0.140460000000),
double3(0.150260000000,0.159435000000,0.270760000000),
double3(0.291985000000,0.062395000000,0.274020000000),
double3(0.253000000000,0.042400000000,0.353850000000),
double3(0.232190000000,0.072775000000,0.286065000000),
double3(0.289095000000,0.144325000000,0.301165000000),
double3(0.224255000000,0.132655000000,0.262170000000),
double3(0.224530000000,0.115685000000,0.351485000000),
double3(0.241540000000,0.180035000000,0.190020000000),
double3(0.195725000000,0.179790000000,0.257050000000),
double3(0.142495000000,0.135005000000,0.318790000000),
double3(0.293350000000,0.052225000000,0.021350000000),
double3(0.252715000000,0.023850000000,0.443470000000),
double3(0.239125000000,0.069060000000,0.497805000000),
double3(0.295150000000,0.128165000000,0.452200000000),
double3(0.260220000000,0.140805000000,0.023120000000),
double3(0.222910000000,0.113500000000,0.443525000000),
double3(0.241090000000,0.165295000000,0.099530000000),
double3(0.193375000000,0.139580000000,0.027910000000),
double3(0.130795000000,0.124165000000,0.478935000000),
double3(0.098435000000,0.098620000000,0.391850000000),
double3(0.221070000000,0.001665000000,0.276315000000),
double3(0.174715000000,0.144130000000,0.143655000000),
double3(0.249060000000,0.180680000000,0.399710000000),
double3(0.174375000000,0.128715000000,0.397325000000),
double3(0.217640000000,0.223520000000,0.377585000000),
double3(0.204990000000,0.455555000000,0.047500000000),
double3(0.126265000000,0.383750000000,0.050455000000),
double3(0.057830000000,0.324735000000,0.495820000000),
double3(0.005695000000,0.365735000000,0.125440000000),
double3(0.215410000000,0.464220000000,0.247345000000),
double3(0.141515000000,0.387315000000,0.229055000000),
double3(0.075400000000,0.336705000000,0.292845000000),
double3(0.082935000000,0.365230000000,0.148000000000),
double3(0.032515000000,0.275485000000,0.144015000000),
double3(0.176530000000,0.220265000000,0.390460000000),
double3(0.490825000000,0.340565000000,0.020760000000),
double3(0.166665000000,0.333335000000,0.070040000000),
double3(0.166665000000,0.333335000000,0.183375000000),
double3(0.229590000000,0.437605000000,0.024020000000),
double3(0.210600000000,0.457600000000,0.103850000000),
double3(0.159415000000,0.427225000000,0.036065000000),
double3(0.144770000000,0.355675000000,0.051165000000),
double3(0.091600000000,0.367345000000,0.012170000000),
double3(0.108845000000,0.384315000000,0.101485000000),
double3(0.061505000000,0.319965000000,0.440020000000),
double3(0.015935000000,0.320210000000,0.007050000000),
double3(0.007490000000,0.364995000000,0.068790000000),
double3(0.241125000000,0.447775000000,0.271350000000),
double3(0.228865000000,0.476150000000,0.193470000000),
double3(0.170065000000,0.430940000000,0.247805000000),
double3(0.166985000000,0.371835000000,0.202200000000),
double3(0.119415000000,0.359195000000,0.273120000000),
double3(0.109410000000,0.386500000000,0.193525000000),
double3(0.075795000000,0.334705000000,0.349530000000),
double3(0.053795000000,0.360420000000,0.277910000000),
double3(0.006630000000,0.375835000000,0.228935000000),
double3(0.499815000000,0.401380000000,0.141850000000),
double3(0.219405000000,0.498335000000,0.026315000000),
double3(0.030585000000,0.355870000000,0.393655000000),
double3(0.068380000000,0.319320000000,0.149710000000),
double3(0.045660000000,0.371285000000,0.147325000000),
double3(0.494120000000,0.276480000000,0.127585000000),
double3(0.166665000000,0.333335000000,0.126705000000),
double3(0.044445000000,0.249435000000,0.047500000000),
double3(0.116250000000,0.242515000000,0.050455000000),
double3(0.175265000000,0.233095000000,0.495820000000),
double3(0.134265000000,0.139960000000,0.125440000000),
double3(0.035780000000,0.251190000000,0.247345000000),
double3(0.112685000000,0.254200000000,0.229055000000),
double3(0.163295000000,0.238695000000,0.292845000000),
double3(0.134770000000,0.217705000000,0.148000000000),
double3(0.224515000000,0.257030000000,0.144015000000),
double3(0.279735000000,0.456265000000,0.390460000000),
double3(0.159435000000,0.150260000000,0.020760000000),
double3(0.062395000000,0.291985000000,0.024020000000),
double3(0.042400000000,0.253000000000,0.103850000000),
double3(0.072775000000,0.232190000000,0.036065000000),
double3(0.144325000000,0.289095000000,0.051165000000),
double3(0.132655000000,0.224255000000,0.012170000000),
double3(0.115685000000,0.224530000000,0.101485000000),
double3(0.180035000000,0.241540000000,0.440020000000),
double3(0.179790000000,0.195725000000,0.007050000000),
double3(0.135005000000,0.142495000000,0.068790000000),
double3(0.052225000000,0.293350000000,0.271350000000),
double3(0.023850000000,0.252715000000,0.193470000000),
double3(0.069060000000,0.239125000000,0.247805000000),
double3(0.128165000000,0.295150000000,0.202200000000),
double3(0.140805000000,0.260220000000,0.273120000000),
double3(0.113500000000,0.222910000000,0.193525000000),
double3(0.165295000000,0.241090000000,0.349530000000),
double3(0.139580000000,0.193375000000,0.277910000000),
double3(0.124165000000,0.130795000000,0.228935000000),
double3(0.098620000000,0.098435000000,0.141850000000),
double3(0.001665000000,0.221070000000,0.026315000000),
double3(0.144130000000,0.174715000000,0.393655000000),
double3(0.180680000000,0.249060000000,0.149710000000),
double3(0.128715000000,0.174375000000,0.147325000000),
double3(0.223520000000,0.217640000000,0.127585000000),
double3(0.250565000000,0.295010000000,0.047500000000),
double3(0.257485000000,0.373735000000,0.050455000000),
double3(0.266905000000,0.442170000000,0.495820000000),
double3(0.360040000000,0.494305000000,0.125440000000),
double3(0.248810000000,0.284590000000,0.247345000000),
double3(0.245800000000,0.358485000000,0.229055000000),
double3(0.261305000000,0.424600000000,0.292845000000),
double3(0.282295000000,0.417065000000,0.148000000000),
double3(0.242970000000,0.467485000000,0.144015000000),
double3(0.043735000000,0.323470000000,0.390460000000),
double3(0.349740000000,0.009175000000,0.020760000000),
double3(0.208015000000,0.270410000000,0.024020000000),
double3(0.247000000000,0.289400000000,0.103850000000),
double3(0.267810000000,0.340585000000,0.036065000000),
double3(0.210905000000,0.355230000000,0.051165000000),
double3(0.275745000000,0.408400000000,0.012170000000),
double3(0.275470000000,0.391155000000,0.101485000000),
double3(0.258460000000,0.438495000000,0.440020000000),
double3(0.304275000000,0.484065000000,0.007050000000),
double3(0.357505000000,0.492510000000,0.068790000000),
double3(0.206650000000,0.258875000000,0.271350000000),
double3(0.247285000000,0.271135000000,0.193470000000),
double3(0.260875000000,0.329935000000,0.247805000000),
double3(0.204850000000,0.333015000000,0.202200000000),
double3(0.239780000000,0.380585000000,0.273120000000),
double3(0.277090000000,0.390590000000,0.193525000000),
double3(0.258910000000,0.424205000000,0.349530000000),
double3(0.306625000000,0.446205000000,0.277910000000),
double3(0.369205000000,0.493370000000,0.228935000000),
double3(0.401565000000,0.000185000000,0.141850000000),
double3(0.278930000000,0.280595000000,0.026315000000),
double3(0.325285000000,0.469415000000,0.393655000000),
double3(0.250940000000,0.431620000000,0.149710000000),
double3(0.325625000000,0.454340000000,0.147325000000),
double3(0.282360000000,0.005880000000,0.127585000000),
double3(0.455555000000,0.204990000000,0.797500000000),
double3(0.383750000000,0.126265000000,0.800455000000),
double3(0.324735000000,0.057830000000,0.745820000000),
double3(0.365735000000,0.005695000000,0.875440000000),
double3(0.464220000000,0.215410000000,0.997345000000),
double3(0.387315000000,0.141515000000,0.979055000000),
double3(0.336705000000,0.075400000000,0.542845000000),
double3(0.365230000000,0.082935000000,0.898000000000),
double3(0.275485000000,0.032515000000,0.894015000000),
double3(0.220265000000,0.176530000000,0.640460000000),
double3(0.340565000000,0.490825000000,0.770760000000),
double3(0.333335000000,0.166665000000,0.820040000000),
double3(0.333335000000,0.166665000000,0.933375000000),
double3(0.437605000000,0.229590000000,0.774020000000),
double3(0.457600000000,0.210600000000,0.853850000000),
double3(0.427225000000,0.159415000000,0.786065000000),
double3(0.355675000000,0.144770000000,0.801165000000),
double3(0.367345000000,0.091600000000,0.762170000000),
double3(0.384315000000,0.108845000000,0.851485000000),
double3(0.319965000000,0.061505000000,0.690020000000),
double3(0.320210000000,0.015935000000,0.757050000000),
double3(0.364995000000,0.007490000000,0.818790000000),
double3(0.447775000000,0.241125000000,0.521350000000),
double3(0.476150000000,0.228865000000,0.943470000000),
double3(0.430940000000,0.170065000000,0.997805000000),
double3(0.371835000000,0.166985000000,0.952200000000),
double3(0.359195000000,0.119415000000,0.523120000000),
double3(0.386500000000,0.109410000000,0.943525000000),
double3(0.334705000000,0.075795000000,0.599530000000),
double3(0.360420000000,0.053795000000,0.527910000000),
double3(0.375835000000,0.006630000000,0.978935000000),
double3(0.401380000000,0.499815000000,0.891850000000),
double3(0.498335000000,0.219405000000,0.776315000000),
double3(0.355870000000,0.030585000000,0.643655000000),
double3(0.319320000000,0.068380000000,0.899710000000),
double3(0.371285000000,0.045660000000,0.897325000000),
double3(0.276480000000,0.494120000000,0.877585000000),
double3(0.333335000000,0.166665000000,0.876705000000),
double3(0.295010000000,0.250565000000,0.797500000000),
double3(0.373735000000,0.257485000000,0.800455000000),
double3(0.442170000000,0.266905000000,0.745820000000),
double3(0.494305000000,0.360040000000,0.875440000000),
double3(0.284590000000,0.248810000000,0.997345000000),
double3(0.358485000000,0.245800000000,0.979055000000),
double3(0.424600000000,0.261305000000,0.542845000000),
double3(0.417065000000,0.282295000000,0.898000000000),
double3(0.467485000000,0.242970000000,0.894015000000),
double3(0.323470000000,0.043735000000,0.640460000000),
double3(0.009175000000,0.349740000000,0.770760000000),
double3(0.270410000000,0.208015000000,0.774020000000),
double3(0.289400000000,0.247000000000,0.853850000000),
double3(0.340585000000,0.267810000000,0.786065000000),
double3(0.355230000000,0.210905000000,0.801165000000),
double3(0.408400000000,0.275745000000,0.762170000000),
double3(0.391155000000,0.275470000000,0.851485000000),
double3(0.438495000000,0.258460000000,0.690020000000),
double3(0.484065000000,0.304275000000,0.757050000000),
double3(0.492510000000,0.357505000000,0.818790000000),
double3(0.258875000000,0.206650000000,0.521350000000),
double3(0.271135000000,0.247285000000,0.943470000000),
double3(0.329935000000,0.260875000000,0.997805000000),
double3(0.333015000000,0.204850000000,0.952200000000),
double3(0.380585000000,0.239780000000,0.523120000000),
double3(0.390590000000,0.277090000000,0.943525000000),
double3(0.424205000000,0.258910000000,0.599530000000),
double3(0.446205000000,0.306625000000,0.527910000000),
double3(0.493370000000,0.369205000000,0.978935000000),
double3(0.000185000000,0.401565000000,0.891850000000),
double3(0.280595000000,0.278930000000,0.776315000000),
double3(0.469415000000,0.325285000000,0.643655000000),
double3(0.431620000000,0.250940000000,0.899710000000),
double3(0.454340000000,0.325625000000,0.897325000000),
double3(0.005880000000,0.282360000000,0.877585000000),
double3(0.249435000000,0.044445000000,0.797500000000),
double3(0.242515000000,0.116250000000,0.800455000000),
double3(0.233095000000,0.175265000000,0.745820000000),
double3(0.139960000000,0.134265000000,0.875440000000),
double3(0.251190000000,0.035780000000,0.997345000000),
double3(0.254200000000,0.112685000000,0.979055000000),
double3(0.238695000000,0.163295000000,0.542845000000),
double3(0.217705000000,0.134770000000,0.898000000000),
double3(0.257030000000,0.224515000000,0.894015000000),
double3(0.456265000000,0.279735000000,0.640460000000),
double3(0.150260000000,0.159435000000,0.770760000000),
double3(0.291985000000,0.062395000000,0.774020000000),
double3(0.253000000000,0.042400000000,0.853850000000),
double3(0.232190000000,0.072775000000,0.786065000000),
double3(0.289095000000,0.144325000000,0.801165000000),
double3(0.224255000000,0.132655000000,0.762170000000),
double3(0.224530000000,0.115685000000,0.851485000000),
double3(0.241540000000,0.180035000000,0.690020000000),
double3(0.195725000000,0.179790000000,0.757050000000),
double3(0.142495000000,0.135005000000,0.818790000000),
double3(0.293350000000,0.052225000000,0.521350000000),
double3(0.252715000000,0.023850000000,0.943470000000),
double3(0.239125000000,0.069060000000,0.997805000000),
double3(0.295150000000,0.128165000000,0.952200000000),
double3(0.260220000000,0.140805000000,0.523120000000),
double3(0.222910000000,0.113500000000,0.943525000000),
double3(0.241090000000,0.165295000000,0.599530000000),
double3(0.193375000000,0.139580000000,0.527910000000),
double3(0.130795000000,0.124165000000,0.978935000000),
double3(0.098435000000,0.098620000000,0.891850000000),
double3(0.221070000000,0.001665000000,0.776315000000),
double3(0.174715000000,0.144130000000,0.643655000000),
double3(0.249060000000,0.180680000000,0.899710000000),
double3(0.174375000000,0.128715000000,0.897325000000),
double3(0.217640000000,0.223520000000,0.877585000000),
double3(0.204990000000,0.455555000000,0.547500000000),
double3(0.126265000000,0.383750000000,0.550455000000),
double3(0.057830000000,0.324735000000,0.995820000000),
double3(0.005695000000,0.365735000000,0.625440000000),
double3(0.215410000000,0.464220000000,0.747345000000),
double3(0.141515000000,0.387315000000,0.729055000000),
double3(0.075400000000,0.336705000000,0.792845000000),
double3(0.082935000000,0.365230000000,0.648000000000),
double3(0.032515000000,0.275485000000,0.644015000000),
double3(0.176530000000,0.220265000000,0.890460000000),
double3(0.490825000000,0.340565000000,0.520760000000),
double3(0.166665000000,0.333335000000,0.570040000000),
double3(0.166665000000,0.333335000000,0.683375000000),
double3(0.229590000000,0.437605000000,0.524020000000),
double3(0.210600000000,0.457600000000,0.603850000000),
double3(0.159415000000,0.427225000000,0.536065000000),
double3(0.144770000000,0.355675000000,0.551165000000),
double3(0.091600000000,0.367345000000,0.512170000000),
double3(0.108845000000,0.384315000000,0.601485000000),
double3(0.061505000000,0.319965000000,0.940020000000),
double3(0.015935000000,0.320210000000,0.507050000000),
double3(0.007490000000,0.364995000000,0.568790000000),
double3(0.241125000000,0.447775000000,0.771350000000),
double3(0.228865000000,0.476150000000,0.693470000000),
double3(0.170065000000,0.430940000000,0.747805000000),
double3(0.166985000000,0.371835000000,0.702200000000),
double3(0.119415000000,0.359195000000,0.773120000000),
double3(0.109410000000,0.386500000000,0.693525000000),
double3(0.075795000000,0.334705000000,0.849530000000),
double3(0.053795000000,0.360420000000,0.777910000000),
double3(0.006630000000,0.375835000000,0.728935000000),
double3(0.499815000000,0.401380000000,0.641850000000),
double3(0.219405000000,0.498335000000,0.526315000000),
double3(0.030585000000,0.355870000000,0.893655000000),
double3(0.068380000000,0.319320000000,0.649710000000),
double3(0.045660000000,0.371285000000,0.647325000000),
double3(0.494120000000,0.276480000000,0.627585000000),
double3(0.166665000000,0.333335000000,0.626705000000),
double3(0.044445000000,0.249435000000,0.547500000000),
double3(0.116250000000,0.242515000000,0.550455000000),
double3(0.175265000000,0.233095000000,0.995820000000),
double3(0.134265000000,0.139960000000,0.625440000000),
double3(0.035780000000,0.251190000000,0.747345000000),
double3(0.112685000000,0.254200000000,0.729055000000),
double3(0.163295000000,0.238695000000,0.792845000000),
double3(0.134770000000,0.217705000000,0.648000000000),
double3(0.224515000000,0.257030000000,0.644015000000),
double3(0.279735000000,0.456265000000,0.890460000000),
double3(0.159435000000,0.150260000000,0.520760000000),
double3(0.062395000000,0.291985000000,0.524020000000),
double3(0.042400000000,0.253000000000,0.603850000000),
double3(0.072775000000,0.232190000000,0.536065000000),
double3(0.144325000000,0.289095000000,0.551165000000),
double3(0.132655000000,0.224255000000,0.512170000000),
double3(0.115685000000,0.224530000000,0.601485000000),
double3(0.180035000000,0.241540000000,0.940020000000),
double3(0.179790000000,0.195725000000,0.507050000000),
double3(0.135005000000,0.142495000000,0.568790000000),
double3(0.052225000000,0.293350000000,0.771350000000),
double3(0.023850000000,0.252715000000,0.693470000000),
double3(0.069060000000,0.239125000000,0.747805000000),
double3(0.128165000000,0.295150000000,0.702200000000),
double3(0.140805000000,0.260220000000,0.773120000000),
double3(0.113500000000,0.222910000000,0.693525000000),
double3(0.165295000000,0.241090000000,0.849530000000),
double3(0.139580000000,0.193375000000,0.777910000000),
double3(0.124165000000,0.130795000000,0.728935000000),
double3(0.098620000000,0.098435000000,0.641850000000),
double3(0.001665000000,0.221070000000,0.526315000000),
double3(0.144130000000,0.174715000000,0.893655000000),
double3(0.180680000000,0.249060000000,0.649710000000),
double3(0.128715000000,0.174375000000,0.647325000000),
double3(0.223520000000,0.217640000000,0.627585000000),
double3(0.250565000000,0.295010000000,0.547500000000),
double3(0.257485000000,0.373735000000,0.550455000000),
double3(0.266905000000,0.442170000000,0.995820000000),
double3(0.360040000000,0.494305000000,0.625440000000),
double3(0.248810000000,0.284590000000,0.747345000000),
double3(0.245800000000,0.358485000000,0.729055000000),
double3(0.261305000000,0.424600000000,0.792845000000),
double3(0.282295000000,0.417065000000,0.648000000000),
double3(0.242970000000,0.467485000000,0.644015000000),
double3(0.043735000000,0.323470000000,0.890460000000),
double3(0.349740000000,0.009175000000,0.520760000000),
double3(0.208015000000,0.270410000000,0.524020000000),
double3(0.247000000000,0.289400000000,0.603850000000),
double3(0.267810000000,0.340585000000,0.536065000000),
double3(0.210905000000,0.355230000000,0.551165000000),
double3(0.275745000000,0.408400000000,0.512170000000),
double3(0.275470000000,0.391155000000,0.601485000000),
double3(0.258460000000,0.438495000000,0.940020000000),
double3(0.304275000000,0.484065000000,0.507050000000),
double3(0.357505000000,0.492510000000,0.568790000000),
double3(0.206650000000,0.258875000000,0.771350000000),
double3(0.247285000000,0.271135000000,0.693470000000),
double3(0.260875000000,0.329935000000,0.747805000000),
double3(0.204850000000,0.333015000000,0.702200000000),
double3(0.239780000000,0.380585000000,0.773120000000),
double3(0.277090000000,0.390590000000,0.693525000000),
double3(0.258910000000,0.424205000000,0.849530000000),
double3(0.306625000000,0.446205000000,0.777910000000),
double3(0.369205000000,0.493370000000,0.728935000000),
double3(0.401565000000,0.000185000000,0.641850000000),
double3(0.278930000000,0.280595000000,0.526315000000),
double3(0.325285000000,0.469415000000,0.893655000000),
double3(0.250940000000,0.431620000000,0.649710000000),
double3(0.325625000000,0.454340000000,0.647325000000),
double3(0.282360000000,0.005880000000,0.627585000000),
double3(0.455555000000,0.704990000000,0.297500000000),
double3(0.383750000000,0.626265000000,0.300455000000),
double3(0.324735000000,0.557830000000,0.245820000000),
double3(0.365735000000,0.505695000000,0.375440000000),
double3(0.464220000000,0.715410000000,0.497345000000),
double3(0.387315000000,0.641515000000,0.479055000000),
double3(0.336705000000,0.575400000000,0.042845000000),
double3(0.365230000000,0.582935000000,0.398000000000),
double3(0.275485000000,0.532515000000,0.394015000000),
double3(0.220265000000,0.676530000000,0.140460000000),
double3(0.340565000000,0.990825000000,0.270760000000),
double3(0.333335000000,0.666665000000,0.320040000000),
double3(0.333335000000,0.666665000000,0.433375000000),
double3(0.437605000000,0.729590000000,0.274020000000),
double3(0.457600000000,0.710600000000,0.353850000000),
double3(0.427225000000,0.659415000000,0.286065000000),
double3(0.355675000000,0.644770000000,0.301165000000),
double3(0.367345000000,0.591600000000,0.262170000000),
double3(0.384315000000,0.608845000000,0.351485000000),
double3(0.319965000000,0.561505000000,0.190020000000),
double3(0.320210000000,0.515935000000,0.257050000000),
double3(0.364995000000,0.507490000000,0.318790000000),
double3(0.447775000000,0.741125000000,0.021350000000),
double3(0.476150000000,0.728865000000,0.443470000000),
double3(0.430940000000,0.670065000000,0.497805000000),
double3(0.371835000000,0.666985000000,0.452200000000),
double3(0.359195000000,0.619415000000,0.023120000000),
double3(0.386500000000,0.609410000000,0.443525000000),
double3(0.334705000000,0.575795000000,0.099530000000),
double3(0.360420000000,0.553795000000,0.027910000000),
double3(0.375835000000,0.506630000000,0.478935000000),
double3(0.401380000000,0.999815000000,0.391850000000),
double3(0.498335000000,0.719405000000,0.276315000000),
double3(0.355870000000,0.530585000000,0.143655000000),
double3(0.319320000000,0.568380000000,0.399710000000),
double3(0.371285000000,0.545660000000,0.397325000000),
double3(0.276480000000,0.994120000000,0.377585000000),
double3(0.333335000000,0.666665000000,0.376705000000),
double3(0.295010000000,0.750565000000,0.297500000000),
double3(0.373735000000,0.757485000000,0.300455000000),
double3(0.442170000000,0.766905000000,0.245820000000),
double3(0.494305000000,0.860040000000,0.375440000000),
double3(0.284590000000,0.748810000000,0.497345000000),
double3(0.358485000000,0.745800000000,0.479055000000),
double3(0.424600000000,0.761305000000,0.042845000000),
double3(0.417065000000,0.782295000000,0.398000000000),
double3(0.467485000000,0.742970000000,0.394015000000),
double3(0.323470000000,0.543735000000,0.140460000000),
double3(0.009175000000,0.849740000000,0.270760000000),
double3(0.270410000000,0.708015000000,0.274020000000),
double3(0.289400000000,0.747000000000,0.353850000000),
double3(0.340585000000,0.767810000000,0.286065000000),
double3(0.355230000000,0.710905000000,0.301165000000),
double3(0.408400000000,0.775745000000,0.262170000000),
double3(0.391155000000,0.775470000000,0.351485000000),
double3(0.438495000000,0.758460000000,0.190020000000),
double3(0.484065000000,0.804275000000,0.257050000000),
double3(0.492510000000,0.857505000000,0.318790000000),
double3(0.258875000000,0.706650000000,0.021350000000),
double3(0.271135000000,0.747285000000,0.443470000000),
double3(0.329935000000,0.760875000000,0.497805000000),
double3(0.333015000000,0.704850000000,0.452200000000),
double3(0.380585000000,0.739780000000,0.023120000000),
double3(0.390590000000,0.777090000000,0.443525000000),
double3(0.424205000000,0.758910000000,0.099530000000),
double3(0.446205000000,0.806625000000,0.027910000000),
double3(0.493370000000,0.869205000000,0.478935000000),
double3(0.000185000000,0.901565000000,0.391850000000),
double3(0.280595000000,0.778930000000,0.276315000000),
double3(0.469415000000,0.825285000000,0.143655000000),
double3(0.431620000000,0.750940000000,0.399710000000),
double3(0.454340000000,0.825625000000,0.397325000000),
double3(0.005880000000,0.782360000000,0.377585000000),
double3(0.249435000000,0.544445000000,0.297500000000),
double3(0.242515000000,0.616250000000,0.300455000000),
double3(0.233095000000,0.675265000000,0.245820000000),
double3(0.139960000000,0.634265000000,0.375440000000),
double3(0.251190000000,0.535780000000,0.497345000000),
double3(0.254200000000,0.612685000000,0.479055000000),
double3(0.238695000000,0.663295000000,0.042845000000),
double3(0.217705000000,0.634770000000,0.398000000000),
double3(0.257030000000,0.724515000000,0.394015000000),
double3(0.456265000000,0.779735000000,0.140460000000),
double3(0.150260000000,0.659435000000,0.270760000000),
double3(0.291985000000,0.562395000000,0.274020000000),
double3(0.253000000000,0.542400000000,0.353850000000),
double3(0.232190000000,0.572775000000,0.286065000000),
double3(0.289095000000,0.644325000000,0.301165000000),
double3(0.224255000000,0.632655000000,0.262170000000),
double3(0.224530000000,0.615685000000,0.351485000000),
double3(0.241540000000,0.680035000000,0.190020000000),
double3(0.195725000000,0.679790000000,0.257050000000),
double3(0.142495000000,0.635005000000,0.318790000000),
double3(0.293350000000,0.552225000000,0.021350000000),
double3(0.252715000000,0.523850000000,0.443470000000),
double3(0.239125000000,0.569060000000,0.497805000000),
double3(0.295150000000,0.628165000000,0.452200000000),
double3(0.260220000000,0.640805000000,0.023120000000),
double3(0.222910000000,0.613500000000,0.443525000000),
double3(0.241090000000,0.665295000000,0.099530000000),
double3(0.193375000000,0.639580000000,0.027910000000),
double3(0.130795000000,0.624165000000,0.478935000000),
double3(0.098435000000,0.598620000000,0.391850000000),
double3(0.221070000000,0.501665000000,0.276315000000),
double3(0.174715000000,0.644130000000,0.143655000000),
double3(0.249060000000,0.680680000000,0.399710000000),
double3(0.174375000000,0.628715000000,0.397325000000),
double3(0.217640000000,0.723520000000,0.377585000000),
double3(0.204990000000,0.955555000000,0.047500000000),
double3(0.126265000000,0.883750000000,0.050455000000),
double3(0.057830000000,0.824735000000,0.495820000000),
double3(0.005695000000,0.865735000000,0.125440000000),
double3(0.215410000000,0.964220000000,0.247345000000),
double3(0.141515000000,0.887315000000,0.229055000000),
double3(0.075400000000,0.836705000000,0.292845000000),
double3(0.082935000000,0.865230000000,0.148000000000),
double3(0.032515000000,0.775485000000,0.144015000000),
double3(0.176530000000,0.720265000000,0.390460000000),
double3(0.490825000000,0.840565000000,0.020760000000),
double3(0.166665000000,0.833335000000,0.070040000000),
double3(0.166665000000,0.833335000000,0.183375000000),
double3(0.229590000000,0.937605000000,0.024020000000),
double3(0.210600000000,0.957600000000,0.103850000000),
double3(0.159415000000,0.927225000000,0.036065000000),
double3(0.144770000000,0.855675000000,0.051165000000),
double3(0.091600000000,0.867345000000,0.012170000000),
double3(0.108845000000,0.884315000000,0.101485000000),
double3(0.061505000000,0.819965000000,0.440020000000),
double3(0.015935000000,0.820210000000,0.007050000000),
double3(0.007490000000,0.864995000000,0.068790000000),
double3(0.241125000000,0.947775000000,0.271350000000),
double3(0.228865000000,0.976150000000,0.193470000000),
double3(0.170065000000,0.930940000000,0.247805000000),
double3(0.166985000000,0.871835000000,0.202200000000),
double3(0.119415000000,0.859195000000,0.273120000000),
double3(0.109410000000,0.886500000000,0.193525000000),
double3(0.075795000000,0.834705000000,0.349530000000),
double3(0.053795000000,0.860420000000,0.277910000000),
double3(0.006630000000,0.875835000000,0.228935000000),
double3(0.499815000000,0.901380000000,0.141850000000),
double3(0.219405000000,0.998335000000,0.026315000000),
double3(0.030585000000,0.855870000000,0.393655000000),
double3(0.068380000000,0.819320000000,0.149710000000),
double3(0.045660000000,0.871285000000,0.147325000000),
double3(0.494120000000,0.776480000000,0.127585000000),
double3(0.166665000000,0.833335000000,0.126705000000),
double3(0.044445000000,0.749435000000,0.047500000000),
double3(0.116250000000,0.742515000000,0.050455000000),
double3(0.175265000000,0.733095000000,0.495820000000),
double3(0.134265000000,0.639960000000,0.125440000000),
double3(0.035780000000,0.751190000000,0.247345000000),
double3(0.112685000000,0.754200000000,0.229055000000),
double3(0.163295000000,0.738695000000,0.292845000000),
double3(0.134770000000,0.717705000000,0.148000000000),
double3(0.224515000000,0.757030000000,0.144015000000),
double3(0.279735000000,0.956265000000,0.390460000000),
double3(0.159435000000,0.650260000000,0.020760000000),
double3(0.062395000000,0.791985000000,0.024020000000),
double3(0.042400000000,0.753000000000,0.103850000000),
double3(0.072775000000,0.732190000000,0.036065000000),
double3(0.144325000000,0.789095000000,0.051165000000),
double3(0.132655000000,0.724255000000,0.012170000000),
double3(0.115685000000,0.724530000000,0.101485000000),
double3(0.180035000000,0.741540000000,0.440020000000),
double3(0.179790000000,0.695725000000,0.007050000000),
double3(0.135005000000,0.642495000000,0.068790000000),
double3(0.052225000000,0.793350000000,0.271350000000),
double3(0.023850000000,0.752715000000,0.193470000000),
double3(0.069060000000,0.739125000000,0.247805000000),
double3(0.128165000000,0.795150000000,0.202200000000),
double3(0.140805000000,0.760220000000,0.273120000000),
double3(0.113500000000,0.722910000000,0.193525000000),
double3(0.165295000000,0.741090000000,0.349530000000),
double3(0.139580000000,0.693375000000,0.277910000000),
double3(0.124165000000,0.630795000000,0.228935000000),
double3(0.098620000000,0.598435000000,0.141850000000),
double3(0.001665000000,0.721070000000,0.026315000000),
double3(0.144130000000,0.674715000000,0.393655000000),
double3(0.180680000000,0.749060000000,0.149710000000),
double3(0.128715000000,0.674375000000,0.147325000000),
double3(0.223520000000,0.717640000000,0.127585000000),
double3(0.250565000000,0.795010000000,0.047500000000),
double3(0.257485000000,0.873735000000,0.050455000000),
double3(0.266905000000,0.942170000000,0.495820000000),
double3(0.360040000000,0.994305000000,0.125440000000),
double3(0.248810000000,0.784590000000,0.247345000000),
double3(0.245800000000,0.858485000000,0.229055000000),
double3(0.261305000000,0.924600000000,0.292845000000),
double3(0.282295000000,0.917065000000,0.148000000000),
double3(0.242970000000,0.967485000000,0.144015000000),
double3(0.043735000000,0.823470000000,0.390460000000),
double3(0.349740000000,0.509175000000,0.020760000000),
double3(0.208015000000,0.770410000000,0.024020000000),
double3(0.247000000000,0.789400000000,0.103850000000),
double3(0.267810000000,0.840585000000,0.036065000000),
double3(0.210905000000,0.855230000000,0.051165000000),
double3(0.275745000000,0.908400000000,0.012170000000),
double3(0.275470000000,0.891155000000,0.101485000000),
double3(0.258460000000,0.938495000000,0.440020000000),
double3(0.304275000000,0.984065000000,0.007050000000),
double3(0.357505000000,0.992510000000,0.068790000000),
double3(0.206650000000,0.758875000000,0.271350000000),
double3(0.247285000000,0.771135000000,0.193470000000),
double3(0.260875000000,0.829935000000,0.247805000000),
double3(0.204850000000,0.833015000000,0.202200000000),
double3(0.239780000000,0.880585000000,0.273120000000),
double3(0.277090000000,0.890590000000,0.193525000000),
double3(0.258910000000,0.924205000000,0.349530000000),
double3(0.306625000000,0.946205000000,0.277910000000),
double3(0.369205000000,0.993370000000,0.228935000000),
double3(0.401565000000,0.500185000000,0.141850000000),
double3(0.278930000000,0.780595000000,0.026315000000),
double3(0.325285000000,0.969415000000,0.393655000000),
double3(0.250940000000,0.931620000000,0.149710000000),
double3(0.325625000000,0.954340000000,0.147325000000),
double3(0.282360000000,0.505880000000,0.127585000000),
double3(0.455555000000,0.704990000000,0.797500000000),
double3(0.383750000000,0.626265000000,0.800455000000),
double3(0.324735000000,0.557830000000,0.745820000000),
double3(0.365735000000,0.505695000000,0.875440000000),
double3(0.464220000000,0.715410000000,0.997345000000),
double3(0.387315000000,0.641515000000,0.979055000000),
double3(0.336705000000,0.575400000000,0.542845000000),
double3(0.365230000000,0.582935000000,0.898000000000),
double3(0.275485000000,0.532515000000,0.894015000000),
double3(0.220265000000,0.676530000000,0.640460000000),
double3(0.340565000000,0.990825000000,0.770760000000),
double3(0.333335000000,0.666665000000,0.820040000000),
double3(0.333335000000,0.666665000000,0.933375000000),
double3(0.437605000000,0.729590000000,0.774020000000),
double3(0.457600000000,0.710600000000,0.853850000000),
double3(0.427225000000,0.659415000000,0.786065000000),
double3(0.355675000000,0.644770000000,0.801165000000),
double3(0.367345000000,0.591600000000,0.762170000000),
double3(0.384315000000,0.608845000000,0.851485000000),
double3(0.319965000000,0.561505000000,0.690020000000),
double3(0.320210000000,0.515935000000,0.757050000000),
double3(0.364995000000,0.507490000000,0.818790000000),
double3(0.447775000000,0.741125000000,0.521350000000),
double3(0.476150000000,0.728865000000,0.943470000000),
double3(0.430940000000,0.670065000000,0.997805000000),
double3(0.371835000000,0.666985000000,0.952200000000),
double3(0.359195000000,0.619415000000,0.523120000000),
double3(0.386500000000,0.609410000000,0.943525000000),
double3(0.334705000000,0.575795000000,0.599530000000),
double3(0.360420000000,0.553795000000,0.527910000000),
double3(0.375835000000,0.506630000000,0.978935000000),
double3(0.401380000000,0.999815000000,0.891850000000),
double3(0.498335000000,0.719405000000,0.776315000000),
double3(0.355870000000,0.530585000000,0.643655000000),
double3(0.319320000000,0.568380000000,0.899710000000),
double3(0.371285000000,0.545660000000,0.897325000000),
double3(0.276480000000,0.994120000000,0.877585000000),
double3(0.333335000000,0.666665000000,0.876705000000),
double3(0.295010000000,0.750565000000,0.797500000000),
double3(0.373735000000,0.757485000000,0.800455000000),
double3(0.442170000000,0.766905000000,0.745820000000),
double3(0.494305000000,0.860040000000,0.875440000000),
double3(0.284590000000,0.748810000000,0.997345000000),
double3(0.358485000000,0.745800000000,0.979055000000),
double3(0.424600000000,0.761305000000,0.542845000000),
double3(0.417065000000,0.782295000000,0.898000000000),
double3(0.467485000000,0.742970000000,0.894015000000),
double3(0.323470000000,0.543735000000,0.640460000000),
double3(0.009175000000,0.849740000000,0.770760000000),
double3(0.270410000000,0.708015000000,0.774020000000),
double3(0.289400000000,0.747000000000,0.853850000000),
double3(0.340585000000,0.767810000000,0.786065000000),
double3(0.355230000000,0.710905000000,0.801165000000),
double3(0.408400000000,0.775745000000,0.762170000000),
double3(0.391155000000,0.775470000000,0.851485000000),
double3(0.438495000000,0.758460000000,0.690020000000),
double3(0.484065000000,0.804275000000,0.757050000000),
double3(0.492510000000,0.857505000000,0.818790000000),
double3(0.258875000000,0.706650000000,0.521350000000),
double3(0.271135000000,0.747285000000,0.943470000000),
double3(0.329935000000,0.760875000000,0.997805000000),
double3(0.333015000000,0.704850000000,0.952200000000),
double3(0.380585000000,0.739780000000,0.523120000000),
double3(0.390590000000,0.777090000000,0.943525000000),
double3(0.424205000000,0.758910000000,0.599530000000),
double3(0.446205000000,0.806625000000,0.527910000000),
double3(0.493370000000,0.869205000000,0.978935000000),
double3(0.000185000000,0.901565000000,0.891850000000),
double3(0.280595000000,0.778930000000,0.776315000000),
double3(0.469415000000,0.825285000000,0.643655000000),
double3(0.431620000000,0.750940000000,0.899710000000),
double3(0.454340000000,0.825625000000,0.897325000000),
double3(0.005880000000,0.782360000000,0.877585000000),
double3(0.249435000000,0.544445000000,0.797500000000),
double3(0.242515000000,0.616250000000,0.800455000000),
double3(0.233095000000,0.675265000000,0.745820000000),
double3(0.139960000000,0.634265000000,0.875440000000),
double3(0.251190000000,0.535780000000,0.997345000000),
double3(0.254200000000,0.612685000000,0.979055000000),
double3(0.238695000000,0.663295000000,0.542845000000),
double3(0.217705000000,0.634770000000,0.898000000000),
double3(0.257030000000,0.724515000000,0.894015000000),
double3(0.456265000000,0.779735000000,0.640460000000),
double3(0.150260000000,0.659435000000,0.770760000000),
double3(0.291985000000,0.562395000000,0.774020000000),
double3(0.253000000000,0.542400000000,0.853850000000),
double3(0.232190000000,0.572775000000,0.786065000000),
double3(0.289095000000,0.644325000000,0.801165000000),
double3(0.224255000000,0.632655000000,0.762170000000),
double3(0.224530000000,0.615685000000,0.851485000000),
double3(0.241540000000,0.680035000000,0.690020000000),
double3(0.195725000000,0.679790000000,0.757050000000),
double3(0.142495000000,0.635005000000,0.818790000000),
double3(0.293350000000,0.552225000000,0.521350000000),
double3(0.252715000000,0.523850000000,0.943470000000),
double3(0.239125000000,0.569060000000,0.997805000000),
double3(0.295150000000,0.628165000000,0.952200000000),
double3(0.260220000000,0.640805000000,0.523120000000),
double3(0.222910000000,0.613500000000,0.943525000000),
double3(0.241090000000,0.665295000000,0.599530000000),
double3(0.193375000000,0.639580000000,0.527910000000),
double3(0.130795000000,0.624165000000,0.978935000000),
double3(0.098435000000,0.598620000000,0.891850000000),
double3(0.221070000000,0.501665000000,0.776315000000),
double3(0.174715000000,0.644130000000,0.643655000000),
double3(0.249060000000,0.680680000000,0.899710000000),
double3(0.174375000000,0.628715000000,0.897325000000),
double3(0.217640000000,0.723520000000,0.877585000000),
double3(0.204990000000,0.955555000000,0.547500000000),
double3(0.126265000000,0.883750000000,0.550455000000),
double3(0.057830000000,0.824735000000,0.995820000000),
double3(0.005695000000,0.865735000000,0.625440000000),
double3(0.215410000000,0.964220000000,0.747345000000),
double3(0.141515000000,0.887315000000,0.729055000000),
double3(0.075400000000,0.836705000000,0.792845000000),
double3(0.082935000000,0.865230000000,0.648000000000),
double3(0.032515000000,0.775485000000,0.644015000000),
double3(0.176530000000,0.720265000000,0.890460000000),
double3(0.490825000000,0.840565000000,0.520760000000),
double3(0.166665000000,0.833335000000,0.570040000000),
double3(0.166665000000,0.833335000000,0.683375000000),
double3(0.229590000000,0.937605000000,0.524020000000),
double3(0.210600000000,0.957600000000,0.603850000000),
double3(0.159415000000,0.927225000000,0.536065000000),
double3(0.144770000000,0.855675000000,0.551165000000),
double3(0.091600000000,0.867345000000,0.512170000000),
double3(0.108845000000,0.884315000000,0.601485000000),
double3(0.061505000000,0.819965000000,0.940020000000),
double3(0.015935000000,0.820210000000,0.507050000000),
double3(0.007490000000,0.864995000000,0.568790000000),
double3(0.241125000000,0.947775000000,0.771350000000),
double3(0.228865000000,0.976150000000,0.693470000000),
double3(0.170065000000,0.930940000000,0.747805000000),
double3(0.166985000000,0.871835000000,0.702200000000),
double3(0.119415000000,0.859195000000,0.773120000000),
double3(0.109410000000,0.886500000000,0.693525000000),
double3(0.075795000000,0.834705000000,0.849530000000),
double3(0.053795000000,0.860420000000,0.777910000000),
double3(0.006630000000,0.875835000000,0.728935000000),
double3(0.499815000000,0.901380000000,0.641850000000),
double3(0.219405000000,0.998335000000,0.526315000000),
double3(0.030585000000,0.855870000000,0.893655000000),
double3(0.068380000000,0.819320000000,0.649710000000),
double3(0.045660000000,0.871285000000,0.647325000000),
double3(0.494120000000,0.776480000000,0.627585000000),
double3(0.166665000000,0.833335000000,0.626705000000),
double3(0.044445000000,0.749435000000,0.547500000000),
double3(0.116250000000,0.742515000000,0.550455000000),
double3(0.175265000000,0.733095000000,0.995820000000),
double3(0.134265000000,0.639960000000,0.625440000000),
double3(0.035780000000,0.751190000000,0.747345000000),
double3(0.112685000000,0.754200000000,0.729055000000),
double3(0.163295000000,0.738695000000,0.792845000000),
double3(0.134770000000,0.717705000000,0.648000000000),
double3(0.224515000000,0.757030000000,0.644015000000),
double3(0.279735000000,0.956265000000,0.890460000000),
double3(0.159435000000,0.650260000000,0.520760000000),
double3(0.062395000000,0.791985000000,0.524020000000),
double3(0.042400000000,0.753000000000,0.603850000000),
double3(0.072775000000,0.732190000000,0.536065000000),
double3(0.144325000000,0.789095000000,0.551165000000),
double3(0.132655000000,0.724255000000,0.512170000000),
double3(0.115685000000,0.724530000000,0.601485000000),
double3(0.180035000000,0.741540000000,0.940020000000),
double3(0.179790000000,0.695725000000,0.507050000000),
double3(0.135005000000,0.642495000000,0.568790000000),
double3(0.052225000000,0.793350000000,0.771350000000),
double3(0.023850000000,0.752715000000,0.693470000000),
double3(0.069060000000,0.739125000000,0.747805000000),
double3(0.128165000000,0.795150000000,0.702200000000),
double3(0.140805000000,0.760220000000,0.773120000000),
double3(0.113500000000,0.722910000000,0.693525000000),
double3(0.165295000000,0.741090000000,0.849530000000),
double3(0.139580000000,0.693375000000,0.777910000000),
double3(0.124165000000,0.630795000000,0.728935000000),
double3(0.098620000000,0.598435000000,0.641850000000),
double3(0.001665000000,0.721070000000,0.526315000000),
double3(0.144130000000,0.674715000000,0.893655000000),
double3(0.180680000000,0.749060000000,0.649710000000),
double3(0.128715000000,0.674375000000,0.647325000000),
double3(0.223520000000,0.717640000000,0.627585000000),
double3(0.250565000000,0.795010000000,0.547500000000),
double3(0.257485000000,0.873735000000,0.550455000000),
double3(0.266905000000,0.942170000000,0.995820000000),
double3(0.360040000000,0.994305000000,0.625440000000),
double3(0.248810000000,0.784590000000,0.747345000000),
double3(0.245800000000,0.858485000000,0.729055000000),
double3(0.261305000000,0.924600000000,0.792845000000),
double3(0.282295000000,0.917065000000,0.648000000000),
double3(0.242970000000,0.967485000000,0.644015000000),
double3(0.043735000000,0.823470000000,0.890460000000),
double3(0.349740000000,0.509175000000,0.520760000000),
double3(0.208015000000,0.770410000000,0.524020000000),
double3(0.247000000000,0.789400000000,0.603850000000),
double3(0.267810000000,0.840585000000,0.536065000000),
double3(0.210905000000,0.855230000000,0.551165000000),
double3(0.275745000000,0.908400000000,0.512170000000),
double3(0.275470000000,0.891155000000,0.601485000000),
double3(0.258460000000,0.938495000000,0.940020000000),
double3(0.304275000000,0.984065000000,0.507050000000),
double3(0.357505000000,0.992510000000,0.568790000000),
double3(0.206650000000,0.758875000000,0.771350000000),
double3(0.247285000000,0.771135000000,0.693470000000),
double3(0.260875000000,0.829935000000,0.747805000000),
double3(0.204850000000,0.833015000000,0.702200000000),
double3(0.239780000000,0.880585000000,0.773120000000),
double3(0.277090000000,0.890590000000,0.693525000000),
double3(0.258910000000,0.924205000000,0.849530000000),
double3(0.306625000000,0.946205000000,0.777910000000),
double3(0.369205000000,0.993370000000,0.728935000000),
double3(0.401565000000,0.500185000000,0.641850000000),
double3(0.278930000000,0.780595000000,0.526315000000),
double3(0.325285000000,0.969415000000,0.893655000000),
double3(0.250940000000,0.931620000000,0.649710000000),
double3(0.325625000000,0.954340000000,0.647325000000),
double3(0.282360000000,0.505880000000,0.627585000000),
double3(0.955555000000,0.204990000000,0.297500000000),
double3(0.883750000000,0.126265000000,0.300455000000),
double3(0.824735000000,0.057830000000,0.245820000000),
double3(0.865735000000,0.005695000000,0.375440000000),
double3(0.964220000000,0.215410000000,0.497345000000),
double3(0.887315000000,0.141515000000,0.479055000000),
double3(0.836705000000,0.075400000000,0.042845000000),
double3(0.865230000000,0.082935000000,0.398000000000),
double3(0.775485000000,0.032515000000,0.394015000000),
double3(0.720265000000,0.176530000000,0.140460000000),
double3(0.840565000000,0.490825000000,0.270760000000),
double3(0.833335000000,0.166665000000,0.320040000000),
double3(0.833335000000,0.166665000000,0.433375000000),
double3(0.937605000000,0.229590000000,0.274020000000),
double3(0.957600000000,0.210600000000,0.353850000000),
double3(0.927225000000,0.159415000000,0.286065000000),
double3(0.855675000000,0.144770000000,0.301165000000),
double3(0.867345000000,0.091600000000,0.262170000000),
double3(0.884315000000,0.108845000000,0.351485000000),
double3(0.819965000000,0.061505000000,0.190020000000),
double3(0.820210000000,0.015935000000,0.257050000000),
double3(0.864995000000,0.007490000000,0.318790000000),
double3(0.947775000000,0.241125000000,0.021350000000),
double3(0.976150000000,0.228865000000,0.443470000000),
double3(0.930940000000,0.170065000000,0.497805000000),
double3(0.871835000000,0.166985000000,0.452200000000),
double3(0.859195000000,0.119415000000,0.023120000000),
double3(0.886500000000,0.109410000000,0.443525000000),
double3(0.834705000000,0.075795000000,0.099530000000),
double3(0.860420000000,0.053795000000,0.027910000000),
double3(0.875835000000,0.006630000000,0.478935000000),
double3(0.901380000000,0.499815000000,0.391850000000),
double3(0.998335000000,0.219405000000,0.276315000000),
double3(0.855870000000,0.030585000000,0.143655000000),
double3(0.819320000000,0.068380000000,0.399710000000),
double3(0.871285000000,0.045660000000,0.397325000000),
double3(0.776480000000,0.494120000000,0.377585000000),
double3(0.833335000000,0.166665000000,0.376705000000),
double3(0.795010000000,0.250565000000,0.297500000000),
double3(0.873735000000,0.257485000000,0.300455000000),
double3(0.942170000000,0.266905000000,0.245820000000),
double3(0.994305000000,0.360040000000,0.375440000000),
double3(0.784590000000,0.248810000000,0.497345000000),
double3(0.858485000000,0.245800000000,0.479055000000),
double3(0.924600000000,0.261305000000,0.042845000000),
double3(0.917065000000,0.282295000000,0.398000000000),
double3(0.967485000000,0.242970000000,0.394015000000),
double3(0.823470000000,0.043735000000,0.140460000000),
double3(0.509175000000,0.349740000000,0.270760000000),
double3(0.770410000000,0.208015000000,0.274020000000),
double3(0.789400000000,0.247000000000,0.353850000000),
double3(0.840585000000,0.267810000000,0.286065000000),
double3(0.855230000000,0.210905000000,0.301165000000),
double3(0.908400000000,0.275745000000,0.262170000000),
double3(0.891155000000,0.275470000000,0.351485000000),
double3(0.938495000000,0.258460000000,0.190020000000),
double3(0.984065000000,0.304275000000,0.257050000000),
double3(0.992510000000,0.357505000000,0.318790000000),
double3(0.758875000000,0.206650000000,0.021350000000),
double3(0.771135000000,0.247285000000,0.443470000000),
double3(0.829935000000,0.260875000000,0.497805000000),
double3(0.833015000000,0.204850000000,0.452200000000),
double3(0.880585000000,0.239780000000,0.023120000000),
double3(0.890590000000,0.277090000000,0.443525000000),
double3(0.924205000000,0.258910000000,0.099530000000),
double3(0.946205000000,0.306625000000,0.027910000000),
double3(0.993370000000,0.369205000000,0.478935000000),
double3(0.500185000000,0.401565000000,0.391850000000),
double3(0.780595000000,0.278930000000,0.276315000000),
double3(0.969415000000,0.325285000000,0.143655000000),
double3(0.931620000000,0.250940000000,0.399710000000),
double3(0.954340000000,0.325625000000,0.397325000000),
double3(0.505880000000,0.282360000000,0.377585000000),
double3(0.749435000000,0.044445000000,0.297500000000),
double3(0.742515000000,0.116250000000,0.300455000000),
double3(0.733095000000,0.175265000000,0.245820000000),
double3(0.639960000000,0.134265000000,0.375440000000),
double3(0.751190000000,0.035780000000,0.497345000000),
double3(0.754200000000,0.112685000000,0.479055000000),
double3(0.738695000000,0.163295000000,0.042845000000),
double3(0.717705000000,0.134770000000,0.398000000000),
double3(0.757030000000,0.224515000000,0.394015000000),
double3(0.956265000000,0.279735000000,0.140460000000),
double3(0.650260000000,0.159435000000,0.270760000000),
double3(0.791985000000,0.062395000000,0.274020000000),
double3(0.753000000000,0.042400000000,0.353850000000),
double3(0.732190000000,0.072775000000,0.286065000000),
double3(0.789095000000,0.144325000000,0.301165000000),
double3(0.724255000000,0.132655000000,0.262170000000),
double3(0.724530000000,0.115685000000,0.351485000000),
double3(0.741540000000,0.180035000000,0.190020000000),
double3(0.695725000000,0.179790000000,0.257050000000),
double3(0.642495000000,0.135005000000,0.318790000000),
double3(0.793350000000,0.052225000000,0.021350000000),
double3(0.752715000000,0.023850000000,0.443470000000),
double3(0.739125000000,0.069060000000,0.497805000000),
double3(0.795150000000,0.128165000000,0.452200000000),
double3(0.760220000000,0.140805000000,0.023120000000),
double3(0.722910000000,0.113500000000,0.443525000000),
double3(0.741090000000,0.165295000000,0.099530000000),
double3(0.693375000000,0.139580000000,0.027910000000),
double3(0.630795000000,0.124165000000,0.478935000000),
double3(0.598435000000,0.098620000000,0.391850000000),
double3(0.721070000000,0.001665000000,0.276315000000),
double3(0.674715000000,0.144130000000,0.143655000000),
double3(0.749060000000,0.180680000000,0.399710000000),
double3(0.674375000000,0.128715000000,0.397325000000),
double3(0.717640000000,0.223520000000,0.377585000000),
double3(0.704990000000,0.455555000000,0.047500000000),
double3(0.626265000000,0.383750000000,0.050455000000),
double3(0.557830000000,0.324735000000,0.495820000000),
double3(0.505695000000,0.365735000000,0.125440000000),
double3(0.715410000000,0.464220000000,0.247345000000),
double3(0.641515000000,0.387315000000,0.229055000000),
double3(0.575400000000,0.336705000000,0.292845000000),
double3(0.582935000000,0.365230000000,0.148000000000),
double3(0.532515000000,0.275485000000,0.144015000000),
double3(0.676530000000,0.220265000000,0.390460000000),
double3(0.990825000000,0.340565000000,0.020760000000),
double3(0.666665000000,0.333335000000,0.070040000000),
double3(0.666665000000,0.333335000000,0.183375000000),
double3(0.729590000000,0.437605000000,0.024020000000),
double3(0.710600000000,0.457600000000,0.103850000000),
double3(0.659415000000,0.427225000000,0.036065000000),
double3(0.644770000000,0.355675000000,0.051165000000),
double3(0.591600000000,0.367345000000,0.012170000000),
double3(0.608845000000,0.384315000000,0.101485000000),
double3(0.561505000000,0.319965000000,0.440020000000),
double3(0.515935000000,0.320210000000,0.007050000000),
double3(0.507490000000,0.364995000000,0.068790000000),
double3(0.741125000000,0.447775000000,0.271350000000),
double3(0.728865000000,0.476150000000,0.193470000000),
double3(0.670065000000,0.430940000000,0.247805000000),
double3(0.666985000000,0.371835000000,0.202200000000),
double3(0.619415000000,0.359195000000,0.273120000000),
double3(0.609410000000,0.386500000000,0.193525000000),
double3(0.575795000000,0.334705000000,0.349530000000),
double3(0.553795000000,0.360420000000,0.277910000000),
double3(0.506630000000,0.375835000000,0.228935000000),
double3(0.999815000000,0.401380000000,0.141850000000),
double3(0.719405000000,0.498335000000,0.026315000000),
double3(0.530585000000,0.355870000000,0.393655000000),
double3(0.568380000000,0.319320000000,0.149710000000),
double3(0.545660000000,0.371285000000,0.147325000000),
double3(0.994120000000,0.276480000000,0.127585000000),
double3(0.666665000000,0.333335000000,0.126705000000),
double3(0.544445000000,0.249435000000,0.047500000000),
double3(0.616250000000,0.242515000000,0.050455000000),
double3(0.675265000000,0.233095000000,0.495820000000),
double3(0.634265000000,0.139960000000,0.125440000000),
double3(0.535780000000,0.251190000000,0.247345000000),
double3(0.612685000000,0.254200000000,0.229055000000),
double3(0.663295000000,0.238695000000,0.292845000000),
double3(0.634770000000,0.217705000000,0.148000000000),
double3(0.724515000000,0.257030000000,0.144015000000),
double3(0.779735000000,0.456265000000,0.390460000000),
double3(0.659435000000,0.150260000000,0.020760000000),
double3(0.562395000000,0.291985000000,0.024020000000),
double3(0.542400000000,0.253000000000,0.103850000000),
double3(0.572775000000,0.232190000000,0.036065000000),
double3(0.644325000000,0.289095000000,0.051165000000),
double3(0.632655000000,0.224255000000,0.012170000000),
double3(0.615685000000,0.224530000000,0.101485000000),
double3(0.680035000000,0.241540000000,0.440020000000),
double3(0.679790000000,0.195725000000,0.007050000000),
double3(0.635005000000,0.142495000000,0.068790000000),
double3(0.552225000000,0.293350000000,0.271350000000),
double3(0.523850000000,0.252715000000,0.193470000000),
double3(0.569060000000,0.239125000000,0.247805000000),
double3(0.628165000000,0.295150000000,0.202200000000),
double3(0.640805000000,0.260220000000,0.273120000000),
double3(0.613500000000,0.222910000000,0.193525000000),
double3(0.665295000000,0.241090000000,0.349530000000),
double3(0.639580000000,0.193375000000,0.277910000000),
double3(0.624165000000,0.130795000000,0.228935000000),
double3(0.598620000000,0.098435000000,0.141850000000),
double3(0.501665000000,0.221070000000,0.026315000000),
double3(0.644130000000,0.174715000000,0.393655000000),
double3(0.680680000000,0.249060000000,0.149710000000),
double3(0.628715000000,0.174375000000,0.147325000000),
double3(0.723520000000,0.217640000000,0.127585000000),
double3(0.750565000000,0.295010000000,0.047500000000),
double3(0.757485000000,0.373735000000,0.050455000000),
double3(0.766905000000,0.442170000000,0.495820000000),
double3(0.860040000000,0.494305000000,0.125440000000),
double3(0.748810000000,0.284590000000,0.247345000000),
double3(0.745800000000,0.358485000000,0.229055000000),
double3(0.761305000000,0.424600000000,0.292845000000),
double3(0.782295000000,0.417065000000,0.148000000000),
double3(0.742970000000,0.467485000000,0.144015000000),
double3(0.543735000000,0.323470000000,0.390460000000),
double3(0.849740000000,0.009175000000,0.020760000000),
double3(0.708015000000,0.270410000000,0.024020000000),
double3(0.747000000000,0.289400000000,0.103850000000),
double3(0.767810000000,0.340585000000,0.036065000000),
double3(0.710905000000,0.355230000000,0.051165000000),
double3(0.775745000000,0.408400000000,0.012170000000),
double3(0.775470000000,0.391155000000,0.101485000000),
double3(0.758460000000,0.438495000000,0.440020000000),
double3(0.804275000000,0.484065000000,0.007050000000),
double3(0.857505000000,0.492510000000,0.068790000000),
double3(0.706650000000,0.258875000000,0.271350000000),
double3(0.747285000000,0.271135000000,0.193470000000),
double3(0.760875000000,0.329935000000,0.247805000000),
double3(0.704850000000,0.333015000000,0.202200000000),
double3(0.739780000000,0.380585000000,0.273120000000),
double3(0.777090000000,0.390590000000,0.193525000000),
double3(0.758910000000,0.424205000000,0.349530000000),
double3(0.806625000000,0.446205000000,0.277910000000),
double3(0.869205000000,0.493370000000,0.228935000000),
double3(0.901565000000,0.000185000000,0.141850000000),
double3(0.778930000000,0.280595000000,0.026315000000),
double3(0.825285000000,0.469415000000,0.393655000000),
double3(0.750940000000,0.431620000000,0.149710000000),
double3(0.825625000000,0.454340000000,0.147325000000),
double3(0.782360000000,0.005880000000,0.127585000000),
double3(0.955555000000,0.204990000000,0.797500000000),
double3(0.883750000000,0.126265000000,0.800455000000),
double3(0.824735000000,0.057830000000,0.745820000000),
double3(0.865735000000,0.005695000000,0.875440000000),
double3(0.964220000000,0.215410000000,0.997345000000),
double3(0.887315000000,0.141515000000,0.979055000000),
double3(0.836705000000,0.075400000000,0.542845000000),
double3(0.865230000000,0.082935000000,0.898000000000),
double3(0.775485000000,0.032515000000,0.894015000000),
double3(0.720265000000,0.176530000000,0.640460000000),
double3(0.840565000000,0.490825000000,0.770760000000),
double3(0.833335000000,0.166665000000,0.820040000000),
double3(0.833335000000,0.166665000000,0.933375000000),
double3(0.937605000000,0.229590000000,0.774020000000),
double3(0.957600000000,0.210600000000,0.853850000000),
double3(0.927225000000,0.159415000000,0.786065000000),
double3(0.855675000000,0.144770000000,0.801165000000),
double3(0.867345000000,0.091600000000,0.762170000000),
double3(0.884315000000,0.108845000000,0.851485000000),
double3(0.819965000000,0.061505000000,0.690020000000),
double3(0.820210000000,0.015935000000,0.757050000000),
double3(0.864995000000,0.007490000000,0.818790000000),
double3(0.947775000000,0.241125000000,0.521350000000),
double3(0.976150000000,0.228865000000,0.943470000000),
double3(0.930940000000,0.170065000000,0.997805000000),
double3(0.871835000000,0.166985000000,0.952200000000),
double3(0.859195000000,0.119415000000,0.523120000000),
double3(0.886500000000,0.109410000000,0.943525000000),
double3(0.834705000000,0.075795000000,0.599530000000),
double3(0.860420000000,0.053795000000,0.527910000000),
double3(0.875835000000,0.006630000000,0.978935000000),
double3(0.901380000000,0.499815000000,0.891850000000),
double3(0.998335000000,0.219405000000,0.776315000000),
double3(0.855870000000,0.030585000000,0.643655000000),
double3(0.819320000000,0.068380000000,0.899710000000),
double3(0.871285000000,0.045660000000,0.897325000000),
double3(0.776480000000,0.494120000000,0.877585000000),
double3(0.833335000000,0.166665000000,0.876705000000),
double3(0.795010000000,0.250565000000,0.797500000000),
double3(0.873735000000,0.257485000000,0.800455000000),
double3(0.942170000000,0.266905000000,0.745820000000),
double3(0.994305000000,0.360040000000,0.875440000000),
double3(0.784590000000,0.248810000000,0.997345000000),
double3(0.858485000000,0.245800000000,0.979055000000),
double3(0.924600000000,0.261305000000,0.542845000000),
double3(0.917065000000,0.282295000000,0.898000000000),
double3(0.967485000000,0.242970000000,0.894015000000),
double3(0.823470000000,0.043735000000,0.640460000000),
double3(0.509175000000,0.349740000000,0.770760000000),
double3(0.770410000000,0.208015000000,0.774020000000),
double3(0.789400000000,0.247000000000,0.853850000000),
double3(0.840585000000,0.267810000000,0.786065000000),
double3(0.855230000000,0.210905000000,0.801165000000),
double3(0.908400000000,0.275745000000,0.762170000000),
double3(0.891155000000,0.275470000000,0.851485000000),
double3(0.938495000000,0.258460000000,0.690020000000),
double3(0.984065000000,0.304275000000,0.757050000000),
double3(0.992510000000,0.357505000000,0.818790000000),
double3(0.758875000000,0.206650000000,0.521350000000),
double3(0.771135000000,0.247285000000,0.943470000000),
double3(0.829935000000,0.260875000000,0.997805000000),
double3(0.833015000000,0.204850000000,0.952200000000),
double3(0.880585000000,0.239780000000,0.523120000000),
double3(0.890590000000,0.277090000000,0.943525000000),
double3(0.924205000000,0.258910000000,0.599530000000),
double3(0.946205000000,0.306625000000,0.527910000000),
double3(0.993370000000,0.369205000000,0.978935000000),
double3(0.500185000000,0.401565000000,0.891850000000),
double3(0.780595000000,0.278930000000,0.776315000000),
double3(0.969415000000,0.325285000000,0.643655000000),
double3(0.931620000000,0.250940000000,0.899710000000),
double3(0.954340000000,0.325625000000,0.897325000000),
double3(0.505880000000,0.282360000000,0.877585000000),
double3(0.749435000000,0.044445000000,0.797500000000),
double3(0.742515000000,0.116250000000,0.800455000000),
double3(0.733095000000,0.175265000000,0.745820000000),
double3(0.639960000000,0.134265000000,0.875440000000),
double3(0.751190000000,0.035780000000,0.997345000000),
double3(0.754200000000,0.112685000000,0.979055000000),
double3(0.738695000000,0.163295000000,0.542845000000),
double3(0.717705000000,0.134770000000,0.898000000000),
double3(0.757030000000,0.224515000000,0.894015000000),
double3(0.956265000000,0.279735000000,0.640460000000),
double3(0.650260000000,0.159435000000,0.770760000000),
double3(0.791985000000,0.062395000000,0.774020000000),
double3(0.753000000000,0.042400000000,0.853850000000),
double3(0.732190000000,0.072775000000,0.786065000000),
double3(0.789095000000,0.144325000000,0.801165000000),
double3(0.724255000000,0.132655000000,0.762170000000),
double3(0.724530000000,0.115685000000,0.851485000000),
double3(0.741540000000,0.180035000000,0.690020000000),
double3(0.695725000000,0.179790000000,0.757050000000),
double3(0.642495000000,0.135005000000,0.818790000000),
double3(0.793350000000,0.052225000000,0.521350000000),
double3(0.752715000000,0.023850000000,0.943470000000),
double3(0.739125000000,0.069060000000,0.997805000000),
double3(0.795150000000,0.128165000000,0.952200000000),
double3(0.760220000000,0.140805000000,0.523120000000),
double3(0.722910000000,0.113500000000,0.943525000000),
double3(0.741090000000,0.165295000000,0.599530000000),
double3(0.693375000000,0.139580000000,0.527910000000),
double3(0.630795000000,0.124165000000,0.978935000000),
double3(0.598435000000,0.098620000000,0.891850000000),
double3(0.721070000000,0.001665000000,0.776315000000),
double3(0.674715000000,0.144130000000,0.643655000000),
double3(0.749060000000,0.180680000000,0.899710000000),
double3(0.674375000000,0.128715000000,0.897325000000),
double3(0.717640000000,0.223520000000,0.877585000000),
double3(0.704990000000,0.455555000000,0.547500000000),
double3(0.626265000000,0.383750000000,0.550455000000),
double3(0.557830000000,0.324735000000,0.995820000000),
double3(0.505695000000,0.365735000000,0.625440000000),
double3(0.715410000000,0.464220000000,0.747345000000),
double3(0.641515000000,0.387315000000,0.729055000000),
double3(0.575400000000,0.336705000000,0.792845000000),
double3(0.582935000000,0.365230000000,0.648000000000),
double3(0.532515000000,0.275485000000,0.644015000000),
double3(0.676530000000,0.220265000000,0.890460000000),
double3(0.990825000000,0.340565000000,0.520760000000),
double3(0.666665000000,0.333335000000,0.570040000000),
double3(0.666665000000,0.333335000000,0.683375000000),
double3(0.729590000000,0.437605000000,0.524020000000),
double3(0.710600000000,0.457600000000,0.603850000000),
double3(0.659415000000,0.427225000000,0.536065000000),
double3(0.644770000000,0.355675000000,0.551165000000),
double3(0.591600000000,0.367345000000,0.512170000000),
double3(0.608845000000,0.384315000000,0.601485000000),
double3(0.561505000000,0.319965000000,0.940020000000),
double3(0.515935000000,0.320210000000,0.507050000000),
double3(0.507490000000,0.364995000000,0.568790000000),
double3(0.741125000000,0.447775000000,0.771350000000),
double3(0.728865000000,0.476150000000,0.693470000000),
double3(0.670065000000,0.430940000000,0.747805000000),
double3(0.666985000000,0.371835000000,0.702200000000),
double3(0.619415000000,0.359195000000,0.773120000000),
double3(0.609410000000,0.386500000000,0.693525000000),
double3(0.575795000000,0.334705000000,0.849530000000),
double3(0.553795000000,0.360420000000,0.777910000000),
double3(0.506630000000,0.375835000000,0.728935000000),
double3(0.999815000000,0.401380000000,0.641850000000),
double3(0.719405000000,0.498335000000,0.526315000000),
double3(0.530585000000,0.355870000000,0.893655000000),
double3(0.568380000000,0.319320000000,0.649710000000),
double3(0.545660000000,0.371285000000,0.647325000000),
double3(0.994120000000,0.276480000000,0.627585000000),
double3(0.666665000000,0.333335000000,0.626705000000),
double3(0.544445000000,0.249435000000,0.547500000000),
double3(0.616250000000,0.242515000000,0.550455000000),
double3(0.675265000000,0.233095000000,0.995820000000),
double3(0.634265000000,0.139960000000,0.625440000000),
double3(0.535780000000,0.251190000000,0.747345000000),
double3(0.612685000000,0.254200000000,0.729055000000),
double3(0.663295000000,0.238695000000,0.792845000000),
double3(0.634770000000,0.217705000000,0.648000000000),
double3(0.724515000000,0.257030000000,0.644015000000),
double3(0.779735000000,0.456265000000,0.890460000000),
double3(0.659435000000,0.150260000000,0.520760000000),
double3(0.562395000000,0.291985000000,0.524020000000),
double3(0.542400000000,0.253000000000,0.603850000000),
double3(0.572775000000,0.232190000000,0.536065000000),
double3(0.644325000000,0.289095000000,0.551165000000),
double3(0.632655000000,0.224255000000,0.512170000000),
double3(0.615685000000,0.224530000000,0.601485000000),
double3(0.680035000000,0.241540000000,0.940020000000),
double3(0.679790000000,0.195725000000,0.507050000000),
double3(0.635005000000,0.142495000000,0.568790000000),
double3(0.552225000000,0.293350000000,0.771350000000),
double3(0.523850000000,0.252715000000,0.693470000000),
double3(0.569060000000,0.239125000000,0.747805000000),
double3(0.628165000000,0.295150000000,0.702200000000),
double3(0.640805000000,0.260220000000,0.773120000000),
double3(0.613500000000,0.222910000000,0.693525000000),
double3(0.665295000000,0.241090000000,0.849530000000),
double3(0.639580000000,0.193375000000,0.777910000000),
double3(0.624165000000,0.130795000000,0.728935000000),
double3(0.598620000000,0.098435000000,0.641850000000),
double3(0.501665000000,0.221070000000,0.526315000000),
double3(0.644130000000,0.174715000000,0.893655000000),
double3(0.680680000000,0.249060000000,0.649710000000),
double3(0.628715000000,0.174375000000,0.647325000000),
double3(0.723520000000,0.217640000000,0.627585000000),
double3(0.750565000000,0.295010000000,0.547500000000),
double3(0.757485000000,0.373735000000,0.550455000000),
double3(0.766905000000,0.442170000000,0.995820000000),
double3(0.860040000000,0.494305000000,0.625440000000),
double3(0.748810000000,0.284590000000,0.747345000000),
double3(0.745800000000,0.358485000000,0.729055000000),
double3(0.761305000000,0.424600000000,0.792845000000),
double3(0.782295000000,0.417065000000,0.648000000000),
double3(0.742970000000,0.467485000000,0.644015000000),
double3(0.543735000000,0.323470000000,0.890460000000),
double3(0.849740000000,0.009175000000,0.520760000000),
double3(0.708015000000,0.270410000000,0.524020000000),
double3(0.747000000000,0.289400000000,0.603850000000),
double3(0.767810000000,0.340585000000,0.536065000000),
double3(0.710905000000,0.355230000000,0.551165000000),
double3(0.775745000000,0.408400000000,0.512170000000),
double3(0.775470000000,0.391155000000,0.601485000000),
double3(0.758460000000,0.438495000000,0.940020000000),
double3(0.804275000000,0.484065000000,0.507050000000),
double3(0.857505000000,0.492510000000,0.568790000000),
double3(0.706650000000,0.258875000000,0.771350000000),
double3(0.747285000000,0.271135000000,0.693470000000),
double3(0.760875000000,0.329935000000,0.747805000000),
double3(0.704850000000,0.333015000000,0.702200000000),
double3(0.739780000000,0.380585000000,0.773120000000),
double3(0.777090000000,0.390590000000,0.693525000000),
double3(0.758910000000,0.424205000000,0.849530000000),
double3(0.806625000000,0.446205000000,0.777910000000),
double3(0.869205000000,0.493370000000,0.728935000000),
double3(0.901565000000,0.000185000000,0.641850000000),
double3(0.778930000000,0.280595000000,0.526315000000),
double3(0.825285000000,0.469415000000,0.893655000000),
double3(0.750940000000,0.431620000000,0.649710000000),
double3(0.825625000000,0.454340000000,0.647325000000),
double3(0.782360000000,0.005880000000,0.627585000000),
double3(0.955555000000,0.704990000000,0.297500000000),
double3(0.883750000000,0.626265000000,0.300455000000),
double3(0.824735000000,0.557830000000,0.245820000000),
double3(0.865735000000,0.505695000000,0.375440000000),
double3(0.964220000000,0.715410000000,0.497345000000),
double3(0.887315000000,0.641515000000,0.479055000000),
double3(0.836705000000,0.575400000000,0.042845000000),
double3(0.865230000000,0.582935000000,0.398000000000),
double3(0.775485000000,0.532515000000,0.394015000000),
double3(0.720265000000,0.676530000000,0.140460000000),
double3(0.840565000000,0.990825000000,0.270760000000),
double3(0.833335000000,0.666665000000,0.320040000000),
double3(0.833335000000,0.666665000000,0.433375000000),
double3(0.937605000000,0.729590000000,0.274020000000),
double3(0.957600000000,0.710600000000,0.353850000000),
double3(0.927225000000,0.659415000000,0.286065000000),
double3(0.855675000000,0.644770000000,0.301165000000),
double3(0.867345000000,0.591600000000,0.262170000000),
double3(0.884315000000,0.608845000000,0.351485000000),
double3(0.819965000000,0.561505000000,0.190020000000),
double3(0.820210000000,0.515935000000,0.257050000000),
double3(0.864995000000,0.507490000000,0.318790000000),
double3(0.947775000000,0.741125000000,0.021350000000),
double3(0.976150000000,0.728865000000,0.443470000000),
double3(0.930940000000,0.670065000000,0.497805000000),
double3(0.871835000000,0.666985000000,0.452200000000),
double3(0.859195000000,0.619415000000,0.023120000000),
double3(0.886500000000,0.609410000000,0.443525000000),
double3(0.834705000000,0.575795000000,0.099530000000),
double3(0.860420000000,0.553795000000,0.027910000000),
double3(0.875835000000,0.506630000000,0.478935000000),
double3(0.901380000000,0.999815000000,0.391850000000),
double3(0.998335000000,0.719405000000,0.276315000000),
double3(0.855870000000,0.530585000000,0.143655000000),
double3(0.819320000000,0.568380000000,0.399710000000),
double3(0.871285000000,0.545660000000,0.397325000000),
double3(0.776480000000,0.994120000000,0.377585000000),
double3(0.833335000000,0.666665000000,0.376705000000),
double3(0.795010000000,0.750565000000,0.297500000000),
double3(0.873735000000,0.757485000000,0.300455000000),
double3(0.942170000000,0.766905000000,0.245820000000),
double3(0.994305000000,0.860040000000,0.375440000000),
double3(0.784590000000,0.748810000000,0.497345000000),
double3(0.858485000000,0.745800000000,0.479055000000),
double3(0.924600000000,0.761305000000,0.042845000000),
double3(0.917065000000,0.782295000000,0.398000000000),
double3(0.967485000000,0.742970000000,0.394015000000),
double3(0.823470000000,0.543735000000,0.140460000000),
double3(0.509175000000,0.849740000000,0.270760000000),
double3(0.770410000000,0.708015000000,0.274020000000),
double3(0.789400000000,0.747000000000,0.353850000000),
double3(0.840585000000,0.767810000000,0.286065000000),
double3(0.855230000000,0.710905000000,0.301165000000),
double3(0.908400000000,0.775745000000,0.262170000000),
double3(0.891155000000,0.775470000000,0.351485000000),
double3(0.938495000000,0.758460000000,0.190020000000),
double3(0.984065000000,0.804275000000,0.257050000000),
double3(0.992510000000,0.857505000000,0.318790000000),
double3(0.758875000000,0.706650000000,0.021350000000),
double3(0.771135000000,0.747285000000,0.443470000000),
double3(0.829935000000,0.760875000000,0.497805000000),
double3(0.833015000000,0.704850000000,0.452200000000),
double3(0.880585000000,0.739780000000,0.023120000000),
double3(0.890590000000,0.777090000000,0.443525000000),
double3(0.924205000000,0.758910000000,0.099530000000),
double3(0.946205000000,0.806625000000,0.027910000000),
double3(0.993370000000,0.869205000000,0.478935000000),
double3(0.500185000000,0.901565000000,0.391850000000),
double3(0.780595000000,0.778930000000,0.276315000000),
double3(0.969415000000,0.825285000000,0.143655000000),
double3(0.931620000000,0.750940000000,0.399710000000),
double3(0.954340000000,0.825625000000,0.397325000000),
double3(0.505880000000,0.782360000000,0.377585000000),
double3(0.749435000000,0.544445000000,0.297500000000),
double3(0.742515000000,0.616250000000,0.300455000000),
double3(0.733095000000,0.675265000000,0.245820000000),
double3(0.639960000000,0.634265000000,0.375440000000),
double3(0.751190000000,0.535780000000,0.497345000000),
double3(0.754200000000,0.612685000000,0.479055000000),
double3(0.738695000000,0.663295000000,0.042845000000),
double3(0.717705000000,0.634770000000,0.398000000000),
double3(0.757030000000,0.724515000000,0.394015000000),
double3(0.956265000000,0.779735000000,0.140460000000),
double3(0.650260000000,0.659435000000,0.270760000000),
double3(0.791985000000,0.562395000000,0.274020000000),
double3(0.753000000000,0.542400000000,0.353850000000),
double3(0.732190000000,0.572775000000,0.286065000000),
double3(0.789095000000,0.644325000000,0.301165000000),
double3(0.724255000000,0.632655000000,0.262170000000),
double3(0.724530000000,0.615685000000,0.351485000000),
double3(0.741540000000,0.680035000000,0.190020000000),
double3(0.695725000000,0.679790000000,0.257050000000),
double3(0.642495000000,0.635005000000,0.318790000000),
double3(0.793350000000,0.552225000000,0.021350000000),
double3(0.752715000000,0.523850000000,0.443470000000),
double3(0.739125000000,0.569060000000,0.497805000000),
double3(0.795150000000,0.628165000000,0.452200000000),
double3(0.760220000000,0.640805000000,0.023120000000),
double3(0.722910000000,0.613500000000,0.443525000000),
double3(0.741090000000,0.665295000000,0.099530000000),
double3(0.693375000000,0.639580000000,0.027910000000),
double3(0.630795000000,0.624165000000,0.478935000000),
double3(0.598435000000,0.598620000000,0.391850000000),
double3(0.721070000000,0.501665000000,0.276315000000),
double3(0.674715000000,0.644130000000,0.143655000000),
double3(0.749060000000,0.680680000000,0.399710000000),
double3(0.674375000000,0.628715000000,0.397325000000),
double3(0.717640000000,0.723520000000,0.377585000000),
double3(0.704990000000,0.955555000000,0.047500000000),
double3(0.626265000000,0.883750000000,0.050455000000),
double3(0.557830000000,0.824735000000,0.495820000000),
double3(0.505695000000,0.865735000000,0.125440000000),
double3(0.715410000000,0.964220000000,0.247345000000),
double3(0.641515000000,0.887315000000,0.229055000000),
double3(0.575400000000,0.836705000000,0.292845000000),
double3(0.582935000000,0.865230000000,0.148000000000),
double3(0.532515000000,0.775485000000,0.144015000000),
double3(0.676530000000,0.720265000000,0.390460000000),
double3(0.990825000000,0.840565000000,0.020760000000),
double3(0.666665000000,0.833335000000,0.070040000000),
double3(0.666665000000,0.833335000000,0.183375000000),
double3(0.729590000000,0.937605000000,0.024020000000),
double3(0.710600000000,0.957600000000,0.103850000000),
double3(0.659415000000,0.927225000000,0.036065000000),
double3(0.644770000000,0.855675000000,0.051165000000),
double3(0.591600000000,0.867345000000,0.012170000000),
double3(0.608845000000,0.884315000000,0.101485000000),
double3(0.561505000000,0.819965000000,0.440020000000),
double3(0.515935000000,0.820210000000,0.007050000000),
double3(0.507490000000,0.864995000000,0.068790000000),
double3(0.741125000000,0.947775000000,0.271350000000),
double3(0.728865000000,0.976150000000,0.193470000000),
double3(0.670065000000,0.930940000000,0.247805000000),
double3(0.666985000000,0.871835000000,0.202200000000),
double3(0.619415000000,0.859195000000,0.273120000000),
double3(0.609410000000,0.886500000000,0.193525000000),
double3(0.575795000000,0.834705000000,0.349530000000),
double3(0.553795000000,0.860420000000,0.277910000000),
double3(0.506630000000,0.875835000000,0.228935000000),
double3(0.999815000000,0.901380000000,0.141850000000),
double3(0.719405000000,0.998335000000,0.026315000000),
double3(0.530585000000,0.855870000000,0.393655000000),
double3(0.568380000000,0.819320000000,0.149710000000),
double3(0.545660000000,0.871285000000,0.147325000000),
double3(0.994120000000,0.776480000000,0.127585000000),
double3(0.666665000000,0.833335000000,0.126705000000),
double3(0.544445000000,0.749435000000,0.047500000000),
double3(0.616250000000,0.742515000000,0.050455000000),
double3(0.675265000000,0.733095000000,0.495820000000),
double3(0.634265000000,0.639960000000,0.125440000000),
double3(0.535780000000,0.751190000000,0.247345000000),
double3(0.612685000000,0.754200000000,0.229055000000),
double3(0.663295000000,0.738695000000,0.292845000000),
double3(0.634770000000,0.717705000000,0.148000000000),
double3(0.724515000000,0.757030000000,0.144015000000),
double3(0.779735000000,0.956265000000,0.390460000000),
double3(0.659435000000,0.650260000000,0.020760000000),
double3(0.562395000000,0.791985000000,0.024020000000),
double3(0.542400000000,0.753000000000,0.103850000000),
double3(0.572775000000,0.732190000000,0.036065000000),
double3(0.644325000000,0.789095000000,0.051165000000),
double3(0.632655000000,0.724255000000,0.012170000000),
double3(0.615685000000,0.724530000000,0.101485000000),
double3(0.680035000000,0.741540000000,0.440020000000),
double3(0.679790000000,0.695725000000,0.007050000000),
double3(0.635005000000,0.642495000000,0.068790000000),
double3(0.552225000000,0.793350000000,0.271350000000),
double3(0.523850000000,0.752715000000,0.193470000000),
double3(0.569060000000,0.739125000000,0.247805000000),
double3(0.628165000000,0.795150000000,0.202200000000),
double3(0.640805000000,0.760220000000,0.273120000000),
double3(0.613500000000,0.722910000000,0.193525000000),
double3(0.665295000000,0.741090000000,0.349530000000),
double3(0.639580000000,0.693375000000,0.277910000000),
double3(0.624165000000,0.630795000000,0.228935000000),
double3(0.598620000000,0.598435000000,0.141850000000),
double3(0.501665000000,0.721070000000,0.026315000000),
double3(0.644130000000,0.674715000000,0.393655000000),
double3(0.680680000000,0.749060000000,0.149710000000),
double3(0.628715000000,0.674375000000,0.147325000000),
double3(0.723520000000,0.717640000000,0.127585000000),
double3(0.750565000000,0.795010000000,0.047500000000),
double3(0.757485000000,0.873735000000,0.050455000000),
double3(0.766905000000,0.942170000000,0.495820000000),
double3(0.860040000000,0.994305000000,0.125440000000),
double3(0.748810000000,0.784590000000,0.247345000000),
double3(0.745800000000,0.858485000000,0.229055000000),
double3(0.761305000000,0.924600000000,0.292845000000),
double3(0.782295000000,0.917065000000,0.148000000000),
double3(0.742970000000,0.967485000000,0.144015000000),
double3(0.543735000000,0.823470000000,0.390460000000),
double3(0.849740000000,0.509175000000,0.020760000000),
double3(0.708015000000,0.770410000000,0.024020000000),
double3(0.747000000000,0.789400000000,0.103850000000),
double3(0.767810000000,0.840585000000,0.036065000000),
double3(0.710905000000,0.855230000000,0.051165000000),
double3(0.775745000000,0.908400000000,0.012170000000),
double3(0.775470000000,0.891155000000,0.101485000000),
double3(0.758460000000,0.938495000000,0.440020000000),
double3(0.804275000000,0.984065000000,0.007050000000),
double3(0.857505000000,0.992510000000,0.068790000000),
double3(0.706650000000,0.758875000000,0.271350000000),
double3(0.747285000000,0.771135000000,0.193470000000),
double3(0.760875000000,0.829935000000,0.247805000000),
double3(0.704850000000,0.833015000000,0.202200000000),
double3(0.739780000000,0.880585000000,0.273120000000),
double3(0.777090000000,0.890590000000,0.193525000000),
double3(0.758910000000,0.924205000000,0.349530000000),
double3(0.806625000000,0.946205000000,0.277910000000),
double3(0.869205000000,0.993370000000,0.228935000000),
double3(0.901565000000,0.500185000000,0.141850000000),
double3(0.778930000000,0.780595000000,0.026315000000),
double3(0.825285000000,0.969415000000,0.393655000000),
double3(0.750940000000,0.931620000000,0.149710000000),
double3(0.825625000000,0.954340000000,0.147325000000),
double3(0.782360000000,0.505880000000,0.127585000000),
double3(0.955555000000,0.704990000000,0.797500000000),
double3(0.883750000000,0.626265000000,0.800455000000),
double3(0.824735000000,0.557830000000,0.745820000000),
double3(0.865735000000,0.505695000000,0.875440000000),
double3(0.964220000000,0.715410000000,0.997345000000),
double3(0.887315000000,0.641515000000,0.979055000000),
double3(0.836705000000,0.575400000000,0.542845000000),
double3(0.865230000000,0.582935000000,0.898000000000),
double3(0.775485000000,0.532515000000,0.894015000000),
double3(0.720265000000,0.676530000000,0.640460000000),
double3(0.840565000000,0.990825000000,0.770760000000),
double3(0.833335000000,0.666665000000,0.820040000000),
double3(0.833335000000,0.666665000000,0.933375000000),
double3(0.937605000000,0.729590000000,0.774020000000),
double3(0.957600000000,0.710600000000,0.853850000000),
double3(0.927225000000,0.659415000000,0.786065000000),
double3(0.855675000000,0.644770000000,0.801165000000),
double3(0.867345000000,0.591600000000,0.762170000000),
double3(0.884315000000,0.608845000000,0.851485000000),
double3(0.819965000000,0.561505000000,0.690020000000),
double3(0.820210000000,0.515935000000,0.757050000000),
double3(0.864995000000,0.507490000000,0.818790000000),
double3(0.947775000000,0.741125000000,0.521350000000),
double3(0.976150000000,0.728865000000,0.943470000000),
double3(0.930940000000,0.670065000000,0.997805000000),
double3(0.871835000000,0.666985000000,0.952200000000),
double3(0.859195000000,0.619415000000,0.523120000000),
double3(0.886500000000,0.609410000000,0.943525000000),
double3(0.834705000000,0.575795000000,0.599530000000),
double3(0.860420000000,0.553795000000,0.527910000000),
double3(0.875835000000,0.506630000000,0.978935000000),
double3(0.901380000000,0.999815000000,0.891850000000),
double3(0.998335000000,0.719405000000,0.776315000000),
double3(0.855870000000,0.530585000000,0.643655000000),
double3(0.819320000000,0.568380000000,0.899710000000),
double3(0.871285000000,0.545660000000,0.897325000000),
double3(0.776480000000,0.994120000000,0.877585000000),
double3(0.833335000000,0.666665000000,0.876705000000),
double3(0.795010000000,0.750565000000,0.797500000000),
double3(0.873735000000,0.757485000000,0.800455000000),
double3(0.942170000000,0.766905000000,0.745820000000),
double3(0.994305000000,0.860040000000,0.875440000000),
double3(0.784590000000,0.748810000000,0.997345000000),
double3(0.858485000000,0.745800000000,0.979055000000),
double3(0.924600000000,0.761305000000,0.542845000000),
double3(0.917065000000,0.782295000000,0.898000000000),
double3(0.967485000000,0.742970000000,0.894015000000),
double3(0.823470000000,0.543735000000,0.640460000000),
double3(0.509175000000,0.849740000000,0.770760000000),
double3(0.770410000000,0.708015000000,0.774020000000),
double3(0.789400000000,0.747000000000,0.853850000000),
double3(0.840585000000,0.767810000000,0.786065000000),
double3(0.855230000000,0.710905000000,0.801165000000),
double3(0.908400000000,0.775745000000,0.762170000000),
double3(0.891155000000,0.775470000000,0.851485000000),
double3(0.938495000000,0.758460000000,0.690020000000),
double3(0.984065000000,0.804275000000,0.757050000000),
double3(0.992510000000,0.857505000000,0.818790000000),
double3(0.758875000000,0.706650000000,0.521350000000),
double3(0.771135000000,0.747285000000,0.943470000000),
double3(0.829935000000,0.760875000000,0.997805000000),
double3(0.833015000000,0.704850000000,0.952200000000),
double3(0.880585000000,0.739780000000,0.523120000000),
double3(0.890590000000,0.777090000000,0.943525000000),
double3(0.924205000000,0.758910000000,0.599530000000),
double3(0.946205000000,0.806625000000,0.527910000000),
double3(0.993370000000,0.869205000000,0.978935000000),
double3(0.500185000000,0.901565000000,0.891850000000),
double3(0.780595000000,0.778930000000,0.776315000000),
double3(0.969415000000,0.825285000000,0.643655000000),
double3(0.931620000000,0.750940000000,0.899710000000),
double3(0.954340000000,0.825625000000,0.897325000000),
double3(0.505880000000,0.782360000000,0.877585000000),
double3(0.749435000000,0.544445000000,0.797500000000),
double3(0.742515000000,0.616250000000,0.800455000000),
double3(0.733095000000,0.675265000000,0.745820000000),
double3(0.639960000000,0.634265000000,0.875440000000),
double3(0.751190000000,0.535780000000,0.997345000000),
double3(0.754200000000,0.612685000000,0.979055000000),
double3(0.738695000000,0.663295000000,0.542845000000),
double3(0.717705000000,0.634770000000,0.898000000000),
double3(0.757030000000,0.724515000000,0.894015000000),
double3(0.956265000000,0.779735000000,0.640460000000),
double3(0.650260000000,0.659435000000,0.770760000000),
double3(0.791985000000,0.562395000000,0.774020000000),
double3(0.753000000000,0.542400000000,0.853850000000),
double3(0.732190000000,0.572775000000,0.786065000000),
double3(0.789095000000,0.644325000000,0.801165000000),
double3(0.724255000000,0.632655000000,0.762170000000),
double3(0.724530000000,0.615685000000,0.851485000000),
double3(0.741540000000,0.680035000000,0.690020000000),
double3(0.695725000000,0.679790000000,0.757050000000),
double3(0.642495000000,0.635005000000,0.818790000000),
double3(0.793350000000,0.552225000000,0.521350000000),
double3(0.752715000000,0.523850000000,0.943470000000),
double3(0.739125000000,0.569060000000,0.997805000000),
double3(0.795150000000,0.628165000000,0.952200000000),
double3(0.760220000000,0.640805000000,0.523120000000),
double3(0.722910000000,0.613500000000,0.943525000000),
double3(0.741090000000,0.665295000000,0.599530000000),
double3(0.693375000000,0.639580000000,0.527910000000),
double3(0.630795000000,0.624165000000,0.978935000000),
double3(0.598435000000,0.598620000000,0.891850000000),
double3(0.721070000000,0.501665000000,0.776315000000),
double3(0.674715000000,0.644130000000,0.643655000000),
double3(0.749060000000,0.680680000000,0.899710000000),
double3(0.674375000000,0.628715000000,0.897325000000),
double3(0.717640000000,0.723520000000,0.877585000000),
double3(0.704990000000,0.955555000000,0.547500000000),
double3(0.626265000000,0.883750000000,0.550455000000),
double3(0.557830000000,0.824735000000,0.995820000000),
double3(0.505695000000,0.865735000000,0.625440000000),
double3(0.715410000000,0.964220000000,0.747345000000),
double3(0.641515000000,0.887315000000,0.729055000000),
double3(0.575400000000,0.836705000000,0.792845000000),
double3(0.582935000000,0.865230000000,0.648000000000),
double3(0.532515000000,0.775485000000,0.644015000000),
double3(0.676530000000,0.720265000000,0.890460000000),
double3(0.990825000000,0.840565000000,0.520760000000),
double3(0.666665000000,0.833335000000,0.570040000000),
double3(0.666665000000,0.833335000000,0.683375000000),
double3(0.729590000000,0.937605000000,0.524020000000),
double3(0.710600000000,0.957600000000,0.603850000000),
double3(0.659415000000,0.927225000000,0.536065000000),
double3(0.644770000000,0.855675000000,0.551165000000),
double3(0.591600000000,0.867345000000,0.512170000000),
double3(0.608845000000,0.884315000000,0.601485000000),
double3(0.561505000000,0.819965000000,0.940020000000),
double3(0.515935000000,0.820210000000,0.507050000000),
double3(0.507490000000,0.864995000000,0.568790000000),
double3(0.741125000000,0.947775000000,0.771350000000),
double3(0.728865000000,0.976150000000,0.693470000000),
double3(0.670065000000,0.930940000000,0.747805000000),
double3(0.666985000000,0.871835000000,0.702200000000),
double3(0.619415000000,0.859195000000,0.773120000000),
double3(0.609410000000,0.886500000000,0.693525000000),
double3(0.575795000000,0.834705000000,0.849530000000),
double3(0.553795000000,0.860420000000,0.777910000000),
double3(0.506630000000,0.875835000000,0.728935000000),
double3(0.999815000000,0.901380000000,0.641850000000),
double3(0.719405000000,0.998335000000,0.526315000000),
double3(0.530585000000,0.855870000000,0.893655000000),
double3(0.568380000000,0.819320000000,0.649710000000),
double3(0.545660000000,0.871285000000,0.647325000000),
double3(0.994120000000,0.776480000000,0.627585000000),
double3(0.666665000000,0.833335000000,0.626705000000),
double3(0.544445000000,0.749435000000,0.547500000000),
double3(0.616250000000,0.742515000000,0.550455000000),
double3(0.675265000000,0.733095000000,0.995820000000),
double3(0.634265000000,0.639960000000,0.625440000000),
double3(0.535780000000,0.751190000000,0.747345000000),
double3(0.612685000000,0.754200000000,0.729055000000),
double3(0.663295000000,0.738695000000,0.792845000000),
double3(0.634770000000,0.717705000000,0.648000000000),
double3(0.724515000000,0.757030000000,0.644015000000),
double3(0.779735000000,0.956265000000,0.890460000000),
double3(0.659435000000,0.650260000000,0.520760000000),
double3(0.562395000000,0.791985000000,0.524020000000),
double3(0.542400000000,0.753000000000,0.603850000000),
double3(0.572775000000,0.732190000000,0.536065000000),
double3(0.644325000000,0.789095000000,0.551165000000),
double3(0.632655000000,0.724255000000,0.512170000000),
double3(0.615685000000,0.724530000000,0.601485000000),
double3(0.680035000000,0.741540000000,0.940020000000),
double3(0.679790000000,0.695725000000,0.507050000000),
double3(0.635005000000,0.642495000000,0.568790000000),
double3(0.552225000000,0.793350000000,0.771350000000),
double3(0.523850000000,0.752715000000,0.693470000000),
double3(0.569060000000,0.739125000000,0.747805000000),
double3(0.628165000000,0.795150000000,0.702200000000),
double3(0.640805000000,0.760220000000,0.773120000000),
double3(0.613500000000,0.722910000000,0.693525000000),
double3(0.665295000000,0.741090000000,0.849530000000),
double3(0.639580000000,0.693375000000,0.777910000000),
double3(0.624165000000,0.630795000000,0.728935000000),
double3(0.598620000000,0.598435000000,0.641850000000),
double3(0.501665000000,0.721070000000,0.526315000000),
double3(0.644130000000,0.674715000000,0.893655000000),
double3(0.680680000000,0.749060000000,0.649710000000),
double3(0.628715000000,0.674375000000,0.647325000000),
double3(0.723520000000,0.717640000000,0.627585000000),
double3(0.750565000000,0.795010000000,0.547500000000),
double3(0.757485000000,0.873735000000,0.550455000000),
double3(0.766905000000,0.942170000000,0.995820000000),
double3(0.860040000000,0.994305000000,0.625440000000),
double3(0.748810000000,0.784590000000,0.747345000000),
double3(0.745800000000,0.858485000000,0.729055000000),
double3(0.761305000000,0.924600000000,0.792845000000),
double3(0.782295000000,0.917065000000,0.648000000000),
double3(0.742970000000,0.967485000000,0.644015000000),
double3(0.543735000000,0.823470000000,0.890460000000),
double3(0.849740000000,0.509175000000,0.520760000000),
double3(0.708015000000,0.770410000000,0.524020000000),
double3(0.747000000000,0.789400000000,0.603850000000),
double3(0.767810000000,0.840585000000,0.536065000000),
double3(0.710905000000,0.855230000000,0.551165000000),
double3(0.775745000000,0.908400000000,0.512170000000),
double3(0.775470000000,0.891155000000,0.601485000000),
double3(0.758460000000,0.938495000000,0.940020000000),
double3(0.804275000000,0.984065000000,0.507050000000),
double3(0.857505000000,0.992510000000,0.568790000000),
double3(0.706650000000,0.758875000000,0.771350000000),
double3(0.747285000000,0.771135000000,0.693470000000),
double3(0.760875000000,0.829935000000,0.747805000000),
double3(0.704850000000,0.833015000000,0.702200000000),
double3(0.739780000000,0.880585000000,0.773120000000),
double3(0.777090000000,0.890590000000,0.693525000000),
double3(0.758910000000,0.924205000000,0.849530000000),
double3(0.806625000000,0.946205000000,0.777910000000),
double3(0.869205000000,0.993370000000,0.728935000000),
double3(0.901565000000,0.500185000000,0.641850000000),
double3(0.778930000000,0.780595000000,0.526315000000),
double3(0.825285000000,0.969415000000,0.893655000000),
double3(0.750940000000,0.931620000000,0.649710000000),
double3(0.825625000000,0.954340000000,0.647325000000),
double3(0.782360000000,0.505880000000,0.627585000000),
