[double3(8.965000000000,0.000000000000,0.000000000000),double3(0.000000000000,8.965000000000,0.000000000000),double3(0.000000000000,0.000000000000,8.965000000000)]

double3(0.048900000000,0.166666666667,0.284433333333),
double3(0.083333333333,0.166666666667,0.000000000000),
double3(0.166666666667,0.048900000000,0.284433333333),
double3(0.166666666667,0.083333333333,0.000000000000),
double3(0.284433333333,0.166666666667,0.284433333333),
double3(0.250000000000,0.166666666667,0.000000000000),
double3(0.166666666667,0.284433333333,0.284433333333),
double3(0.166666666667,0.250000000000,0.000000000000),
double3(0.048900000000,0.166666666667,0.048900000000),
double3(0.166666666667,0.048900000000,0.048900000000),
double3(0.284433333333,0.166666666667,0.048900000000),
double3(0.166666666667,0.284433333333,0.048900000000),
double3(0.284433333333,0.048900000000,0.166666666667),
double3(0.000000000000,0.083333333333,0.166666666667),
double3(0.284433333333,0.284433333333,0.166666666667),
double3(0.250000000000,0.000000000000,0.166666666667),
double3(0.048900000000,0.284433333333,0.166666666667),
double3(0.000000000000,0.250000000000,0.166666666667),
double3(0.048900000000,0.048900000000,0.166666666667),
double3(0.083333333333,0.000000000000,0.166666666667),
double3(0.166666666667,0.000000000000,0.083333333333),
double3(0.166666666667,0.000000000000,0.250000000000),
double3(0.000000000000,0.166666666667,0.250000000000),
double3(0.000000000000,0.166666666667,0.083333333333),
double3(0.215566666667,0.000000000000,0.117766666667),
double3(0.000000000000,0.215566666667,0.117766666667),
double3(0.117766666667,0.000000000000,0.117766666667),
double3(0.000000000000,0.117766666667,0.117766666667),
double3(0.215566666667,0.000000000000,0.215566666667),
double3(0.000000000000,0.215566666667,0.215566666667),
double3(0.117766666667,0.000000000000,0.215566666667),
double3(0.000000000000,0.117766666667,0.215566666667),
double3(0.117766666667,0.215566666667,0.000000000000),
double3(0.117766666667,0.117766666667,0.000000000000),
double3(0.215566666667,0.117766666667,0.000000000000),
double3(0.215566666667,0.215566666667,0.000000000000),
double3(0.048900000000,0.166666666667,0.617766666667),
double3(0.083333333333,0.166666666667,0.333333333333),
double3(0.166666666667,0.048900000000,0.617766666667),
double3(0.166666666667,0.083333333333,0.333333333333),
double3(0.284433333333,0.166666666667,0.617766666667),
double3(0.250000000000,0.166666666667,0.333333333333),
double3(0.166666666667,0.284433333333,0.617766666667),
double3(0.166666666667,0.250000000000,0.333333333333),
double3(0.048900000000,0.166666666667,0.382233333333),
double3(0.166666666667,0.048900000000,0.382233333333),
double3(0.284433333333,0.166666666667,0.382233333333),
double3(0.166666666667,0.284433333333,0.382233333333),
double3(0.284433333333,0.048900000000,0.500000000000),
double3(0.000000000000,0.083333333333,0.500000000000),
double3(0.284433333333,0.284433333333,0.500000000000),
double3(0.250000000000,0.000000000000,0.500000000000),
double3(0.048900000000,0.284433333333,0.500000000000),
double3(0.000000000000,0.250000000000,0.500000000000),
double3(0.048900000000,0.048900000000,0.500000000000),
double3(0.083333333333,0.000000000000,0.500000000000),
double3(0.166666666667,0.000000000000,0.416666666667),
double3(0.166666666667,0.000000000000,0.583333333333),
double3(0.000000000000,0.166666666667,0.583333333333),
double3(0.000000000000,0.166666666667,0.416666666667),
double3(0.215566666667,0.000000000000,0.451100000000),
double3(0.000000000000,0.215566666667,0.451100000000),
double3(0.117766666667,0.000000000000,0.451100000000),
double3(0.000000000000,0.117766666667,0.451100000000),
double3(0.215566666667,0.000000000000,0.548900000000),
double3(0.000000000000,0.215566666667,0.548900000000),
double3(0.117766666667,0.000000000000,0.548900000000),
double3(0.000000000000,0.117766666667,0.548900000000),
double3(0.117766666667,0.215566666667,0.333333333333),
double3(0.117766666667,0.117766666667,0.333333333333),
double3(0.215566666667,0.117766666667,0.333333333333),
double3(0.215566666667,0.215566666667,0.333333333333),
double3(0.048900000000,0.166666666667,0.951100000000),
double3(0.083333333333,0.166666666667,0.666666666667),
double3(0.166666666667,0.048900000000,0.951100000000),
double3(0.166666666667,0.083333333333,0.666666666667),
double3(0.284433333333,0.166666666667,0.951100000000),
double3(0.250000000000,0.166666666667,0.666666666667),
double3(0.166666666667,0.284433333333,0.951100000000),
double3(0.166666666667,0.250000000000,0.666666666667),
double3(0.048900000000,0.166666666667,0.715566666667),
double3(0.166666666667,0.048900000000,0.715566666667),
double3(0.284433333333,0.166666666667,0.715566666667),
double3(0.166666666667,0.284433333333,0.715566666667),
double3(0.284433333333,0.048900000000,0.833333333333),
double3(0.000000000000,0.083333333333,0.833333333333),
double3(0.284433333333,0.284433333333,0.833333333333),
double3(0.250000000000,0.000000000000,0.833333333333),
double3(0.048900000000,0.284433333333,0.833333333333),
double3(0.000000000000,0.250000000000,0.833333333333),
double3(0.048900000000,0.048900000000,0.833333333333),
double3(0.083333333333,0.000000000000,0.833333333333),
double3(0.166666666667,0.000000000000,0.750000000000),
double3(0.166666666667,0.000000000000,0.916666666667),
double3(0.000000000000,0.166666666667,0.916666666667),
double3(0.000000000000,0.166666666667,0.750000000000),
double3(0.215566666667,0.000000000000,0.784433333333),
double3(0.000000000000,0.215566666667,0.784433333333),
double3(0.117766666667,0.000000000000,0.784433333333),
double3(0.000000000000,0.117766666667,0.784433333333),
double3(0.215566666667,0.000000000000,0.882233333333),
double3(0.000000000000,0.215566666667,0.882233333333),
double3(0.117766666667,0.000000000000,0.882233333333),
double3(0.000000000000,0.117766666667,0.882233333333),
double3(0.117766666667,0.215566666667,0.666666666667),
double3(0.117766666667,0.117766666667,0.666666666667),
double3(0.215566666667,0.117766666667,0.666666666667),
double3(0.215566666667,0.215566666667,0.666666666667),
double3(0.048900000000,0.500000000000,0.284433333333),
double3(0.083333333333,0.500000000000,0.000000000000),
double3(0.166666666667,0.382233333333,0.284433333333),
double3(0.166666666667,0.416666666667,0.000000000000),
double3(0.284433333333,0.500000000000,0.284433333333),
double3(0.250000000000,0.500000000000,0.000000000000),
double3(0.166666666667,0.617766666667,0.284433333333),
double3(0.166666666667,0.583333333333,0.000000000000),
double3(0.048900000000,0.500000000000,0.048900000000),
double3(0.166666666667,0.382233333333,0.048900000000),
double3(0.284433333333,0.500000000000,0.048900000000),
double3(0.166666666667,0.617766666667,0.048900000000),
double3(0.284433333333,0.382233333333,0.166666666667),
double3(0.000000000000,0.416666666667,0.166666666667),
double3(0.284433333333,0.617766666667,0.166666666667),
double3(0.250000000000,0.333333333333,0.166666666667),
double3(0.048900000000,0.617766666667,0.166666666667),
double3(0.000000000000,0.583333333333,0.166666666667),
double3(0.048900000000,0.382233333333,0.166666666667),
double3(0.083333333333,0.333333333333,0.166666666667),
double3(0.166666666667,0.333333333333,0.083333333333),
double3(0.166666666667,0.333333333333,0.250000000000),
double3(0.000000000000,0.500000000000,0.250000000000),
double3(0.000000000000,0.500000000000,0.083333333333),
double3(0.215566666667,0.333333333333,0.117766666667),
double3(0.000000000000,0.548900000000,0.117766666667),
double3(0.117766666667,0.333333333333,0.117766666667),
double3(0.000000000000,0.451100000000,0.117766666667),
double3(0.215566666667,0.333333333333,0.215566666667),
double3(0.000000000000,0.548900000000,0.215566666667),
double3(0.117766666667,0.333333333333,0.215566666667),
double3(0.000000000000,0.451100000000,0.215566666667),
double3(0.117766666667,0.548900000000,0.000000000000),
double3(0.117766666667,0.451100000000,0.000000000000),
double3(0.215566666667,0.451100000000,0.000000000000),
double3(0.215566666667,0.548900000000,0.000000000000),
double3(0.048900000000,0.500000000000,0.617766666667),
double3(0.083333333333,0.500000000000,0.333333333333),
double3(0.166666666667,0.382233333333,0.617766666667),
double3(0.166666666667,0.416666666667,0.333333333333),
double3(0.284433333333,0.500000000000,0.617766666667),
double3(0.250000000000,0.500000000000,0.333333333333),
double3(0.166666666667,0.617766666667,0.617766666667),
double3(0.166666666667,0.583333333333,0.333333333333),
double3(0.048900000000,0.500000000000,0.382233333333),
double3(0.166666666667,0.382233333333,0.382233333333),
double3(0.284433333333,0.500000000000,0.382233333333),
double3(0.166666666667,0.617766666667,0.382233333333),
double3(0.284433333333,0.382233333333,0.500000000000),
double3(0.000000000000,0.416666666667,0.500000000000),
double3(0.284433333333,0.617766666667,0.500000000000),
double3(0.250000000000,0.333333333333,0.500000000000),
double3(0.048900000000,0.617766666667,0.500000000000),
double3(0.000000000000,0.583333333333,0.500000000000),
double3(0.048900000000,0.382233333333,0.500000000000),
double3(0.083333333333,0.333333333333,0.500000000000),
double3(0.166666666667,0.333333333333,0.416666666667),
double3(0.166666666667,0.333333333333,0.583333333333),
double3(0.000000000000,0.500000000000,0.583333333333),
double3(0.000000000000,0.500000000000,0.416666666667),
double3(0.215566666667,0.333333333333,0.451100000000),
double3(0.000000000000,0.548900000000,0.451100000000),
double3(0.117766666667,0.333333333333,0.451100000000),
double3(0.000000000000,0.451100000000,0.451100000000),
double3(0.215566666667,0.333333333333,0.548900000000),
double3(0.000000000000,0.548900000000,0.548900000000),
double3(0.117766666667,0.333333333333,0.548900000000),
double3(0.000000000000,0.451100000000,0.548900000000),
double3(0.117766666667,0.548900000000,0.333333333333),
double3(0.117766666667,0.451100000000,0.333333333333),
double3(0.215566666667,0.451100000000,0.333333333333),
double3(0.215566666667,0.548900000000,0.333333333333),
double3(0.048900000000,0.500000000000,0.951100000000),
double3(0.083333333333,0.500000000000,0.666666666667),
double3(0.166666666667,0.382233333333,0.951100000000),
double3(0.166666666667,0.416666666667,0.666666666667),
double3(0.284433333333,0.500000000000,0.951100000000),
double3(0.250000000000,0.500000000000,0.666666666667),
double3(0.166666666667,0.617766666667,0.951100000000),
double3(0.166666666667,0.583333333333,0.666666666667),
double3(0.048900000000,0.500000000000,0.715566666667),
double3(0.166666666667,0.382233333333,0.715566666667),
double3(0.284433333333,0.500000000000,0.715566666667),
double3(0.166666666667,0.617766666667,0.715566666667),
double3(0.284433333333,0.382233333333,0.833333333333),
double3(0.000000000000,0.416666666667,0.833333333333),
double3(0.284433333333,0.617766666667,0.833333333333),
double3(0.250000000000,0.333333333333,0.833333333333),
double3(0.048900000000,0.617766666667,0.833333333333),
double3(0.000000000000,0.583333333333,0.833333333333),
double3(0.048900000000,0.382233333333,0.833333333333),
double3(0.083333333333,0.333333333333,0.833333333333),
double3(0.166666666667,0.333333333333,0.750000000000),
double3(0.166666666667,0.333333333333,0.916666666667),
double3(0.000000000000,0.500000000000,0.916666666667),
double3(0.000000000000,0.500000000000,0.750000000000),
double3(0.215566666667,0.333333333333,0.784433333333),
double3(0.000000000000,0.548900000000,0.784433333333),
double3(0.117766666667,0.333333333333,0.784433333333),
double3(0.000000000000,0.451100000000,0.784433333333),
double3(0.215566666667,0.333333333333,0.882233333333),
double3(0.000000000000,0.548900000000,0.882233333333),
double3(0.117766666667,0.333333333333,0.882233333333),
double3(0.000000000000,0.451100000000,0.882233333333),
double3(0.117766666667,0.548900000000,0.666666666667),
double3(0.117766666667,0.451100000000,0.666666666667),
double3(0.215566666667,0.451100000000,0.666666666667),
double3(0.215566666667,0.548900000000,0.666666666667),
double3(0.048900000000,0.833333333333,0.284433333333),
double3(0.083333333333,0.833333333333,0.000000000000),
double3(0.166666666667,0.715566666667,0.284433333333),
double3(0.166666666667,0.750000000000,0.000000000000),
double3(0.284433333333,0.833333333333,0.284433333333),
double3(0.250000000000,0.833333333333,0.000000000000),
double3(0.166666666667,0.951100000000,0.284433333333),
double3(0.166666666667,0.916666666667,0.000000000000),
double3(0.048900000000,0.833333333333,0.048900000000),
double3(0.166666666667,0.715566666667,0.048900000000),
double3(0.284433333333,0.833333333333,0.048900000000),
double3(0.166666666667,0.951100000000,0.048900000000),
double3(0.284433333333,0.715566666667,0.166666666667),
double3(0.000000000000,0.750000000000,0.166666666667),
double3(0.284433333333,0.951100000000,0.166666666667),
double3(0.250000000000,0.666666666667,0.166666666667),
double3(0.048900000000,0.951100000000,0.166666666667),
double3(0.000000000000,0.916666666667,0.166666666667),
double3(0.048900000000,0.715566666667,0.166666666667),
double3(0.083333333333,0.666666666667,0.166666666667),
double3(0.166666666667,0.666666666667,0.083333333333),
double3(0.166666666667,0.666666666667,0.250000000000),
double3(0.000000000000,0.833333333333,0.250000000000),
double3(0.000000000000,0.833333333333,0.083333333333),
double3(0.215566666667,0.666666666667,0.117766666667),
double3(0.000000000000,0.882233333333,0.117766666667),
double3(0.117766666667,0.666666666667,0.117766666667),
double3(0.000000000000,0.784433333333,0.117766666667),
double3(0.215566666667,0.666666666667,0.215566666667),
double3(0.000000000000,0.882233333333,0.215566666667),
double3(0.117766666667,0.666666666667,0.215566666667),
double3(0.000000000000,0.784433333333,0.215566666667),
double3(0.117766666667,0.882233333333,0.000000000000),
double3(0.117766666667,0.784433333333,0.000000000000),
double3(0.215566666667,0.784433333333,0.000000000000),
double3(0.215566666667,0.882233333333,0.000000000000),
double3(0.048900000000,0.833333333333,0.617766666667),
double3(0.083333333333,0.833333333333,0.333333333333),
double3(0.166666666667,0.715566666667,0.617766666667),
double3(0.166666666667,0.750000000000,0.333333333333),
double3(0.284433333333,0.833333333333,0.617766666667),
double3(0.250000000000,0.833333333333,0.333333333333),
double3(0.166666666667,0.951100000000,0.617766666667),
double3(0.166666666667,0.916666666667,0.333333333333),
double3(0.048900000000,0.833333333333,0.382233333333),
double3(0.166666666667,0.715566666667,0.382233333333),
double3(0.284433333333,0.833333333333,0.382233333333),
double3(0.166666666667,0.951100000000,0.382233333333),
double3(0.284433333333,0.715566666667,0.500000000000),
double3(0.000000000000,0.750000000000,0.500000000000),
double3(0.284433333333,0.951100000000,0.500000000000),
double3(0.250000000000,0.666666666667,0.500000000000),
double3(0.048900000000,0.951100000000,0.500000000000),
double3(0.000000000000,0.916666666667,0.500000000000),
double3(0.048900000000,0.715566666667,0.500000000000),
double3(0.083333333333,0.666666666667,0.500000000000),
double3(0.166666666667,0.666666666667,0.416666666667),
double3(0.166666666667,0.666666666667,0.583333333333),
double3(0.000000000000,0.833333333333,0.583333333333),
double3(0.000000000000,0.833333333333,0.416666666667),
double3(0.215566666667,0.666666666667,0.451100000000),
double3(0.000000000000,0.882233333333,0.451100000000),
double3(0.117766666667,0.666666666667,0.451100000000),
double3(0.000000000000,0.784433333333,0.451100000000),
double3(0.215566666667,0.666666666667,0.548900000000),
double3(0.000000000000,0.882233333333,0.548900000000),
double3(0.117766666667,0.666666666667,0.548900000000),
double3(0.000000000000,0.784433333333,0.548900000000),
double3(0.117766666667,0.882233333333,0.333333333333),
double3(0.117766666667,0.784433333333,0.333333333333),
double3(0.215566666667,0.784433333333,0.333333333333),
double3(0.215566666667,0.882233333333,0.333333333333),
double3(0.048900000000,0.833333333333,0.951100000000),
double3(0.083333333333,0.833333333333,0.666666666667),
double3(0.166666666667,0.715566666667,0.951100000000),
double3(0.166666666667,0.750000000000,0.666666666667),
double3(0.284433333333,0.833333333333,0.951100000000),
double3(0.250000000000,0.833333333333,0.666666666667),
double3(0.166666666667,0.951100000000,0.951100000000),
double3(0.166666666667,0.916666666667,0.666666666667),
double3(0.048900000000,0.833333333333,0.715566666667),
double3(0.166666666667,0.715566666667,0.715566666667),
double3(0.284433333333,0.833333333333,0.715566666667),
double3(0.166666666667,0.951100000000,0.715566666667),
double3(0.284433333333,0.715566666667,0.833333333333),
double3(0.000000000000,0.750000000000,0.833333333333),
double3(0.284433333333,0.951100000000,0.833333333333),
double3(0.250000000000,0.666666666667,0.833333333333),
double3(0.048900000000,0.951100000000,0.833333333333),
double3(0.000000000000,0.916666666667,0.833333333333),
double3(0.048900000000,0.715566666667,0.833333333333),
double3(0.083333333333,0.666666666667,0.833333333333),
double3(0.166666666667,0.666666666667,0.750000000000),
double3(0.166666666667,0.666666666667,0.916666666667),
double3(0.000000000000,0.833333333333,0.916666666667),
double3(0.000000000000,0.833333333333,0.750000000000),
double3(0.215566666667,0.666666666667,0.784433333333),
double3(0.000000000000,0.882233333333,0.784433333333),
double3(0.117766666667,0.666666666667,0.784433333333),
double3(0.000000000000,0.784433333333,0.784433333333),
double3(0.215566666667,0.666666666667,0.882233333333),
double3(0.000000000000,0.882233333333,0.882233333333),
double3(0.117766666667,0.666666666667,0.882233333333),
double3(0.000000000000,0.784433333333,0.882233333333),
double3(0.117766666667,0.882233333333,0.666666666667),
double3(0.117766666667,0.784433333333,0.666666666667),
double3(0.215566666667,0.784433333333,0.666666666667),
double3(0.215566666667,0.882233333333,0.666666666667),
double3(0.382233333333,0.166666666667,0.284433333333),
double3(0.416666666667,0.166666666667,0.000000000000),
double3(0.500000000000,0.048900000000,0.284433333333),
double3(0.500000000000,0.083333333333,0.000000000000),
double3(0.617766666667,0.166666666667,0.284433333333),
double3(0.583333333333,0.166666666667,0.000000000000),
double3(0.500000000000,0.284433333333,0.284433333333),
double3(0.500000000000,0.250000000000,0.000000000000),
double3(0.382233333333,0.166666666667,0.048900000000),
double3(0.500000000000,0.048900000000,0.048900000000),
double3(0.617766666667,0.166666666667,0.048900000000),
double3(0.500000000000,0.284433333333,0.048900000000),
double3(0.617766666667,0.048900000000,0.166666666667),
double3(0.333333333333,0.083333333333,0.166666666667),
double3(0.617766666667,0.284433333333,0.166666666667),
double3(0.583333333333,0.000000000000,0.166666666667),
double3(0.382233333333,0.284433333333,0.166666666667),
double3(0.333333333333,0.250000000000,0.166666666667),
double3(0.382233333333,0.048900000000,0.166666666667),
double3(0.416666666667,0.000000000000,0.166666666667),
double3(0.500000000000,0.000000000000,0.083333333333),
double3(0.500000000000,0.000000000000,0.250000000000),
double3(0.333333333333,0.166666666667,0.250000000000),
double3(0.333333333333,0.166666666667,0.083333333333),
double3(0.548900000000,0.000000000000,0.117766666667),
double3(0.333333333333,0.215566666667,0.117766666667),
double3(0.451100000000,0.000000000000,0.117766666667),
double3(0.333333333333,0.117766666667,0.117766666667),
double3(0.548900000000,0.000000000000,0.215566666667),
double3(0.333333333333,0.215566666667,0.215566666667),
double3(0.451100000000,0.000000000000,0.215566666667),
double3(0.333333333333,0.117766666667,0.215566666667),
double3(0.451100000000,0.215566666667,0.000000000000),
double3(0.451100000000,0.117766666667,0.000000000000),
double3(0.548900000000,0.117766666667,0.000000000000),
double3(0.548900000000,0.215566666667,0.000000000000),
double3(0.382233333333,0.166666666667,0.617766666667),
double3(0.416666666667,0.166666666667,0.333333333333),
double3(0.500000000000,0.048900000000,0.617766666667),
double3(0.500000000000,0.083333333333,0.333333333333),
double3(0.617766666667,0.166666666667,0.617766666667),
double3(0.583333333333,0.166666666667,0.333333333333),
double3(0.500000000000,0.284433333333,0.617766666667),
double3(0.500000000000,0.250000000000,0.333333333333),
double3(0.382233333333,0.166666666667,0.382233333333),
double3(0.500000000000,0.048900000000,0.382233333333),
double3(0.617766666667,0.166666666667,0.382233333333),
double3(0.500000000000,0.284433333333,0.382233333333),
double3(0.617766666667,0.048900000000,0.500000000000),
double3(0.333333333333,0.083333333333,0.500000000000),
double3(0.617766666667,0.284433333333,0.500000000000),
double3(0.583333333333,0.000000000000,0.500000000000),
double3(0.382233333333,0.284433333333,0.500000000000),
double3(0.333333333333,0.250000000000,0.500000000000),
double3(0.382233333333,0.048900000000,0.500000000000),
double3(0.416666666667,0.000000000000,0.500000000000),
double3(0.500000000000,0.000000000000,0.416666666667),
double3(0.500000000000,0.000000000000,0.583333333333),
double3(0.333333333333,0.166666666667,0.583333333333),
double3(0.333333333333,0.166666666667,0.416666666667),
double3(0.548900000000,0.000000000000,0.451100000000),
double3(0.333333333333,0.215566666667,0.451100000000),
double3(0.451100000000,0.000000000000,0.451100000000),
double3(0.333333333333,0.117766666667,0.451100000000),
double3(0.548900000000,0.000000000000,0.548900000000),
double3(0.333333333333,0.215566666667,0.548900000000),
double3(0.451100000000,0.000000000000,0.548900000000),
double3(0.333333333333,0.117766666667,0.548900000000),
double3(0.451100000000,0.215566666667,0.333333333333),
double3(0.451100000000,0.117766666667,0.333333333333),
double3(0.548900000000,0.117766666667,0.333333333333),
double3(0.548900000000,0.215566666667,0.333333333333),
double3(0.382233333333,0.166666666667,0.951100000000),
double3(0.416666666667,0.166666666667,0.666666666667),
double3(0.500000000000,0.048900000000,0.951100000000),
double3(0.500000000000,0.083333333333,0.666666666667),
double3(0.617766666667,0.166666666667,0.951100000000),
double3(0.583333333333,0.166666666667,0.666666666667),
double3(0.500000000000,0.284433333333,0.951100000000),
double3(0.500000000000,0.250000000000,0.666666666667),
double3(0.382233333333,0.166666666667,0.715566666667),
double3(0.500000000000,0.048900000000,0.715566666667),
double3(0.617766666667,0.166666666667,0.715566666667),
double3(0.500000000000,0.284433333333,0.715566666667),
double3(0.617766666667,0.048900000000,0.833333333333),
double3(0.333333333333,0.083333333333,0.833333333333),
double3(0.617766666667,0.284433333333,0.833333333333),
double3(0.583333333333,0.000000000000,0.833333333333),
double3(0.382233333333,0.284433333333,0.833333333333),
double3(0.333333333333,0.250000000000,0.833333333333),
double3(0.382233333333,0.048900000000,0.833333333333),
double3(0.416666666667,0.000000000000,0.833333333333),
double3(0.500000000000,0.000000000000,0.750000000000),
double3(0.500000000000,0.000000000000,0.916666666667),
double3(0.333333333333,0.166666666667,0.916666666667),
double3(0.333333333333,0.166666666667,0.750000000000),
double3(0.548900000000,0.000000000000,0.784433333333),
double3(0.333333333333,0.215566666667,0.784433333333),
double3(0.451100000000,0.000000000000,0.784433333333),
double3(0.333333333333,0.117766666667,0.784433333333),
double3(0.548900000000,0.000000000000,0.882233333333),
double3(0.333333333333,0.215566666667,0.882233333333),
double3(0.451100000000,0.000000000000,0.882233333333),
double3(0.333333333333,0.117766666667,0.882233333333),
double3(0.451100000000,0.215566666667,0.666666666667),
double3(0.451100000000,0.117766666667,0.666666666667),
double3(0.548900000000,0.117766666667,0.666666666667),
double3(0.548900000000,0.215566666667,0.666666666667),
double3(0.382233333333,0.500000000000,0.284433333333),
double3(0.416666666667,0.500000000000,0.000000000000),
double3(0.500000000000,0.382233333333,0.284433333333),
double3(0.500000000000,0.416666666667,0.000000000000),
double3(0.617766666667,0.500000000000,0.284433333333),
double3(0.583333333333,0.500000000000,0.000000000000),
double3(0.500000000000,0.617766666667,0.284433333333),
double3(0.500000000000,0.583333333333,0.000000000000),
double3(0.382233333333,0.500000000000,0.048900000000),
double3(0.500000000000,0.382233333333,0.048900000000),
double3(0.617766666667,0.500000000000,0.048900000000),
double3(0.500000000000,0.617766666667,0.048900000000),
double3(0.617766666667,0.382233333333,0.166666666667),
double3(0.333333333333,0.416666666667,0.166666666667),
double3(0.617766666667,0.617766666667,0.166666666667),
double3(0.583333333333,0.333333333333,0.166666666667),
double3(0.382233333333,0.617766666667,0.166666666667),
double3(0.333333333333,0.583333333333,0.166666666667),
double3(0.382233333333,0.382233333333,0.166666666667),
double3(0.416666666667,0.333333333333,0.166666666667),
double3(0.500000000000,0.333333333333,0.083333333333),
double3(0.500000000000,0.333333333333,0.250000000000),
double3(0.333333333333,0.500000000000,0.250000000000),
double3(0.333333333333,0.500000000000,0.083333333333),
double3(0.548900000000,0.333333333333,0.117766666667),
double3(0.333333333333,0.548900000000,0.117766666667),
double3(0.451100000000,0.333333333333,0.117766666667),
double3(0.333333333333,0.451100000000,0.117766666667),
double3(0.548900000000,0.333333333333,0.215566666667),
double3(0.333333333333,0.548900000000,0.215566666667),
double3(0.451100000000,0.333333333333,0.215566666667),
double3(0.333333333333,0.451100000000,0.215566666667),
double3(0.451100000000,0.548900000000,0.000000000000),
double3(0.451100000000,0.451100000000,0.000000000000),
double3(0.548900000000,0.451100000000,0.000000000000),
double3(0.548900000000,0.548900000000,0.000000000000),
double3(0.382233333333,0.500000000000,0.617766666667),
double3(0.416666666667,0.500000000000,0.333333333333),
double3(0.500000000000,0.382233333333,0.617766666667),
double3(0.500000000000,0.416666666667,0.333333333333),
double3(0.617766666667,0.500000000000,0.617766666667),
double3(0.583333333333,0.500000000000,0.333333333333),
double3(0.500000000000,0.617766666667,0.617766666667),
double3(0.500000000000,0.583333333333,0.333333333333),
double3(0.382233333333,0.500000000000,0.382233333333),
double3(0.500000000000,0.382233333333,0.382233333333),
double3(0.617766666667,0.500000000000,0.382233333333),
double3(0.500000000000,0.617766666667,0.382233333333),
double3(0.617766666667,0.382233333333,0.500000000000),
double3(0.333333333333,0.416666666667,0.500000000000),
double3(0.617766666667,0.617766666667,0.500000000000),
double3(0.583333333333,0.333333333333,0.500000000000),
double3(0.382233333333,0.617766666667,0.500000000000),
double3(0.333333333333,0.583333333333,0.500000000000),
double3(0.382233333333,0.382233333333,0.500000000000),
double3(0.416666666667,0.333333333333,0.500000000000),
double3(0.500000000000,0.333333333333,0.416666666667),
double3(0.500000000000,0.333333333333,0.583333333333),
double3(0.333333333333,0.500000000000,0.583333333333),
double3(0.333333333333,0.500000000000,0.416666666667),
double3(0.548900000000,0.333333333333,0.451100000000),
double3(0.333333333333,0.548900000000,0.451100000000),
double3(0.451100000000,0.333333333333,0.451100000000),
double3(0.333333333333,0.451100000000,0.451100000000),
double3(0.548900000000,0.333333333333,0.548900000000),
double3(0.333333333333,0.548900000000,0.548900000000),
double3(0.451100000000,0.333333333333,0.548900000000),
double3(0.333333333333,0.451100000000,0.548900000000),
double3(0.451100000000,0.548900000000,0.333333333333),
double3(0.451100000000,0.451100000000,0.333333333333),
double3(0.548900000000,0.451100000000,0.333333333333),
double3(0.548900000000,0.548900000000,0.333333333333),
double3(0.382233333333,0.500000000000,0.951100000000),
double3(0.416666666667,0.500000000000,0.666666666667),
double3(0.500000000000,0.382233333333,0.951100000000),
double3(0.500000000000,0.416666666667,0.666666666667),
double3(0.617766666667,0.500000000000,0.951100000000),
double3(0.583333333333,0.500000000000,0.666666666667),
double3(0.500000000000,0.617766666667,0.951100000000),
double3(0.500000000000,0.583333333333,0.666666666667),
double3(0.382233333333,0.500000000000,0.715566666667),
double3(0.500000000000,0.382233333333,0.715566666667),
double3(0.617766666667,0.500000000000,0.715566666667),
double3(0.500000000000,0.617766666667,0.715566666667),
double3(0.617766666667,0.382233333333,0.833333333333),
double3(0.333333333333,0.416666666667,0.833333333333),
double3(0.617766666667,0.617766666667,0.833333333333),
double3(0.583333333333,0.333333333333,0.833333333333),
double3(0.382233333333,0.617766666667,0.833333333333),
double3(0.333333333333,0.583333333333,0.833333333333),
double3(0.382233333333,0.382233333333,0.833333333333),
double3(0.416666666667,0.333333333333,0.833333333333),
double3(0.500000000000,0.333333333333,0.750000000000),
double3(0.500000000000,0.333333333333,0.916666666667),
double3(0.333333333333,0.500000000000,0.916666666667),
double3(0.333333333333,0.500000000000,0.750000000000),
double3(0.548900000000,0.333333333333,0.784433333333),
double3(0.333333333333,0.548900000000,0.784433333333),
double3(0.451100000000,0.333333333333,0.784433333333),
double3(0.333333333333,0.451100000000,0.784433333333),
double3(0.548900000000,0.333333333333,0.882233333333),
double3(0.333333333333,0.548900000000,0.882233333333),
double3(0.451100000000,0.333333333333,0.882233333333),
double3(0.333333333333,0.451100000000,0.882233333333),
double3(0.451100000000,0.548900000000,0.666666666667),
double3(0.451100000000,0.451100000000,0.666666666667),
double3(0.548900000000,0.451100000000,0.666666666667),
double3(0.548900000000,0.548900000000,0.666666666667),
double3(0.382233333333,0.833333333333,0.284433333333),
double3(0.416666666667,0.833333333333,0.000000000000),
double3(0.500000000000,0.715566666667,0.284433333333),
double3(0.500000000000,0.750000000000,0.000000000000),
double3(0.617766666667,0.833333333333,0.284433333333),
double3(0.583333333333,0.833333333333,0.000000000000),
double3(0.500000000000,0.951100000000,0.284433333333),
double3(0.500000000000,0.916666666667,0.000000000000),
double3(0.382233333333,0.833333333333,0.048900000000),
double3(0.500000000000,0.715566666667,0.048900000000),
double3(0.617766666667,0.833333333333,0.048900000000),
double3(0.500000000000,0.951100000000,0.048900000000),
double3(0.617766666667,0.715566666667,0.166666666667),
double3(0.333333333333,0.750000000000,0.166666666667),
double3(0.617766666667,0.951100000000,0.166666666667),
double3(0.583333333333,0.666666666667,0.166666666667),
double3(0.382233333333,0.951100000000,0.166666666667),
double3(0.333333333333,0.916666666667,0.166666666667),
double3(0.382233333333,0.715566666667,0.166666666667),
double3(0.416666666667,0.666666666667,0.166666666667),
double3(0.500000000000,0.666666666667,0.083333333333),
double3(0.500000000000,0.666666666667,0.250000000000),
double3(0.333333333333,0.833333333333,0.250000000000),
double3(0.333333333333,0.833333333333,0.083333333333),
double3(0.548900000000,0.666666666667,0.117766666667),
double3(0.333333333333,0.882233333333,0.117766666667),
double3(0.451100000000,0.666666666667,0.117766666667),
double3(0.333333333333,0.784433333333,0.117766666667),
double3(0.548900000000,0.666666666667,0.215566666667),
double3(0.333333333333,0.882233333333,0.215566666667),
double3(0.451100000000,0.666666666667,0.215566666667),
double3(0.333333333333,0.784433333333,0.215566666667),
double3(0.451100000000,0.882233333333,0.000000000000),
double3(0.451100000000,0.784433333333,0.000000000000),
double3(0.548900000000,0.784433333333,0.000000000000),
double3(0.548900000000,0.882233333333,0.000000000000),
double3(0.382233333333,0.833333333333,0.617766666667),
double3(0.416666666667,0.833333333333,0.333333333333),
double3(0.500000000000,0.715566666667,0.617766666667),
double3(0.500000000000,0.750000000000,0.333333333333),
double3(0.617766666667,0.833333333333,0.617766666667),
double3(0.583333333333,0.833333333333,0.333333333333),
double3(0.500000000000,0.951100000000,0.617766666667),
double3(0.500000000000,0.916666666667,0.333333333333),
double3(0.382233333333,0.833333333333,0.382233333333),
double3(0.500000000000,0.715566666667,0.382233333333),
double3(0.617766666667,0.833333333333,0.382233333333),
double3(0.500000000000,0.951100000000,0.382233333333),
double3(0.617766666667,0.715566666667,0.500000000000),
double3(0.333333333333,0.750000000000,0.500000000000),
double3(0.617766666667,0.951100000000,0.500000000000),
double3(0.583333333333,0.666666666667,0.500000000000),
double3(0.382233333333,0.951100000000,0.500000000000),
double3(0.333333333333,0.916666666667,0.500000000000),
double3(0.382233333333,0.715566666667,0.500000000000),
double3(0.416666666667,0.666666666667,0.500000000000),
double3(0.500000000000,0.666666666667,0.416666666667),
double3(0.500000000000,0.666666666667,0.583333333333),
double3(0.333333333333,0.833333333333,0.583333333333),
double3(0.333333333333,0.833333333333,0.416666666667),
double3(0.548900000000,0.666666666667,0.451100000000),
double3(0.333333333333,0.882233333333,0.451100000000),
double3(0.451100000000,0.666666666667,0.451100000000),
double3(0.333333333333,0.784433333333,0.451100000000),
double3(0.548900000000,0.666666666667,0.548900000000),
double3(0.333333333333,0.882233333333,0.548900000000),
double3(0.451100000000,0.666666666667,0.548900000000),
double3(0.333333333333,0.784433333333,0.548900000000),
double3(0.451100000000,0.882233333333,0.333333333333),
double3(0.451100000000,0.784433333333,0.333333333333),
double3(0.548900000000,0.784433333333,0.333333333333),
double3(0.548900000000,0.882233333333,0.333333333333),
double3(0.382233333333,0.833333333333,0.951100000000),
double3(0.416666666667,0.833333333333,0.666666666667),
double3(0.500000000000,0.715566666667,0.951100000000),
double3(0.500000000000,0.750000000000,0.666666666667),
double3(0.617766666667,0.833333333333,0.951100000000),
double3(0.583333333333,0.833333333333,0.666666666667),
double3(0.500000000000,0.951100000000,0.951100000000),
double3(0.500000000000,0.916666666667,0.666666666667),
double3(0.382233333333,0.833333333333,0.715566666667),
double3(0.500000000000,0.715566666667,0.715566666667),
double3(0.617766666667,0.833333333333,0.715566666667),
double3(0.500000000000,0.951100000000,0.715566666667),
double3(0.617766666667,0.715566666667,0.833333333333),
double3(0.333333333333,0.750000000000,0.833333333333),
double3(0.617766666667,0.951100000000,0.833333333333),
double3(0.583333333333,0.666666666667,0.833333333333),
double3(0.382233333333,0.951100000000,0.833333333333),
double3(0.333333333333,0.916666666667,0.833333333333),
double3(0.382233333333,0.715566666667,0.833333333333),
double3(0.416666666667,0.666666666667,0.833333333333),
double3(0.500000000000,0.666666666667,0.750000000000),
double3(0.500000000000,0.666666666667,0.916666666667),
double3(0.333333333333,0.833333333333,0.916666666667),
double3(0.333333333333,0.833333333333,0.750000000000),
double3(0.548900000000,0.666666666667,0.784433333333),
double3(0.333333333333,0.882233333333,0.784433333333),
double3(0.451100000000,0.666666666667,0.784433333333),
double3(0.333333333333,0.784433333333,0.784433333333),
double3(0.548900000000,0.666666666667,0.882233333333),
double3(0.333333333333,0.882233333333,0.882233333333),
double3(0.451100000000,0.666666666667,0.882233333333),
double3(0.333333333333,0.784433333333,0.882233333333),
double3(0.451100000000,0.882233333333,0.666666666667),
double3(0.451100000000,0.784433333333,0.666666666667),
double3(0.548900000000,0.784433333333,0.666666666667),
double3(0.548900000000,0.882233333333,0.666666666667),
double3(0.715566666667,0.166666666667,0.284433333333),
double3(0.750000000000,0.166666666667,0.000000000000),
double3(0.833333333333,0.048900000000,0.284433333333),
double3(0.833333333333,0.083333333333,0.000000000000),
double3(0.951100000000,0.166666666667,0.284433333333),
double3(0.916666666667,0.166666666667,0.000000000000),
double3(0.833333333333,0.284433333333,0.284433333333),
double3(0.833333333333,0.250000000000,0.000000000000),
double3(0.715566666667,0.166666666667,0.048900000000),
double3(0.833333333333,0.048900000000,0.048900000000),
double3(0.951100000000,0.166666666667,0.048900000000),
double3(0.833333333333,0.284433333333,0.048900000000),
double3(0.951100000000,0.048900000000,0.166666666667),
double3(0.666666666667,0.083333333333,0.166666666667),
double3(0.951100000000,0.284433333333,0.166666666667),
double3(0.916666666667,0.000000000000,0.166666666667),
double3(0.715566666667,0.284433333333,0.166666666667),
double3(0.666666666667,0.250000000000,0.166666666667),
double3(0.715566666667,0.048900000000,0.166666666667),
double3(0.750000000000,0.000000000000,0.166666666667),
double3(0.833333333333,0.000000000000,0.083333333333),
double3(0.833333333333,0.000000000000,0.250000000000),
double3(0.666666666667,0.166666666667,0.250000000000),
double3(0.666666666667,0.166666666667,0.083333333333),
double3(0.882233333333,0.000000000000,0.117766666667),
double3(0.666666666667,0.215566666667,0.117766666667),
double3(0.784433333333,0.000000000000,0.117766666667),
double3(0.666666666667,0.117766666667,0.117766666667),
double3(0.882233333333,0.000000000000,0.215566666667),
double3(0.666666666667,0.215566666667,0.215566666667),
double3(0.784433333333,0.000000000000,0.215566666667),
double3(0.666666666667,0.117766666667,0.215566666667),
double3(0.784433333333,0.215566666667,0.000000000000),
double3(0.784433333333,0.117766666667,0.000000000000),
double3(0.882233333333,0.117766666667,0.000000000000),
double3(0.882233333333,0.215566666667,0.000000000000),
double3(0.715566666667,0.166666666667,0.617766666667),
double3(0.750000000000,0.166666666667,0.333333333333),
double3(0.833333333333,0.048900000000,0.617766666667),
double3(0.833333333333,0.083333333333,0.333333333333),
double3(0.951100000000,0.166666666667,0.617766666667),
double3(0.916666666667,0.166666666667,0.333333333333),
double3(0.833333333333,0.284433333333,0.617766666667),
double3(0.833333333333,0.250000000000,0.333333333333),
double3(0.715566666667,0.166666666667,0.382233333333),
double3(0.833333333333,0.048900000000,0.382233333333),
double3(0.951100000000,0.166666666667,0.382233333333),
double3(0.833333333333,0.284433333333,0.382233333333),
double3(0.951100000000,0.048900000000,0.500000000000),
double3(0.666666666667,0.083333333333,0.500000000000),
double3(0.951100000000,0.284433333333,0.500000000000),
double3(0.916666666667,0.000000000000,0.500000000000),
double3(0.715566666667,0.284433333333,0.500000000000),
double3(0.666666666667,0.250000000000,0.500000000000),
double3(0.715566666667,0.048900000000,0.500000000000),
double3(0.750000000000,0.000000000000,0.500000000000),
double3(0.833333333333,0.000000000000,0.416666666667),
double3(0.833333333333,0.000000000000,0.583333333333),
double3(0.666666666667,0.166666666667,0.583333333333),
double3(0.666666666667,0.166666666667,0.416666666667),
double3(0.882233333333,0.000000000000,0.451100000000),
double3(0.666666666667,0.215566666667,0.451100000000),
double3(0.784433333333,0.000000000000,0.451100000000),
double3(0.666666666667,0.117766666667,0.451100000000),
double3(0.882233333333,0.000000000000,0.548900000000),
double3(0.666666666667,0.215566666667,0.548900000000),
double3(0.784433333333,0.000000000000,0.548900000000),
double3(0.666666666667,0.117766666667,0.548900000000),
double3(0.784433333333,0.215566666667,0.333333333333),
double3(0.784433333333,0.117766666667,0.333333333333),
double3(0.882233333333,0.117766666667,0.333333333333),
double3(0.882233333333,0.215566666667,0.333333333333),
double3(0.715566666667,0.166666666667,0.951100000000),
double3(0.750000000000,0.166666666667,0.666666666667),
double3(0.833333333333,0.048900000000,0.951100000000),
double3(0.833333333333,0.083333333333,0.666666666667),
double3(0.951100000000,0.166666666667,0.951100000000),
double3(0.916666666667,0.166666666667,0.666666666667),
double3(0.833333333333,0.284433333333,0.951100000000),
double3(0.833333333333,0.250000000000,0.666666666667),
double3(0.715566666667,0.166666666667,0.715566666667),
double3(0.833333333333,0.048900000000,0.715566666667),
double3(0.951100000000,0.166666666667,0.715566666667),
double3(0.833333333333,0.284433333333,0.715566666667),
double3(0.951100000000,0.048900000000,0.833333333333),
double3(0.666666666667,0.083333333333,0.833333333333),
double3(0.951100000000,0.284433333333,0.833333333333),
double3(0.916666666667,0.000000000000,0.833333333333),
double3(0.715566666667,0.284433333333,0.833333333333),
double3(0.666666666667,0.250000000000,0.833333333333),
double3(0.715566666667,0.048900000000,0.833333333333),
double3(0.750000000000,0.000000000000,0.833333333333),
double3(0.833333333333,0.000000000000,0.750000000000),
double3(0.833333333333,0.000000000000,0.916666666667),
double3(0.666666666667,0.166666666667,0.916666666667),
double3(0.666666666667,0.166666666667,0.750000000000),
double3(0.882233333333,0.000000000000,0.784433333333),
double3(0.666666666667,0.215566666667,0.784433333333),
double3(0.784433333333,0.000000000000,0.784433333333),
double3(0.666666666667,0.117766666667,0.784433333333),
double3(0.882233333333,0.000000000000,0.882233333333),
double3(0.666666666667,0.215566666667,0.882233333333),
double3(0.784433333333,0.000000000000,0.882233333333),
double3(0.666666666667,0.117766666667,0.882233333333),
double3(0.784433333333,0.215566666667,0.666666666667),
double3(0.784433333333,0.117766666667,0.666666666667),
double3(0.882233333333,0.117766666667,0.666666666667),
double3(0.882233333333,0.215566666667,0.666666666667),
double3(0.715566666667,0.500000000000,0.284433333333),
double3(0.750000000000,0.500000000000,0.000000000000),
double3(0.833333333333,0.382233333333,0.284433333333),
double3(0.833333333333,0.416666666667,0.000000000000),
double3(0.951100000000,0.500000000000,0.284433333333),
double3(0.916666666667,0.500000000000,0.000000000000),
double3(0.833333333333,0.617766666667,0.284433333333),
double3(0.833333333333,0.583333333333,0.000000000000),
double3(0.715566666667,0.500000000000,0.048900000000),
double3(0.833333333333,0.382233333333,0.048900000000),
double3(0.951100000000,0.500000000000,0.048900000000),
double3(0.833333333333,0.617766666667,0.048900000000),
double3(0.951100000000,0.382233333333,0.166666666667),
double3(0.666666666667,0.416666666667,0.166666666667),
double3(0.951100000000,0.617766666667,0.166666666667),
double3(0.916666666667,0.333333333333,0.166666666667),
double3(0.715566666667,0.617766666667,0.166666666667),
double3(0.666666666667,0.583333333333,0.166666666667),
double3(0.715566666667,0.382233333333,0.166666666667),
double3(0.750000000000,0.333333333333,0.166666666667),
double3(0.833333333333,0.333333333333,0.083333333333),
double3(0.833333333333,0.333333333333,0.250000000000),
double3(0.666666666667,0.500000000000,0.250000000000),
double3(0.666666666667,0.500000000000,0.083333333333),
double3(0.882233333333,0.333333333333,0.117766666667),
double3(0.666666666667,0.548900000000,0.117766666667),
double3(0.784433333333,0.333333333333,0.117766666667),
double3(0.666666666667,0.451100000000,0.117766666667),
double3(0.882233333333,0.333333333333,0.215566666667),
double3(0.666666666667,0.548900000000,0.215566666667),
double3(0.784433333333,0.333333333333,0.215566666667),
double3(0.666666666667,0.451100000000,0.215566666667),
double3(0.784433333333,0.548900000000,0.000000000000),
double3(0.784433333333,0.451100000000,0.000000000000),
double3(0.882233333333,0.451100000000,0.000000000000),
double3(0.882233333333,0.548900000000,0.000000000000),
double3(0.715566666667,0.500000000000,0.617766666667),
double3(0.750000000000,0.500000000000,0.333333333333),
double3(0.833333333333,0.382233333333,0.617766666667),
double3(0.833333333333,0.416666666667,0.333333333333),
double3(0.951100000000,0.500000000000,0.617766666667),
double3(0.916666666667,0.500000000000,0.333333333333),
double3(0.833333333333,0.617766666667,0.617766666667),
double3(0.833333333333,0.583333333333,0.333333333333),
double3(0.715566666667,0.500000000000,0.382233333333),
double3(0.833333333333,0.382233333333,0.382233333333),
double3(0.951100000000,0.500000000000,0.382233333333),
double3(0.833333333333,0.617766666667,0.382233333333),
double3(0.951100000000,0.382233333333,0.500000000000),
double3(0.666666666667,0.416666666667,0.500000000000),
double3(0.951100000000,0.617766666667,0.500000000000),
double3(0.916666666667,0.333333333333,0.500000000000),
double3(0.715566666667,0.617766666667,0.500000000000),
double3(0.666666666667,0.583333333333,0.500000000000),
double3(0.715566666667,0.382233333333,0.500000000000),
double3(0.750000000000,0.333333333333,0.500000000000),
double3(0.833333333333,0.333333333333,0.416666666667),
double3(0.833333333333,0.333333333333,0.583333333333),
double3(0.666666666667,0.500000000000,0.583333333333),
double3(0.666666666667,0.500000000000,0.416666666667),
double3(0.882233333333,0.333333333333,0.451100000000),
double3(0.666666666667,0.548900000000,0.451100000000),
double3(0.784433333333,0.333333333333,0.451100000000),
double3(0.666666666667,0.451100000000,0.451100000000),
double3(0.882233333333,0.333333333333,0.548900000000),
double3(0.666666666667,0.548900000000,0.548900000000),
double3(0.784433333333,0.333333333333,0.548900000000),
double3(0.666666666667,0.451100000000,0.548900000000),
double3(0.784433333333,0.548900000000,0.333333333333),
double3(0.784433333333,0.451100000000,0.333333333333),
double3(0.882233333333,0.451100000000,0.333333333333),
double3(0.882233333333,0.548900000000,0.333333333333),
double3(0.715566666667,0.500000000000,0.951100000000),
double3(0.750000000000,0.500000000000,0.666666666667),
double3(0.833333333333,0.382233333333,0.951100000000),
double3(0.833333333333,0.416666666667,0.666666666667),
double3(0.951100000000,0.500000000000,0.951100000000),
double3(0.916666666667,0.500000000000,0.666666666667),
double3(0.833333333333,0.617766666667,0.951100000000),
double3(0.833333333333,0.583333333333,0.666666666667),
double3(0.715566666667,0.500000000000,0.715566666667),
double3(0.833333333333,0.382233333333,0.715566666667),
double3(0.951100000000,0.500000000000,0.715566666667),
double3(0.833333333333,0.617766666667,0.715566666667),
double3(0.951100000000,0.382233333333,0.833333333333),
double3(0.666666666667,0.416666666667,0.833333333333),
double3(0.951100000000,0.617766666667,0.833333333333),
double3(0.916666666667,0.333333333333,0.833333333333),
double3(0.715566666667,0.617766666667,0.833333333333),
double3(0.666666666667,0.583333333333,0.833333333333),
double3(0.715566666667,0.382233333333,0.833333333333),
double3(0.750000000000,0.333333333333,0.833333333333),
double3(0.833333333333,0.333333333333,0.750000000000),
double3(0.833333333333,0.333333333333,0.916666666667),
double3(0.666666666667,0.500000000000,0.916666666667),
double3(0.666666666667,0.500000000000,0.750000000000),
double3(0.882233333333,0.333333333333,0.784433333333),
double3(0.666666666667,0.548900000000,0.784433333333),
double3(0.784433333333,0.333333333333,0.784433333333),
double3(0.666666666667,0.451100000000,0.784433333333),
double3(0.882233333333,0.333333333333,0.882233333333),
double3(0.666666666667,0.548900000000,0.882233333333),
double3(0.784433333333,0.333333333333,0.882233333333),
double3(0.666666666667,0.451100000000,0.882233333333),
double3(0.784433333333,0.548900000000,0.666666666667),
double3(0.784433333333,0.451100000000,0.666666666667),
double3(0.882233333333,0.451100000000,0.666666666667),
double3(0.882233333333,0.548900000000,0.666666666667),
double3(0.715566666667,0.833333333333,0.284433333333),
double3(0.750000000000,0.833333333333,0.000000000000),
double3(0.833333333333,0.715566666667,0.284433333333),
double3(0.833333333333,0.750000000000,0.000000000000),
double3(0.951100000000,0.833333333333,0.284433333333),
double3(0.916666666667,0.833333333333,0.000000000000),
double3(0.833333333333,0.951100000000,0.284433333333),
double3(0.833333333333,0.916666666667,0.000000000000),
double3(0.715566666667,0.833333333333,0.048900000000),
double3(0.833333333333,0.715566666667,0.048900000000),
double3(0.951100000000,0.833333333333,0.048900000000),
double3(0.833333333333,0.951100000000,0.048900000000),
double3(0.951100000000,0.715566666667,0.166666666667),
double3(0.666666666667,0.750000000000,0.166666666667),
double3(0.951100000000,0.951100000000,0.166666666667),
double3(0.916666666667,0.666666666667,0.166666666667),
double3(0.715566666667,0.951100000000,0.166666666667),
double3(0.666666666667,0.916666666667,0.166666666667),
double3(0.715566666667,0.715566666667,0.166666666667),
double3(0.750000000000,0.666666666667,0.166666666667),
double3(0.833333333333,0.666666666667,0.083333333333),
double3(0.833333333333,0.666666666667,0.250000000000),
double3(0.666666666667,0.833333333333,0.250000000000),
double3(0.666666666667,0.833333333333,0.083333333333),
double3(0.882233333333,0.666666666667,0.117766666667),
double3(0.666666666667,0.882233333333,0.117766666667),
double3(0.784433333333,0.666666666667,0.117766666667),
double3(0.666666666667,0.784433333333,0.117766666667),
double3(0.882233333333,0.666666666667,0.215566666667),
double3(0.666666666667,0.882233333333,0.215566666667),
double3(0.784433333333,0.666666666667,0.215566666667),
double3(0.666666666667,0.784433333333,0.215566666667),
double3(0.784433333333,0.882233333333,0.000000000000),
double3(0.784433333333,0.784433333333,0.000000000000),
double3(0.882233333333,0.784433333333,0.000000000000),
double3(0.882233333333,0.882233333333,0.000000000000),
double3(0.715566666667,0.833333333333,0.617766666667),
double3(0.750000000000,0.833333333333,0.333333333333),
double3(0.833333333333,0.715566666667,0.617766666667),
double3(0.833333333333,0.750000000000,0.333333333333),
double3(0.951100000000,0.833333333333,0.617766666667),
double3(0.916666666667,0.833333333333,0.333333333333),
double3(0.833333333333,0.951100000000,0.617766666667),
double3(0.833333333333,0.916666666667,0.333333333333),
double3(0.715566666667,0.833333333333,0.382233333333),
double3(0.833333333333,0.715566666667,0.382233333333),
double3(0.951100000000,0.833333333333,0.382233333333),
double3(0.833333333333,0.951100000000,0.382233333333),
double3(0.951100000000,0.715566666667,0.500000000000),
double3(0.666666666667,0.750000000000,0.500000000000),
double3(0.951100000000,0.951100000000,0.500000000000),
double3(0.916666666667,0.666666666667,0.500000000000),
double3(0.715566666667,0.951100000000,0.500000000000),
double3(0.666666666667,0.916666666667,0.500000000000),
double3(0.715566666667,0.715566666667,0.500000000000),
double3(0.750000000000,0.666666666667,0.500000000000),
double3(0.833333333333,0.666666666667,0.416666666667),
double3(0.833333333333,0.666666666667,0.583333333333),
double3(0.666666666667,0.833333333333,0.583333333333),
double3(0.666666666667,0.833333333333,0.416666666667),
double3(0.882233333333,0.666666666667,0.451100000000),
double3(0.666666666667,0.882233333333,0.451100000000),
double3(0.784433333333,0.666666666667,0.451100000000),
double3(0.666666666667,0.784433333333,0.451100000000),
double3(0.882233333333,0.666666666667,0.548900000000),
double3(0.666666666667,0.882233333333,0.548900000000),
double3(0.784433333333,0.666666666667,0.548900000000),
double3(0.666666666667,0.784433333333,0.548900000000),
double3(0.784433333333,0.882233333333,0.333333333333),
double3(0.784433333333,0.784433333333,0.333333333333),
double3(0.882233333333,0.784433333333,0.333333333333),
double3(0.882233333333,0.882233333333,0.333333333333),
double3(0.715566666667,0.833333333333,0.951100000000),
double3(0.750000000000,0.833333333333,0.666666666667),
double3(0.833333333333,0.715566666667,0.951100000000),
double3(0.833333333333,0.750000000000,0.666666666667),
double3(0.951100000000,0.833333333333,0.951100000000),
double3(0.916666666667,0.833333333333,0.666666666667),
double3(0.833333333333,0.951100000000,0.951100000000),
double3(0.833333333333,0.916666666667,0.666666666667),
double3(0.715566666667,0.833333333333,0.715566666667),
double3(0.833333333333,0.715566666667,0.715566666667),
double3(0.951100000000,0.833333333333,0.715566666667),
double3(0.833333333333,0.951100000000,0.715566666667),
double3(0.951100000000,0.715566666667,0.833333333333),
double3(0.666666666667,0.750000000000,0.833333333333),
double3(0.951100000000,0.951100000000,0.833333333333),
double3(0.916666666667,0.666666666667,0.833333333333),
double3(0.715566666667,0.951100000000,0.833333333333),
double3(0.666666666667,0.916666666667,0.833333333333),
double3(0.715566666667,0.715566666667,0.833333333333),
double3(0.750000000000,0.666666666667,0.833333333333),
double3(0.833333333333,0.666666666667,0.750000000000),
double3(0.833333333333,0.666666666667,0.916666666667),
double3(0.666666666667,0.833333333333,0.916666666667),
double3(0.666666666667,0.833333333333,0.750000000000),
double3(0.882233333333,0.666666666667,0.784433333333),
double3(0.666666666667,0.882233333333,0.784433333333),
double3(0.784433333333,0.666666666667,0.784433333333),
double3(0.666666666667,0.784433333333,0.784433333333),
double3(0.882233333333,0.666666666667,0.882233333333),
double3(0.666666666667,0.882233333333,0.882233333333),
double3(0.784433333333,0.666666666667,0.882233333333),
double3(0.666666666667,0.784433333333,0.882233333333),
double3(0.784433333333,0.882233333333,0.666666666667),
double3(0.784433333333,0.784433333333,0.666666666667),
double3(0.882233333333,0.784433333333,0.666666666667),
double3(0.882233333333,0.882233333333,0.666666666667),
