[double3(19.905000000000,0.000000000000,0.000000000000),double3(0.000000000000,7.546000000000,0.000000000000),double3(0.000000000000,0.000000000000,9.068000000000)]

double3(0.488350000000,0.066425000000,0.106533333333),
double3(0.026750000000,0.000000000000,0.079300000000),
double3(0.047850000000,0.055700000000,0.146933333333),
double3(0.043000000000,0.081475000000,0.054933333333),
double3(0.076800000000,0.081450000000,0.228933333333),
double3(0.054150000000,0.000000000000,0.220633333333),
double3(0.000000000000,0.125000000000,0.000000000000),
double3(0.064150000000,0.125000000000,0.310533333333),
double3(0.375000000000,0.125000000000,0.059066666667),
double3(0.026450000000,0.050900000000,0.096966666667),
double3(0.047600000000,0.050925000000,0.205866666667),
double3(0.037550000000,0.125000000000,0.021666666667),
double3(0.335700000000,0.125000000000,0.072800000000),
double3(0.261650000000,0.183575000000,0.106533333333),
double3(0.223250000000,0.000000000000,0.079300000000),
double3(0.202150000000,0.194300000000,0.146933333333),
double3(0.207000000000,0.168525000000,0.054933333333),
double3(0.173200000000,0.168550000000,0.228933333333),
double3(0.195850000000,0.000000000000,0.220633333333),
double3(0.250000000000,0.125000000000,0.000000000000),
double3(0.185850000000,0.125000000000,0.310533333333),
double3(0.223550000000,0.199100000000,0.096966666667),
double3(0.202400000000,0.199075000000,0.205866666667),
double3(0.212450000000,0.125000000000,0.021666666667),
double3(0.414300000000,0.125000000000,0.072800000000),
double3(0.238350000000,0.183575000000,0.226800000000),
double3(0.276750000000,0.000000000000,0.254033333333),
double3(0.297850000000,0.194300000000,0.186400000000),
double3(0.293000000000,0.168525000000,0.278400000000),
double3(0.326800000000,0.168550000000,0.104400000000),
double3(0.304150000000,0.000000000000,0.112700000000),
double3(0.314150000000,0.125000000000,0.022800000000),
double3(0.125000000000,0.125000000000,0.274266666667),
double3(0.276450000000,0.199100000000,0.236366666667),
double3(0.297600000000,0.199075000000,0.127466666667),
double3(0.287550000000,0.125000000000,0.311666666667),
double3(0.085700000000,0.125000000000,0.260533333333),
double3(0.011650000000,0.066425000000,0.226800000000),
double3(0.473250000000,0.000000000000,0.254033333333),
double3(0.452150000000,0.055700000000,0.186400000000),
double3(0.457000000000,0.081475000000,0.278400000000),
double3(0.423200000000,0.081450000000,0.104400000000),
double3(0.445850000000,0.000000000000,0.112700000000),
double3(0.435850000000,0.125000000000,0.022800000000),
double3(0.473550000000,0.050900000000,0.236366666667),
double3(0.452400000000,0.050925000000,0.127466666667),
double3(0.462450000000,0.125000000000,0.311666666667),
double3(0.164300000000,0.125000000000,0.260533333333),
double3(0.011650000000,0.183575000000,0.226800000000),
double3(0.452150000000,0.194300000000,0.186400000000),
double3(0.457000000000,0.168525000000,0.278400000000),
double3(0.423200000000,0.168550000000,0.104400000000),
double3(0.473550000000,0.199100000000,0.236366666667),
double3(0.452400000000,0.199075000000,0.127466666667),
double3(0.238350000000,0.066425000000,0.226800000000),
double3(0.297850000000,0.055700000000,0.186400000000),
double3(0.293000000000,0.081475000000,0.278400000000),
double3(0.326800000000,0.081450000000,0.104400000000),
double3(0.276450000000,0.050900000000,0.236366666667),
double3(0.297600000000,0.050925000000,0.127466666667),
double3(0.261650000000,0.066425000000,0.106533333333),
double3(0.202150000000,0.055700000000,0.146933333333),
double3(0.207000000000,0.081475000000,0.054933333333),
double3(0.173200000000,0.081450000000,0.228933333333),
double3(0.223550000000,0.050900000000,0.096966666667),
double3(0.202400000000,0.050925000000,0.205866666667),
double3(0.488350000000,0.183575000000,0.106533333333),
double3(0.047850000000,0.194300000000,0.146933333333),
double3(0.043000000000,0.168525000000,0.054933333333),
double3(0.076800000000,0.168550000000,0.228933333333),
double3(0.026450000000,0.199100000000,0.096966666667),
double3(0.047600000000,0.199075000000,0.205866666667),
double3(0.488350000000,0.066425000000,0.439866666667),
double3(0.026750000000,0.000000000000,0.412633333333),
double3(0.047850000000,0.055700000000,0.480266666667),
double3(0.043000000000,0.081475000000,0.388266666667),
double3(0.076800000000,0.081450000000,0.562266666667),
double3(0.054150000000,0.000000000000,0.553966666667),
double3(0.000000000000,0.125000000000,0.333333333333),
double3(0.064150000000,0.125000000000,0.643866666667),
double3(0.375000000000,0.125000000000,0.392400000000),
double3(0.026450000000,0.050900000000,0.430300000000),
double3(0.047600000000,0.050925000000,0.539200000000),
double3(0.037550000000,0.125000000000,0.355000000000),
double3(0.335700000000,0.125000000000,0.406133333333),
double3(0.261650000000,0.183575000000,0.439866666667),
double3(0.223250000000,0.000000000000,0.412633333333),
double3(0.202150000000,0.194300000000,0.480266666667),
double3(0.207000000000,0.168525000000,0.388266666667),
double3(0.173200000000,0.168550000000,0.562266666667),
double3(0.195850000000,0.000000000000,0.553966666667),
double3(0.250000000000,0.125000000000,0.333333333333),
double3(0.185850000000,0.125000000000,0.643866666667),
double3(0.223550000000,0.199100000000,0.430300000000),
double3(0.202400000000,0.199075000000,0.539200000000),
double3(0.212450000000,0.125000000000,0.355000000000),
double3(0.414300000000,0.125000000000,0.406133333333),
double3(0.238350000000,0.183575000000,0.560133333333),
double3(0.276750000000,0.000000000000,0.587366666667),
double3(0.297850000000,0.194300000000,0.519733333333),
double3(0.293000000000,0.168525000000,0.611733333333),
double3(0.326800000000,0.168550000000,0.437733333333),
double3(0.304150000000,0.000000000000,0.446033333333),
double3(0.314150000000,0.125000000000,0.356133333333),
double3(0.125000000000,0.125000000000,0.607600000000),
double3(0.276450000000,0.199100000000,0.569700000000),
double3(0.297600000000,0.199075000000,0.460800000000),
double3(0.287550000000,0.125000000000,0.645000000000),
double3(0.085700000000,0.125000000000,0.593866666667),
double3(0.011650000000,0.066425000000,0.560133333333),
double3(0.473250000000,0.000000000000,0.587366666667),
double3(0.452150000000,0.055700000000,0.519733333333),
double3(0.457000000000,0.081475000000,0.611733333333),
double3(0.423200000000,0.081450000000,0.437733333333),
double3(0.445850000000,0.000000000000,0.446033333333),
double3(0.435850000000,0.125000000000,0.356133333333),
double3(0.473550000000,0.050900000000,0.569700000000),
double3(0.452400000000,0.050925000000,0.460800000000),
double3(0.462450000000,0.125000000000,0.645000000000),
double3(0.164300000000,0.125000000000,0.593866666667),
double3(0.011650000000,0.183575000000,0.560133333333),
double3(0.452150000000,0.194300000000,0.519733333333),
double3(0.457000000000,0.168525000000,0.611733333333),
double3(0.423200000000,0.168550000000,0.437733333333),
double3(0.473550000000,0.199100000000,0.569700000000),
double3(0.452400000000,0.199075000000,0.460800000000),
double3(0.238350000000,0.066425000000,0.560133333333),
double3(0.297850000000,0.055700000000,0.519733333333),
double3(0.293000000000,0.081475000000,0.611733333333),
double3(0.326800000000,0.081450000000,0.437733333333),
double3(0.276450000000,0.050900000000,0.569700000000),
double3(0.297600000000,0.050925000000,0.460800000000),
double3(0.261650000000,0.066425000000,0.439866666667),
double3(0.202150000000,0.055700000000,0.480266666667),
double3(0.207000000000,0.081475000000,0.388266666667),
double3(0.173200000000,0.081450000000,0.562266666667),
double3(0.223550000000,0.050900000000,0.430300000000),
double3(0.202400000000,0.050925000000,0.539200000000),
double3(0.488350000000,0.183575000000,0.439866666667),
double3(0.047850000000,0.194300000000,0.480266666667),
double3(0.043000000000,0.168525000000,0.388266666667),
double3(0.076800000000,0.168550000000,0.562266666667),
double3(0.026450000000,0.199100000000,0.430300000000),
double3(0.047600000000,0.199075000000,0.539200000000),
double3(0.488350000000,0.066425000000,0.773200000000),
double3(0.026750000000,0.000000000000,0.745966666667),
double3(0.047850000000,0.055700000000,0.813600000000),
double3(0.043000000000,0.081475000000,0.721600000000),
double3(0.076800000000,0.081450000000,0.895600000000),
double3(0.054150000000,0.000000000000,0.887300000000),
double3(0.000000000000,0.125000000000,0.666666666667),
double3(0.064150000000,0.125000000000,0.977200000000),
double3(0.375000000000,0.125000000000,0.725733333333),
double3(0.026450000000,0.050900000000,0.763633333333),
double3(0.047600000000,0.050925000000,0.872533333333),
double3(0.037550000000,0.125000000000,0.688333333333),
double3(0.335700000000,0.125000000000,0.739466666667),
double3(0.261650000000,0.183575000000,0.773200000000),
double3(0.223250000000,0.000000000000,0.745966666667),
double3(0.202150000000,0.194300000000,0.813600000000),
double3(0.207000000000,0.168525000000,0.721600000000),
double3(0.173200000000,0.168550000000,0.895600000000),
double3(0.195850000000,0.000000000000,0.887300000000),
double3(0.250000000000,0.125000000000,0.666666666667),
double3(0.185850000000,0.125000000000,0.977200000000),
double3(0.223550000000,0.199100000000,0.763633333333),
double3(0.202400000000,0.199075000000,0.872533333333),
double3(0.212450000000,0.125000000000,0.688333333333),
double3(0.414300000000,0.125000000000,0.739466666667),
double3(0.238350000000,0.183575000000,0.893466666667),
double3(0.276750000000,0.000000000000,0.920700000000),
double3(0.297850000000,0.194300000000,0.853066666667),
double3(0.293000000000,0.168525000000,0.945066666667),
double3(0.326800000000,0.168550000000,0.771066666667),
double3(0.304150000000,0.000000000000,0.779366666667),
double3(0.314150000000,0.125000000000,0.689466666667),
double3(0.125000000000,0.125000000000,0.940933333333),
double3(0.276450000000,0.199100000000,0.903033333333),
double3(0.297600000000,0.199075000000,0.794133333333),
double3(0.287550000000,0.125000000000,0.978333333333),
double3(0.085700000000,0.125000000000,0.927200000000),
double3(0.011650000000,0.066425000000,0.893466666667),
double3(0.473250000000,0.000000000000,0.920700000000),
double3(0.452150000000,0.055700000000,0.853066666667),
double3(0.457000000000,0.081475000000,0.945066666667),
double3(0.423200000000,0.081450000000,0.771066666667),
double3(0.445850000000,0.000000000000,0.779366666667),
double3(0.435850000000,0.125000000000,0.689466666667),
double3(0.473550000000,0.050900000000,0.903033333333),
double3(0.452400000000,0.050925000000,0.794133333333),
double3(0.462450000000,0.125000000000,0.978333333333),
double3(0.164300000000,0.125000000000,0.927200000000),
double3(0.011650000000,0.183575000000,0.893466666667),
double3(0.452150000000,0.194300000000,0.853066666667),
double3(0.457000000000,0.168525000000,0.945066666667),
double3(0.423200000000,0.168550000000,0.771066666667),
double3(0.473550000000,0.199100000000,0.903033333333),
double3(0.452400000000,0.199075000000,0.794133333333),
double3(0.238350000000,0.066425000000,0.893466666667),
double3(0.297850000000,0.055700000000,0.853066666667),
double3(0.293000000000,0.081475000000,0.945066666667),
double3(0.326800000000,0.081450000000,0.771066666667),
double3(0.276450000000,0.050900000000,0.903033333333),
double3(0.297600000000,0.050925000000,0.794133333333),
double3(0.261650000000,0.066425000000,0.773200000000),
double3(0.202150000000,0.055700000000,0.813600000000),
double3(0.207000000000,0.081475000000,0.721600000000),
double3(0.173200000000,0.081450000000,0.895600000000),
double3(0.223550000000,0.050900000000,0.763633333333),
double3(0.202400000000,0.050925000000,0.872533333333),
double3(0.488350000000,0.183575000000,0.773200000000),
double3(0.047850000000,0.194300000000,0.813600000000),
double3(0.043000000000,0.168525000000,0.721600000000),
double3(0.076800000000,0.168550000000,0.895600000000),
double3(0.026450000000,0.199100000000,0.763633333333),
double3(0.047600000000,0.199075000000,0.872533333333),
double3(0.488350000000,0.316425000000,0.106533333333),
double3(0.026750000000,0.250000000000,0.079300000000),
double3(0.047850000000,0.305700000000,0.146933333333),
double3(0.043000000000,0.331475000000,0.054933333333),
double3(0.076800000000,0.331450000000,0.228933333333),
double3(0.054150000000,0.250000000000,0.220633333333),
double3(0.000000000000,0.375000000000,0.000000000000),
double3(0.064150000000,0.375000000000,0.310533333333),
double3(0.375000000000,0.375000000000,0.059066666667),
double3(0.026450000000,0.300900000000,0.096966666667),
double3(0.047600000000,0.300925000000,0.205866666667),
double3(0.037550000000,0.375000000000,0.021666666667),
double3(0.335700000000,0.375000000000,0.072800000000),
double3(0.261650000000,0.433575000000,0.106533333333),
double3(0.223250000000,0.250000000000,0.079300000000),
double3(0.202150000000,0.444300000000,0.146933333333),
double3(0.207000000000,0.418525000000,0.054933333333),
double3(0.173200000000,0.418550000000,0.228933333333),
double3(0.195850000000,0.250000000000,0.220633333333),
double3(0.250000000000,0.375000000000,0.000000000000),
double3(0.185850000000,0.375000000000,0.310533333333),
double3(0.223550000000,0.449100000000,0.096966666667),
double3(0.202400000000,0.449075000000,0.205866666667),
double3(0.212450000000,0.375000000000,0.021666666667),
double3(0.414300000000,0.375000000000,0.072800000000),
double3(0.238350000000,0.433575000000,0.226800000000),
double3(0.276750000000,0.250000000000,0.254033333333),
double3(0.297850000000,0.444300000000,0.186400000000),
double3(0.293000000000,0.418525000000,0.278400000000),
double3(0.326800000000,0.418550000000,0.104400000000),
double3(0.304150000000,0.250000000000,0.112700000000),
double3(0.314150000000,0.375000000000,0.022800000000),
double3(0.125000000000,0.375000000000,0.274266666667),
double3(0.276450000000,0.449100000000,0.236366666667),
double3(0.297600000000,0.449075000000,0.127466666667),
double3(0.287550000000,0.375000000000,0.311666666667),
double3(0.085700000000,0.375000000000,0.260533333333),
double3(0.011650000000,0.316425000000,0.226800000000),
double3(0.473250000000,0.250000000000,0.254033333333),
double3(0.452150000000,0.305700000000,0.186400000000),
double3(0.457000000000,0.331475000000,0.278400000000),
double3(0.423200000000,0.331450000000,0.104400000000),
double3(0.445850000000,0.250000000000,0.112700000000),
double3(0.435850000000,0.375000000000,0.022800000000),
double3(0.473550000000,0.300900000000,0.236366666667),
double3(0.452400000000,0.300925000000,0.127466666667),
double3(0.462450000000,0.375000000000,0.311666666667),
double3(0.164300000000,0.375000000000,0.260533333333),
double3(0.011650000000,0.433575000000,0.226800000000),
double3(0.452150000000,0.444300000000,0.186400000000),
double3(0.457000000000,0.418525000000,0.278400000000),
double3(0.423200000000,0.418550000000,0.104400000000),
double3(0.473550000000,0.449100000000,0.236366666667),
double3(0.452400000000,0.449075000000,0.127466666667),
double3(0.238350000000,0.316425000000,0.226800000000),
double3(0.297850000000,0.305700000000,0.186400000000),
double3(0.293000000000,0.331475000000,0.278400000000),
double3(0.326800000000,0.331450000000,0.104400000000),
double3(0.276450000000,0.300900000000,0.236366666667),
double3(0.297600000000,0.300925000000,0.127466666667),
double3(0.261650000000,0.316425000000,0.106533333333),
double3(0.202150000000,0.305700000000,0.146933333333),
double3(0.207000000000,0.331475000000,0.054933333333),
double3(0.173200000000,0.331450000000,0.228933333333),
double3(0.223550000000,0.300900000000,0.096966666667),
double3(0.202400000000,0.300925000000,0.205866666667),
double3(0.488350000000,0.433575000000,0.106533333333),
double3(0.047850000000,0.444300000000,0.146933333333),
double3(0.043000000000,0.418525000000,0.054933333333),
double3(0.076800000000,0.418550000000,0.228933333333),
double3(0.026450000000,0.449100000000,0.096966666667),
double3(0.047600000000,0.449075000000,0.205866666667),
double3(0.488350000000,0.316425000000,0.439866666667),
double3(0.026750000000,0.250000000000,0.412633333333),
double3(0.047850000000,0.305700000000,0.480266666667),
double3(0.043000000000,0.331475000000,0.388266666667),
double3(0.076800000000,0.331450000000,0.562266666667),
double3(0.054150000000,0.250000000000,0.553966666667),
double3(0.000000000000,0.375000000000,0.333333333333),
double3(0.064150000000,0.375000000000,0.643866666667),
double3(0.375000000000,0.375000000000,0.392400000000),
double3(0.026450000000,0.300900000000,0.430300000000),
double3(0.047600000000,0.300925000000,0.539200000000),
double3(0.037550000000,0.375000000000,0.355000000000),
double3(0.335700000000,0.375000000000,0.406133333333),
double3(0.261650000000,0.433575000000,0.439866666667),
double3(0.223250000000,0.250000000000,0.412633333333),
double3(0.202150000000,0.444300000000,0.480266666667),
double3(0.207000000000,0.418525000000,0.388266666667),
double3(0.173200000000,0.418550000000,0.562266666667),
double3(0.195850000000,0.250000000000,0.553966666667),
double3(0.250000000000,0.375000000000,0.333333333333),
double3(0.185850000000,0.375000000000,0.643866666667),
double3(0.223550000000,0.449100000000,0.430300000000),
double3(0.202400000000,0.449075000000,0.539200000000),
double3(0.212450000000,0.375000000000,0.355000000000),
double3(0.414300000000,0.375000000000,0.406133333333),
double3(0.238350000000,0.433575000000,0.560133333333),
double3(0.276750000000,0.250000000000,0.587366666667),
double3(0.297850000000,0.444300000000,0.519733333333),
double3(0.293000000000,0.418525000000,0.611733333333),
double3(0.326800000000,0.418550000000,0.437733333333),
double3(0.304150000000,0.250000000000,0.446033333333),
double3(0.314150000000,0.375000000000,0.356133333333),
double3(0.125000000000,0.375000000000,0.607600000000),
double3(0.276450000000,0.449100000000,0.569700000000),
double3(0.297600000000,0.449075000000,0.460800000000),
double3(0.287550000000,0.375000000000,0.645000000000),
double3(0.085700000000,0.375000000000,0.593866666667),
double3(0.011650000000,0.316425000000,0.560133333333),
double3(0.473250000000,0.250000000000,0.587366666667),
double3(0.452150000000,0.305700000000,0.519733333333),
double3(0.457000000000,0.331475000000,0.611733333333),
double3(0.423200000000,0.331450000000,0.437733333333),
double3(0.445850000000,0.250000000000,0.446033333333),
double3(0.435850000000,0.375000000000,0.356133333333),
double3(0.473550000000,0.300900000000,0.569700000000),
double3(0.452400000000,0.300925000000,0.460800000000),
double3(0.462450000000,0.375000000000,0.645000000000),
double3(0.164300000000,0.375000000000,0.593866666667),
double3(0.011650000000,0.433575000000,0.560133333333),
double3(0.452150000000,0.444300000000,0.519733333333),
double3(0.457000000000,0.418525000000,0.611733333333),
double3(0.423200000000,0.418550000000,0.437733333333),
double3(0.473550000000,0.449100000000,0.569700000000),
double3(0.452400000000,0.449075000000,0.460800000000),
double3(0.238350000000,0.316425000000,0.560133333333),
double3(0.297850000000,0.305700000000,0.519733333333),
double3(0.293000000000,0.331475000000,0.611733333333),
double3(0.326800000000,0.331450000000,0.437733333333),
double3(0.276450000000,0.300900000000,0.569700000000),
double3(0.297600000000,0.300925000000,0.460800000000),
double3(0.261650000000,0.316425000000,0.439866666667),
double3(0.202150000000,0.305700000000,0.480266666667),
double3(0.207000000000,0.331475000000,0.388266666667),
double3(0.173200000000,0.331450000000,0.562266666667),
double3(0.223550000000,0.300900000000,0.430300000000),
double3(0.202400000000,0.300925000000,0.539200000000),
double3(0.488350000000,0.433575000000,0.439866666667),
double3(0.047850000000,0.444300000000,0.480266666667),
double3(0.043000000000,0.418525000000,0.388266666667),
double3(0.076800000000,0.418550000000,0.562266666667),
double3(0.026450000000,0.449100000000,0.430300000000),
double3(0.047600000000,0.449075000000,0.539200000000),
double3(0.488350000000,0.316425000000,0.773200000000),
double3(0.026750000000,0.250000000000,0.745966666667),
double3(0.047850000000,0.305700000000,0.813600000000),
double3(0.043000000000,0.331475000000,0.721600000000),
double3(0.076800000000,0.331450000000,0.895600000000),
double3(0.054150000000,0.250000000000,0.887300000000),
double3(0.000000000000,0.375000000000,0.666666666667),
double3(0.064150000000,0.375000000000,0.977200000000),
double3(0.375000000000,0.375000000000,0.725733333333),
double3(0.026450000000,0.300900000000,0.763633333333),
double3(0.047600000000,0.300925000000,0.872533333333),
double3(0.037550000000,0.375000000000,0.688333333333),
double3(0.335700000000,0.375000000000,0.739466666667),
double3(0.261650000000,0.433575000000,0.773200000000),
double3(0.223250000000,0.250000000000,0.745966666667),
double3(0.202150000000,0.444300000000,0.813600000000),
double3(0.207000000000,0.418525000000,0.721600000000),
double3(0.173200000000,0.418550000000,0.895600000000),
double3(0.195850000000,0.250000000000,0.887300000000),
double3(0.250000000000,0.375000000000,0.666666666667),
double3(0.185850000000,0.375000000000,0.977200000000),
double3(0.223550000000,0.449100000000,0.763633333333),
double3(0.202400000000,0.449075000000,0.872533333333),
double3(0.212450000000,0.375000000000,0.688333333333),
double3(0.414300000000,0.375000000000,0.739466666667),
double3(0.238350000000,0.433575000000,0.893466666667),
double3(0.276750000000,0.250000000000,0.920700000000),
double3(0.297850000000,0.444300000000,0.853066666667),
double3(0.293000000000,0.418525000000,0.945066666667),
double3(0.326800000000,0.418550000000,0.771066666667),
double3(0.304150000000,0.250000000000,0.779366666667),
double3(0.314150000000,0.375000000000,0.689466666667),
double3(0.125000000000,0.375000000000,0.940933333333),
double3(0.276450000000,0.449100000000,0.903033333333),
double3(0.297600000000,0.449075000000,0.794133333333),
double3(0.287550000000,0.375000000000,0.978333333333),
double3(0.085700000000,0.375000000000,0.927200000000),
double3(0.011650000000,0.316425000000,0.893466666667),
double3(0.473250000000,0.250000000000,0.920700000000),
double3(0.452150000000,0.305700000000,0.853066666667),
double3(0.457000000000,0.331475000000,0.945066666667),
double3(0.423200000000,0.331450000000,0.771066666667),
double3(0.445850000000,0.250000000000,0.779366666667),
double3(0.435850000000,0.375000000000,0.689466666667),
double3(0.473550000000,0.300900000000,0.903033333333),
double3(0.452400000000,0.300925000000,0.794133333333),
double3(0.462450000000,0.375000000000,0.978333333333),
double3(0.164300000000,0.375000000000,0.927200000000),
double3(0.011650000000,0.433575000000,0.893466666667),
double3(0.452150000000,0.444300000000,0.853066666667),
double3(0.457000000000,0.418525000000,0.945066666667),
double3(0.423200000000,0.418550000000,0.771066666667),
double3(0.473550000000,0.449100000000,0.903033333333),
double3(0.452400000000,0.449075000000,0.794133333333),
double3(0.238350000000,0.316425000000,0.893466666667),
double3(0.297850000000,0.305700000000,0.853066666667),
double3(0.293000000000,0.331475000000,0.945066666667),
double3(0.326800000000,0.331450000000,0.771066666667),
double3(0.276450000000,0.300900000000,0.903033333333),
double3(0.297600000000,0.300925000000,0.794133333333),
double3(0.261650000000,0.316425000000,0.773200000000),
double3(0.202150000000,0.305700000000,0.813600000000),
double3(0.207000000000,0.331475000000,0.721600000000),
double3(0.173200000000,0.331450000000,0.895600000000),
double3(0.223550000000,0.300900000000,0.763633333333),
double3(0.202400000000,0.300925000000,0.872533333333),
double3(0.488350000000,0.433575000000,0.773200000000),
double3(0.047850000000,0.444300000000,0.813600000000),
double3(0.043000000000,0.418525000000,0.721600000000),
double3(0.076800000000,0.418550000000,0.895600000000),
double3(0.026450000000,0.449100000000,0.763633333333),
double3(0.047600000000,0.449075000000,0.872533333333),
double3(0.488350000000,0.566425000000,0.106533333333),
double3(0.026750000000,0.500000000000,0.079300000000),
double3(0.047850000000,0.555700000000,0.146933333333),
double3(0.043000000000,0.581475000000,0.054933333333),
double3(0.076800000000,0.581450000000,0.228933333333),
double3(0.054150000000,0.500000000000,0.220633333333),
double3(0.000000000000,0.625000000000,0.000000000000),
double3(0.064150000000,0.625000000000,0.310533333333),
double3(0.375000000000,0.625000000000,0.059066666667),
double3(0.026450000000,0.550900000000,0.096966666667),
double3(0.047600000000,0.550925000000,0.205866666667),
double3(0.037550000000,0.625000000000,0.021666666667),
double3(0.335700000000,0.625000000000,0.072800000000),
double3(0.261650000000,0.683575000000,0.106533333333),
double3(0.223250000000,0.500000000000,0.079300000000),
double3(0.202150000000,0.694300000000,0.146933333333),
double3(0.207000000000,0.668525000000,0.054933333333),
double3(0.173200000000,0.668550000000,0.228933333333),
double3(0.195850000000,0.500000000000,0.220633333333),
double3(0.250000000000,0.625000000000,0.000000000000),
double3(0.185850000000,0.625000000000,0.310533333333),
double3(0.223550000000,0.699100000000,0.096966666667),
double3(0.202400000000,0.699075000000,0.205866666667),
double3(0.212450000000,0.625000000000,0.021666666667),
double3(0.414300000000,0.625000000000,0.072800000000),
double3(0.238350000000,0.683575000000,0.226800000000),
double3(0.276750000000,0.500000000000,0.254033333333),
double3(0.297850000000,0.694300000000,0.186400000000),
double3(0.293000000000,0.668525000000,0.278400000000),
double3(0.326800000000,0.668550000000,0.104400000000),
double3(0.304150000000,0.500000000000,0.112700000000),
double3(0.314150000000,0.625000000000,0.022800000000),
double3(0.125000000000,0.625000000000,0.274266666667),
double3(0.276450000000,0.699100000000,0.236366666667),
double3(0.297600000000,0.699075000000,0.127466666667),
double3(0.287550000000,0.625000000000,0.311666666667),
double3(0.085700000000,0.625000000000,0.260533333333),
double3(0.011650000000,0.566425000000,0.226800000000),
double3(0.473250000000,0.500000000000,0.254033333333),
double3(0.452150000000,0.555700000000,0.186400000000),
double3(0.457000000000,0.581475000000,0.278400000000),
double3(0.423200000000,0.581450000000,0.104400000000),
double3(0.445850000000,0.500000000000,0.112700000000),
double3(0.435850000000,0.625000000000,0.022800000000),
double3(0.473550000000,0.550900000000,0.236366666667),
double3(0.452400000000,0.550925000000,0.127466666667),
double3(0.462450000000,0.625000000000,0.311666666667),
double3(0.164300000000,0.625000000000,0.260533333333),
double3(0.011650000000,0.683575000000,0.226800000000),
double3(0.452150000000,0.694300000000,0.186400000000),
double3(0.457000000000,0.668525000000,0.278400000000),
double3(0.423200000000,0.668550000000,0.104400000000),
double3(0.473550000000,0.699100000000,0.236366666667),
double3(0.452400000000,0.699075000000,0.127466666667),
double3(0.238350000000,0.566425000000,0.226800000000),
double3(0.297850000000,0.555700000000,0.186400000000),
double3(0.293000000000,0.581475000000,0.278400000000),
double3(0.326800000000,0.581450000000,0.104400000000),
double3(0.276450000000,0.550900000000,0.236366666667),
double3(0.297600000000,0.550925000000,0.127466666667),
double3(0.261650000000,0.566425000000,0.106533333333),
double3(0.202150000000,0.555700000000,0.146933333333),
double3(0.207000000000,0.581475000000,0.054933333333),
double3(0.173200000000,0.581450000000,0.228933333333),
double3(0.223550000000,0.550900000000,0.096966666667),
double3(0.202400000000,0.550925000000,0.205866666667),
double3(0.488350000000,0.683575000000,0.106533333333),
double3(0.047850000000,0.694300000000,0.146933333333),
double3(0.043000000000,0.668525000000,0.054933333333),
double3(0.076800000000,0.668550000000,0.228933333333),
double3(0.026450000000,0.699100000000,0.096966666667),
double3(0.047600000000,0.699075000000,0.205866666667),
double3(0.488350000000,0.566425000000,0.439866666667),
double3(0.026750000000,0.500000000000,0.412633333333),
double3(0.047850000000,0.555700000000,0.480266666667),
double3(0.043000000000,0.581475000000,0.388266666667),
double3(0.076800000000,0.581450000000,0.562266666667),
double3(0.054150000000,0.500000000000,0.553966666667),
double3(0.000000000000,0.625000000000,0.333333333333),
double3(0.064150000000,0.625000000000,0.643866666667),
double3(0.375000000000,0.625000000000,0.392400000000),
double3(0.026450000000,0.550900000000,0.430300000000),
double3(0.047600000000,0.550925000000,0.539200000000),
double3(0.037550000000,0.625000000000,0.355000000000),
double3(0.335700000000,0.625000000000,0.406133333333),
double3(0.261650000000,0.683575000000,0.439866666667),
double3(0.223250000000,0.500000000000,0.412633333333),
double3(0.202150000000,0.694300000000,0.480266666667),
double3(0.207000000000,0.668525000000,0.388266666667),
double3(0.173200000000,0.668550000000,0.562266666667),
double3(0.195850000000,0.500000000000,0.553966666667),
double3(0.250000000000,0.625000000000,0.333333333333),
double3(0.185850000000,0.625000000000,0.643866666667),
double3(0.223550000000,0.699100000000,0.430300000000),
double3(0.202400000000,0.699075000000,0.539200000000),
double3(0.212450000000,0.625000000000,0.355000000000),
double3(0.414300000000,0.625000000000,0.406133333333),
double3(0.238350000000,0.683575000000,0.560133333333),
double3(0.276750000000,0.500000000000,0.587366666667),
double3(0.297850000000,0.694300000000,0.519733333333),
double3(0.293000000000,0.668525000000,0.611733333333),
double3(0.326800000000,0.668550000000,0.437733333333),
double3(0.304150000000,0.500000000000,0.446033333333),
double3(0.314150000000,0.625000000000,0.356133333333),
double3(0.125000000000,0.625000000000,0.607600000000),
double3(0.276450000000,0.699100000000,0.569700000000),
double3(0.297600000000,0.699075000000,0.460800000000),
double3(0.287550000000,0.625000000000,0.645000000000),
double3(0.085700000000,0.625000000000,0.593866666667),
double3(0.011650000000,0.566425000000,0.560133333333),
double3(0.473250000000,0.500000000000,0.587366666667),
double3(0.452150000000,0.555700000000,0.519733333333),
double3(0.457000000000,0.581475000000,0.611733333333),
double3(0.423200000000,0.581450000000,0.437733333333),
double3(0.445850000000,0.500000000000,0.446033333333),
double3(0.435850000000,0.625000000000,0.356133333333),
double3(0.473550000000,0.550900000000,0.569700000000),
double3(0.452400000000,0.550925000000,0.460800000000),
double3(0.462450000000,0.625000000000,0.645000000000),
double3(0.164300000000,0.625000000000,0.593866666667),
double3(0.011650000000,0.683575000000,0.560133333333),
double3(0.452150000000,0.694300000000,0.519733333333),
double3(0.457000000000,0.668525000000,0.611733333333),
double3(0.423200000000,0.668550000000,0.437733333333),
double3(0.473550000000,0.699100000000,0.569700000000),
double3(0.452400000000,0.699075000000,0.460800000000),
double3(0.238350000000,0.566425000000,0.560133333333),
double3(0.297850000000,0.555700000000,0.519733333333),
double3(0.293000000000,0.581475000000,0.611733333333),
double3(0.326800000000,0.581450000000,0.437733333333),
double3(0.276450000000,0.550900000000,0.569700000000),
double3(0.297600000000,0.550925000000,0.460800000000),
double3(0.261650000000,0.566425000000,0.439866666667),
double3(0.202150000000,0.555700000000,0.480266666667),
double3(0.207000000000,0.581475000000,0.388266666667),
double3(0.173200000000,0.581450000000,0.562266666667),
double3(0.223550000000,0.550900000000,0.430300000000),
double3(0.202400000000,0.550925000000,0.539200000000),
double3(0.488350000000,0.683575000000,0.439866666667),
double3(0.047850000000,0.694300000000,0.480266666667),
double3(0.043000000000,0.668525000000,0.388266666667),
double3(0.076800000000,0.668550000000,0.562266666667),
double3(0.026450000000,0.699100000000,0.430300000000),
double3(0.047600000000,0.699075000000,0.539200000000),
double3(0.488350000000,0.566425000000,0.773200000000),
double3(0.026750000000,0.500000000000,0.745966666667),
double3(0.047850000000,0.555700000000,0.813600000000),
double3(0.043000000000,0.581475000000,0.721600000000),
double3(0.076800000000,0.581450000000,0.895600000000),
double3(0.054150000000,0.500000000000,0.887300000000),
double3(0.000000000000,0.625000000000,0.666666666667),
double3(0.064150000000,0.625000000000,0.977200000000),
double3(0.375000000000,0.625000000000,0.725733333333),
double3(0.026450000000,0.550900000000,0.763633333333),
double3(0.047600000000,0.550925000000,0.872533333333),
double3(0.037550000000,0.625000000000,0.688333333333),
double3(0.335700000000,0.625000000000,0.739466666667),
double3(0.261650000000,0.683575000000,0.773200000000),
double3(0.223250000000,0.500000000000,0.745966666667),
double3(0.202150000000,0.694300000000,0.813600000000),
double3(0.207000000000,0.668525000000,0.721600000000),
double3(0.173200000000,0.668550000000,0.895600000000),
double3(0.195850000000,0.500000000000,0.887300000000),
double3(0.250000000000,0.625000000000,0.666666666667),
double3(0.185850000000,0.625000000000,0.977200000000),
double3(0.223550000000,0.699100000000,0.763633333333),
double3(0.202400000000,0.699075000000,0.872533333333),
double3(0.212450000000,0.625000000000,0.688333333333),
double3(0.414300000000,0.625000000000,0.739466666667),
double3(0.238350000000,0.683575000000,0.893466666667),
double3(0.276750000000,0.500000000000,0.920700000000),
double3(0.297850000000,0.694300000000,0.853066666667),
double3(0.293000000000,0.668525000000,0.945066666667),
double3(0.326800000000,0.668550000000,0.771066666667),
double3(0.304150000000,0.500000000000,0.779366666667),
double3(0.314150000000,0.625000000000,0.689466666667),
double3(0.125000000000,0.625000000000,0.940933333333),
double3(0.276450000000,0.699100000000,0.903033333333),
double3(0.297600000000,0.699075000000,0.794133333333),
double3(0.287550000000,0.625000000000,0.978333333333),
double3(0.085700000000,0.625000000000,0.927200000000),
double3(0.011650000000,0.566425000000,0.893466666667),
double3(0.473250000000,0.500000000000,0.920700000000),
double3(0.452150000000,0.555700000000,0.853066666667),
double3(0.457000000000,0.581475000000,0.945066666667),
double3(0.423200000000,0.581450000000,0.771066666667),
double3(0.445850000000,0.500000000000,0.779366666667),
double3(0.435850000000,0.625000000000,0.689466666667),
double3(0.473550000000,0.550900000000,0.903033333333),
double3(0.452400000000,0.550925000000,0.794133333333),
double3(0.462450000000,0.625000000000,0.978333333333),
double3(0.164300000000,0.625000000000,0.927200000000),
double3(0.011650000000,0.683575000000,0.893466666667),
double3(0.452150000000,0.694300000000,0.853066666667),
double3(0.457000000000,0.668525000000,0.945066666667),
double3(0.423200000000,0.668550000000,0.771066666667),
double3(0.473550000000,0.699100000000,0.903033333333),
double3(0.452400000000,0.699075000000,0.794133333333),
double3(0.238350000000,0.566425000000,0.893466666667),
double3(0.297850000000,0.555700000000,0.853066666667),
double3(0.293000000000,0.581475000000,0.945066666667),
double3(0.326800000000,0.581450000000,0.771066666667),
double3(0.276450000000,0.550900000000,0.903033333333),
double3(0.297600000000,0.550925000000,0.794133333333),
double3(0.261650000000,0.566425000000,0.773200000000),
double3(0.202150000000,0.555700000000,0.813600000000),
double3(0.207000000000,0.581475000000,0.721600000000),
double3(0.173200000000,0.581450000000,0.895600000000),
double3(0.223550000000,0.550900000000,0.763633333333),
double3(0.202400000000,0.550925000000,0.872533333333),
double3(0.488350000000,0.683575000000,0.773200000000),
double3(0.047850000000,0.694300000000,0.813600000000),
double3(0.043000000000,0.668525000000,0.721600000000),
double3(0.076800000000,0.668550000000,0.895600000000),
double3(0.026450000000,0.699100000000,0.763633333333),
double3(0.047600000000,0.699075000000,0.872533333333),
double3(0.488350000000,0.816425000000,0.106533333333),
double3(0.026750000000,0.750000000000,0.079300000000),
double3(0.047850000000,0.805700000000,0.146933333333),
double3(0.043000000000,0.831475000000,0.054933333333),
double3(0.076800000000,0.831450000000,0.228933333333),
double3(0.054150000000,0.750000000000,0.220633333333),
double3(0.000000000000,0.875000000000,0.000000000000),
double3(0.064150000000,0.875000000000,0.310533333333),
double3(0.375000000000,0.875000000000,0.059066666667),
double3(0.026450000000,0.800900000000,0.096966666667),
double3(0.047600000000,0.800925000000,0.205866666667),
double3(0.037550000000,0.875000000000,0.021666666667),
double3(0.335700000000,0.875000000000,0.072800000000),
double3(0.261650000000,0.933575000000,0.106533333333),
double3(0.223250000000,0.750000000000,0.079300000000),
double3(0.202150000000,0.944300000000,0.146933333333),
double3(0.207000000000,0.918525000000,0.054933333333),
double3(0.173200000000,0.918550000000,0.228933333333),
double3(0.195850000000,0.750000000000,0.220633333333),
double3(0.250000000000,0.875000000000,0.000000000000),
double3(0.185850000000,0.875000000000,0.310533333333),
double3(0.223550000000,0.949100000000,0.096966666667),
double3(0.202400000000,0.949075000000,0.205866666667),
double3(0.212450000000,0.875000000000,0.021666666667),
double3(0.414300000000,0.875000000000,0.072800000000),
double3(0.238350000000,0.933575000000,0.226800000000),
double3(0.276750000000,0.750000000000,0.254033333333),
double3(0.297850000000,0.944300000000,0.186400000000),
double3(0.293000000000,0.918525000000,0.278400000000),
double3(0.326800000000,0.918550000000,0.104400000000),
double3(0.304150000000,0.750000000000,0.112700000000),
double3(0.314150000000,0.875000000000,0.022800000000),
double3(0.125000000000,0.875000000000,0.274266666667),
double3(0.276450000000,0.949100000000,0.236366666667),
double3(0.297600000000,0.949075000000,0.127466666667),
double3(0.287550000000,0.875000000000,0.311666666667),
double3(0.085700000000,0.875000000000,0.260533333333),
double3(0.011650000000,0.816425000000,0.226800000000),
double3(0.473250000000,0.750000000000,0.254033333333),
double3(0.452150000000,0.805700000000,0.186400000000),
double3(0.457000000000,0.831475000000,0.278400000000),
double3(0.423200000000,0.831450000000,0.104400000000),
double3(0.445850000000,0.750000000000,0.112700000000),
double3(0.435850000000,0.875000000000,0.022800000000),
double3(0.473550000000,0.800900000000,0.236366666667),
double3(0.452400000000,0.800925000000,0.127466666667),
double3(0.462450000000,0.875000000000,0.311666666667),
double3(0.164300000000,0.875000000000,0.260533333333),
double3(0.011650000000,0.933575000000,0.226800000000),
double3(0.452150000000,0.944300000000,0.186400000000),
double3(0.457000000000,0.918525000000,0.278400000000),
double3(0.423200000000,0.918550000000,0.104400000000),
double3(0.473550000000,0.949100000000,0.236366666667),
double3(0.452400000000,0.949075000000,0.127466666667),
double3(0.238350000000,0.816425000000,0.226800000000),
double3(0.297850000000,0.805700000000,0.186400000000),
double3(0.293000000000,0.831475000000,0.278400000000),
double3(0.326800000000,0.831450000000,0.104400000000),
double3(0.276450000000,0.800900000000,0.236366666667),
double3(0.297600000000,0.800925000000,0.127466666667),
double3(0.261650000000,0.816425000000,0.106533333333),
double3(0.202150000000,0.805700000000,0.146933333333),
double3(0.207000000000,0.831475000000,0.054933333333),
double3(0.173200000000,0.831450000000,0.228933333333),
double3(0.223550000000,0.800900000000,0.096966666667),
double3(0.202400000000,0.800925000000,0.205866666667),
double3(0.488350000000,0.933575000000,0.106533333333),
double3(0.047850000000,0.944300000000,0.146933333333),
double3(0.043000000000,0.918525000000,0.054933333333),
double3(0.076800000000,0.918550000000,0.228933333333),
double3(0.026450000000,0.949100000000,0.096966666667),
double3(0.047600000000,0.949075000000,0.205866666667),
double3(0.488350000000,0.816425000000,0.439866666667),
double3(0.026750000000,0.750000000000,0.412633333333),
double3(0.047850000000,0.805700000000,0.480266666667),
double3(0.043000000000,0.831475000000,0.388266666667),
double3(0.076800000000,0.831450000000,0.562266666667),
double3(0.054150000000,0.750000000000,0.553966666667),
double3(0.000000000000,0.875000000000,0.333333333333),
double3(0.064150000000,0.875000000000,0.643866666667),
double3(0.375000000000,0.875000000000,0.392400000000),
double3(0.026450000000,0.800900000000,0.430300000000),
double3(0.047600000000,0.800925000000,0.539200000000),
double3(0.037550000000,0.875000000000,0.355000000000),
double3(0.335700000000,0.875000000000,0.406133333333),
double3(0.261650000000,0.933575000000,0.439866666667),
double3(0.223250000000,0.750000000000,0.412633333333),
double3(0.202150000000,0.944300000000,0.480266666667),
double3(0.207000000000,0.918525000000,0.388266666667),
double3(0.173200000000,0.918550000000,0.562266666667),
double3(0.195850000000,0.750000000000,0.553966666667),
double3(0.250000000000,0.875000000000,0.333333333333),
double3(0.185850000000,0.875000000000,0.643866666667),
double3(0.223550000000,0.949100000000,0.430300000000),
double3(0.202400000000,0.949075000000,0.539200000000),
double3(0.212450000000,0.875000000000,0.355000000000),
double3(0.414300000000,0.875000000000,0.406133333333),
double3(0.238350000000,0.933575000000,0.560133333333),
double3(0.276750000000,0.750000000000,0.587366666667),
double3(0.297850000000,0.944300000000,0.519733333333),
double3(0.293000000000,0.918525000000,0.611733333333),
double3(0.326800000000,0.918550000000,0.437733333333),
double3(0.304150000000,0.750000000000,0.446033333333),
double3(0.314150000000,0.875000000000,0.356133333333),
double3(0.125000000000,0.875000000000,0.607600000000),
double3(0.276450000000,0.949100000000,0.569700000000),
double3(0.297600000000,0.949075000000,0.460800000000),
double3(0.287550000000,0.875000000000,0.645000000000),
double3(0.085700000000,0.875000000000,0.593866666667),
double3(0.011650000000,0.816425000000,0.560133333333),
double3(0.473250000000,0.750000000000,0.587366666667),
double3(0.452150000000,0.805700000000,0.519733333333),
double3(0.457000000000,0.831475000000,0.611733333333),
double3(0.423200000000,0.831450000000,0.437733333333),
double3(0.445850000000,0.750000000000,0.446033333333),
double3(0.435850000000,0.875000000000,0.356133333333),
double3(0.473550000000,0.800900000000,0.569700000000),
double3(0.452400000000,0.800925000000,0.460800000000),
double3(0.462450000000,0.875000000000,0.645000000000),
double3(0.164300000000,0.875000000000,0.593866666667),
double3(0.011650000000,0.933575000000,0.560133333333),
double3(0.452150000000,0.944300000000,0.519733333333),
double3(0.457000000000,0.918525000000,0.611733333333),
double3(0.423200000000,0.918550000000,0.437733333333),
double3(0.473550000000,0.949100000000,0.569700000000),
double3(0.452400000000,0.949075000000,0.460800000000),
double3(0.238350000000,0.816425000000,0.560133333333),
double3(0.297850000000,0.805700000000,0.519733333333),
double3(0.293000000000,0.831475000000,0.611733333333),
double3(0.326800000000,0.831450000000,0.437733333333),
double3(0.276450000000,0.800900000000,0.569700000000),
double3(0.297600000000,0.800925000000,0.460800000000),
double3(0.261650000000,0.816425000000,0.439866666667),
double3(0.202150000000,0.805700000000,0.480266666667),
double3(0.207000000000,0.831475000000,0.388266666667),
double3(0.173200000000,0.831450000000,0.562266666667),
double3(0.223550000000,0.800900000000,0.430300000000),
double3(0.202400000000,0.800925000000,0.539200000000),
double3(0.488350000000,0.933575000000,0.439866666667),
double3(0.047850000000,0.944300000000,0.480266666667),
double3(0.043000000000,0.918525000000,0.388266666667),
double3(0.076800000000,0.918550000000,0.562266666667),
double3(0.026450000000,0.949100000000,0.430300000000),
double3(0.047600000000,0.949075000000,0.539200000000),
double3(0.488350000000,0.816425000000,0.773200000000),
double3(0.026750000000,0.750000000000,0.745966666667),
double3(0.047850000000,0.805700000000,0.813600000000),
double3(0.043000000000,0.831475000000,0.721600000000),
double3(0.076800000000,0.831450000000,0.895600000000),
double3(0.054150000000,0.750000000000,0.887300000000),
double3(0.000000000000,0.875000000000,0.666666666667),
double3(0.064150000000,0.875000000000,0.977200000000),
double3(0.375000000000,0.875000000000,0.725733333333),
double3(0.026450000000,0.800900000000,0.763633333333),
double3(0.047600000000,0.800925000000,0.872533333333),
double3(0.037550000000,0.875000000000,0.688333333333),
double3(0.335700000000,0.875000000000,0.739466666667),
double3(0.261650000000,0.933575000000,0.773200000000),
double3(0.223250000000,0.750000000000,0.745966666667),
double3(0.202150000000,0.944300000000,0.813600000000),
double3(0.207000000000,0.918525000000,0.721600000000),
double3(0.173200000000,0.918550000000,0.895600000000),
double3(0.195850000000,0.750000000000,0.887300000000),
double3(0.250000000000,0.875000000000,0.666666666667),
double3(0.185850000000,0.875000000000,0.977200000000),
double3(0.223550000000,0.949100000000,0.763633333333),
double3(0.202400000000,0.949075000000,0.872533333333),
double3(0.212450000000,0.875000000000,0.688333333333),
double3(0.414300000000,0.875000000000,0.739466666667),
double3(0.238350000000,0.933575000000,0.893466666667),
double3(0.276750000000,0.750000000000,0.920700000000),
double3(0.297850000000,0.944300000000,0.853066666667),
double3(0.293000000000,0.918525000000,0.945066666667),
double3(0.326800000000,0.918550000000,0.771066666667),
double3(0.304150000000,0.750000000000,0.779366666667),
double3(0.314150000000,0.875000000000,0.689466666667),
double3(0.125000000000,0.875000000000,0.940933333333),
double3(0.276450000000,0.949100000000,0.903033333333),
double3(0.297600000000,0.949075000000,0.794133333333),
double3(0.287550000000,0.875000000000,0.978333333333),
double3(0.085700000000,0.875000000000,0.927200000000),
double3(0.011650000000,0.816425000000,0.893466666667),
double3(0.473250000000,0.750000000000,0.920700000000),
double3(0.452150000000,0.805700000000,0.853066666667),
double3(0.457000000000,0.831475000000,0.945066666667),
double3(0.423200000000,0.831450000000,0.771066666667),
double3(0.445850000000,0.750000000000,0.779366666667),
double3(0.435850000000,0.875000000000,0.689466666667),
double3(0.473550000000,0.800900000000,0.903033333333),
double3(0.452400000000,0.800925000000,0.794133333333),
double3(0.462450000000,0.875000000000,0.978333333333),
double3(0.164300000000,0.875000000000,0.927200000000),
double3(0.011650000000,0.933575000000,0.893466666667),
double3(0.452150000000,0.944300000000,0.853066666667),
double3(0.457000000000,0.918525000000,0.945066666667),
double3(0.423200000000,0.918550000000,0.771066666667),
double3(0.473550000000,0.949100000000,0.903033333333),
double3(0.452400000000,0.949075000000,0.794133333333),
double3(0.238350000000,0.816425000000,0.893466666667),
double3(0.297850000000,0.805700000000,0.853066666667),
double3(0.293000000000,0.831475000000,0.945066666667),
double3(0.326800000000,0.831450000000,0.771066666667),
double3(0.276450000000,0.800900000000,0.903033333333),
double3(0.297600000000,0.800925000000,0.794133333333),
double3(0.261650000000,0.816425000000,0.773200000000),
double3(0.202150000000,0.805700000000,0.813600000000),
double3(0.207000000000,0.831475000000,0.721600000000),
double3(0.173200000000,0.831450000000,0.895600000000),
double3(0.223550000000,0.800900000000,0.763633333333),
double3(0.202400000000,0.800925000000,0.872533333333),
double3(0.488350000000,0.933575000000,0.773200000000),
double3(0.047850000000,0.944300000000,0.813600000000),
double3(0.043000000000,0.918525000000,0.721600000000),
double3(0.076800000000,0.918550000000,0.895600000000),
double3(0.026450000000,0.949100000000,0.763633333333),
double3(0.047600000000,0.949075000000,0.872533333333),
double3(0.988350000000,0.066425000000,0.106533333333),
double3(0.526750000000,0.000000000000,0.079300000000),
double3(0.547850000000,0.055700000000,0.146933333333),
double3(0.543000000000,0.081475000000,0.054933333333),
double3(0.576800000000,0.081450000000,0.228933333333),
double3(0.554150000000,0.000000000000,0.220633333333),
double3(0.500000000000,0.125000000000,0.000000000000),
double3(0.564150000000,0.125000000000,0.310533333333),
double3(0.875000000000,0.125000000000,0.059066666667),
double3(0.526450000000,0.050900000000,0.096966666667),
double3(0.547600000000,0.050925000000,0.205866666667),
double3(0.537550000000,0.125000000000,0.021666666667),
double3(0.835700000000,0.125000000000,0.072800000000),
double3(0.761650000000,0.183575000000,0.106533333333),
double3(0.723250000000,0.000000000000,0.079300000000),
double3(0.702150000000,0.194300000000,0.146933333333),
double3(0.707000000000,0.168525000000,0.054933333333),
double3(0.673200000000,0.168550000000,0.228933333333),
double3(0.695850000000,0.000000000000,0.220633333333),
double3(0.750000000000,0.125000000000,0.000000000000),
double3(0.685850000000,0.125000000000,0.310533333333),
double3(0.723550000000,0.199100000000,0.096966666667),
double3(0.702400000000,0.199075000000,0.205866666667),
double3(0.712450000000,0.125000000000,0.021666666667),
double3(0.914300000000,0.125000000000,0.072800000000),
double3(0.738350000000,0.183575000000,0.226800000000),
double3(0.776750000000,0.000000000000,0.254033333333),
double3(0.797850000000,0.194300000000,0.186400000000),
double3(0.793000000000,0.168525000000,0.278400000000),
double3(0.826800000000,0.168550000000,0.104400000000),
double3(0.804150000000,0.000000000000,0.112700000000),
double3(0.814150000000,0.125000000000,0.022800000000),
double3(0.625000000000,0.125000000000,0.274266666667),
double3(0.776450000000,0.199100000000,0.236366666667),
double3(0.797600000000,0.199075000000,0.127466666667),
double3(0.787550000000,0.125000000000,0.311666666667),
double3(0.585700000000,0.125000000000,0.260533333333),
double3(0.511650000000,0.066425000000,0.226800000000),
double3(0.973250000000,0.000000000000,0.254033333333),
double3(0.952150000000,0.055700000000,0.186400000000),
double3(0.957000000000,0.081475000000,0.278400000000),
double3(0.923200000000,0.081450000000,0.104400000000),
double3(0.945850000000,0.000000000000,0.112700000000),
double3(0.935850000000,0.125000000000,0.022800000000),
double3(0.973550000000,0.050900000000,0.236366666667),
double3(0.952400000000,0.050925000000,0.127466666667),
double3(0.962450000000,0.125000000000,0.311666666667),
double3(0.664300000000,0.125000000000,0.260533333333),
double3(0.511650000000,0.183575000000,0.226800000000),
double3(0.952150000000,0.194300000000,0.186400000000),
double3(0.957000000000,0.168525000000,0.278400000000),
double3(0.923200000000,0.168550000000,0.104400000000),
double3(0.973550000000,0.199100000000,0.236366666667),
double3(0.952400000000,0.199075000000,0.127466666667),
double3(0.738350000000,0.066425000000,0.226800000000),
double3(0.797850000000,0.055700000000,0.186400000000),
double3(0.793000000000,0.081475000000,0.278400000000),
double3(0.826800000000,0.081450000000,0.104400000000),
double3(0.776450000000,0.050900000000,0.236366666667),
double3(0.797600000000,0.050925000000,0.127466666667),
double3(0.761650000000,0.066425000000,0.106533333333),
double3(0.702150000000,0.055700000000,0.146933333333),
double3(0.707000000000,0.081475000000,0.054933333333),
double3(0.673200000000,0.081450000000,0.228933333333),
double3(0.723550000000,0.050900000000,0.096966666667),
double3(0.702400000000,0.050925000000,0.205866666667),
double3(0.988350000000,0.183575000000,0.106533333333),
double3(0.547850000000,0.194300000000,0.146933333333),
double3(0.543000000000,0.168525000000,0.054933333333),
double3(0.576800000000,0.168550000000,0.228933333333),
double3(0.526450000000,0.199100000000,0.096966666667),
double3(0.547600000000,0.199075000000,0.205866666667),
double3(0.988350000000,0.066425000000,0.439866666667),
double3(0.526750000000,0.000000000000,0.412633333333),
double3(0.547850000000,0.055700000000,0.480266666667),
double3(0.543000000000,0.081475000000,0.388266666667),
double3(0.576800000000,0.081450000000,0.562266666667),
double3(0.554150000000,0.000000000000,0.553966666667),
double3(0.500000000000,0.125000000000,0.333333333333),
double3(0.564150000000,0.125000000000,0.643866666667),
double3(0.875000000000,0.125000000000,0.392400000000),
double3(0.526450000000,0.050900000000,0.430300000000),
double3(0.547600000000,0.050925000000,0.539200000000),
double3(0.537550000000,0.125000000000,0.355000000000),
double3(0.835700000000,0.125000000000,0.406133333333),
double3(0.761650000000,0.183575000000,0.439866666667),
double3(0.723250000000,0.000000000000,0.412633333333),
double3(0.702150000000,0.194300000000,0.480266666667),
double3(0.707000000000,0.168525000000,0.388266666667),
double3(0.673200000000,0.168550000000,0.562266666667),
double3(0.695850000000,0.000000000000,0.553966666667),
double3(0.750000000000,0.125000000000,0.333333333333),
double3(0.685850000000,0.125000000000,0.643866666667),
double3(0.723550000000,0.199100000000,0.430300000000),
double3(0.702400000000,0.199075000000,0.539200000000),
double3(0.712450000000,0.125000000000,0.355000000000),
double3(0.914300000000,0.125000000000,0.406133333333),
double3(0.738350000000,0.183575000000,0.560133333333),
double3(0.776750000000,0.000000000000,0.587366666667),
double3(0.797850000000,0.194300000000,0.519733333333),
double3(0.793000000000,0.168525000000,0.611733333333),
double3(0.826800000000,0.168550000000,0.437733333333),
double3(0.804150000000,0.000000000000,0.446033333333),
double3(0.814150000000,0.125000000000,0.356133333333),
double3(0.625000000000,0.125000000000,0.607600000000),
double3(0.776450000000,0.199100000000,0.569700000000),
double3(0.797600000000,0.199075000000,0.460800000000),
double3(0.787550000000,0.125000000000,0.645000000000),
double3(0.585700000000,0.125000000000,0.593866666667),
double3(0.511650000000,0.066425000000,0.560133333333),
double3(0.973250000000,0.000000000000,0.587366666667),
double3(0.952150000000,0.055700000000,0.519733333333),
double3(0.957000000000,0.081475000000,0.611733333333),
double3(0.923200000000,0.081450000000,0.437733333333),
double3(0.945850000000,0.000000000000,0.446033333333),
double3(0.935850000000,0.125000000000,0.356133333333),
double3(0.973550000000,0.050900000000,0.569700000000),
double3(0.952400000000,0.050925000000,0.460800000000),
double3(0.962450000000,0.125000000000,0.645000000000),
double3(0.664300000000,0.125000000000,0.593866666667),
double3(0.511650000000,0.183575000000,0.560133333333),
double3(0.952150000000,0.194300000000,0.519733333333),
double3(0.957000000000,0.168525000000,0.611733333333),
double3(0.923200000000,0.168550000000,0.437733333333),
double3(0.973550000000,0.199100000000,0.569700000000),
double3(0.952400000000,0.199075000000,0.460800000000),
double3(0.738350000000,0.066425000000,0.560133333333),
double3(0.797850000000,0.055700000000,0.519733333333),
double3(0.793000000000,0.081475000000,0.611733333333),
double3(0.826800000000,0.081450000000,0.437733333333),
double3(0.776450000000,0.050900000000,0.569700000000),
double3(0.797600000000,0.050925000000,0.460800000000),
double3(0.761650000000,0.066425000000,0.439866666667),
double3(0.702150000000,0.055700000000,0.480266666667),
double3(0.707000000000,0.081475000000,0.388266666667),
double3(0.673200000000,0.081450000000,0.562266666667),
double3(0.723550000000,0.050900000000,0.430300000000),
double3(0.702400000000,0.050925000000,0.539200000000),
double3(0.988350000000,0.183575000000,0.439866666667),
double3(0.547850000000,0.194300000000,0.480266666667),
double3(0.543000000000,0.168525000000,0.388266666667),
double3(0.576800000000,0.168550000000,0.562266666667),
double3(0.526450000000,0.199100000000,0.430300000000),
double3(0.547600000000,0.199075000000,0.539200000000),
double3(0.988350000000,0.066425000000,0.773200000000),
double3(0.526750000000,0.000000000000,0.745966666667),
double3(0.547850000000,0.055700000000,0.813600000000),
double3(0.543000000000,0.081475000000,0.721600000000),
double3(0.576800000000,0.081450000000,0.895600000000),
double3(0.554150000000,0.000000000000,0.887300000000),
double3(0.500000000000,0.125000000000,0.666666666667),
double3(0.564150000000,0.125000000000,0.977200000000),
double3(0.875000000000,0.125000000000,0.725733333333),
double3(0.526450000000,0.050900000000,0.763633333333),
double3(0.547600000000,0.050925000000,0.872533333333),
double3(0.537550000000,0.125000000000,0.688333333333),
double3(0.835700000000,0.125000000000,0.739466666667),
double3(0.761650000000,0.183575000000,0.773200000000),
double3(0.723250000000,0.000000000000,0.745966666667),
double3(0.702150000000,0.194300000000,0.813600000000),
double3(0.707000000000,0.168525000000,0.721600000000),
double3(0.673200000000,0.168550000000,0.895600000000),
double3(0.695850000000,0.000000000000,0.887300000000),
double3(0.750000000000,0.125000000000,0.666666666667),
double3(0.685850000000,0.125000000000,0.977200000000),
double3(0.723550000000,0.199100000000,0.763633333333),
double3(0.702400000000,0.199075000000,0.872533333333),
double3(0.712450000000,0.125000000000,0.688333333333),
double3(0.914300000000,0.125000000000,0.739466666667),
double3(0.738350000000,0.183575000000,0.893466666667),
double3(0.776750000000,0.000000000000,0.920700000000),
double3(0.797850000000,0.194300000000,0.853066666667),
double3(0.793000000000,0.168525000000,0.945066666667),
double3(0.826800000000,0.168550000000,0.771066666667),
double3(0.804150000000,0.000000000000,0.779366666667),
double3(0.814150000000,0.125000000000,0.689466666667),
double3(0.625000000000,0.125000000000,0.940933333333),
double3(0.776450000000,0.199100000000,0.903033333333),
double3(0.797600000000,0.199075000000,0.794133333333),
double3(0.787550000000,0.125000000000,0.978333333333),
double3(0.585700000000,0.125000000000,0.927200000000),
double3(0.511650000000,0.066425000000,0.893466666667),
double3(0.973250000000,0.000000000000,0.920700000000),
double3(0.952150000000,0.055700000000,0.853066666667),
double3(0.957000000000,0.081475000000,0.945066666667),
double3(0.923200000000,0.081450000000,0.771066666667),
double3(0.945850000000,0.000000000000,0.779366666667),
double3(0.935850000000,0.125000000000,0.689466666667),
double3(0.973550000000,0.050900000000,0.903033333333),
double3(0.952400000000,0.050925000000,0.794133333333),
double3(0.962450000000,0.125000000000,0.978333333333),
double3(0.664300000000,0.125000000000,0.927200000000),
double3(0.511650000000,0.183575000000,0.893466666667),
double3(0.952150000000,0.194300000000,0.853066666667),
double3(0.957000000000,0.168525000000,0.945066666667),
double3(0.923200000000,0.168550000000,0.771066666667),
double3(0.973550000000,0.199100000000,0.903033333333),
double3(0.952400000000,0.199075000000,0.794133333333),
double3(0.738350000000,0.066425000000,0.893466666667),
double3(0.797850000000,0.055700000000,0.853066666667),
double3(0.793000000000,0.081475000000,0.945066666667),
double3(0.826800000000,0.081450000000,0.771066666667),
double3(0.776450000000,0.050900000000,0.903033333333),
double3(0.797600000000,0.050925000000,0.794133333333),
double3(0.761650000000,0.066425000000,0.773200000000),
double3(0.702150000000,0.055700000000,0.813600000000),
double3(0.707000000000,0.081475000000,0.721600000000),
double3(0.673200000000,0.081450000000,0.895600000000),
double3(0.723550000000,0.050900000000,0.763633333333),
double3(0.702400000000,0.050925000000,0.872533333333),
double3(0.988350000000,0.183575000000,0.773200000000),
double3(0.547850000000,0.194300000000,0.813600000000),
double3(0.543000000000,0.168525000000,0.721600000000),
double3(0.576800000000,0.168550000000,0.895600000000),
double3(0.526450000000,0.199100000000,0.763633333333),
double3(0.547600000000,0.199075000000,0.872533333333),
double3(0.988350000000,0.316425000000,0.106533333333),
double3(0.526750000000,0.250000000000,0.079300000000),
double3(0.547850000000,0.305700000000,0.146933333333),
double3(0.543000000000,0.331475000000,0.054933333333),
double3(0.576800000000,0.331450000000,0.228933333333),
double3(0.554150000000,0.250000000000,0.220633333333),
double3(0.500000000000,0.375000000000,0.000000000000),
double3(0.564150000000,0.375000000000,0.310533333333),
double3(0.875000000000,0.375000000000,0.059066666667),
double3(0.526450000000,0.300900000000,0.096966666667),
double3(0.547600000000,0.300925000000,0.205866666667),
double3(0.537550000000,0.375000000000,0.021666666667),
double3(0.835700000000,0.375000000000,0.072800000000),
double3(0.761650000000,0.433575000000,0.106533333333),
double3(0.723250000000,0.250000000000,0.079300000000),
double3(0.702150000000,0.444300000000,0.146933333333),
double3(0.707000000000,0.418525000000,0.054933333333),
double3(0.673200000000,0.418550000000,0.228933333333),
double3(0.695850000000,0.250000000000,0.220633333333),
double3(0.750000000000,0.375000000000,0.000000000000),
double3(0.685850000000,0.375000000000,0.310533333333),
double3(0.723550000000,0.449100000000,0.096966666667),
double3(0.702400000000,0.449075000000,0.205866666667),
double3(0.712450000000,0.375000000000,0.021666666667),
double3(0.914300000000,0.375000000000,0.072800000000),
double3(0.738350000000,0.433575000000,0.226800000000),
double3(0.776750000000,0.250000000000,0.254033333333),
double3(0.797850000000,0.444300000000,0.186400000000),
double3(0.793000000000,0.418525000000,0.278400000000),
double3(0.826800000000,0.418550000000,0.104400000000),
double3(0.804150000000,0.250000000000,0.112700000000),
double3(0.814150000000,0.375000000000,0.022800000000),
double3(0.625000000000,0.375000000000,0.274266666667),
double3(0.776450000000,0.449100000000,0.236366666667),
double3(0.797600000000,0.449075000000,0.127466666667),
double3(0.787550000000,0.375000000000,0.311666666667),
double3(0.585700000000,0.375000000000,0.260533333333),
double3(0.511650000000,0.316425000000,0.226800000000),
double3(0.973250000000,0.250000000000,0.254033333333),
double3(0.952150000000,0.305700000000,0.186400000000),
double3(0.957000000000,0.331475000000,0.278400000000),
double3(0.923200000000,0.331450000000,0.104400000000),
double3(0.945850000000,0.250000000000,0.112700000000),
double3(0.935850000000,0.375000000000,0.022800000000),
double3(0.973550000000,0.300900000000,0.236366666667),
double3(0.952400000000,0.300925000000,0.127466666667),
double3(0.962450000000,0.375000000000,0.311666666667),
double3(0.664300000000,0.375000000000,0.260533333333),
double3(0.511650000000,0.433575000000,0.226800000000),
double3(0.952150000000,0.444300000000,0.186400000000),
double3(0.957000000000,0.418525000000,0.278400000000),
double3(0.923200000000,0.418550000000,0.104400000000),
double3(0.973550000000,0.449100000000,0.236366666667),
double3(0.952400000000,0.449075000000,0.127466666667),
double3(0.738350000000,0.316425000000,0.226800000000),
double3(0.797850000000,0.305700000000,0.186400000000),
double3(0.793000000000,0.331475000000,0.278400000000),
double3(0.826800000000,0.331450000000,0.104400000000),
double3(0.776450000000,0.300900000000,0.236366666667),
double3(0.797600000000,0.300925000000,0.127466666667),
double3(0.761650000000,0.316425000000,0.106533333333),
double3(0.702150000000,0.305700000000,0.146933333333),
double3(0.707000000000,0.331475000000,0.054933333333),
double3(0.673200000000,0.331450000000,0.228933333333),
double3(0.723550000000,0.300900000000,0.096966666667),
double3(0.702400000000,0.300925000000,0.205866666667),
double3(0.988350000000,0.433575000000,0.106533333333),
double3(0.547850000000,0.444300000000,0.146933333333),
double3(0.543000000000,0.418525000000,0.054933333333),
double3(0.576800000000,0.418550000000,0.228933333333),
double3(0.526450000000,0.449100000000,0.096966666667),
double3(0.547600000000,0.449075000000,0.205866666667),
double3(0.988350000000,0.316425000000,0.439866666667),
double3(0.526750000000,0.250000000000,0.412633333333),
double3(0.547850000000,0.305700000000,0.480266666667),
double3(0.543000000000,0.331475000000,0.388266666667),
double3(0.576800000000,0.331450000000,0.562266666667),
double3(0.554150000000,0.250000000000,0.553966666667),
double3(0.500000000000,0.375000000000,0.333333333333),
double3(0.564150000000,0.375000000000,0.643866666667),
double3(0.875000000000,0.375000000000,0.392400000000),
double3(0.526450000000,0.300900000000,0.430300000000),
double3(0.547600000000,0.300925000000,0.539200000000),
double3(0.537550000000,0.375000000000,0.355000000000),
double3(0.835700000000,0.375000000000,0.406133333333),
double3(0.761650000000,0.433575000000,0.439866666667),
double3(0.723250000000,0.250000000000,0.412633333333),
double3(0.702150000000,0.444300000000,0.480266666667),
double3(0.707000000000,0.418525000000,0.388266666667),
double3(0.673200000000,0.418550000000,0.562266666667),
double3(0.695850000000,0.250000000000,0.553966666667),
double3(0.750000000000,0.375000000000,0.333333333333),
double3(0.685850000000,0.375000000000,0.643866666667),
double3(0.723550000000,0.449100000000,0.430300000000),
double3(0.702400000000,0.449075000000,0.539200000000),
double3(0.712450000000,0.375000000000,0.355000000000),
double3(0.914300000000,0.375000000000,0.406133333333),
double3(0.738350000000,0.433575000000,0.560133333333),
double3(0.776750000000,0.250000000000,0.587366666667),
double3(0.797850000000,0.444300000000,0.519733333333),
double3(0.793000000000,0.418525000000,0.611733333333),
double3(0.826800000000,0.418550000000,0.437733333333),
double3(0.804150000000,0.250000000000,0.446033333333),
double3(0.814150000000,0.375000000000,0.356133333333),
double3(0.625000000000,0.375000000000,0.607600000000),
double3(0.776450000000,0.449100000000,0.569700000000),
double3(0.797600000000,0.449075000000,0.460800000000),
double3(0.787550000000,0.375000000000,0.645000000000),
double3(0.585700000000,0.375000000000,0.593866666667),
double3(0.511650000000,0.316425000000,0.560133333333),
double3(0.973250000000,0.250000000000,0.587366666667),
double3(0.952150000000,0.305700000000,0.519733333333),
double3(0.957000000000,0.331475000000,0.611733333333),
double3(0.923200000000,0.331450000000,0.437733333333),
double3(0.945850000000,0.250000000000,0.446033333333),
double3(0.935850000000,0.375000000000,0.356133333333),
double3(0.973550000000,0.300900000000,0.569700000000),
double3(0.952400000000,0.300925000000,0.460800000000),
double3(0.962450000000,0.375000000000,0.645000000000),
double3(0.664300000000,0.375000000000,0.593866666667),
double3(0.511650000000,0.433575000000,0.560133333333),
double3(0.952150000000,0.444300000000,0.519733333333),
double3(0.957000000000,0.418525000000,0.611733333333),
double3(0.923200000000,0.418550000000,0.437733333333),
double3(0.973550000000,0.449100000000,0.569700000000),
double3(0.952400000000,0.449075000000,0.460800000000),
double3(0.738350000000,0.316425000000,0.560133333333),
double3(0.797850000000,0.305700000000,0.519733333333),
double3(0.793000000000,0.331475000000,0.611733333333),
double3(0.826800000000,0.331450000000,0.437733333333),
double3(0.776450000000,0.300900000000,0.569700000000),
double3(0.797600000000,0.300925000000,0.460800000000),
double3(0.761650000000,0.316425000000,0.439866666667),
double3(0.702150000000,0.305700000000,0.480266666667),
double3(0.707000000000,0.331475000000,0.388266666667),
double3(0.673200000000,0.331450000000,0.562266666667),
double3(0.723550000000,0.300900000000,0.430300000000),
double3(0.702400000000,0.300925000000,0.539200000000),
double3(0.988350000000,0.433575000000,0.439866666667),
double3(0.547850000000,0.444300000000,0.480266666667),
double3(0.543000000000,0.418525000000,0.388266666667),
double3(0.576800000000,0.418550000000,0.562266666667),
double3(0.526450000000,0.449100000000,0.430300000000),
double3(0.547600000000,0.449075000000,0.539200000000),
double3(0.988350000000,0.316425000000,0.773200000000),
double3(0.526750000000,0.250000000000,0.745966666667),
double3(0.547850000000,0.305700000000,0.813600000000),
double3(0.543000000000,0.331475000000,0.721600000000),
double3(0.576800000000,0.331450000000,0.895600000000),
double3(0.554150000000,0.250000000000,0.887300000000),
double3(0.500000000000,0.375000000000,0.666666666667),
double3(0.564150000000,0.375000000000,0.977200000000),
double3(0.875000000000,0.375000000000,0.725733333333),
double3(0.526450000000,0.300900000000,0.763633333333),
double3(0.547600000000,0.300925000000,0.872533333333),
double3(0.537550000000,0.375000000000,0.688333333333),
double3(0.835700000000,0.375000000000,0.739466666667),
double3(0.761650000000,0.433575000000,0.773200000000),
double3(0.723250000000,0.250000000000,0.745966666667),
double3(0.702150000000,0.444300000000,0.813600000000),
double3(0.707000000000,0.418525000000,0.721600000000),
double3(0.673200000000,0.418550000000,0.895600000000),
double3(0.695850000000,0.250000000000,0.887300000000),
double3(0.750000000000,0.375000000000,0.666666666667),
double3(0.685850000000,0.375000000000,0.977200000000),
double3(0.723550000000,0.449100000000,0.763633333333),
double3(0.702400000000,0.449075000000,0.872533333333),
double3(0.712450000000,0.375000000000,0.688333333333),
double3(0.914300000000,0.375000000000,0.739466666667),
double3(0.738350000000,0.433575000000,0.893466666667),
double3(0.776750000000,0.250000000000,0.920700000000),
double3(0.797850000000,0.444300000000,0.853066666667),
double3(0.793000000000,0.418525000000,0.945066666667),
double3(0.826800000000,0.418550000000,0.771066666667),
double3(0.804150000000,0.250000000000,0.779366666667),
double3(0.814150000000,0.375000000000,0.689466666667),
double3(0.625000000000,0.375000000000,0.940933333333),
double3(0.776450000000,0.449100000000,0.903033333333),
double3(0.797600000000,0.449075000000,0.794133333333),
double3(0.787550000000,0.375000000000,0.978333333333),
double3(0.585700000000,0.375000000000,0.927200000000),
double3(0.511650000000,0.316425000000,0.893466666667),
double3(0.973250000000,0.250000000000,0.920700000000),
double3(0.952150000000,0.305700000000,0.853066666667),
double3(0.957000000000,0.331475000000,0.945066666667),
double3(0.923200000000,0.331450000000,0.771066666667),
double3(0.945850000000,0.250000000000,0.779366666667),
double3(0.935850000000,0.375000000000,0.689466666667),
double3(0.973550000000,0.300900000000,0.903033333333),
double3(0.952400000000,0.300925000000,0.794133333333),
double3(0.962450000000,0.375000000000,0.978333333333),
double3(0.664300000000,0.375000000000,0.927200000000),
double3(0.511650000000,0.433575000000,0.893466666667),
double3(0.952150000000,0.444300000000,0.853066666667),
double3(0.957000000000,0.418525000000,0.945066666667),
double3(0.923200000000,0.418550000000,0.771066666667),
double3(0.973550000000,0.449100000000,0.903033333333),
double3(0.952400000000,0.449075000000,0.794133333333),
double3(0.738350000000,0.316425000000,0.893466666667),
double3(0.797850000000,0.305700000000,0.853066666667),
double3(0.793000000000,0.331475000000,0.945066666667),
double3(0.826800000000,0.331450000000,0.771066666667),
double3(0.776450000000,0.300900000000,0.903033333333),
double3(0.797600000000,0.300925000000,0.794133333333),
double3(0.761650000000,0.316425000000,0.773200000000),
double3(0.702150000000,0.305700000000,0.813600000000),
double3(0.707000000000,0.331475000000,0.721600000000),
double3(0.673200000000,0.331450000000,0.895600000000),
double3(0.723550000000,0.300900000000,0.763633333333),
double3(0.702400000000,0.300925000000,0.872533333333),
double3(0.988350000000,0.433575000000,0.773200000000),
double3(0.547850000000,0.444300000000,0.813600000000),
double3(0.543000000000,0.418525000000,0.721600000000),
double3(0.576800000000,0.418550000000,0.895600000000),
double3(0.526450000000,0.449100000000,0.763633333333),
double3(0.547600000000,0.449075000000,0.872533333333),
double3(0.988350000000,0.566425000000,0.106533333333),
double3(0.526750000000,0.500000000000,0.079300000000),
double3(0.547850000000,0.555700000000,0.146933333333),
double3(0.543000000000,0.581475000000,0.054933333333),
double3(0.576800000000,0.581450000000,0.228933333333),
double3(0.554150000000,0.500000000000,0.220633333333),
double3(0.500000000000,0.625000000000,0.000000000000),
double3(0.564150000000,0.625000000000,0.310533333333),
double3(0.875000000000,0.625000000000,0.059066666667),
double3(0.526450000000,0.550900000000,0.096966666667),
double3(0.547600000000,0.550925000000,0.205866666667),
double3(0.537550000000,0.625000000000,0.021666666667),
double3(0.835700000000,0.625000000000,0.072800000000),
double3(0.761650000000,0.683575000000,0.106533333333),
double3(0.723250000000,0.500000000000,0.079300000000),
double3(0.702150000000,0.694300000000,0.146933333333),
double3(0.707000000000,0.668525000000,0.054933333333),
double3(0.673200000000,0.668550000000,0.228933333333),
double3(0.695850000000,0.500000000000,0.220633333333),
double3(0.750000000000,0.625000000000,0.000000000000),
double3(0.685850000000,0.625000000000,0.310533333333),
double3(0.723550000000,0.699100000000,0.096966666667),
double3(0.702400000000,0.699075000000,0.205866666667),
double3(0.712450000000,0.625000000000,0.021666666667),
double3(0.914300000000,0.625000000000,0.072800000000),
double3(0.738350000000,0.683575000000,0.226800000000),
double3(0.776750000000,0.500000000000,0.254033333333),
double3(0.797850000000,0.694300000000,0.186400000000),
double3(0.793000000000,0.668525000000,0.278400000000),
double3(0.826800000000,0.668550000000,0.104400000000),
double3(0.804150000000,0.500000000000,0.112700000000),
double3(0.814150000000,0.625000000000,0.022800000000),
double3(0.625000000000,0.625000000000,0.274266666667),
double3(0.776450000000,0.699100000000,0.236366666667),
double3(0.797600000000,0.699075000000,0.127466666667),
double3(0.787550000000,0.625000000000,0.311666666667),
double3(0.585700000000,0.625000000000,0.260533333333),
double3(0.511650000000,0.566425000000,0.226800000000),
double3(0.973250000000,0.500000000000,0.254033333333),
double3(0.952150000000,0.555700000000,0.186400000000),
double3(0.957000000000,0.581475000000,0.278400000000),
double3(0.923200000000,0.581450000000,0.104400000000),
double3(0.945850000000,0.500000000000,0.112700000000),
double3(0.935850000000,0.625000000000,0.022800000000),
double3(0.973550000000,0.550900000000,0.236366666667),
double3(0.952400000000,0.550925000000,0.127466666667),
double3(0.962450000000,0.625000000000,0.311666666667),
double3(0.664300000000,0.625000000000,0.260533333333),
double3(0.511650000000,0.683575000000,0.226800000000),
double3(0.952150000000,0.694300000000,0.186400000000),
double3(0.957000000000,0.668525000000,0.278400000000),
double3(0.923200000000,0.668550000000,0.104400000000),
double3(0.973550000000,0.699100000000,0.236366666667),
double3(0.952400000000,0.699075000000,0.127466666667),
double3(0.738350000000,0.566425000000,0.226800000000),
double3(0.797850000000,0.555700000000,0.186400000000),
double3(0.793000000000,0.581475000000,0.278400000000),
double3(0.826800000000,0.581450000000,0.104400000000),
double3(0.776450000000,0.550900000000,0.236366666667),
double3(0.797600000000,0.550925000000,0.127466666667),
double3(0.761650000000,0.566425000000,0.106533333333),
double3(0.702150000000,0.555700000000,0.146933333333),
double3(0.707000000000,0.581475000000,0.054933333333),
double3(0.673200000000,0.581450000000,0.228933333333),
double3(0.723550000000,0.550900000000,0.096966666667),
double3(0.702400000000,0.550925000000,0.205866666667),
double3(0.988350000000,0.683575000000,0.106533333333),
double3(0.547850000000,0.694300000000,0.146933333333),
double3(0.543000000000,0.668525000000,0.054933333333),
double3(0.576800000000,0.668550000000,0.228933333333),
double3(0.526450000000,0.699100000000,0.096966666667),
double3(0.547600000000,0.699075000000,0.205866666667),
double3(0.988350000000,0.566425000000,0.439866666667),
double3(0.526750000000,0.500000000000,0.412633333333),
double3(0.547850000000,0.555700000000,0.480266666667),
double3(0.543000000000,0.581475000000,0.388266666667),
double3(0.576800000000,0.581450000000,0.562266666667),
double3(0.554150000000,0.500000000000,0.553966666667),
double3(0.500000000000,0.625000000000,0.333333333333),
double3(0.564150000000,0.625000000000,0.643866666667),
double3(0.875000000000,0.625000000000,0.392400000000),
double3(0.526450000000,0.550900000000,0.430300000000),
double3(0.547600000000,0.550925000000,0.539200000000),
double3(0.537550000000,0.625000000000,0.355000000000),
double3(0.835700000000,0.625000000000,0.406133333333),
double3(0.761650000000,0.683575000000,0.439866666667),
double3(0.723250000000,0.500000000000,0.412633333333),
double3(0.702150000000,0.694300000000,0.480266666667),
double3(0.707000000000,0.668525000000,0.388266666667),
double3(0.673200000000,0.668550000000,0.562266666667),
double3(0.695850000000,0.500000000000,0.553966666667),
double3(0.750000000000,0.625000000000,0.333333333333),
double3(0.685850000000,0.625000000000,0.643866666667),
double3(0.723550000000,0.699100000000,0.430300000000),
double3(0.702400000000,0.699075000000,0.539200000000),
double3(0.712450000000,0.625000000000,0.355000000000),
double3(0.914300000000,0.625000000000,0.406133333333),
double3(0.738350000000,0.683575000000,0.560133333333),
double3(0.776750000000,0.500000000000,0.587366666667),
double3(0.797850000000,0.694300000000,0.519733333333),
double3(0.793000000000,0.668525000000,0.611733333333),
double3(0.826800000000,0.668550000000,0.437733333333),
double3(0.804150000000,0.500000000000,0.446033333333),
double3(0.814150000000,0.625000000000,0.356133333333),
double3(0.625000000000,0.625000000000,0.607600000000),
double3(0.776450000000,0.699100000000,0.569700000000),
double3(0.797600000000,0.699075000000,0.460800000000),
double3(0.787550000000,0.625000000000,0.645000000000),
double3(0.585700000000,0.625000000000,0.593866666667),
double3(0.511650000000,0.566425000000,0.560133333333),
double3(0.973250000000,0.500000000000,0.587366666667),
double3(0.952150000000,0.555700000000,0.519733333333),
double3(0.957000000000,0.581475000000,0.611733333333),
double3(0.923200000000,0.581450000000,0.437733333333),
double3(0.945850000000,0.500000000000,0.446033333333),
double3(0.935850000000,0.625000000000,0.356133333333),
double3(0.973550000000,0.550900000000,0.569700000000),
double3(0.952400000000,0.550925000000,0.460800000000),
double3(0.962450000000,0.625000000000,0.645000000000),
double3(0.664300000000,0.625000000000,0.593866666667),
double3(0.511650000000,0.683575000000,0.560133333333),
double3(0.952150000000,0.694300000000,0.519733333333),
double3(0.957000000000,0.668525000000,0.611733333333),
double3(0.923200000000,0.668550000000,0.437733333333),
double3(0.973550000000,0.699100000000,0.569700000000),
double3(0.952400000000,0.699075000000,0.460800000000),
double3(0.738350000000,0.566425000000,0.560133333333),
double3(0.797850000000,0.555700000000,0.519733333333),
double3(0.793000000000,0.581475000000,0.611733333333),
double3(0.826800000000,0.581450000000,0.437733333333),
double3(0.776450000000,0.550900000000,0.569700000000),
double3(0.797600000000,0.550925000000,0.460800000000),
double3(0.761650000000,0.566425000000,0.439866666667),
double3(0.702150000000,0.555700000000,0.480266666667),
double3(0.707000000000,0.581475000000,0.388266666667),
double3(0.673200000000,0.581450000000,0.562266666667),
double3(0.723550000000,0.550900000000,0.430300000000),
double3(0.702400000000,0.550925000000,0.539200000000),
double3(0.988350000000,0.683575000000,0.439866666667),
double3(0.547850000000,0.694300000000,0.480266666667),
double3(0.543000000000,0.668525000000,0.388266666667),
double3(0.576800000000,0.668550000000,0.562266666667),
double3(0.526450000000,0.699100000000,0.430300000000),
double3(0.547600000000,0.699075000000,0.539200000000),
double3(0.988350000000,0.566425000000,0.773200000000),
double3(0.526750000000,0.500000000000,0.745966666667),
double3(0.547850000000,0.555700000000,0.813600000000),
double3(0.543000000000,0.581475000000,0.721600000000),
double3(0.576800000000,0.581450000000,0.895600000000),
double3(0.554150000000,0.500000000000,0.887300000000),
double3(0.500000000000,0.625000000000,0.666666666667),
double3(0.564150000000,0.625000000000,0.977200000000),
double3(0.875000000000,0.625000000000,0.725733333333),
double3(0.526450000000,0.550900000000,0.763633333333),
double3(0.547600000000,0.550925000000,0.872533333333),
double3(0.537550000000,0.625000000000,0.688333333333),
double3(0.835700000000,0.625000000000,0.739466666667),
double3(0.761650000000,0.683575000000,0.773200000000),
double3(0.723250000000,0.500000000000,0.745966666667),
double3(0.702150000000,0.694300000000,0.813600000000),
double3(0.707000000000,0.668525000000,0.721600000000),
double3(0.673200000000,0.668550000000,0.895600000000),
double3(0.695850000000,0.500000000000,0.887300000000),
double3(0.750000000000,0.625000000000,0.666666666667),
double3(0.685850000000,0.625000000000,0.977200000000),
double3(0.723550000000,0.699100000000,0.763633333333),
double3(0.702400000000,0.699075000000,0.872533333333),
double3(0.712450000000,0.625000000000,0.688333333333),
double3(0.914300000000,0.625000000000,0.739466666667),
double3(0.738350000000,0.683575000000,0.893466666667),
double3(0.776750000000,0.500000000000,0.920700000000),
double3(0.797850000000,0.694300000000,0.853066666667),
double3(0.793000000000,0.668525000000,0.945066666667),
double3(0.826800000000,0.668550000000,0.771066666667),
double3(0.804150000000,0.500000000000,0.779366666667),
double3(0.814150000000,0.625000000000,0.689466666667),
double3(0.625000000000,0.625000000000,0.940933333333),
double3(0.776450000000,0.699100000000,0.903033333333),
double3(0.797600000000,0.699075000000,0.794133333333),
double3(0.787550000000,0.625000000000,0.978333333333),
double3(0.585700000000,0.625000000000,0.927200000000),
double3(0.511650000000,0.566425000000,0.893466666667),
double3(0.973250000000,0.500000000000,0.920700000000),
double3(0.952150000000,0.555700000000,0.853066666667),
double3(0.957000000000,0.581475000000,0.945066666667),
double3(0.923200000000,0.581450000000,0.771066666667),
double3(0.945850000000,0.500000000000,0.779366666667),
double3(0.935850000000,0.625000000000,0.689466666667),
double3(0.973550000000,0.550900000000,0.903033333333),
double3(0.952400000000,0.550925000000,0.794133333333),
double3(0.962450000000,0.625000000000,0.978333333333),
double3(0.664300000000,0.625000000000,0.927200000000),
double3(0.511650000000,0.683575000000,0.893466666667),
double3(0.952150000000,0.694300000000,0.853066666667),
double3(0.957000000000,0.668525000000,0.945066666667),
double3(0.923200000000,0.668550000000,0.771066666667),
double3(0.973550000000,0.699100000000,0.903033333333),
double3(0.952400000000,0.699075000000,0.794133333333),
double3(0.738350000000,0.566425000000,0.893466666667),
double3(0.797850000000,0.555700000000,0.853066666667),
double3(0.793000000000,0.581475000000,0.945066666667),
double3(0.826800000000,0.581450000000,0.771066666667),
double3(0.776450000000,0.550900000000,0.903033333333),
double3(0.797600000000,0.550925000000,0.794133333333),
double3(0.761650000000,0.566425000000,0.773200000000),
double3(0.702150000000,0.555700000000,0.813600000000),
double3(0.707000000000,0.581475000000,0.721600000000),
double3(0.673200000000,0.581450000000,0.895600000000),
double3(0.723550000000,0.550900000000,0.763633333333),
double3(0.702400000000,0.550925000000,0.872533333333),
double3(0.988350000000,0.683575000000,0.773200000000),
double3(0.547850000000,0.694300000000,0.813600000000),
double3(0.543000000000,0.668525000000,0.721600000000),
double3(0.576800000000,0.668550000000,0.895600000000),
double3(0.526450000000,0.699100000000,0.763633333333),
double3(0.547600000000,0.699075000000,0.872533333333),
double3(0.988350000000,0.816425000000,0.106533333333),
double3(0.526750000000,0.750000000000,0.079300000000),
double3(0.547850000000,0.805700000000,0.146933333333),
double3(0.543000000000,0.831475000000,0.054933333333),
double3(0.576800000000,0.831450000000,0.228933333333),
double3(0.554150000000,0.750000000000,0.220633333333),
double3(0.500000000000,0.875000000000,0.000000000000),
double3(0.564150000000,0.875000000000,0.310533333333),
double3(0.875000000000,0.875000000000,0.059066666667),
double3(0.526450000000,0.800900000000,0.096966666667),
double3(0.547600000000,0.800925000000,0.205866666667),
double3(0.537550000000,0.875000000000,0.021666666667),
double3(0.835700000000,0.875000000000,0.072800000000),
double3(0.761650000000,0.933575000000,0.106533333333),
double3(0.723250000000,0.750000000000,0.079300000000),
double3(0.702150000000,0.944300000000,0.146933333333),
double3(0.707000000000,0.918525000000,0.054933333333),
double3(0.673200000000,0.918550000000,0.228933333333),
double3(0.695850000000,0.750000000000,0.220633333333),
double3(0.750000000000,0.875000000000,0.000000000000),
double3(0.685850000000,0.875000000000,0.310533333333),
double3(0.723550000000,0.949100000000,0.096966666667),
double3(0.702400000000,0.949075000000,0.205866666667),
double3(0.712450000000,0.875000000000,0.021666666667),
double3(0.914300000000,0.875000000000,0.072800000000),
double3(0.738350000000,0.933575000000,0.226800000000),
double3(0.776750000000,0.750000000000,0.254033333333),
double3(0.797850000000,0.944300000000,0.186400000000),
double3(0.793000000000,0.918525000000,0.278400000000),
double3(0.826800000000,0.918550000000,0.104400000000),
double3(0.804150000000,0.750000000000,0.112700000000),
double3(0.814150000000,0.875000000000,0.022800000000),
double3(0.625000000000,0.875000000000,0.274266666667),
double3(0.776450000000,0.949100000000,0.236366666667),
double3(0.797600000000,0.949075000000,0.127466666667),
double3(0.787550000000,0.875000000000,0.311666666667),
double3(0.585700000000,0.875000000000,0.260533333333),
double3(0.511650000000,0.816425000000,0.226800000000),
double3(0.973250000000,0.750000000000,0.254033333333),
double3(0.952150000000,0.805700000000,0.186400000000),
double3(0.957000000000,0.831475000000,0.278400000000),
double3(0.923200000000,0.831450000000,0.104400000000),
double3(0.945850000000,0.750000000000,0.112700000000),
double3(0.935850000000,0.875000000000,0.022800000000),
double3(0.973550000000,0.800900000000,0.236366666667),
double3(0.952400000000,0.800925000000,0.127466666667),
double3(0.962450000000,0.875000000000,0.311666666667),
double3(0.664300000000,0.875000000000,0.260533333333),
double3(0.511650000000,0.933575000000,0.226800000000),
double3(0.952150000000,0.944300000000,0.186400000000),
double3(0.957000000000,0.918525000000,0.278400000000),
double3(0.923200000000,0.918550000000,0.104400000000),
double3(0.973550000000,0.949100000000,0.236366666667),
double3(0.952400000000,0.949075000000,0.127466666667),
double3(0.738350000000,0.816425000000,0.226800000000),
double3(0.797850000000,0.805700000000,0.186400000000),
double3(0.793000000000,0.831475000000,0.278400000000),
double3(0.826800000000,0.831450000000,0.104400000000),
double3(0.776450000000,0.800900000000,0.236366666667),
double3(0.797600000000,0.800925000000,0.127466666667),
double3(0.761650000000,0.816425000000,0.106533333333),
double3(0.702150000000,0.805700000000,0.146933333333),
double3(0.707000000000,0.831475000000,0.054933333333),
double3(0.673200000000,0.831450000000,0.228933333333),
double3(0.723550000000,0.800900000000,0.096966666667),
double3(0.702400000000,0.800925000000,0.205866666667),
double3(0.988350000000,0.933575000000,0.106533333333),
double3(0.547850000000,0.944300000000,0.146933333333),
double3(0.543000000000,0.918525000000,0.054933333333),
double3(0.576800000000,0.918550000000,0.228933333333),
double3(0.526450000000,0.949100000000,0.096966666667),
double3(0.547600000000,0.949075000000,0.205866666667),
double3(0.988350000000,0.816425000000,0.439866666667),
double3(0.526750000000,0.750000000000,0.412633333333),
double3(0.547850000000,0.805700000000,0.480266666667),
double3(0.543000000000,0.831475000000,0.388266666667),
double3(0.576800000000,0.831450000000,0.562266666667),
double3(0.554150000000,0.750000000000,0.553966666667),
double3(0.500000000000,0.875000000000,0.333333333333),
double3(0.564150000000,0.875000000000,0.643866666667),
double3(0.875000000000,0.875000000000,0.392400000000),
double3(0.526450000000,0.800900000000,0.430300000000),
double3(0.547600000000,0.800925000000,0.539200000000),
double3(0.537550000000,0.875000000000,0.355000000000),
double3(0.835700000000,0.875000000000,0.406133333333),
double3(0.761650000000,0.933575000000,0.439866666667),
double3(0.723250000000,0.750000000000,0.412633333333),
double3(0.702150000000,0.944300000000,0.480266666667),
double3(0.707000000000,0.918525000000,0.388266666667),
double3(0.673200000000,0.918550000000,0.562266666667),
double3(0.695850000000,0.750000000000,0.553966666667),
double3(0.750000000000,0.875000000000,0.333333333333),
double3(0.685850000000,0.875000000000,0.643866666667),
double3(0.723550000000,0.949100000000,0.430300000000),
double3(0.702400000000,0.949075000000,0.539200000000),
double3(0.712450000000,0.875000000000,0.355000000000),
double3(0.914300000000,0.875000000000,0.406133333333),
double3(0.738350000000,0.933575000000,0.560133333333),
double3(0.776750000000,0.750000000000,0.587366666667),
double3(0.797850000000,0.944300000000,0.519733333333),
double3(0.793000000000,0.918525000000,0.611733333333),
double3(0.826800000000,0.918550000000,0.437733333333),
double3(0.804150000000,0.750000000000,0.446033333333),
double3(0.814150000000,0.875000000000,0.356133333333),
double3(0.625000000000,0.875000000000,0.607600000000),
double3(0.776450000000,0.949100000000,0.569700000000),
double3(0.797600000000,0.949075000000,0.460800000000),
double3(0.787550000000,0.875000000000,0.645000000000),
double3(0.585700000000,0.875000000000,0.593866666667),
double3(0.511650000000,0.816425000000,0.560133333333),
double3(0.973250000000,0.750000000000,0.587366666667),
double3(0.952150000000,0.805700000000,0.519733333333),
double3(0.957000000000,0.831475000000,0.611733333333),
double3(0.923200000000,0.831450000000,0.437733333333),
double3(0.945850000000,0.750000000000,0.446033333333),
double3(0.935850000000,0.875000000000,0.356133333333),
double3(0.973550000000,0.800900000000,0.569700000000),
double3(0.952400000000,0.800925000000,0.460800000000),
double3(0.962450000000,0.875000000000,0.645000000000),
double3(0.664300000000,0.875000000000,0.593866666667),
double3(0.511650000000,0.933575000000,0.560133333333),
double3(0.952150000000,0.944300000000,0.519733333333),
double3(0.957000000000,0.918525000000,0.611733333333),
double3(0.923200000000,0.918550000000,0.437733333333),
double3(0.973550000000,0.949100000000,0.569700000000),
double3(0.952400000000,0.949075000000,0.460800000000),
double3(0.738350000000,0.816425000000,0.560133333333),
double3(0.797850000000,0.805700000000,0.519733333333),
double3(0.793000000000,0.831475000000,0.611733333333),
double3(0.826800000000,0.831450000000,0.437733333333),
double3(0.776450000000,0.800900000000,0.569700000000),
double3(0.797600000000,0.800925000000,0.460800000000),
double3(0.761650000000,0.816425000000,0.439866666667),
double3(0.702150000000,0.805700000000,0.480266666667),
double3(0.707000000000,0.831475000000,0.388266666667),
double3(0.673200000000,0.831450000000,0.562266666667),
double3(0.723550000000,0.800900000000,0.430300000000),
double3(0.702400000000,0.800925000000,0.539200000000),
double3(0.988350000000,0.933575000000,0.439866666667),
double3(0.547850000000,0.944300000000,0.480266666667),
double3(0.543000000000,0.918525000000,0.388266666667),
double3(0.576800000000,0.918550000000,0.562266666667),
double3(0.526450000000,0.949100000000,0.430300000000),
double3(0.547600000000,0.949075000000,0.539200000000),
double3(0.988350000000,0.816425000000,0.773200000000),
double3(0.526750000000,0.750000000000,0.745966666667),
double3(0.547850000000,0.805700000000,0.813600000000),
double3(0.543000000000,0.831475000000,0.721600000000),
double3(0.576800000000,0.831450000000,0.895600000000),
double3(0.554150000000,0.750000000000,0.887300000000),
double3(0.500000000000,0.875000000000,0.666666666667),
double3(0.564150000000,0.875000000000,0.977200000000),
double3(0.875000000000,0.875000000000,0.725733333333),
double3(0.526450000000,0.800900000000,0.763633333333),
double3(0.547600000000,0.800925000000,0.872533333333),
double3(0.537550000000,0.875000000000,0.688333333333),
double3(0.835700000000,0.875000000000,0.739466666667),
double3(0.761650000000,0.933575000000,0.773200000000),
double3(0.723250000000,0.750000000000,0.745966666667),
double3(0.702150000000,0.944300000000,0.813600000000),
double3(0.707000000000,0.918525000000,0.721600000000),
double3(0.673200000000,0.918550000000,0.895600000000),
double3(0.695850000000,0.750000000000,0.887300000000),
double3(0.750000000000,0.875000000000,0.666666666667),
double3(0.685850000000,0.875000000000,0.977200000000),
double3(0.723550000000,0.949100000000,0.763633333333),
double3(0.702400000000,0.949075000000,0.872533333333),
double3(0.712450000000,0.875000000000,0.688333333333),
double3(0.914300000000,0.875000000000,0.739466666667),
double3(0.738350000000,0.933575000000,0.893466666667),
double3(0.776750000000,0.750000000000,0.920700000000),
double3(0.797850000000,0.944300000000,0.853066666667),
double3(0.793000000000,0.918525000000,0.945066666667),
double3(0.826800000000,0.918550000000,0.771066666667),
double3(0.804150000000,0.750000000000,0.779366666667),
double3(0.814150000000,0.875000000000,0.689466666667),
double3(0.625000000000,0.875000000000,0.940933333333),
double3(0.776450000000,0.949100000000,0.903033333333),
double3(0.797600000000,0.949075000000,0.794133333333),
double3(0.787550000000,0.875000000000,0.978333333333),
double3(0.585700000000,0.875000000000,0.927200000000),
double3(0.511650000000,0.816425000000,0.893466666667),
double3(0.973250000000,0.750000000000,0.920700000000),
double3(0.952150000000,0.805700000000,0.853066666667),
double3(0.957000000000,0.831475000000,0.945066666667),
double3(0.923200000000,0.831450000000,0.771066666667),
double3(0.945850000000,0.750000000000,0.779366666667),
double3(0.935850000000,0.875000000000,0.689466666667),
double3(0.973550000000,0.800900000000,0.903033333333),
double3(0.952400000000,0.800925000000,0.794133333333),
double3(0.962450000000,0.875000000000,0.978333333333),
double3(0.664300000000,0.875000000000,0.927200000000),
double3(0.511650000000,0.933575000000,0.893466666667),
double3(0.952150000000,0.944300000000,0.853066666667),
double3(0.957000000000,0.918525000000,0.945066666667),
double3(0.923200000000,0.918550000000,0.771066666667),
double3(0.973550000000,0.949100000000,0.903033333333),
double3(0.952400000000,0.949075000000,0.794133333333),
double3(0.738350000000,0.816425000000,0.893466666667),
double3(0.797850000000,0.805700000000,0.853066666667),
double3(0.793000000000,0.831475000000,0.945066666667),
double3(0.826800000000,0.831450000000,0.771066666667),
double3(0.776450000000,0.800900000000,0.903033333333),
double3(0.797600000000,0.800925000000,0.794133333333),
double3(0.761650000000,0.816425000000,0.773200000000),
double3(0.702150000000,0.805700000000,0.813600000000),
double3(0.707000000000,0.831475000000,0.721600000000),
double3(0.673200000000,0.831450000000,0.895600000000),
double3(0.723550000000,0.800900000000,0.763633333333),
double3(0.702400000000,0.800925000000,0.872533333333),
double3(0.988350000000,0.933575000000,0.773200000000),
double3(0.547850000000,0.944300000000,0.813600000000),
double3(0.543000000000,0.918525000000,0.721600000000),
double3(0.576800000000,0.918550000000,0.895600000000),
double3(0.526450000000,0.949100000000,0.763633333333),
double3(0.547600000000,0.949075000000,0.872533333333),
