[double3(8.674000000000,0.000000000000,0.000000000000),double3(0.000000000000,8.674000000000,0.000000000000),double3(0.000000000000,0.000000000000,13.919000000000)]

double3(0.036300000000,0.202466666667,0.158900000000),
double3(0.066166666667,0.138500000000,0.000000000000),
double3(0.131266666667,0.103666666667,0.066050000000),
double3(0.084466666667,0.143600000000,0.055700000000),
double3(0.000000000000,0.166666666667,0.125000000000),
double3(0.130866666667,0.036300000000,0.158900000000),
double3(0.194833333333,0.066166666667,0.000000000000),
double3(0.229666666667,0.131266666667,0.066050000000),
double3(0.189733333333,0.084466666667,0.055700000000),
double3(0.166666666667,0.000000000000,0.125000000000),
double3(0.297033333333,0.130866666667,0.158900000000),
double3(0.267166666667,0.194833333333,0.000000000000),
double3(0.202066666667,0.229666666667,0.066050000000),
double3(0.248866666667,0.189733333333,0.055700000000),
double3(0.202466666667,0.297033333333,0.158900000000),
double3(0.138500000000,0.267166666667,0.000000000000),
double3(0.103666666667,0.202066666667,0.066050000000),
double3(0.143600000000,0.248866666667,0.055700000000),
double3(0.036300000000,0.130866666667,0.091100000000),
double3(0.066166666667,0.194833333333,0.250000000000),
double3(0.131266666667,0.229666666667,0.183950000000),
double3(0.084466666667,0.189733333333,0.194300000000),
double3(0.202466666667,0.036300000000,0.091100000000),
double3(0.138500000000,0.066166666667,0.250000000000),
double3(0.103666666667,0.131266666667,0.183950000000),
double3(0.143600000000,0.084466666667,0.194300000000),
double3(0.297033333333,0.202466666667,0.091100000000),
double3(0.267166666667,0.138500000000,0.250000000000),
double3(0.202066666667,0.103666666667,0.183950000000),
double3(0.248866666667,0.143600000000,0.194300000000),
double3(0.130866666667,0.297033333333,0.091100000000),
double3(0.194833333333,0.267166666667,0.250000000000),
double3(0.229666666667,0.202066666667,0.183950000000),
double3(0.189733333333,0.248866666667,0.194300000000),
double3(0.297033333333,0.130866666667,0.341100000000),
double3(0.202066666667,0.229666666667,0.433950000000),
double3(0.248866666667,0.189733333333,0.444300000000),
double3(0.000000000000,0.166666666667,0.375000000000),
double3(0.202466666667,0.297033333333,0.341100000000),
double3(0.103666666667,0.202066666667,0.433950000000),
double3(0.143600000000,0.248866666667,0.444300000000),
double3(0.166666666667,0.000000000000,0.375000000000),
double3(0.036300000000,0.202466666667,0.341100000000),
double3(0.131266666667,0.103666666667,0.433950000000),
double3(0.084466666667,0.143600000000,0.444300000000),
double3(0.130866666667,0.036300000000,0.341100000000),
double3(0.229666666667,0.131266666667,0.433950000000),
double3(0.189733333333,0.084466666667,0.444300000000),
double3(0.297033333333,0.202466666667,0.408900000000),
double3(0.202066666667,0.103666666667,0.316050000000),
double3(0.248866666667,0.143600000000,0.305700000000),
double3(0.130866666667,0.297033333333,0.408900000000),
double3(0.229666666667,0.202066666667,0.316050000000),
double3(0.189733333333,0.248866666667,0.305700000000),
double3(0.036300000000,0.130866666667,0.408900000000),
double3(0.131266666667,0.229666666667,0.316050000000),
double3(0.084466666667,0.189733333333,0.305700000000),
double3(0.202466666667,0.036300000000,0.408900000000),
double3(0.103666666667,0.131266666667,0.316050000000),
double3(0.143600000000,0.084466666667,0.305700000000),
double3(0.036300000000,0.202466666667,0.658900000000),
double3(0.066166666667,0.138500000000,0.500000000000),
double3(0.131266666667,0.103666666667,0.566050000000),
double3(0.084466666667,0.143600000000,0.555700000000),
double3(0.000000000000,0.166666666667,0.625000000000),
double3(0.130866666667,0.036300000000,0.658900000000),
double3(0.194833333333,0.066166666667,0.500000000000),
double3(0.229666666667,0.131266666667,0.566050000000),
double3(0.189733333333,0.084466666667,0.555700000000),
double3(0.166666666667,0.000000000000,0.625000000000),
double3(0.297033333333,0.130866666667,0.658900000000),
double3(0.267166666667,0.194833333333,0.500000000000),
double3(0.202066666667,0.229666666667,0.566050000000),
double3(0.248866666667,0.189733333333,0.555700000000),
double3(0.202466666667,0.297033333333,0.658900000000),
double3(0.138500000000,0.267166666667,0.500000000000),
double3(0.103666666667,0.202066666667,0.566050000000),
double3(0.143600000000,0.248866666667,0.555700000000),
double3(0.036300000000,0.130866666667,0.591100000000),
double3(0.066166666667,0.194833333333,0.750000000000),
double3(0.131266666667,0.229666666667,0.683950000000),
double3(0.084466666667,0.189733333333,0.694300000000),
double3(0.202466666667,0.036300000000,0.591100000000),
double3(0.138500000000,0.066166666667,0.750000000000),
double3(0.103666666667,0.131266666667,0.683950000000),
double3(0.143600000000,0.084466666667,0.694300000000),
double3(0.297033333333,0.202466666667,0.591100000000),
double3(0.267166666667,0.138500000000,0.750000000000),
double3(0.202066666667,0.103666666667,0.683950000000),
double3(0.248866666667,0.143600000000,0.694300000000),
double3(0.130866666667,0.297033333333,0.591100000000),
double3(0.194833333333,0.267166666667,0.750000000000),
double3(0.229666666667,0.202066666667,0.683950000000),
double3(0.189733333333,0.248866666667,0.694300000000),
double3(0.297033333333,0.130866666667,0.841100000000),
double3(0.202066666667,0.229666666667,0.933950000000),
double3(0.248866666667,0.189733333333,0.944300000000),
double3(0.000000000000,0.166666666667,0.875000000000),
double3(0.202466666667,0.297033333333,0.841100000000),
double3(0.103666666667,0.202066666667,0.933950000000),
double3(0.143600000000,0.248866666667,0.944300000000),
double3(0.166666666667,0.000000000000,0.875000000000),
double3(0.036300000000,0.202466666667,0.841100000000),
double3(0.131266666667,0.103666666667,0.933950000000),
double3(0.084466666667,0.143600000000,0.944300000000),
double3(0.130866666667,0.036300000000,0.841100000000),
double3(0.229666666667,0.131266666667,0.933950000000),
double3(0.189733333333,0.084466666667,0.944300000000),
double3(0.297033333333,0.202466666667,0.908900000000),
double3(0.202066666667,0.103666666667,0.816050000000),
double3(0.248866666667,0.143600000000,0.805700000000),
double3(0.130866666667,0.297033333333,0.908900000000),
double3(0.229666666667,0.202066666667,0.816050000000),
double3(0.189733333333,0.248866666667,0.805700000000),
double3(0.036300000000,0.130866666667,0.908900000000),
double3(0.131266666667,0.229666666667,0.816050000000),
double3(0.084466666667,0.189733333333,0.805700000000),
double3(0.202466666667,0.036300000000,0.908900000000),
double3(0.103666666667,0.131266666667,0.816050000000),
double3(0.143600000000,0.084466666667,0.805700000000),
double3(0.036300000000,0.535800000000,0.158900000000),
double3(0.066166666667,0.471833333333,0.000000000000),
double3(0.131266666667,0.437000000000,0.066050000000),
double3(0.084466666667,0.476933333333,0.055700000000),
double3(0.000000000000,0.500000000000,0.125000000000),
double3(0.130866666667,0.369633333333,0.158900000000),
double3(0.194833333333,0.399500000000,0.000000000000),
double3(0.229666666667,0.464600000000,0.066050000000),
double3(0.189733333333,0.417800000000,0.055700000000),
double3(0.166666666667,0.333333333333,0.125000000000),
double3(0.297033333333,0.464200000000,0.158900000000),
double3(0.267166666667,0.528166666667,0.000000000000),
double3(0.202066666667,0.563000000000,0.066050000000),
double3(0.248866666667,0.523066666667,0.055700000000),
double3(0.202466666667,0.630366666667,0.158900000000),
double3(0.138500000000,0.600500000000,0.000000000000),
double3(0.103666666667,0.535400000000,0.066050000000),
double3(0.143600000000,0.582200000000,0.055700000000),
double3(0.036300000000,0.464200000000,0.091100000000),
double3(0.066166666667,0.528166666667,0.250000000000),
double3(0.131266666667,0.563000000000,0.183950000000),
double3(0.084466666667,0.523066666667,0.194300000000),
double3(0.202466666667,0.369633333333,0.091100000000),
double3(0.138500000000,0.399500000000,0.250000000000),
double3(0.103666666667,0.464600000000,0.183950000000),
double3(0.143600000000,0.417800000000,0.194300000000),
double3(0.297033333333,0.535800000000,0.091100000000),
double3(0.267166666667,0.471833333333,0.250000000000),
double3(0.202066666667,0.437000000000,0.183950000000),
double3(0.248866666667,0.476933333333,0.194300000000),
double3(0.130866666667,0.630366666667,0.091100000000),
double3(0.194833333333,0.600500000000,0.250000000000),
double3(0.229666666667,0.535400000000,0.183950000000),
double3(0.189733333333,0.582200000000,0.194300000000),
double3(0.297033333333,0.464200000000,0.341100000000),
double3(0.202066666667,0.563000000000,0.433950000000),
double3(0.248866666667,0.523066666667,0.444300000000),
double3(0.000000000000,0.500000000000,0.375000000000),
double3(0.202466666667,0.630366666667,0.341100000000),
double3(0.103666666667,0.535400000000,0.433950000000),
double3(0.143600000000,0.582200000000,0.444300000000),
double3(0.166666666667,0.333333333333,0.375000000000),
double3(0.036300000000,0.535800000000,0.341100000000),
double3(0.131266666667,0.437000000000,0.433950000000),
double3(0.084466666667,0.476933333333,0.444300000000),
double3(0.130866666667,0.369633333333,0.341100000000),
double3(0.229666666667,0.464600000000,0.433950000000),
double3(0.189733333333,0.417800000000,0.444300000000),
double3(0.297033333333,0.535800000000,0.408900000000),
double3(0.202066666667,0.437000000000,0.316050000000),
double3(0.248866666667,0.476933333333,0.305700000000),
double3(0.130866666667,0.630366666667,0.408900000000),
double3(0.229666666667,0.535400000000,0.316050000000),
double3(0.189733333333,0.582200000000,0.305700000000),
double3(0.036300000000,0.464200000000,0.408900000000),
double3(0.131266666667,0.563000000000,0.316050000000),
double3(0.084466666667,0.523066666667,0.305700000000),
double3(0.202466666667,0.369633333333,0.408900000000),
double3(0.103666666667,0.464600000000,0.316050000000),
double3(0.143600000000,0.417800000000,0.305700000000),
double3(0.036300000000,0.535800000000,0.658900000000),
double3(0.066166666667,0.471833333333,0.500000000000),
double3(0.131266666667,0.437000000000,0.566050000000),
double3(0.084466666667,0.476933333333,0.555700000000),
double3(0.000000000000,0.500000000000,0.625000000000),
double3(0.130866666667,0.369633333333,0.658900000000),
double3(0.194833333333,0.399500000000,0.500000000000),
double3(0.229666666667,0.464600000000,0.566050000000),
double3(0.189733333333,0.417800000000,0.555700000000),
double3(0.166666666667,0.333333333333,0.625000000000),
double3(0.297033333333,0.464200000000,0.658900000000),
double3(0.267166666667,0.528166666667,0.500000000000),
double3(0.202066666667,0.563000000000,0.566050000000),
double3(0.248866666667,0.523066666667,0.555700000000),
double3(0.202466666667,0.630366666667,0.658900000000),
double3(0.138500000000,0.600500000000,0.500000000000),
double3(0.103666666667,0.535400000000,0.566050000000),
double3(0.143600000000,0.582200000000,0.555700000000),
double3(0.036300000000,0.464200000000,0.591100000000),
double3(0.066166666667,0.528166666667,0.750000000000),
double3(0.131266666667,0.563000000000,0.683950000000),
double3(0.084466666667,0.523066666667,0.694300000000),
double3(0.202466666667,0.369633333333,0.591100000000),
double3(0.138500000000,0.399500000000,0.750000000000),
double3(0.103666666667,0.464600000000,0.683950000000),
double3(0.143600000000,0.417800000000,0.694300000000),
double3(0.297033333333,0.535800000000,0.591100000000),
double3(0.267166666667,0.471833333333,0.750000000000),
double3(0.202066666667,0.437000000000,0.683950000000),
double3(0.248866666667,0.476933333333,0.694300000000),
double3(0.130866666667,0.630366666667,0.591100000000),
double3(0.194833333333,0.600500000000,0.750000000000),
double3(0.229666666667,0.535400000000,0.683950000000),
double3(0.189733333333,0.582200000000,0.694300000000),
double3(0.297033333333,0.464200000000,0.841100000000),
double3(0.202066666667,0.563000000000,0.933950000000),
double3(0.248866666667,0.523066666667,0.944300000000),
double3(0.000000000000,0.500000000000,0.875000000000),
double3(0.202466666667,0.630366666667,0.841100000000),
double3(0.103666666667,0.535400000000,0.933950000000),
double3(0.143600000000,0.582200000000,0.944300000000),
double3(0.166666666667,0.333333333333,0.875000000000),
double3(0.036300000000,0.535800000000,0.841100000000),
double3(0.131266666667,0.437000000000,0.933950000000),
double3(0.084466666667,0.476933333333,0.944300000000),
double3(0.130866666667,0.369633333333,0.841100000000),
double3(0.229666666667,0.464600000000,0.933950000000),
double3(0.189733333333,0.417800000000,0.944300000000),
double3(0.297033333333,0.535800000000,0.908900000000),
double3(0.202066666667,0.437000000000,0.816050000000),
double3(0.248866666667,0.476933333333,0.805700000000),
double3(0.130866666667,0.630366666667,0.908900000000),
double3(0.229666666667,0.535400000000,0.816050000000),
double3(0.189733333333,0.582200000000,0.805700000000),
double3(0.036300000000,0.464200000000,0.908900000000),
double3(0.131266666667,0.563000000000,0.816050000000),
double3(0.084466666667,0.523066666667,0.805700000000),
double3(0.202466666667,0.369633333333,0.908900000000),
double3(0.103666666667,0.464600000000,0.816050000000),
double3(0.143600000000,0.417800000000,0.805700000000),
double3(0.036300000000,0.869133333333,0.158900000000),
double3(0.066166666667,0.805166666667,0.000000000000),
double3(0.131266666667,0.770333333333,0.066050000000),
double3(0.084466666667,0.810266666667,0.055700000000),
double3(0.000000000000,0.833333333333,0.125000000000),
double3(0.130866666667,0.702966666667,0.158900000000),
double3(0.194833333333,0.732833333333,0.000000000000),
double3(0.229666666667,0.797933333333,0.066050000000),
double3(0.189733333333,0.751133333333,0.055700000000),
double3(0.166666666667,0.666666666667,0.125000000000),
double3(0.297033333333,0.797533333333,0.158900000000),
double3(0.267166666667,0.861500000000,0.000000000000),
double3(0.202066666667,0.896333333333,0.066050000000),
double3(0.248866666667,0.856400000000,0.055700000000),
double3(0.202466666667,0.963700000000,0.158900000000),
double3(0.138500000000,0.933833333333,0.000000000000),
double3(0.103666666667,0.868733333333,0.066050000000),
double3(0.143600000000,0.915533333333,0.055700000000),
double3(0.036300000000,0.797533333333,0.091100000000),
double3(0.066166666667,0.861500000000,0.250000000000),
double3(0.131266666667,0.896333333333,0.183950000000),
double3(0.084466666667,0.856400000000,0.194300000000),
double3(0.202466666667,0.702966666667,0.091100000000),
double3(0.138500000000,0.732833333333,0.250000000000),
double3(0.103666666667,0.797933333333,0.183950000000),
double3(0.143600000000,0.751133333333,0.194300000000),
double3(0.297033333333,0.869133333333,0.091100000000),
double3(0.267166666667,0.805166666667,0.250000000000),
double3(0.202066666667,0.770333333333,0.183950000000),
double3(0.248866666667,0.810266666667,0.194300000000),
double3(0.130866666667,0.963700000000,0.091100000000),
double3(0.194833333333,0.933833333333,0.250000000000),
double3(0.229666666667,0.868733333333,0.183950000000),
double3(0.189733333333,0.915533333333,0.194300000000),
double3(0.297033333333,0.797533333333,0.341100000000),
double3(0.202066666667,0.896333333333,0.433950000000),
double3(0.248866666667,0.856400000000,0.444300000000),
double3(0.000000000000,0.833333333333,0.375000000000),
double3(0.202466666667,0.963700000000,0.341100000000),
double3(0.103666666667,0.868733333333,0.433950000000),
double3(0.143600000000,0.915533333333,0.444300000000),
double3(0.166666666667,0.666666666667,0.375000000000),
double3(0.036300000000,0.869133333333,0.341100000000),
double3(0.131266666667,0.770333333333,0.433950000000),
double3(0.084466666667,0.810266666667,0.444300000000),
double3(0.130866666667,0.702966666667,0.341100000000),
double3(0.229666666667,0.797933333333,0.433950000000),
double3(0.189733333333,0.751133333333,0.444300000000),
double3(0.297033333333,0.869133333333,0.408900000000),
double3(0.202066666667,0.770333333333,0.316050000000),
double3(0.248866666667,0.810266666667,0.305700000000),
double3(0.130866666667,0.963700000000,0.408900000000),
double3(0.229666666667,0.868733333333,0.316050000000),
double3(0.189733333333,0.915533333333,0.305700000000),
double3(0.036300000000,0.797533333333,0.408900000000),
double3(0.131266666667,0.896333333333,0.316050000000),
double3(0.084466666667,0.856400000000,0.305700000000),
double3(0.202466666667,0.702966666667,0.408900000000),
double3(0.103666666667,0.797933333333,0.316050000000),
double3(0.143600000000,0.751133333333,0.305700000000),
double3(0.036300000000,0.869133333333,0.658900000000),
double3(0.066166666667,0.805166666667,0.500000000000),
double3(0.131266666667,0.770333333333,0.566050000000),
double3(0.084466666667,0.810266666667,0.555700000000),
double3(0.000000000000,0.833333333333,0.625000000000),
double3(0.130866666667,0.702966666667,0.658900000000),
double3(0.194833333333,0.732833333333,0.500000000000),
double3(0.229666666667,0.797933333333,0.566050000000),
double3(0.189733333333,0.751133333333,0.555700000000),
double3(0.166666666667,0.666666666667,0.625000000000),
double3(0.297033333333,0.797533333333,0.658900000000),
double3(0.267166666667,0.861500000000,0.500000000000),
double3(0.202066666667,0.896333333333,0.566050000000),
double3(0.248866666667,0.856400000000,0.555700000000),
double3(0.202466666667,0.963700000000,0.658900000000),
double3(0.138500000000,0.933833333333,0.500000000000),
double3(0.103666666667,0.868733333333,0.566050000000),
double3(0.143600000000,0.915533333333,0.555700000000),
double3(0.036300000000,0.797533333333,0.591100000000),
double3(0.066166666667,0.861500000000,0.750000000000),
double3(0.131266666667,0.896333333333,0.683950000000),
double3(0.084466666667,0.856400000000,0.694300000000),
double3(0.202466666667,0.702966666667,0.591100000000),
double3(0.138500000000,0.732833333333,0.750000000000),
double3(0.103666666667,0.797933333333,0.683950000000),
double3(0.143600000000,0.751133333333,0.694300000000),
double3(0.297033333333,0.869133333333,0.591100000000),
double3(0.267166666667,0.805166666667,0.750000000000),
double3(0.202066666667,0.770333333333,0.683950000000),
double3(0.248866666667,0.810266666667,0.694300000000),
double3(0.130866666667,0.963700000000,0.591100000000),
double3(0.194833333333,0.933833333333,0.750000000000),
double3(0.229666666667,0.868733333333,0.683950000000),
double3(0.189733333333,0.915533333333,0.694300000000),
double3(0.297033333333,0.797533333333,0.841100000000),
double3(0.202066666667,0.896333333333,0.933950000000),
double3(0.248866666667,0.856400000000,0.944300000000),
double3(0.000000000000,0.833333333333,0.875000000000),
double3(0.202466666667,0.963700000000,0.841100000000),
double3(0.103666666667,0.868733333333,0.933950000000),
double3(0.143600000000,0.915533333333,0.944300000000),
double3(0.166666666667,0.666666666667,0.875000000000),
double3(0.036300000000,0.869133333333,0.841100000000),
double3(0.131266666667,0.770333333333,0.933950000000),
double3(0.084466666667,0.810266666667,0.944300000000),
double3(0.130866666667,0.702966666667,0.841100000000),
double3(0.229666666667,0.797933333333,0.933950000000),
double3(0.189733333333,0.751133333333,0.944300000000),
double3(0.297033333333,0.869133333333,0.908900000000),
double3(0.202066666667,0.770333333333,0.816050000000),
double3(0.248866666667,0.810266666667,0.805700000000),
double3(0.130866666667,0.963700000000,0.908900000000),
double3(0.229666666667,0.868733333333,0.816050000000),
double3(0.189733333333,0.915533333333,0.805700000000),
double3(0.036300000000,0.797533333333,0.908900000000),
double3(0.131266666667,0.896333333333,0.816050000000),
double3(0.084466666667,0.856400000000,0.805700000000),
double3(0.202466666667,0.702966666667,0.908900000000),
double3(0.103666666667,0.797933333333,0.816050000000),
double3(0.143600000000,0.751133333333,0.805700000000),
double3(0.369633333333,0.202466666667,0.158900000000),
double3(0.399500000000,0.138500000000,0.000000000000),
double3(0.464600000000,0.103666666667,0.066050000000),
double3(0.417800000000,0.143600000000,0.055700000000),
double3(0.333333333333,0.166666666667,0.125000000000),
double3(0.464200000000,0.036300000000,0.158900000000),
double3(0.528166666667,0.066166666667,0.000000000000),
double3(0.563000000000,0.131266666667,0.066050000000),
double3(0.523066666667,0.084466666667,0.055700000000),
double3(0.500000000000,0.000000000000,0.125000000000),
double3(0.630366666667,0.130866666667,0.158900000000),
double3(0.600500000000,0.194833333333,0.000000000000),
double3(0.535400000000,0.229666666667,0.066050000000),
double3(0.582200000000,0.189733333333,0.055700000000),
double3(0.535800000000,0.297033333333,0.158900000000),
double3(0.471833333333,0.267166666667,0.000000000000),
double3(0.437000000000,0.202066666667,0.066050000000),
double3(0.476933333333,0.248866666667,0.055700000000),
double3(0.369633333333,0.130866666667,0.091100000000),
double3(0.399500000000,0.194833333333,0.250000000000),
double3(0.464600000000,0.229666666667,0.183950000000),
double3(0.417800000000,0.189733333333,0.194300000000),
double3(0.535800000000,0.036300000000,0.091100000000),
double3(0.471833333333,0.066166666667,0.250000000000),
double3(0.437000000000,0.131266666667,0.183950000000),
double3(0.476933333333,0.084466666667,0.194300000000),
double3(0.630366666667,0.202466666667,0.091100000000),
double3(0.600500000000,0.138500000000,0.250000000000),
double3(0.535400000000,0.103666666667,0.183950000000),
double3(0.582200000000,0.143600000000,0.194300000000),
double3(0.464200000000,0.297033333333,0.091100000000),
double3(0.528166666667,0.267166666667,0.250000000000),
double3(0.563000000000,0.202066666667,0.183950000000),
double3(0.523066666667,0.248866666667,0.194300000000),
double3(0.630366666667,0.130866666667,0.341100000000),
double3(0.535400000000,0.229666666667,0.433950000000),
double3(0.582200000000,0.189733333333,0.444300000000),
double3(0.333333333333,0.166666666667,0.375000000000),
double3(0.535800000000,0.297033333333,0.341100000000),
double3(0.437000000000,0.202066666667,0.433950000000),
double3(0.476933333333,0.248866666667,0.444300000000),
double3(0.500000000000,0.000000000000,0.375000000000),
double3(0.369633333333,0.202466666667,0.341100000000),
double3(0.464600000000,0.103666666667,0.433950000000),
double3(0.417800000000,0.143600000000,0.444300000000),
double3(0.464200000000,0.036300000000,0.341100000000),
double3(0.563000000000,0.131266666667,0.433950000000),
double3(0.523066666667,0.084466666667,0.444300000000),
double3(0.630366666667,0.202466666667,0.408900000000),
double3(0.535400000000,0.103666666667,0.316050000000),
double3(0.582200000000,0.143600000000,0.305700000000),
double3(0.464200000000,0.297033333333,0.408900000000),
double3(0.563000000000,0.202066666667,0.316050000000),
double3(0.523066666667,0.248866666667,0.305700000000),
double3(0.369633333333,0.130866666667,0.408900000000),
double3(0.464600000000,0.229666666667,0.316050000000),
double3(0.417800000000,0.189733333333,0.305700000000),
double3(0.535800000000,0.036300000000,0.408900000000),
double3(0.437000000000,0.131266666667,0.316050000000),
double3(0.476933333333,0.084466666667,0.305700000000),
double3(0.369633333333,0.202466666667,0.658900000000),
double3(0.399500000000,0.138500000000,0.500000000000),
double3(0.464600000000,0.103666666667,0.566050000000),
double3(0.417800000000,0.143600000000,0.555700000000),
double3(0.333333333333,0.166666666667,0.625000000000),
double3(0.464200000000,0.036300000000,0.658900000000),
double3(0.528166666667,0.066166666667,0.500000000000),
double3(0.563000000000,0.131266666667,0.566050000000),
double3(0.523066666667,0.084466666667,0.555700000000),
double3(0.500000000000,0.000000000000,0.625000000000),
double3(0.630366666667,0.130866666667,0.658900000000),
double3(0.600500000000,0.194833333333,0.500000000000),
double3(0.535400000000,0.229666666667,0.566050000000),
double3(0.582200000000,0.189733333333,0.555700000000),
double3(0.535800000000,0.297033333333,0.658900000000),
double3(0.471833333333,0.267166666667,0.500000000000),
double3(0.437000000000,0.202066666667,0.566050000000),
double3(0.476933333333,0.248866666667,0.555700000000),
double3(0.369633333333,0.130866666667,0.591100000000),
double3(0.399500000000,0.194833333333,0.750000000000),
double3(0.464600000000,0.229666666667,0.683950000000),
double3(0.417800000000,0.189733333333,0.694300000000),
double3(0.535800000000,0.036300000000,0.591100000000),
double3(0.471833333333,0.066166666667,0.750000000000),
double3(0.437000000000,0.131266666667,0.683950000000),
double3(0.476933333333,0.084466666667,0.694300000000),
double3(0.630366666667,0.202466666667,0.591100000000),
double3(0.600500000000,0.138500000000,0.750000000000),
double3(0.535400000000,0.103666666667,0.683950000000),
double3(0.582200000000,0.143600000000,0.694300000000),
double3(0.464200000000,0.297033333333,0.591100000000),
double3(0.528166666667,0.267166666667,0.750000000000),
double3(0.563000000000,0.202066666667,0.683950000000),
double3(0.523066666667,0.248866666667,0.694300000000),
double3(0.630366666667,0.130866666667,0.841100000000),
double3(0.535400000000,0.229666666667,0.933950000000),
double3(0.582200000000,0.189733333333,0.944300000000),
double3(0.333333333333,0.166666666667,0.875000000000),
double3(0.535800000000,0.297033333333,0.841100000000),
double3(0.437000000000,0.202066666667,0.933950000000),
double3(0.476933333333,0.248866666667,0.944300000000),
double3(0.500000000000,0.000000000000,0.875000000000),
double3(0.369633333333,0.202466666667,0.841100000000),
double3(0.464600000000,0.103666666667,0.933950000000),
double3(0.417800000000,0.143600000000,0.944300000000),
double3(0.464200000000,0.036300000000,0.841100000000),
double3(0.563000000000,0.131266666667,0.933950000000),
double3(0.523066666667,0.084466666667,0.944300000000),
double3(0.630366666667,0.202466666667,0.908900000000),
double3(0.535400000000,0.103666666667,0.816050000000),
double3(0.582200000000,0.143600000000,0.805700000000),
double3(0.464200000000,0.297033333333,0.908900000000),
double3(0.563000000000,0.202066666667,0.816050000000),
double3(0.523066666667,0.248866666667,0.805700000000),
double3(0.369633333333,0.130866666667,0.908900000000),
double3(0.464600000000,0.229666666667,0.816050000000),
double3(0.417800000000,0.189733333333,0.805700000000),
double3(0.535800000000,0.036300000000,0.908900000000),
double3(0.437000000000,0.131266666667,0.816050000000),
double3(0.476933333333,0.084466666667,0.805700000000),
double3(0.369633333333,0.535800000000,0.158900000000),
double3(0.399500000000,0.471833333333,0.000000000000),
double3(0.464600000000,0.437000000000,0.066050000000),
double3(0.417800000000,0.476933333333,0.055700000000),
double3(0.333333333333,0.500000000000,0.125000000000),
double3(0.464200000000,0.369633333333,0.158900000000),
double3(0.528166666667,0.399500000000,0.000000000000),
double3(0.563000000000,0.464600000000,0.066050000000),
double3(0.523066666667,0.417800000000,0.055700000000),
double3(0.500000000000,0.333333333333,0.125000000000),
double3(0.630366666667,0.464200000000,0.158900000000),
double3(0.600500000000,0.528166666667,0.000000000000),
double3(0.535400000000,0.563000000000,0.066050000000),
double3(0.582200000000,0.523066666667,0.055700000000),
double3(0.535800000000,0.630366666667,0.158900000000),
double3(0.471833333333,0.600500000000,0.000000000000),
double3(0.437000000000,0.535400000000,0.066050000000),
double3(0.476933333333,0.582200000000,0.055700000000),
double3(0.369633333333,0.464200000000,0.091100000000),
double3(0.399500000000,0.528166666667,0.250000000000),
double3(0.464600000000,0.563000000000,0.183950000000),
double3(0.417800000000,0.523066666667,0.194300000000),
double3(0.535800000000,0.369633333333,0.091100000000),
double3(0.471833333333,0.399500000000,0.250000000000),
double3(0.437000000000,0.464600000000,0.183950000000),
double3(0.476933333333,0.417800000000,0.194300000000),
double3(0.630366666667,0.535800000000,0.091100000000),
double3(0.600500000000,0.471833333333,0.250000000000),
double3(0.535400000000,0.437000000000,0.183950000000),
double3(0.582200000000,0.476933333333,0.194300000000),
double3(0.464200000000,0.630366666667,0.091100000000),
double3(0.528166666667,0.600500000000,0.250000000000),
double3(0.563000000000,0.535400000000,0.183950000000),
double3(0.523066666667,0.582200000000,0.194300000000),
double3(0.630366666667,0.464200000000,0.341100000000),
double3(0.535400000000,0.563000000000,0.433950000000),
double3(0.582200000000,0.523066666667,0.444300000000),
double3(0.333333333333,0.500000000000,0.375000000000),
double3(0.535800000000,0.630366666667,0.341100000000),
double3(0.437000000000,0.535400000000,0.433950000000),
double3(0.476933333333,0.582200000000,0.444300000000),
double3(0.500000000000,0.333333333333,0.375000000000),
double3(0.369633333333,0.535800000000,0.341100000000),
double3(0.464600000000,0.437000000000,0.433950000000),
double3(0.417800000000,0.476933333333,0.444300000000),
double3(0.464200000000,0.369633333333,0.341100000000),
double3(0.563000000000,0.464600000000,0.433950000000),
double3(0.523066666667,0.417800000000,0.444300000000),
double3(0.630366666667,0.535800000000,0.408900000000),
double3(0.535400000000,0.437000000000,0.316050000000),
double3(0.582200000000,0.476933333333,0.305700000000),
double3(0.464200000000,0.630366666667,0.408900000000),
double3(0.563000000000,0.535400000000,0.316050000000),
double3(0.523066666667,0.582200000000,0.305700000000),
double3(0.369633333333,0.464200000000,0.408900000000),
double3(0.464600000000,0.563000000000,0.316050000000),
double3(0.417800000000,0.523066666667,0.305700000000),
double3(0.535800000000,0.369633333333,0.408900000000),
double3(0.437000000000,0.464600000000,0.316050000000),
double3(0.476933333333,0.417800000000,0.305700000000),
double3(0.369633333333,0.535800000000,0.658900000000),
double3(0.399500000000,0.471833333333,0.500000000000),
double3(0.464600000000,0.437000000000,0.566050000000),
double3(0.417800000000,0.476933333333,0.555700000000),
double3(0.333333333333,0.500000000000,0.625000000000),
double3(0.464200000000,0.369633333333,0.658900000000),
double3(0.528166666667,0.399500000000,0.500000000000),
double3(0.563000000000,0.464600000000,0.566050000000),
double3(0.523066666667,0.417800000000,0.555700000000),
double3(0.500000000000,0.333333333333,0.625000000000),
double3(0.630366666667,0.464200000000,0.658900000000),
double3(0.600500000000,0.528166666667,0.500000000000),
double3(0.535400000000,0.563000000000,0.566050000000),
double3(0.582200000000,0.523066666667,0.555700000000),
double3(0.535800000000,0.630366666667,0.658900000000),
double3(0.471833333333,0.600500000000,0.500000000000),
double3(0.437000000000,0.535400000000,0.566050000000),
double3(0.476933333333,0.582200000000,0.555700000000),
double3(0.369633333333,0.464200000000,0.591100000000),
double3(0.399500000000,0.528166666667,0.750000000000),
double3(0.464600000000,0.563000000000,0.683950000000),
double3(0.417800000000,0.523066666667,0.694300000000),
double3(0.535800000000,0.369633333333,0.591100000000),
double3(0.471833333333,0.399500000000,0.750000000000),
double3(0.437000000000,0.464600000000,0.683950000000),
double3(0.476933333333,0.417800000000,0.694300000000),
double3(0.630366666667,0.535800000000,0.591100000000),
double3(0.600500000000,0.471833333333,0.750000000000),
double3(0.535400000000,0.437000000000,0.683950000000),
double3(0.582200000000,0.476933333333,0.694300000000),
double3(0.464200000000,0.630366666667,0.591100000000),
double3(0.528166666667,0.600500000000,0.750000000000),
double3(0.563000000000,0.535400000000,0.683950000000),
double3(0.523066666667,0.582200000000,0.694300000000),
double3(0.630366666667,0.464200000000,0.841100000000),
double3(0.535400000000,0.563000000000,0.933950000000),
double3(0.582200000000,0.523066666667,0.944300000000),
double3(0.333333333333,0.500000000000,0.875000000000),
double3(0.535800000000,0.630366666667,0.841100000000),
double3(0.437000000000,0.535400000000,0.933950000000),
double3(0.476933333333,0.582200000000,0.944300000000),
double3(0.500000000000,0.333333333333,0.875000000000),
double3(0.369633333333,0.535800000000,0.841100000000),
double3(0.464600000000,0.437000000000,0.933950000000),
double3(0.417800000000,0.476933333333,0.944300000000),
double3(0.464200000000,0.369633333333,0.841100000000),
double3(0.563000000000,0.464600000000,0.933950000000),
double3(0.523066666667,0.417800000000,0.944300000000),
double3(0.630366666667,0.535800000000,0.908900000000),
double3(0.535400000000,0.437000000000,0.816050000000),
double3(0.582200000000,0.476933333333,0.805700000000),
double3(0.464200000000,0.630366666667,0.908900000000),
double3(0.563000000000,0.535400000000,0.816050000000),
double3(0.523066666667,0.582200000000,0.805700000000),
double3(0.369633333333,0.464200000000,0.908900000000),
double3(0.464600000000,0.563000000000,0.816050000000),
double3(0.417800000000,0.523066666667,0.805700000000),
double3(0.535800000000,0.369633333333,0.908900000000),
double3(0.437000000000,0.464600000000,0.816050000000),
double3(0.476933333333,0.417800000000,0.805700000000),
double3(0.369633333333,0.869133333333,0.158900000000),
double3(0.399500000000,0.805166666667,0.000000000000),
double3(0.464600000000,0.770333333333,0.066050000000),
double3(0.417800000000,0.810266666667,0.055700000000),
double3(0.333333333333,0.833333333333,0.125000000000),
double3(0.464200000000,0.702966666667,0.158900000000),
double3(0.528166666667,0.732833333333,0.000000000000),
double3(0.563000000000,0.797933333333,0.066050000000),
double3(0.523066666667,0.751133333333,0.055700000000),
double3(0.500000000000,0.666666666667,0.125000000000),
double3(0.630366666667,0.797533333333,0.158900000000),
double3(0.600500000000,0.861500000000,0.000000000000),
double3(0.535400000000,0.896333333333,0.066050000000),
double3(0.582200000000,0.856400000000,0.055700000000),
double3(0.535800000000,0.963700000000,0.158900000000),
double3(0.471833333333,0.933833333333,0.000000000000),
double3(0.437000000000,0.868733333333,0.066050000000),
double3(0.476933333333,0.915533333333,0.055700000000),
double3(0.369633333333,0.797533333333,0.091100000000),
double3(0.399500000000,0.861500000000,0.250000000000),
double3(0.464600000000,0.896333333333,0.183950000000),
double3(0.417800000000,0.856400000000,0.194300000000),
double3(0.535800000000,0.702966666667,0.091100000000),
double3(0.471833333333,0.732833333333,0.250000000000),
double3(0.437000000000,0.797933333333,0.183950000000),
double3(0.476933333333,0.751133333333,0.194300000000),
double3(0.630366666667,0.869133333333,0.091100000000),
double3(0.600500000000,0.805166666667,0.250000000000),
double3(0.535400000000,0.770333333333,0.183950000000),
double3(0.582200000000,0.810266666667,0.194300000000),
double3(0.464200000000,0.963700000000,0.091100000000),
double3(0.528166666667,0.933833333333,0.250000000000),
double3(0.563000000000,0.868733333333,0.183950000000),
double3(0.523066666667,0.915533333333,0.194300000000),
double3(0.630366666667,0.797533333333,0.341100000000),
double3(0.535400000000,0.896333333333,0.433950000000),
double3(0.582200000000,0.856400000000,0.444300000000),
double3(0.333333333333,0.833333333333,0.375000000000),
double3(0.535800000000,0.963700000000,0.341100000000),
double3(0.437000000000,0.868733333333,0.433950000000),
double3(0.476933333333,0.915533333333,0.444300000000),
double3(0.500000000000,0.666666666667,0.375000000000),
double3(0.369633333333,0.869133333333,0.341100000000),
double3(0.464600000000,0.770333333333,0.433950000000),
double3(0.417800000000,0.810266666667,0.444300000000),
double3(0.464200000000,0.702966666667,0.341100000000),
double3(0.563000000000,0.797933333333,0.433950000000),
double3(0.523066666667,0.751133333333,0.444300000000),
double3(0.630366666667,0.869133333333,0.408900000000),
double3(0.535400000000,0.770333333333,0.316050000000),
double3(0.582200000000,0.810266666667,0.305700000000),
double3(0.464200000000,0.963700000000,0.408900000000),
double3(0.563000000000,0.868733333333,0.316050000000),
double3(0.523066666667,0.915533333333,0.305700000000),
double3(0.369633333333,0.797533333333,0.408900000000),
double3(0.464600000000,0.896333333333,0.316050000000),
double3(0.417800000000,0.856400000000,0.305700000000),
double3(0.535800000000,0.702966666667,0.408900000000),
double3(0.437000000000,0.797933333333,0.316050000000),
double3(0.476933333333,0.751133333333,0.305700000000),
double3(0.369633333333,0.869133333333,0.658900000000),
double3(0.399500000000,0.805166666667,0.500000000000),
double3(0.464600000000,0.770333333333,0.566050000000),
double3(0.417800000000,0.810266666667,0.555700000000),
double3(0.333333333333,0.833333333333,0.625000000000),
double3(0.464200000000,0.702966666667,0.658900000000),
double3(0.528166666667,0.732833333333,0.500000000000),
double3(0.563000000000,0.797933333333,0.566050000000),
double3(0.523066666667,0.751133333333,0.555700000000),
double3(0.500000000000,0.666666666667,0.625000000000),
double3(0.630366666667,0.797533333333,0.658900000000),
double3(0.600500000000,0.861500000000,0.500000000000),
double3(0.535400000000,0.896333333333,0.566050000000),
double3(0.582200000000,0.856400000000,0.555700000000),
double3(0.535800000000,0.963700000000,0.658900000000),
double3(0.471833333333,0.933833333333,0.500000000000),
double3(0.437000000000,0.868733333333,0.566050000000),
double3(0.476933333333,0.915533333333,0.555700000000),
double3(0.369633333333,0.797533333333,0.591100000000),
double3(0.399500000000,0.861500000000,0.750000000000),
double3(0.464600000000,0.896333333333,0.683950000000),
double3(0.417800000000,0.856400000000,0.694300000000),
double3(0.535800000000,0.702966666667,0.591100000000),
double3(0.471833333333,0.732833333333,0.750000000000),
double3(0.437000000000,0.797933333333,0.683950000000),
double3(0.476933333333,0.751133333333,0.694300000000),
double3(0.630366666667,0.869133333333,0.591100000000),
double3(0.600500000000,0.805166666667,0.750000000000),
double3(0.535400000000,0.770333333333,0.683950000000),
double3(0.582200000000,0.810266666667,0.694300000000),
double3(0.464200000000,0.963700000000,0.591100000000),
double3(0.528166666667,0.933833333333,0.750000000000),
double3(0.563000000000,0.868733333333,0.683950000000),
double3(0.523066666667,0.915533333333,0.694300000000),
double3(0.630366666667,0.797533333333,0.841100000000),
double3(0.535400000000,0.896333333333,0.933950000000),
double3(0.582200000000,0.856400000000,0.944300000000),
double3(0.333333333333,0.833333333333,0.875000000000),
double3(0.535800000000,0.963700000000,0.841100000000),
double3(0.437000000000,0.868733333333,0.933950000000),
double3(0.476933333333,0.915533333333,0.944300000000),
double3(0.500000000000,0.666666666667,0.875000000000),
double3(0.369633333333,0.869133333333,0.841100000000),
double3(0.464600000000,0.770333333333,0.933950000000),
double3(0.417800000000,0.810266666667,0.944300000000),
double3(0.464200000000,0.702966666667,0.841100000000),
double3(0.563000000000,0.797933333333,0.933950000000),
double3(0.523066666667,0.751133333333,0.944300000000),
double3(0.630366666667,0.869133333333,0.908900000000),
double3(0.535400000000,0.770333333333,0.816050000000),
double3(0.582200000000,0.810266666667,0.805700000000),
double3(0.464200000000,0.963700000000,0.908900000000),
double3(0.563000000000,0.868733333333,0.816050000000),
double3(0.523066666667,0.915533333333,0.805700000000),
double3(0.369633333333,0.797533333333,0.908900000000),
double3(0.464600000000,0.896333333333,0.816050000000),
double3(0.417800000000,0.856400000000,0.805700000000),
double3(0.535800000000,0.702966666667,0.908900000000),
double3(0.437000000000,0.797933333333,0.816050000000),
double3(0.476933333333,0.751133333333,0.805700000000),
double3(0.702966666667,0.202466666667,0.158900000000),
double3(0.732833333333,0.138500000000,0.000000000000),
double3(0.797933333333,0.103666666667,0.066050000000),
double3(0.751133333333,0.143600000000,0.055700000000),
double3(0.666666666667,0.166666666667,0.125000000000),
double3(0.797533333333,0.036300000000,0.158900000000),
double3(0.861500000000,0.066166666667,0.000000000000),
double3(0.896333333333,0.131266666667,0.066050000000),
double3(0.856400000000,0.084466666667,0.055700000000),
double3(0.833333333333,0.000000000000,0.125000000000),
double3(0.963700000000,0.130866666667,0.158900000000),
double3(0.933833333333,0.194833333333,0.000000000000),
double3(0.868733333333,0.229666666667,0.066050000000),
double3(0.915533333333,0.189733333333,0.055700000000),
double3(0.869133333333,0.297033333333,0.158900000000),
double3(0.805166666667,0.267166666667,0.000000000000),
double3(0.770333333333,0.202066666667,0.066050000000),
double3(0.810266666667,0.248866666667,0.055700000000),
double3(0.702966666667,0.130866666667,0.091100000000),
double3(0.732833333333,0.194833333333,0.250000000000),
double3(0.797933333333,0.229666666667,0.183950000000),
double3(0.751133333333,0.189733333333,0.194300000000),
double3(0.869133333333,0.036300000000,0.091100000000),
double3(0.805166666667,0.066166666667,0.250000000000),
double3(0.770333333333,0.131266666667,0.183950000000),
double3(0.810266666667,0.084466666667,0.194300000000),
double3(0.963700000000,0.202466666667,0.091100000000),
double3(0.933833333333,0.138500000000,0.250000000000),
double3(0.868733333333,0.103666666667,0.183950000000),
double3(0.915533333333,0.143600000000,0.194300000000),
double3(0.797533333333,0.297033333333,0.091100000000),
double3(0.861500000000,0.267166666667,0.250000000000),
double3(0.896333333333,0.202066666667,0.183950000000),
double3(0.856400000000,0.248866666667,0.194300000000),
double3(0.963700000000,0.130866666667,0.341100000000),
double3(0.868733333333,0.229666666667,0.433950000000),
double3(0.915533333333,0.189733333333,0.444300000000),
double3(0.666666666667,0.166666666667,0.375000000000),
double3(0.869133333333,0.297033333333,0.341100000000),
double3(0.770333333333,0.202066666667,0.433950000000),
double3(0.810266666667,0.248866666667,0.444300000000),
double3(0.833333333333,0.000000000000,0.375000000000),
double3(0.702966666667,0.202466666667,0.341100000000),
double3(0.797933333333,0.103666666667,0.433950000000),
double3(0.751133333333,0.143600000000,0.444300000000),
double3(0.797533333333,0.036300000000,0.341100000000),
double3(0.896333333333,0.131266666667,0.433950000000),
double3(0.856400000000,0.084466666667,0.444300000000),
double3(0.963700000000,0.202466666667,0.408900000000),
double3(0.868733333333,0.103666666667,0.316050000000),
double3(0.915533333333,0.143600000000,0.305700000000),
double3(0.797533333333,0.297033333333,0.408900000000),
double3(0.896333333333,0.202066666667,0.316050000000),
double3(0.856400000000,0.248866666667,0.305700000000),
double3(0.702966666667,0.130866666667,0.408900000000),
double3(0.797933333333,0.229666666667,0.316050000000),
double3(0.751133333333,0.189733333333,0.305700000000),
double3(0.869133333333,0.036300000000,0.408900000000),
double3(0.770333333333,0.131266666667,0.316050000000),
double3(0.810266666667,0.084466666667,0.305700000000),
double3(0.702966666667,0.202466666667,0.658900000000),
double3(0.732833333333,0.138500000000,0.500000000000),
double3(0.797933333333,0.103666666667,0.566050000000),
double3(0.751133333333,0.143600000000,0.555700000000),
double3(0.666666666667,0.166666666667,0.625000000000),
double3(0.797533333333,0.036300000000,0.658900000000),
double3(0.861500000000,0.066166666667,0.500000000000),
double3(0.896333333333,0.131266666667,0.566050000000),
double3(0.856400000000,0.084466666667,0.555700000000),
double3(0.833333333333,0.000000000000,0.625000000000),
double3(0.963700000000,0.130866666667,0.658900000000),
double3(0.933833333333,0.194833333333,0.500000000000),
double3(0.868733333333,0.229666666667,0.566050000000),
double3(0.915533333333,0.189733333333,0.555700000000),
double3(0.869133333333,0.297033333333,0.658900000000),
double3(0.805166666667,0.267166666667,0.500000000000),
double3(0.770333333333,0.202066666667,0.566050000000),
double3(0.810266666667,0.248866666667,0.555700000000),
double3(0.702966666667,0.130866666667,0.591100000000),
double3(0.732833333333,0.194833333333,0.750000000000),
double3(0.797933333333,0.229666666667,0.683950000000),
double3(0.751133333333,0.189733333333,0.694300000000),
double3(0.869133333333,0.036300000000,0.591100000000),
double3(0.805166666667,0.066166666667,0.750000000000),
double3(0.770333333333,0.131266666667,0.683950000000),
double3(0.810266666667,0.084466666667,0.694300000000),
double3(0.963700000000,0.202466666667,0.591100000000),
double3(0.933833333333,0.138500000000,0.750000000000),
double3(0.868733333333,0.103666666667,0.683950000000),
double3(0.915533333333,0.143600000000,0.694300000000),
double3(0.797533333333,0.297033333333,0.591100000000),
double3(0.861500000000,0.267166666667,0.750000000000),
double3(0.896333333333,0.202066666667,0.683950000000),
double3(0.856400000000,0.248866666667,0.694300000000),
double3(0.963700000000,0.130866666667,0.841100000000),
double3(0.868733333333,0.229666666667,0.933950000000),
double3(0.915533333333,0.189733333333,0.944300000000),
double3(0.666666666667,0.166666666667,0.875000000000),
double3(0.869133333333,0.297033333333,0.841100000000),
double3(0.770333333333,0.202066666667,0.933950000000),
double3(0.810266666667,0.248866666667,0.944300000000),
double3(0.833333333333,0.000000000000,0.875000000000),
double3(0.702966666667,0.202466666667,0.841100000000),
double3(0.797933333333,0.103666666667,0.933950000000),
double3(0.751133333333,0.143600000000,0.944300000000),
double3(0.797533333333,0.036300000000,0.841100000000),
double3(0.896333333333,0.131266666667,0.933950000000),
double3(0.856400000000,0.084466666667,0.944300000000),
double3(0.963700000000,0.202466666667,0.908900000000),
double3(0.868733333333,0.103666666667,0.816050000000),
double3(0.915533333333,0.143600000000,0.805700000000),
double3(0.797533333333,0.297033333333,0.908900000000),
double3(0.896333333333,0.202066666667,0.816050000000),
double3(0.856400000000,0.248866666667,0.805700000000),
double3(0.702966666667,0.130866666667,0.908900000000),
double3(0.797933333333,0.229666666667,0.816050000000),
double3(0.751133333333,0.189733333333,0.805700000000),
double3(0.869133333333,0.036300000000,0.908900000000),
double3(0.770333333333,0.131266666667,0.816050000000),
double3(0.810266666667,0.084466666667,0.805700000000),
double3(0.702966666667,0.535800000000,0.158900000000),
double3(0.732833333333,0.471833333333,0.000000000000),
double3(0.797933333333,0.437000000000,0.066050000000),
double3(0.751133333333,0.476933333333,0.055700000000),
double3(0.666666666667,0.500000000000,0.125000000000),
double3(0.797533333333,0.369633333333,0.158900000000),
double3(0.861500000000,0.399500000000,0.000000000000),
double3(0.896333333333,0.464600000000,0.066050000000),
double3(0.856400000000,0.417800000000,0.055700000000),
double3(0.833333333333,0.333333333333,0.125000000000),
double3(0.963700000000,0.464200000000,0.158900000000),
double3(0.933833333333,0.528166666667,0.000000000000),
double3(0.868733333333,0.563000000000,0.066050000000),
double3(0.915533333333,0.523066666667,0.055700000000),
double3(0.869133333333,0.630366666667,0.158900000000),
double3(0.805166666667,0.600500000000,0.000000000000),
double3(0.770333333333,0.535400000000,0.066050000000),
double3(0.810266666667,0.582200000000,0.055700000000),
double3(0.702966666667,0.464200000000,0.091100000000),
double3(0.732833333333,0.528166666667,0.250000000000),
double3(0.797933333333,0.563000000000,0.183950000000),
double3(0.751133333333,0.523066666667,0.194300000000),
double3(0.869133333333,0.369633333333,0.091100000000),
double3(0.805166666667,0.399500000000,0.250000000000),
double3(0.770333333333,0.464600000000,0.183950000000),
double3(0.810266666667,0.417800000000,0.194300000000),
double3(0.963700000000,0.535800000000,0.091100000000),
double3(0.933833333333,0.471833333333,0.250000000000),
double3(0.868733333333,0.437000000000,0.183950000000),
double3(0.915533333333,0.476933333333,0.194300000000),
double3(0.797533333333,0.630366666667,0.091100000000),
double3(0.861500000000,0.600500000000,0.250000000000),
double3(0.896333333333,0.535400000000,0.183950000000),
double3(0.856400000000,0.582200000000,0.194300000000),
double3(0.963700000000,0.464200000000,0.341100000000),
double3(0.868733333333,0.563000000000,0.433950000000),
double3(0.915533333333,0.523066666667,0.444300000000),
double3(0.666666666667,0.500000000000,0.375000000000),
double3(0.869133333333,0.630366666667,0.341100000000),
double3(0.770333333333,0.535400000000,0.433950000000),
double3(0.810266666667,0.582200000000,0.444300000000),
double3(0.833333333333,0.333333333333,0.375000000000),
double3(0.702966666667,0.535800000000,0.341100000000),
double3(0.797933333333,0.437000000000,0.433950000000),
double3(0.751133333333,0.476933333333,0.444300000000),
double3(0.797533333333,0.369633333333,0.341100000000),
double3(0.896333333333,0.464600000000,0.433950000000),
double3(0.856400000000,0.417800000000,0.444300000000),
double3(0.963700000000,0.535800000000,0.408900000000),
double3(0.868733333333,0.437000000000,0.316050000000),
double3(0.915533333333,0.476933333333,0.305700000000),
double3(0.797533333333,0.630366666667,0.408900000000),
double3(0.896333333333,0.535400000000,0.316050000000),
double3(0.856400000000,0.582200000000,0.305700000000),
double3(0.702966666667,0.464200000000,0.408900000000),
double3(0.797933333333,0.563000000000,0.316050000000),
double3(0.751133333333,0.523066666667,0.305700000000),
double3(0.869133333333,0.369633333333,0.408900000000),
double3(0.770333333333,0.464600000000,0.316050000000),
double3(0.810266666667,0.417800000000,0.305700000000),
double3(0.702966666667,0.535800000000,0.658900000000),
double3(0.732833333333,0.471833333333,0.500000000000),
double3(0.797933333333,0.437000000000,0.566050000000),
double3(0.751133333333,0.476933333333,0.555700000000),
double3(0.666666666667,0.500000000000,0.625000000000),
double3(0.797533333333,0.369633333333,0.658900000000),
double3(0.861500000000,0.399500000000,0.500000000000),
double3(0.896333333333,0.464600000000,0.566050000000),
double3(0.856400000000,0.417800000000,0.555700000000),
double3(0.833333333333,0.333333333333,0.625000000000),
double3(0.963700000000,0.464200000000,0.658900000000),
double3(0.933833333333,0.528166666667,0.500000000000),
double3(0.868733333333,0.563000000000,0.566050000000),
double3(0.915533333333,0.523066666667,0.555700000000),
double3(0.869133333333,0.630366666667,0.658900000000),
double3(0.805166666667,0.600500000000,0.500000000000),
double3(0.770333333333,0.535400000000,0.566050000000),
double3(0.810266666667,0.582200000000,0.555700000000),
double3(0.702966666667,0.464200000000,0.591100000000),
double3(0.732833333333,0.528166666667,0.750000000000),
double3(0.797933333333,0.563000000000,0.683950000000),
double3(0.751133333333,0.523066666667,0.694300000000),
double3(0.869133333333,0.369633333333,0.591100000000),
double3(0.805166666667,0.399500000000,0.750000000000),
double3(0.770333333333,0.464600000000,0.683950000000),
double3(0.810266666667,0.417800000000,0.694300000000),
double3(0.963700000000,0.535800000000,0.591100000000),
double3(0.933833333333,0.471833333333,0.750000000000),
double3(0.868733333333,0.437000000000,0.683950000000),
double3(0.915533333333,0.476933333333,0.694300000000),
double3(0.797533333333,0.630366666667,0.591100000000),
double3(0.861500000000,0.600500000000,0.750000000000),
double3(0.896333333333,0.535400000000,0.683950000000),
double3(0.856400000000,0.582200000000,0.694300000000),
double3(0.963700000000,0.464200000000,0.841100000000),
double3(0.868733333333,0.563000000000,0.933950000000),
double3(0.915533333333,0.523066666667,0.944300000000),
double3(0.666666666667,0.500000000000,0.875000000000),
double3(0.869133333333,0.630366666667,0.841100000000),
double3(0.770333333333,0.535400000000,0.933950000000),
double3(0.810266666667,0.582200000000,0.944300000000),
double3(0.833333333333,0.333333333333,0.875000000000),
double3(0.702966666667,0.535800000000,0.841100000000),
double3(0.797933333333,0.437000000000,0.933950000000),
double3(0.751133333333,0.476933333333,0.944300000000),
double3(0.797533333333,0.369633333333,0.841100000000),
double3(0.896333333333,0.464600000000,0.933950000000),
double3(0.856400000000,0.417800000000,0.944300000000),
double3(0.963700000000,0.535800000000,0.908900000000),
double3(0.868733333333,0.437000000000,0.816050000000),
double3(0.915533333333,0.476933333333,0.805700000000),
double3(0.797533333333,0.630366666667,0.908900000000),
double3(0.896333333333,0.535400000000,0.816050000000),
double3(0.856400000000,0.582200000000,0.805700000000),
double3(0.702966666667,0.464200000000,0.908900000000),
double3(0.797933333333,0.563000000000,0.816050000000),
double3(0.751133333333,0.523066666667,0.805700000000),
double3(0.869133333333,0.369633333333,0.908900000000),
double3(0.770333333333,0.464600000000,0.816050000000),
double3(0.810266666667,0.417800000000,0.805700000000),
double3(0.702966666667,0.869133333333,0.158900000000),
double3(0.732833333333,0.805166666667,0.000000000000),
double3(0.797933333333,0.770333333333,0.066050000000),
double3(0.751133333333,0.810266666667,0.055700000000),
double3(0.666666666667,0.833333333333,0.125000000000),
double3(0.797533333333,0.702966666667,0.158900000000),
double3(0.861500000000,0.732833333333,0.000000000000),
double3(0.896333333333,0.797933333333,0.066050000000),
double3(0.856400000000,0.751133333333,0.055700000000),
double3(0.833333333333,0.666666666667,0.125000000000),
double3(0.963700000000,0.797533333333,0.158900000000),
double3(0.933833333333,0.861500000000,0.000000000000),
double3(0.868733333333,0.896333333333,0.066050000000),
double3(0.915533333333,0.856400000000,0.055700000000),
double3(0.869133333333,0.963700000000,0.158900000000),
double3(0.805166666667,0.933833333333,0.000000000000),
double3(0.770333333333,0.868733333333,0.066050000000),
double3(0.810266666667,0.915533333333,0.055700000000),
double3(0.702966666667,0.797533333333,0.091100000000),
double3(0.732833333333,0.861500000000,0.250000000000),
double3(0.797933333333,0.896333333333,0.183950000000),
double3(0.751133333333,0.856400000000,0.194300000000),
double3(0.869133333333,0.702966666667,0.091100000000),
double3(0.805166666667,0.732833333333,0.250000000000),
double3(0.770333333333,0.797933333333,0.183950000000),
double3(0.810266666667,0.751133333333,0.194300000000),
double3(0.963700000000,0.869133333333,0.091100000000),
double3(0.933833333333,0.805166666667,0.250000000000),
double3(0.868733333333,0.770333333333,0.183950000000),
double3(0.915533333333,0.810266666667,0.194300000000),
double3(0.797533333333,0.963700000000,0.091100000000),
double3(0.861500000000,0.933833333333,0.250000000000),
double3(0.896333333333,0.868733333333,0.183950000000),
double3(0.856400000000,0.915533333333,0.194300000000),
double3(0.963700000000,0.797533333333,0.341100000000),
double3(0.868733333333,0.896333333333,0.433950000000),
double3(0.915533333333,0.856400000000,0.444300000000),
double3(0.666666666667,0.833333333333,0.375000000000),
double3(0.869133333333,0.963700000000,0.341100000000),
double3(0.770333333333,0.868733333333,0.433950000000),
double3(0.810266666667,0.915533333333,0.444300000000),
double3(0.833333333333,0.666666666667,0.375000000000),
double3(0.702966666667,0.869133333333,0.341100000000),
double3(0.797933333333,0.770333333333,0.433950000000),
double3(0.751133333333,0.810266666667,0.444300000000),
double3(0.797533333333,0.702966666667,0.341100000000),
double3(0.896333333333,0.797933333333,0.433950000000),
double3(0.856400000000,0.751133333333,0.444300000000),
double3(0.963700000000,0.869133333333,0.408900000000),
double3(0.868733333333,0.770333333333,0.316050000000),
double3(0.915533333333,0.810266666667,0.305700000000),
double3(0.797533333333,0.963700000000,0.408900000000),
double3(0.896333333333,0.868733333333,0.316050000000),
double3(0.856400000000,0.915533333333,0.305700000000),
double3(0.702966666667,0.797533333333,0.408900000000),
double3(0.797933333333,0.896333333333,0.316050000000),
double3(0.751133333333,0.856400000000,0.305700000000),
double3(0.869133333333,0.702966666667,0.408900000000),
double3(0.770333333333,0.797933333333,0.316050000000),
double3(0.810266666667,0.751133333333,0.305700000000),
double3(0.702966666667,0.869133333333,0.658900000000),
double3(0.732833333333,0.805166666667,0.500000000000),
double3(0.797933333333,0.770333333333,0.566050000000),
double3(0.751133333333,0.810266666667,0.555700000000),
double3(0.666666666667,0.833333333333,0.625000000000),
double3(0.797533333333,0.702966666667,0.658900000000),
double3(0.861500000000,0.732833333333,0.500000000000),
double3(0.896333333333,0.797933333333,0.566050000000),
double3(0.856400000000,0.751133333333,0.555700000000),
double3(0.833333333333,0.666666666667,0.625000000000),
double3(0.963700000000,0.797533333333,0.658900000000),
double3(0.933833333333,0.861500000000,0.500000000000),
double3(0.868733333333,0.896333333333,0.566050000000),
double3(0.915533333333,0.856400000000,0.555700000000),
double3(0.869133333333,0.963700000000,0.658900000000),
double3(0.805166666667,0.933833333333,0.500000000000),
double3(0.770333333333,0.868733333333,0.566050000000),
double3(0.810266666667,0.915533333333,0.555700000000),
double3(0.702966666667,0.797533333333,0.591100000000),
double3(0.732833333333,0.861500000000,0.750000000000),
double3(0.797933333333,0.896333333333,0.683950000000),
double3(0.751133333333,0.856400000000,0.694300000000),
double3(0.869133333333,0.702966666667,0.591100000000),
double3(0.805166666667,0.732833333333,0.750000000000),
double3(0.770333333333,0.797933333333,0.683950000000),
double3(0.810266666667,0.751133333333,0.694300000000),
double3(0.963700000000,0.869133333333,0.591100000000),
double3(0.933833333333,0.805166666667,0.750000000000),
double3(0.868733333333,0.770333333333,0.683950000000),
double3(0.915533333333,0.810266666667,0.694300000000),
double3(0.797533333333,0.963700000000,0.591100000000),
double3(0.861500000000,0.933833333333,0.750000000000),
double3(0.896333333333,0.868733333333,0.683950000000),
double3(0.856400000000,0.915533333333,0.694300000000),
double3(0.963700000000,0.797533333333,0.841100000000),
double3(0.868733333333,0.896333333333,0.933950000000),
double3(0.915533333333,0.856400000000,0.944300000000),
double3(0.666666666667,0.833333333333,0.875000000000),
double3(0.869133333333,0.963700000000,0.841100000000),
double3(0.770333333333,0.868733333333,0.933950000000),
double3(0.810266666667,0.915533333333,0.944300000000),
double3(0.833333333333,0.666666666667,0.875000000000),
double3(0.702966666667,0.869133333333,0.841100000000),
double3(0.797933333333,0.770333333333,0.933950000000),
double3(0.751133333333,0.810266666667,0.944300000000),
double3(0.797533333333,0.702966666667,0.841100000000),
double3(0.896333333333,0.797933333333,0.933950000000),
double3(0.856400000000,0.751133333333,0.944300000000),
double3(0.963700000000,0.869133333333,0.908900000000),
double3(0.868733333333,0.770333333333,0.816050000000),
double3(0.915533333333,0.810266666667,0.805700000000),
double3(0.797533333333,0.963700000000,0.908900000000),
double3(0.896333333333,0.868733333333,0.816050000000),
double3(0.856400000000,0.915533333333,0.805700000000),
double3(0.702966666667,0.797533333333,0.908900000000),
double3(0.797933333333,0.896333333333,0.816050000000),
double3(0.751133333333,0.856400000000,0.805700000000),
double3(0.869133333333,0.702966666667,0.908900000000),
double3(0.770333333333,0.797933333333,0.816050000000),
double3(0.810266666667,0.751133333333,0.805700000000),
