[double3(25.840000000000,0.000000000000,0.000000000000),double3(0.000000000000,25.840000000000,0.000000000000),double3(0.000000000000,0.000000000000,25.840000000000)]

double3(0.169200000000,0.735500000000,0.500000000000),
double3(0.225100000000,0.774900000000,0.424600000000),
double3(0.215100000000,0.674000000000,0.433000000000),
double3(0.135900000000,0.731100000000,0.404000000000),
double3(0.315500000000,0.684500000000,0.579300000000),
double3(0.271600000000,0.593700000000,0.593700000000),
double3(0.279200000000,0.632200000000,0.500000000000),
double3(0.101200000000,0.660900000000,0.660900000000),
double3(0.050900000000,0.748700000000,0.649100000000),
double3(0.050900000000,0.679700000000,0.574400000000),
double3(0.000000000000,0.593700000000,0.406300000000),
double3(0.000000000000,0.632500000000,0.500000000000),
double3(0.000000000000,0.736300000000,0.736300000000),
double3(0.000000000000,0.689800000000,0.826800000000),
double3(0.186300000000,0.728800000000,0.440500000000),
double3(0.270300000000,0.646100000000,0.560100000000),
double3(0.084700000000,0.705100000000,0.620200000000),
double3(0.000000000000,0.646500000000,0.439300000000),
double3(0.000000000000,0.681100000000,0.765100000000),
double3(0.264500000000,0.169200000000,0.500000000000),
double3(0.225100000000,0.225100000000,0.424600000000),
double3(0.326000000000,0.215100000000,0.433000000000),
double3(0.268900000000,0.135900000000,0.404000000000),
double3(0.315500000000,0.315500000000,0.579300000000),
double3(0.406300000000,0.271600000000,0.593700000000),
double3(0.367800000000,0.279200000000,0.500000000000),
double3(0.339100000000,0.101200000000,0.660900000000),
double3(0.251300000000,0.050900000000,0.649100000000),
double3(0.320300000000,0.050900000000,0.574400000000),
double3(0.406300000000,0.000000000000,0.406300000000),
double3(0.367500000000,0.000000000000,0.500000000000),
double3(0.263700000000,0.000000000000,0.736300000000),
double3(0.310200000000,0.000000000000,0.826800000000),
double3(0.271200000000,0.186300000000,0.440500000000),
double3(0.353900000000,0.270300000000,0.560100000000),
double3(0.294900000000,0.084700000000,0.620200000000),
double3(0.353500000000,0.000000000000,0.439300000000),
double3(0.318900000000,0.000000000000,0.765100000000),
double3(0.830800000000,0.264500000000,0.500000000000),
double3(0.774900000000,0.225100000000,0.424600000000),
double3(0.784900000000,0.326000000000,0.433000000000),
double3(0.864100000000,0.268900000000,0.404000000000),
double3(0.684500000000,0.315500000000,0.579300000000),
double3(0.728400000000,0.406300000000,0.593700000000),
double3(0.720800000000,0.367800000000,0.500000000000),
double3(0.898800000000,0.339100000000,0.660900000000),
double3(0.949100000000,0.251300000000,0.649100000000),
double3(0.949100000000,0.320300000000,0.574400000000),
double3(0.000000000000,0.406300000000,0.406300000000),
double3(0.000000000000,0.367500000000,0.500000000000),
double3(0.000000000000,0.263700000000,0.736300000000),
double3(0.000000000000,0.310200000000,0.826800000000),
double3(0.813700000000,0.271200000000,0.440500000000),
double3(0.729700000000,0.353900000000,0.560100000000),
double3(0.915300000000,0.294900000000,0.620200000000),
double3(0.000000000000,0.353500000000,0.439300000000),
double3(0.000000000000,0.318900000000,0.765100000000),
double3(0.735500000000,0.830800000000,0.500000000000),
double3(0.774900000000,0.774900000000,0.424600000000),
double3(0.674000000000,0.784900000000,0.433000000000),
double3(0.731100000000,0.864100000000,0.404000000000),
double3(0.684500000000,0.684500000000,0.579300000000),
double3(0.593700000000,0.728400000000,0.593700000000),
double3(0.632200000000,0.720800000000,0.500000000000),
double3(0.660900000000,0.898800000000,0.660900000000),
double3(0.748700000000,0.949100000000,0.649100000000),
double3(0.679700000000,0.949100000000,0.574400000000),
double3(0.593700000000,0.000000000000,0.406300000000),
double3(0.632500000000,0.000000000000,0.500000000000),
double3(0.736300000000,0.000000000000,0.736300000000),
double3(0.689800000000,0.000000000000,0.826800000000),
double3(0.728800000000,0.813700000000,0.440500000000),
double3(0.646100000000,0.729700000000,0.560100000000),
double3(0.705100000000,0.915300000000,0.620200000000),
double3(0.646500000000,0.000000000000,0.439300000000),
double3(0.681100000000,0.000000000000,0.765100000000),
double3(0.169200000000,0.264500000000,0.500000000000),
double3(0.225100000000,0.225100000000,0.575400000000),
double3(0.215100000000,0.326000000000,0.567000000000),
double3(0.135900000000,0.268900000000,0.596000000000),
double3(0.315500000000,0.315500000000,0.420700000000),
double3(0.271600000000,0.406300000000,0.406300000000),
double3(0.279200000000,0.367800000000,0.500000000000),
double3(0.101200000000,0.339100000000,0.339100000000),
double3(0.050900000000,0.251300000000,0.350900000000),
double3(0.050900000000,0.320300000000,0.425600000000),
double3(0.000000000000,0.406300000000,0.593700000000),
double3(0.000000000000,0.263700000000,0.263700000000),
double3(0.000000000000,0.310200000000,0.173200000000),
double3(0.186300000000,0.271200000000,0.559500000000),
double3(0.270300000000,0.353900000000,0.439900000000),
double3(0.084700000000,0.294900000000,0.379800000000),
double3(0.000000000000,0.353500000000,0.560700000000),
double3(0.000000000000,0.318900000000,0.234900000000),
double3(0.735500000000,0.169200000000,0.500000000000),
double3(0.774900000000,0.225100000000,0.575400000000),
double3(0.674000000000,0.215100000000,0.567000000000),
double3(0.731100000000,0.135900000000,0.596000000000),
double3(0.684500000000,0.315500000000,0.420700000000),
double3(0.593700000000,0.271600000000,0.406300000000),
double3(0.632200000000,0.279200000000,0.500000000000),
double3(0.660900000000,0.101200000000,0.339100000000),
double3(0.748700000000,0.050900000000,0.350900000000),
double3(0.679700000000,0.050900000000,0.425600000000),
double3(0.593700000000,0.000000000000,0.593700000000),
double3(0.736300000000,0.000000000000,0.263700000000),
double3(0.689800000000,0.000000000000,0.173200000000),
double3(0.728800000000,0.186300000000,0.559500000000),
double3(0.646100000000,0.270300000000,0.439900000000),
double3(0.705100000000,0.084700000000,0.379800000000),
double3(0.646500000000,0.000000000000,0.560700000000),
double3(0.681100000000,0.000000000000,0.234900000000),
double3(0.830800000000,0.735500000000,0.500000000000),
double3(0.774900000000,0.774900000000,0.575400000000),
double3(0.784900000000,0.674000000000,0.567000000000),
double3(0.864100000000,0.731100000000,0.596000000000),
double3(0.684500000000,0.684500000000,0.420700000000),
double3(0.728400000000,0.593700000000,0.406300000000),
double3(0.720800000000,0.632200000000,0.500000000000),
double3(0.898800000000,0.660900000000,0.339100000000),
double3(0.949100000000,0.748700000000,0.350900000000),
double3(0.949100000000,0.679700000000,0.425600000000),
double3(0.000000000000,0.593700000000,0.593700000000),
double3(0.000000000000,0.736300000000,0.263700000000),
double3(0.000000000000,0.689800000000,0.173200000000),
double3(0.813700000000,0.728800000000,0.559500000000),
double3(0.729700000000,0.646100000000,0.439900000000),
double3(0.915300000000,0.705100000000,0.379800000000),
double3(0.000000000000,0.646500000000,0.560700000000),
double3(0.000000000000,0.681100000000,0.234900000000),
double3(0.264500000000,0.830800000000,0.500000000000),
double3(0.225100000000,0.774900000000,0.575400000000),
double3(0.326000000000,0.784900000000,0.567000000000),
double3(0.268900000000,0.864100000000,0.596000000000),
double3(0.315500000000,0.684500000000,0.420700000000),
double3(0.406300000000,0.728400000000,0.406300000000),
double3(0.367800000000,0.720800000000,0.500000000000),
double3(0.339100000000,0.898800000000,0.339100000000),
double3(0.251300000000,0.949100000000,0.350900000000),
double3(0.320300000000,0.949100000000,0.425600000000),
double3(0.406300000000,0.000000000000,0.593700000000),
double3(0.263700000000,0.000000000000,0.263700000000),
double3(0.310200000000,0.000000000000,0.173200000000),
double3(0.271200000000,0.813700000000,0.559500000000),
double3(0.353900000000,0.729700000000,0.439900000000),
double3(0.294900000000,0.915300000000,0.379800000000),
double3(0.353500000000,0.000000000000,0.560700000000),
double3(0.318900000000,0.000000000000,0.234900000000),
double3(0.500000000000,0.169200000000,0.735500000000),
double3(0.424600000000,0.225100000000,0.774900000000),
double3(0.433000000000,0.215100000000,0.674000000000),
double3(0.404000000000,0.135900000000,0.731100000000),
double3(0.579300000000,0.315500000000,0.684500000000),
double3(0.593700000000,0.271600000000,0.593700000000),
double3(0.500000000000,0.279200000000,0.632200000000),
double3(0.660900000000,0.101200000000,0.660900000000),
double3(0.649100000000,0.050900000000,0.748700000000),
double3(0.574400000000,0.050900000000,0.679700000000),
double3(0.500000000000,0.000000000000,0.632500000000),
double3(0.826800000000,0.000000000000,0.689800000000),
double3(0.440500000000,0.186300000000,0.728800000000),
double3(0.560100000000,0.270300000000,0.646100000000),
double3(0.620200000000,0.084700000000,0.705100000000),
double3(0.439300000000,0.000000000000,0.646500000000),
double3(0.765100000000,0.000000000000,0.681100000000),
double3(0.830800000000,0.500000000000,0.735500000000),
double3(0.774900000000,0.424600000000,0.774900000000),
double3(0.784900000000,0.433000000000,0.674000000000),
double3(0.864100000000,0.404000000000,0.731100000000),
double3(0.684500000000,0.579300000000,0.684500000000),
double3(0.728400000000,0.593700000000,0.593700000000),
double3(0.720800000000,0.500000000000,0.632200000000),
double3(0.898800000000,0.660900000000,0.660900000000),
double3(0.949100000000,0.649100000000,0.748700000000),
double3(0.949100000000,0.574400000000,0.679700000000),
double3(0.000000000000,0.500000000000,0.632500000000),
double3(0.000000000000,0.826800000000,0.689800000000),
double3(0.813700000000,0.440500000000,0.728800000000),
double3(0.729700000000,0.560100000000,0.646100000000),
double3(0.915300000000,0.620200000000,0.705100000000),
double3(0.000000000000,0.439300000000,0.646500000000),
double3(0.000000000000,0.765100000000,0.681100000000),
double3(0.500000000000,0.830800000000,0.735500000000),
double3(0.575400000000,0.774900000000,0.774900000000),
double3(0.567000000000,0.784900000000,0.674000000000),
double3(0.596000000000,0.864100000000,0.731100000000),
double3(0.420700000000,0.684500000000,0.684500000000),
double3(0.406300000000,0.728400000000,0.593700000000),
double3(0.500000000000,0.720800000000,0.632200000000),
double3(0.339100000000,0.898800000000,0.660900000000),
double3(0.350900000000,0.949100000000,0.748700000000),
double3(0.425600000000,0.949100000000,0.679700000000),
double3(0.173200000000,0.000000000000,0.689800000000),
double3(0.559500000000,0.813700000000,0.728800000000),
double3(0.439900000000,0.729700000000,0.646100000000),
double3(0.379800000000,0.915300000000,0.705100000000),
double3(0.560700000000,0.000000000000,0.646500000000),
double3(0.234900000000,0.000000000000,0.681100000000),
double3(0.169200000000,0.500000000000,0.735500000000),
double3(0.225100000000,0.575400000000,0.774900000000),
double3(0.215100000000,0.567000000000,0.674000000000),
double3(0.135900000000,0.596000000000,0.731100000000),
double3(0.315500000000,0.420700000000,0.684500000000),
double3(0.271600000000,0.406300000000,0.593700000000),
double3(0.279200000000,0.500000000000,0.632200000000),
double3(0.101200000000,0.339100000000,0.660900000000),
double3(0.050900000000,0.350900000000,0.748700000000),
double3(0.050900000000,0.425600000000,0.679700000000),
double3(0.000000000000,0.173200000000,0.689800000000),
double3(0.186300000000,0.559500000000,0.728800000000),
double3(0.270300000000,0.439900000000,0.646100000000),
double3(0.084700000000,0.379800000000,0.705100000000),
double3(0.000000000000,0.560700000000,0.646500000000),
double3(0.000000000000,0.234900000000,0.681100000000),
double3(0.500000000000,0.830800000000,0.264500000000),
double3(0.424600000000,0.774900000000,0.225100000000),
double3(0.433000000000,0.784900000000,0.326000000000),
double3(0.404000000000,0.864100000000,0.268900000000),
double3(0.579300000000,0.684500000000,0.315500000000),
double3(0.593700000000,0.728400000000,0.406300000000),
double3(0.500000000000,0.720800000000,0.367800000000),
double3(0.660900000000,0.898800000000,0.339100000000),
double3(0.649100000000,0.949100000000,0.251300000000),
double3(0.574400000000,0.949100000000,0.320300000000),
double3(0.500000000000,0.000000000000,0.367500000000),
double3(0.826800000000,0.000000000000,0.310200000000),
double3(0.440500000000,0.813700000000,0.271200000000),
double3(0.560100000000,0.729700000000,0.353900000000),
double3(0.620200000000,0.915300000000,0.294900000000),
double3(0.439300000000,0.000000000000,0.353500000000),
double3(0.765100000000,0.000000000000,0.318900000000),
double3(0.169200000000,0.500000000000,0.264500000000),
double3(0.225100000000,0.424600000000,0.225100000000),
double3(0.215100000000,0.433000000000,0.326000000000),
double3(0.135900000000,0.404000000000,0.268900000000),
double3(0.315500000000,0.579300000000,0.315500000000),
double3(0.271600000000,0.593700000000,0.406300000000),
double3(0.279200000000,0.500000000000,0.367800000000),
double3(0.101200000000,0.660900000000,0.339100000000),
double3(0.050900000000,0.649100000000,0.251300000000),
double3(0.050900000000,0.574400000000,0.320300000000),
double3(0.000000000000,0.500000000000,0.367500000000),
double3(0.000000000000,0.826800000000,0.310200000000),
double3(0.186300000000,0.440500000000,0.271200000000),
double3(0.270300000000,0.560100000000,0.353900000000),
double3(0.084700000000,0.620200000000,0.294900000000),
double3(0.000000000000,0.439300000000,0.353500000000),
double3(0.000000000000,0.765100000000,0.318900000000),
double3(0.500000000000,0.169200000000,0.264500000000),
double3(0.575400000000,0.225100000000,0.225100000000),
double3(0.567000000000,0.215100000000,0.326000000000),
double3(0.596000000000,0.135900000000,0.268900000000),
double3(0.420700000000,0.315500000000,0.315500000000),
double3(0.406300000000,0.271600000000,0.406300000000),
double3(0.500000000000,0.279200000000,0.367800000000),
double3(0.339100000000,0.101200000000,0.339100000000),
double3(0.350900000000,0.050900000000,0.251300000000),
double3(0.425600000000,0.050900000000,0.320300000000),
double3(0.173200000000,0.000000000000,0.310200000000),
double3(0.559500000000,0.186300000000,0.271200000000),
double3(0.439900000000,0.270300000000,0.353900000000),
double3(0.379800000000,0.084700000000,0.294900000000),
double3(0.560700000000,0.000000000000,0.353500000000),
double3(0.234900000000,0.000000000000,0.318900000000),
double3(0.830800000000,0.500000000000,0.264500000000),
double3(0.774900000000,0.575400000000,0.225100000000),
double3(0.784900000000,0.567000000000,0.326000000000),
double3(0.864100000000,0.596000000000,0.268900000000),
double3(0.684500000000,0.420700000000,0.315500000000),
double3(0.728400000000,0.406300000000,0.406300000000),
double3(0.720800000000,0.500000000000,0.367800000000),
double3(0.898800000000,0.339100000000,0.339100000000),
double3(0.949100000000,0.350900000000,0.251300000000),
double3(0.949100000000,0.425600000000,0.320300000000),
double3(0.000000000000,0.173200000000,0.310200000000),
double3(0.813700000000,0.559500000000,0.271200000000),
double3(0.729700000000,0.439900000000,0.353900000000),
double3(0.915300000000,0.379800000000,0.294900000000),
double3(0.000000000000,0.560700000000,0.353500000000),
double3(0.000000000000,0.234900000000,0.318900000000),
double3(0.735500000000,0.500000000000,0.169200000000),
double3(0.774900000000,0.424600000000,0.225100000000),
double3(0.674000000000,0.433000000000,0.215100000000),
double3(0.731100000000,0.404000000000,0.135900000000),
double3(0.684500000000,0.579300000000,0.315500000000),
double3(0.593700000000,0.593700000000,0.271600000000),
double3(0.632200000000,0.500000000000,0.279200000000),
double3(0.660900000000,0.660900000000,0.101200000000),
double3(0.748700000000,0.649100000000,0.050900000000),
double3(0.679700000000,0.574400000000,0.050900000000),
double3(0.593700000000,0.406300000000,0.000000000000),
double3(0.632500000000,0.500000000000,0.000000000000),
double3(0.736300000000,0.736300000000,0.000000000000),
double3(0.689800000000,0.826800000000,0.000000000000),
double3(0.728800000000,0.440500000000,0.186300000000),
double3(0.646100000000,0.560100000000,0.270300000000),
double3(0.705100000000,0.620200000000,0.084700000000),
double3(0.646500000000,0.439300000000,0.000000000000),
double3(0.681100000000,0.765100000000,0.000000000000),
double3(0.735500000000,0.500000000000,0.830800000000),
double3(0.774900000000,0.575400000000,0.774900000000),
double3(0.674000000000,0.567000000000,0.784900000000),
double3(0.731100000000,0.596000000000,0.864100000000),
double3(0.684500000000,0.420700000000,0.684500000000),
double3(0.593700000000,0.406300000000,0.728400000000),
double3(0.632200000000,0.500000000000,0.720800000000),
double3(0.660900000000,0.339100000000,0.898800000000),
double3(0.748700000000,0.350900000000,0.949100000000),
double3(0.679700000000,0.425600000000,0.949100000000),
double3(0.593700000000,0.593700000000,0.000000000000),
double3(0.736300000000,0.263700000000,0.000000000000),
double3(0.689800000000,0.173200000000,0.000000000000),
double3(0.728800000000,0.559500000000,0.813700000000),
double3(0.646100000000,0.439900000000,0.729700000000),
double3(0.705100000000,0.379800000000,0.915300000000),
double3(0.646500000000,0.560700000000,0.000000000000),
double3(0.681100000000,0.234900000000,0.000000000000),
double3(0.500000000000,0.735500000000,0.830800000000),
double3(0.424600000000,0.774900000000,0.774900000000),
double3(0.433000000000,0.674000000000,0.784900000000),
double3(0.404000000000,0.731100000000,0.864100000000),
double3(0.579300000000,0.684500000000,0.684500000000),
double3(0.593700000000,0.593700000000,0.728400000000),
double3(0.500000000000,0.632200000000,0.720800000000),
double3(0.660900000000,0.660900000000,0.898800000000),
double3(0.649100000000,0.748700000000,0.949100000000),
double3(0.574400000000,0.679700000000,0.949100000000),
double3(0.406300000000,0.593700000000,0.000000000000),
double3(0.500000000000,0.632500000000,0.000000000000),
double3(0.826800000000,0.689800000000,0.000000000000),
double3(0.440500000000,0.728800000000,0.813700000000),
double3(0.560100000000,0.646100000000,0.729700000000),
double3(0.620200000000,0.705100000000,0.915300000000),
double3(0.439300000000,0.646500000000,0.000000000000),
double3(0.765100000000,0.681100000000,0.000000000000),
double3(0.264500000000,0.500000000000,0.830800000000),
double3(0.225100000000,0.424600000000,0.774900000000),
double3(0.326000000000,0.433000000000,0.784900000000),
double3(0.268900000000,0.404000000000,0.864100000000),
double3(0.315500000000,0.579300000000,0.684500000000),
double3(0.406300000000,0.593700000000,0.728400000000),
double3(0.367800000000,0.500000000000,0.720800000000),
double3(0.339100000000,0.660900000000,0.898800000000),
double3(0.251300000000,0.649100000000,0.949100000000),
double3(0.320300000000,0.574400000000,0.949100000000),
double3(0.406300000000,0.406300000000,0.000000000000),
double3(0.367500000000,0.500000000000,0.000000000000),
double3(0.263700000000,0.736300000000,0.000000000000),
double3(0.310200000000,0.826800000000,0.000000000000),
double3(0.271200000000,0.440500000000,0.813700000000),
double3(0.353900000000,0.560100000000,0.729700000000),
double3(0.294900000000,0.620200000000,0.915300000000),
double3(0.353500000000,0.439300000000,0.000000000000),
double3(0.318900000000,0.765100000000,0.000000000000),
double3(0.500000000000,0.264500000000,0.830800000000),
double3(0.575400000000,0.225100000000,0.774900000000),
double3(0.567000000000,0.326000000000,0.784900000000),
double3(0.596000000000,0.268900000000,0.864100000000),
double3(0.420700000000,0.315500000000,0.684500000000),
double3(0.406300000000,0.406300000000,0.728400000000),
double3(0.500000000000,0.367800000000,0.720800000000),
double3(0.339100000000,0.339100000000,0.898800000000),
double3(0.350900000000,0.251300000000,0.949100000000),
double3(0.425600000000,0.320300000000,0.949100000000),
double3(0.500000000000,0.367500000000,0.000000000000),
double3(0.263700000000,0.263700000000,0.000000000000),
double3(0.173200000000,0.310200000000,0.000000000000),
double3(0.559500000000,0.271200000000,0.813700000000),
double3(0.439900000000,0.353900000000,0.729700000000),
double3(0.379800000000,0.294900000000,0.915300000000),
double3(0.560700000000,0.353500000000,0.000000000000),
double3(0.234900000000,0.318900000000,0.000000000000),
double3(0.264500000000,0.500000000000,0.169200000000),
double3(0.225100000000,0.575400000000,0.225100000000),
double3(0.326000000000,0.567000000000,0.215100000000),
double3(0.268900000000,0.596000000000,0.135900000000),
double3(0.315500000000,0.420700000000,0.315500000000),
double3(0.406300000000,0.406300000000,0.271600000000),
double3(0.367800000000,0.500000000000,0.279200000000),
double3(0.339100000000,0.339100000000,0.101200000000),
double3(0.251300000000,0.350900000000,0.050900000000),
double3(0.320300000000,0.425600000000,0.050900000000),
double3(0.310200000000,0.173200000000,0.000000000000),
double3(0.271200000000,0.559500000000,0.186300000000),
double3(0.353900000000,0.439900000000,0.270300000000),
double3(0.294900000000,0.379800000000,0.084700000000),
double3(0.353500000000,0.560700000000,0.000000000000),
double3(0.318900000000,0.234900000000,0.000000000000),
double3(0.500000000000,0.264500000000,0.169200000000),
double3(0.424600000000,0.225100000000,0.225100000000),
double3(0.433000000000,0.326000000000,0.215100000000),
double3(0.404000000000,0.268900000000,0.135900000000),
double3(0.579300000000,0.315500000000,0.315500000000),
double3(0.593700000000,0.406300000000,0.271600000000),
double3(0.500000000000,0.367800000000,0.279200000000),
double3(0.660900000000,0.339100000000,0.101200000000),
double3(0.649100000000,0.251300000000,0.050900000000),
double3(0.574400000000,0.320300000000,0.050900000000),
double3(0.826800000000,0.310200000000,0.000000000000),
double3(0.440500000000,0.271200000000,0.186300000000),
double3(0.560100000000,0.353900000000,0.270300000000),
double3(0.620200000000,0.294900000000,0.084700000000),
double3(0.439300000000,0.353500000000,0.000000000000),
double3(0.765100000000,0.318900000000,0.000000000000),
double3(0.500000000000,0.735500000000,0.169200000000),
double3(0.575400000000,0.774900000000,0.225100000000),
double3(0.567000000000,0.674000000000,0.215100000000),
double3(0.596000000000,0.731100000000,0.135900000000),
double3(0.420700000000,0.684500000000,0.315500000000),
double3(0.406300000000,0.593700000000,0.271600000000),
double3(0.500000000000,0.632200000000,0.279200000000),
double3(0.339100000000,0.660900000000,0.101200000000),
double3(0.350900000000,0.748700000000,0.050900000000),
double3(0.425600000000,0.679700000000,0.050900000000),
double3(0.173200000000,0.689800000000,0.000000000000),
double3(0.559500000000,0.728800000000,0.186300000000),
double3(0.439900000000,0.646100000000,0.270300000000),
double3(0.379800000000,0.705100000000,0.084700000000),
double3(0.560700000000,0.646500000000,0.000000000000),
double3(0.234900000000,0.681100000000,0.000000000000),
double3(0.784900000000,0.326000000000,0.567000000000),
double3(0.864100000000,0.268900000000,0.596000000000),
double3(0.949100000000,0.251300000000,0.350900000000),
double3(0.949100000000,0.320300000000,0.425600000000),
double3(0.813700000000,0.271200000000,0.559500000000),
double3(0.729700000000,0.353900000000,0.439900000000),
double3(0.915300000000,0.294900000000,0.379800000000),
double3(0.674000000000,0.784900000000,0.567000000000),
double3(0.731100000000,0.864100000000,0.596000000000),
double3(0.748700000000,0.949100000000,0.350900000000),
double3(0.679700000000,0.949100000000,0.425600000000),
double3(0.728800000000,0.813700000000,0.559500000000),
double3(0.646100000000,0.729700000000,0.439900000000),
double3(0.705100000000,0.915300000000,0.379800000000),
double3(0.215100000000,0.674000000000,0.567000000000),
double3(0.135900000000,0.731100000000,0.596000000000),
double3(0.050900000000,0.748700000000,0.350900000000),
double3(0.050900000000,0.679700000000,0.425600000000),
double3(0.186300000000,0.728800000000,0.559500000000),
double3(0.270300000000,0.646100000000,0.439900000000),
double3(0.084700000000,0.705100000000,0.379800000000),
double3(0.326000000000,0.215100000000,0.567000000000),
double3(0.268900000000,0.135900000000,0.596000000000),
double3(0.251300000000,0.050900000000,0.350900000000),
double3(0.320300000000,0.050900000000,0.425600000000),
double3(0.271200000000,0.186300000000,0.559500000000),
double3(0.353900000000,0.270300000000,0.439900000000),
double3(0.294900000000,0.084700000000,0.379800000000),
double3(0.784900000000,0.674000000000,0.433000000000),
double3(0.864100000000,0.731100000000,0.404000000000),
double3(0.949100000000,0.748700000000,0.649100000000),
double3(0.949100000000,0.679700000000,0.574400000000),
double3(0.813700000000,0.728800000000,0.440500000000),
double3(0.729700000000,0.646100000000,0.560100000000),
double3(0.915300000000,0.705100000000,0.620200000000),
double3(0.326000000000,0.784900000000,0.433000000000),
double3(0.268900000000,0.864100000000,0.404000000000),
double3(0.251300000000,0.949100000000,0.649100000000),
double3(0.320300000000,0.949100000000,0.574400000000),
double3(0.271200000000,0.813700000000,0.440500000000),
double3(0.353900000000,0.729700000000,0.560100000000),
double3(0.294900000000,0.915300000000,0.620200000000),
double3(0.215100000000,0.326000000000,0.433000000000),
double3(0.135900000000,0.268900000000,0.404000000000),
double3(0.050900000000,0.251300000000,0.649100000000),
double3(0.050900000000,0.320300000000,0.574400000000),
double3(0.186300000000,0.271200000000,0.440500000000),
double3(0.270300000000,0.353900000000,0.560100000000),
double3(0.084700000000,0.294900000000,0.620200000000),
double3(0.674000000000,0.215100000000,0.433000000000),
double3(0.731100000000,0.135900000000,0.404000000000),
double3(0.748700000000,0.050900000000,0.649100000000),
double3(0.679700000000,0.050900000000,0.574400000000),
double3(0.728800000000,0.186300000000,0.440500000000),
double3(0.646100000000,0.270300000000,0.560100000000),
double3(0.705100000000,0.084700000000,0.620200000000),
double3(0.567000000000,0.784900000000,0.326000000000),
double3(0.596000000000,0.864100000000,0.268900000000),
double3(0.350900000000,0.949100000000,0.251300000000),
double3(0.425600000000,0.949100000000,0.320300000000),
double3(0.559500000000,0.813700000000,0.271200000000),
double3(0.439900000000,0.729700000000,0.353900000000),
double3(0.379800000000,0.915300000000,0.294900000000),
double3(0.215100000000,0.567000000000,0.326000000000),
double3(0.135900000000,0.596000000000,0.268900000000),
double3(0.050900000000,0.350900000000,0.251300000000),
double3(0.050900000000,0.425600000000,0.320300000000),
double3(0.186300000000,0.559500000000,0.271200000000),
double3(0.270300000000,0.439900000000,0.353900000000),
double3(0.084700000000,0.379800000000,0.294900000000),
double3(0.433000000000,0.215100000000,0.326000000000),
double3(0.404000000000,0.135900000000,0.268900000000),
double3(0.649100000000,0.050900000000,0.251300000000),
double3(0.574400000000,0.050900000000,0.320300000000),
double3(0.440500000000,0.186300000000,0.271200000000),
double3(0.560100000000,0.270300000000,0.353900000000),
double3(0.620200000000,0.084700000000,0.294900000000),
double3(0.784900000000,0.433000000000,0.326000000000),
double3(0.864100000000,0.404000000000,0.268900000000),
double3(0.949100000000,0.649100000000,0.251300000000),
double3(0.949100000000,0.574400000000,0.320300000000),
double3(0.813700000000,0.440500000000,0.271200000000),
double3(0.729700000000,0.560100000000,0.353900000000),
double3(0.915300000000,0.620200000000,0.294900000000),
double3(0.567000000000,0.215100000000,0.674000000000),
double3(0.596000000000,0.135900000000,0.731100000000),
double3(0.350900000000,0.050900000000,0.748700000000),
double3(0.425600000000,0.050900000000,0.679700000000),
double3(0.559500000000,0.186300000000,0.728800000000),
double3(0.439900000000,0.270300000000,0.646100000000),
double3(0.379800000000,0.084700000000,0.705100000000),
double3(0.784900000000,0.567000000000,0.674000000000),
double3(0.864100000000,0.596000000000,0.731100000000),
double3(0.949100000000,0.350900000000,0.748700000000),
double3(0.949100000000,0.425600000000,0.679700000000),
double3(0.813700000000,0.559500000000,0.728800000000),
double3(0.729700000000,0.439900000000,0.646100000000),
double3(0.915300000000,0.379800000000,0.705100000000),
double3(0.433000000000,0.784900000000,0.674000000000),
double3(0.404000000000,0.864100000000,0.731100000000),
double3(0.649100000000,0.949100000000,0.748700000000),
double3(0.574400000000,0.949100000000,0.679700000000),
double3(0.440500000000,0.813700000000,0.728800000000),
double3(0.560100000000,0.729700000000,0.646100000000),
double3(0.620200000000,0.915300000000,0.705100000000),
double3(0.215100000000,0.433000000000,0.674000000000),
double3(0.135900000000,0.404000000000,0.731100000000),
double3(0.050900000000,0.649100000000,0.748700000000),
double3(0.050900000000,0.574400000000,0.679700000000),
double3(0.186300000000,0.440500000000,0.728800000000),
double3(0.270300000000,0.560100000000,0.646100000000),
double3(0.084700000000,0.620200000000,0.705100000000),
double3(0.326000000000,0.567000000000,0.784900000000),
double3(0.268900000000,0.596000000000,0.864100000000),
double3(0.251300000000,0.350900000000,0.949100000000),
double3(0.320300000000,0.425600000000,0.949100000000),
double3(0.271200000000,0.559500000000,0.813700000000),
double3(0.353900000000,0.439900000000,0.729700000000),
double3(0.294900000000,0.379800000000,0.915300000000),
double3(0.326000000000,0.433000000000,0.215100000000),
double3(0.268900000000,0.404000000000,0.135900000000),
double3(0.251300000000,0.649100000000,0.050900000000),
double3(0.320300000000,0.574400000000,0.050900000000),
double3(0.271200000000,0.440500000000,0.186300000000),
double3(0.353900000000,0.560100000000,0.270300000000),
double3(0.294900000000,0.620200000000,0.084700000000),
double3(0.567000000000,0.326000000000,0.215100000000),
double3(0.596000000000,0.268900000000,0.135900000000),
double3(0.350900000000,0.251300000000,0.050900000000),
double3(0.425600000000,0.320300000000,0.050900000000),
double3(0.559500000000,0.271200000000,0.186300000000),
double3(0.439900000000,0.353900000000,0.270300000000),
double3(0.379800000000,0.294900000000,0.084700000000),
double3(0.674000000000,0.567000000000,0.215100000000),
double3(0.731100000000,0.596000000000,0.135900000000),
double3(0.748700000000,0.350900000000,0.050900000000),
double3(0.679700000000,0.425600000000,0.050900000000),
double3(0.728800000000,0.559500000000,0.186300000000),
double3(0.646100000000,0.439900000000,0.270300000000),
double3(0.705100000000,0.379800000000,0.084700000000),
double3(0.433000000000,0.674000000000,0.215100000000),
double3(0.404000000000,0.731100000000,0.135900000000),
double3(0.649100000000,0.748700000000,0.050900000000),
double3(0.574400000000,0.679700000000,0.050900000000),
double3(0.440500000000,0.728800000000,0.186300000000),
double3(0.560100000000,0.646100000000,0.270300000000),
double3(0.620200000000,0.705100000000,0.084700000000),
double3(0.674000000000,0.433000000000,0.784900000000),
double3(0.731100000000,0.404000000000,0.864100000000),
double3(0.748700000000,0.649100000000,0.949100000000),
double3(0.679700000000,0.574400000000,0.949100000000),
double3(0.728800000000,0.440500000000,0.813700000000),
double3(0.646100000000,0.560100000000,0.729700000000),
double3(0.705100000000,0.620200000000,0.915300000000),
double3(0.567000000000,0.674000000000,0.784900000000),
double3(0.596000000000,0.731100000000,0.864100000000),
double3(0.350900000000,0.748700000000,0.949100000000),
double3(0.425600000000,0.679700000000,0.949100000000),
double3(0.559500000000,0.728800000000,0.813700000000),
double3(0.439900000000,0.646100000000,0.729700000000),
double3(0.379800000000,0.705100000000,0.915300000000),
double3(0.433000000000,0.326000000000,0.784900000000),
double3(0.404000000000,0.268900000000,0.864100000000),
double3(0.649100000000,0.251300000000,0.949100000000),
double3(0.574400000000,0.320300000000,0.949100000000),
double3(0.440500000000,0.271200000000,0.813700000000),
double3(0.560100000000,0.353900000000,0.729700000000),
double3(0.620200000000,0.294900000000,0.915300000000),
