[double3(9.905000000000,0.000000000000,0.000000000000),double3(0.000000000000,9.905000000000,0.000000000000),double3(0.000000000000,0.000000000000,9.905000000000)]

double3(0.083333333333,0.083333333333,0.083333333333),
double3(0.062566666667,0.062566666667,0.000000000000),
double3(0.052133333333,0.052133333333,0.052133333333),
double3(0.250000000000,0.083333333333,0.083333333333),
double3(0.270766666667,0.062566666667,0.000000000000),
double3(0.281200000000,0.052133333333,0.052133333333),
double3(0.250000000000,0.250000000000,0.083333333333),
double3(0.270766666667,0.270766666667,0.000000000000),
double3(0.281200000000,0.281200000000,0.052133333333),
double3(0.083333333333,0.250000000000,0.083333333333),
double3(0.062566666667,0.270766666667,0.000000000000),
double3(0.052133333333,0.281200000000,0.052133333333),
double3(0.083333333333,0.250000000000,0.250000000000),
double3(0.052133333333,0.281200000000,0.281200000000),
double3(0.083333333333,0.083333333333,0.250000000000),
double3(0.052133333333,0.052133333333,0.281200000000),
double3(0.250000000000,0.083333333333,0.250000000000),
double3(0.281200000000,0.052133333333,0.281200000000),
double3(0.250000000000,0.250000000000,0.250000000000),
double3(0.281200000000,0.281200000000,0.281200000000),
double3(0.000000000000,0.062566666667,0.062566666667),
double3(0.270766666667,0.000000000000,0.062566666667),
double3(0.000000000000,0.270766666667,0.062566666667),
double3(0.062566666667,0.000000000000,0.062566666667),
double3(0.000000000000,0.270766666667,0.270766666667),
double3(0.062566666667,0.000000000000,0.270766666667),
double3(0.000000000000,0.062566666667,0.270766666667),
double3(0.270766666667,0.000000000000,0.270766666667),
double3(0.229233333333,0.229233333333,0.166666666667),
double3(0.218800000000,0.218800000000,0.218800000000),
double3(0.104100000000,0.229233333333,0.166666666667),
double3(0.114533333333,0.218800000000,0.218800000000),
double3(0.104100000000,0.104100000000,0.166666666667),
double3(0.114533333333,0.114533333333,0.218800000000),
double3(0.229233333333,0.104100000000,0.166666666667),
double3(0.218800000000,0.114533333333,0.218800000000),
double3(0.218800000000,0.114533333333,0.114533333333),
double3(0.218800000000,0.218800000000,0.114533333333),
double3(0.114533333333,0.218800000000,0.114533333333),
double3(0.114533333333,0.114533333333,0.114533333333),
double3(0.166666666667,0.229233333333,0.229233333333),
double3(0.104100000000,0.166666666667,0.229233333333),
double3(0.166666666667,0.104100000000,0.229233333333),
double3(0.229233333333,0.166666666667,0.229233333333),
double3(0.166666666667,0.104100000000,0.104100000000),
double3(0.229233333333,0.166666666667,0.104100000000),
double3(0.166666666667,0.229233333333,0.104100000000),
double3(0.104100000000,0.166666666667,0.104100000000),
double3(0.083333333333,0.083333333333,0.416666666667),
double3(0.062566666667,0.062566666667,0.333333333333),
double3(0.052133333333,0.052133333333,0.385466666667),
double3(0.250000000000,0.083333333333,0.416666666667),
double3(0.270766666667,0.062566666667,0.333333333333),
double3(0.281200000000,0.052133333333,0.385466666667),
double3(0.250000000000,0.250000000000,0.416666666667),
double3(0.270766666667,0.270766666667,0.333333333333),
double3(0.281200000000,0.281200000000,0.385466666667),
double3(0.083333333333,0.250000000000,0.416666666667),
double3(0.062566666667,0.270766666667,0.333333333333),
double3(0.052133333333,0.281200000000,0.385466666667),
double3(0.083333333333,0.250000000000,0.583333333333),
double3(0.052133333333,0.281200000000,0.614533333333),
double3(0.083333333333,0.083333333333,0.583333333333),
double3(0.052133333333,0.052133333333,0.614533333333),
double3(0.250000000000,0.083333333333,0.583333333333),
double3(0.281200000000,0.052133333333,0.614533333333),
double3(0.250000000000,0.250000000000,0.583333333333),
double3(0.281200000000,0.281200000000,0.614533333333),
double3(0.000000000000,0.062566666667,0.395900000000),
double3(0.270766666667,0.000000000000,0.395900000000),
double3(0.000000000000,0.270766666667,0.395900000000),
double3(0.062566666667,0.000000000000,0.395900000000),
double3(0.000000000000,0.270766666667,0.604100000000),
double3(0.062566666667,0.000000000000,0.604100000000),
double3(0.000000000000,0.062566666667,0.604100000000),
double3(0.270766666667,0.000000000000,0.604100000000),
double3(0.229233333333,0.229233333333,0.500000000000),
double3(0.218800000000,0.218800000000,0.552133333333),
double3(0.104100000000,0.229233333333,0.500000000000),
double3(0.114533333333,0.218800000000,0.552133333333),
double3(0.104100000000,0.104100000000,0.500000000000),
double3(0.114533333333,0.114533333333,0.552133333333),
double3(0.229233333333,0.104100000000,0.500000000000),
double3(0.218800000000,0.114533333333,0.552133333333),
double3(0.218800000000,0.114533333333,0.447866666667),
double3(0.218800000000,0.218800000000,0.447866666667),
double3(0.114533333333,0.218800000000,0.447866666667),
double3(0.114533333333,0.114533333333,0.447866666667),
double3(0.166666666667,0.229233333333,0.562566666667),
double3(0.104100000000,0.166666666667,0.562566666667),
double3(0.166666666667,0.104100000000,0.562566666667),
double3(0.229233333333,0.166666666667,0.562566666667),
double3(0.166666666667,0.104100000000,0.437433333333),
double3(0.229233333333,0.166666666667,0.437433333333),
double3(0.166666666667,0.229233333333,0.437433333333),
double3(0.104100000000,0.166666666667,0.437433333333),
double3(0.083333333333,0.083333333333,0.750000000000),
double3(0.062566666667,0.062566666667,0.666666666667),
double3(0.052133333333,0.052133333333,0.718800000000),
double3(0.250000000000,0.083333333333,0.750000000000),
double3(0.270766666667,0.062566666667,0.666666666667),
double3(0.281200000000,0.052133333333,0.718800000000),
double3(0.250000000000,0.250000000000,0.750000000000),
double3(0.270766666667,0.270766666667,0.666666666667),
double3(0.281200000000,0.281200000000,0.718800000000),
double3(0.083333333333,0.250000000000,0.750000000000),
double3(0.062566666667,0.270766666667,0.666666666667),
double3(0.052133333333,0.281200000000,0.718800000000),
double3(0.083333333333,0.250000000000,0.916666666667),
double3(0.052133333333,0.281200000000,0.947866666667),
double3(0.083333333333,0.083333333333,0.916666666667),
double3(0.052133333333,0.052133333333,0.947866666667),
double3(0.250000000000,0.083333333333,0.916666666667),
double3(0.281200000000,0.052133333333,0.947866666667),
double3(0.250000000000,0.250000000000,0.916666666667),
double3(0.281200000000,0.281200000000,0.947866666667),
double3(0.000000000000,0.062566666667,0.729233333333),
double3(0.270766666667,0.000000000000,0.729233333333),
double3(0.000000000000,0.270766666667,0.729233333333),
double3(0.062566666667,0.000000000000,0.729233333333),
double3(0.000000000000,0.270766666667,0.937433333333),
double3(0.062566666667,0.000000000000,0.937433333333),
double3(0.000000000000,0.062566666667,0.937433333333),
double3(0.270766666667,0.000000000000,0.937433333333),
double3(0.229233333333,0.229233333333,0.833333333333),
double3(0.218800000000,0.218800000000,0.885466666667),
double3(0.104100000000,0.229233333333,0.833333333333),
double3(0.114533333333,0.218800000000,0.885466666667),
double3(0.104100000000,0.104100000000,0.833333333333),
double3(0.114533333333,0.114533333333,0.885466666667),
double3(0.229233333333,0.104100000000,0.833333333333),
double3(0.218800000000,0.114533333333,0.885466666667),
double3(0.218800000000,0.114533333333,0.781200000000),
double3(0.218800000000,0.218800000000,0.781200000000),
double3(0.114533333333,0.218800000000,0.781200000000),
double3(0.114533333333,0.114533333333,0.781200000000),
double3(0.166666666667,0.229233333333,0.895900000000),
double3(0.104100000000,0.166666666667,0.895900000000),
double3(0.166666666667,0.104100000000,0.895900000000),
double3(0.229233333333,0.166666666667,0.895900000000),
double3(0.166666666667,0.104100000000,0.770766666667),
double3(0.229233333333,0.166666666667,0.770766666667),
double3(0.166666666667,0.229233333333,0.770766666667),
double3(0.104100000000,0.166666666667,0.770766666667),
double3(0.083333333333,0.416666666667,0.083333333333),
double3(0.062566666667,0.395900000000,0.000000000000),
double3(0.052133333333,0.385466666667,0.052133333333),
double3(0.250000000000,0.416666666667,0.083333333333),
double3(0.270766666667,0.395900000000,0.000000000000),
double3(0.281200000000,0.385466666667,0.052133333333),
double3(0.250000000000,0.583333333333,0.083333333333),
double3(0.270766666667,0.604100000000,0.000000000000),
double3(0.281200000000,0.614533333333,0.052133333333),
double3(0.083333333333,0.583333333333,0.083333333333),
double3(0.062566666667,0.604100000000,0.000000000000),
double3(0.052133333333,0.614533333333,0.052133333333),
double3(0.083333333333,0.583333333333,0.250000000000),
double3(0.052133333333,0.614533333333,0.281200000000),
double3(0.083333333333,0.416666666667,0.250000000000),
double3(0.052133333333,0.385466666667,0.281200000000),
double3(0.250000000000,0.416666666667,0.250000000000),
double3(0.281200000000,0.385466666667,0.281200000000),
double3(0.250000000000,0.583333333333,0.250000000000),
double3(0.281200000000,0.614533333333,0.281200000000),
double3(0.000000000000,0.395900000000,0.062566666667),
double3(0.270766666667,0.333333333333,0.062566666667),
double3(0.000000000000,0.604100000000,0.062566666667),
double3(0.062566666667,0.333333333333,0.062566666667),
double3(0.000000000000,0.604100000000,0.270766666667),
double3(0.062566666667,0.333333333333,0.270766666667),
double3(0.000000000000,0.395900000000,0.270766666667),
double3(0.270766666667,0.333333333333,0.270766666667),
double3(0.229233333333,0.562566666667,0.166666666667),
double3(0.218800000000,0.552133333333,0.218800000000),
double3(0.104100000000,0.562566666667,0.166666666667),
double3(0.114533333333,0.552133333333,0.218800000000),
double3(0.104100000000,0.437433333333,0.166666666667),
double3(0.114533333333,0.447866666667,0.218800000000),
double3(0.229233333333,0.437433333333,0.166666666667),
double3(0.218800000000,0.447866666667,0.218800000000),
double3(0.218800000000,0.447866666667,0.114533333333),
double3(0.218800000000,0.552133333333,0.114533333333),
double3(0.114533333333,0.552133333333,0.114533333333),
double3(0.114533333333,0.447866666667,0.114533333333),
double3(0.166666666667,0.562566666667,0.229233333333),
double3(0.104100000000,0.500000000000,0.229233333333),
double3(0.166666666667,0.437433333333,0.229233333333),
double3(0.229233333333,0.500000000000,0.229233333333),
double3(0.166666666667,0.437433333333,0.104100000000),
double3(0.229233333333,0.500000000000,0.104100000000),
double3(0.166666666667,0.562566666667,0.104100000000),
double3(0.104100000000,0.500000000000,0.104100000000),
double3(0.083333333333,0.416666666667,0.416666666667),
double3(0.062566666667,0.395900000000,0.333333333333),
double3(0.052133333333,0.385466666667,0.385466666667),
double3(0.250000000000,0.416666666667,0.416666666667),
double3(0.270766666667,0.395900000000,0.333333333333),
double3(0.281200000000,0.385466666667,0.385466666667),
double3(0.250000000000,0.583333333333,0.416666666667),
double3(0.270766666667,0.604100000000,0.333333333333),
double3(0.281200000000,0.614533333333,0.385466666667),
double3(0.083333333333,0.583333333333,0.416666666667),
double3(0.062566666667,0.604100000000,0.333333333333),
double3(0.052133333333,0.614533333333,0.385466666667),
double3(0.083333333333,0.583333333333,0.583333333333),
double3(0.052133333333,0.614533333333,0.614533333333),
double3(0.083333333333,0.416666666667,0.583333333333),
double3(0.052133333333,0.385466666667,0.614533333333),
double3(0.250000000000,0.416666666667,0.583333333333),
double3(0.281200000000,0.385466666667,0.614533333333),
double3(0.250000000000,0.583333333333,0.583333333333),
double3(0.281200000000,0.614533333333,0.614533333333),
double3(0.000000000000,0.395900000000,0.395900000000),
double3(0.270766666667,0.333333333333,0.395900000000),
double3(0.000000000000,0.604100000000,0.395900000000),
double3(0.062566666667,0.333333333333,0.395900000000),
double3(0.000000000000,0.604100000000,0.604100000000),
double3(0.062566666667,0.333333333333,0.604100000000),
double3(0.000000000000,0.395900000000,0.604100000000),
double3(0.270766666667,0.333333333333,0.604100000000),
double3(0.229233333333,0.562566666667,0.500000000000),
double3(0.218800000000,0.552133333333,0.552133333333),
double3(0.104100000000,0.562566666667,0.500000000000),
double3(0.114533333333,0.552133333333,0.552133333333),
double3(0.104100000000,0.437433333333,0.500000000000),
double3(0.114533333333,0.447866666667,0.552133333333),
double3(0.229233333333,0.437433333333,0.500000000000),
double3(0.218800000000,0.447866666667,0.552133333333),
double3(0.218800000000,0.447866666667,0.447866666667),
double3(0.218800000000,0.552133333333,0.447866666667),
double3(0.114533333333,0.552133333333,0.447866666667),
double3(0.114533333333,0.447866666667,0.447866666667),
double3(0.166666666667,0.562566666667,0.562566666667),
double3(0.104100000000,0.500000000000,0.562566666667),
double3(0.166666666667,0.437433333333,0.562566666667),
double3(0.229233333333,0.500000000000,0.562566666667),
double3(0.166666666667,0.437433333333,0.437433333333),
double3(0.229233333333,0.500000000000,0.437433333333),
double3(0.166666666667,0.562566666667,0.437433333333),
double3(0.104100000000,0.500000000000,0.437433333333),
double3(0.083333333333,0.416666666667,0.750000000000),
double3(0.062566666667,0.395900000000,0.666666666667),
double3(0.052133333333,0.385466666667,0.718800000000),
double3(0.250000000000,0.416666666667,0.750000000000),
double3(0.270766666667,0.395900000000,0.666666666667),
double3(0.281200000000,0.385466666667,0.718800000000),
double3(0.250000000000,0.583333333333,0.750000000000),
double3(0.270766666667,0.604100000000,0.666666666667),
double3(0.281200000000,0.614533333333,0.718800000000),
double3(0.083333333333,0.583333333333,0.750000000000),
double3(0.062566666667,0.604100000000,0.666666666667),
double3(0.052133333333,0.614533333333,0.718800000000),
double3(0.083333333333,0.583333333333,0.916666666667),
double3(0.052133333333,0.614533333333,0.947866666667),
double3(0.083333333333,0.416666666667,0.916666666667),
double3(0.052133333333,0.385466666667,0.947866666667),
double3(0.250000000000,0.416666666667,0.916666666667),
double3(0.281200000000,0.385466666667,0.947866666667),
double3(0.250000000000,0.583333333333,0.916666666667),
double3(0.281200000000,0.614533333333,0.947866666667),
double3(0.000000000000,0.395900000000,0.729233333333),
double3(0.270766666667,0.333333333333,0.729233333333),
double3(0.000000000000,0.604100000000,0.729233333333),
double3(0.062566666667,0.333333333333,0.729233333333),
double3(0.000000000000,0.604100000000,0.937433333333),
double3(0.062566666667,0.333333333333,0.937433333333),
double3(0.000000000000,0.395900000000,0.937433333333),
double3(0.270766666667,0.333333333333,0.937433333333),
double3(0.229233333333,0.562566666667,0.833333333333),
double3(0.218800000000,0.552133333333,0.885466666667),
double3(0.104100000000,0.562566666667,0.833333333333),
double3(0.114533333333,0.552133333333,0.885466666667),
double3(0.104100000000,0.437433333333,0.833333333333),
double3(0.114533333333,0.447866666667,0.885466666667),
double3(0.229233333333,0.437433333333,0.833333333333),
double3(0.218800000000,0.447866666667,0.885466666667),
double3(0.218800000000,0.447866666667,0.781200000000),
double3(0.218800000000,0.552133333333,0.781200000000),
double3(0.114533333333,0.552133333333,0.781200000000),
double3(0.114533333333,0.447866666667,0.781200000000),
double3(0.166666666667,0.562566666667,0.895900000000),
double3(0.104100000000,0.500000000000,0.895900000000),
double3(0.166666666667,0.437433333333,0.895900000000),
double3(0.229233333333,0.500000000000,0.895900000000),
double3(0.166666666667,0.437433333333,0.770766666667),
double3(0.229233333333,0.500000000000,0.770766666667),
double3(0.166666666667,0.562566666667,0.770766666667),
double3(0.104100000000,0.500000000000,0.770766666667),
double3(0.083333333333,0.750000000000,0.083333333333),
double3(0.062566666667,0.729233333333,0.000000000000),
double3(0.052133333333,0.718800000000,0.052133333333),
double3(0.250000000000,0.750000000000,0.083333333333),
double3(0.270766666667,0.729233333333,0.000000000000),
double3(0.281200000000,0.718800000000,0.052133333333),
double3(0.250000000000,0.916666666667,0.083333333333),
double3(0.270766666667,0.937433333333,0.000000000000),
double3(0.281200000000,0.947866666667,0.052133333333),
double3(0.083333333333,0.916666666667,0.083333333333),
double3(0.062566666667,0.937433333333,0.000000000000),
double3(0.052133333333,0.947866666667,0.052133333333),
double3(0.083333333333,0.916666666667,0.250000000000),
double3(0.052133333333,0.947866666667,0.281200000000),
double3(0.083333333333,0.750000000000,0.250000000000),
double3(0.052133333333,0.718800000000,0.281200000000),
double3(0.250000000000,0.750000000000,0.250000000000),
double3(0.281200000000,0.718800000000,0.281200000000),
double3(0.250000000000,0.916666666667,0.250000000000),
double3(0.281200000000,0.947866666667,0.281200000000),
double3(0.000000000000,0.729233333333,0.062566666667),
double3(0.270766666667,0.666666666667,0.062566666667),
double3(0.000000000000,0.937433333333,0.062566666667),
double3(0.062566666667,0.666666666667,0.062566666667),
double3(0.000000000000,0.937433333333,0.270766666667),
double3(0.062566666667,0.666666666667,0.270766666667),
double3(0.000000000000,0.729233333333,0.270766666667),
double3(0.270766666667,0.666666666667,0.270766666667),
double3(0.229233333333,0.895900000000,0.166666666667),
double3(0.218800000000,0.885466666667,0.218800000000),
double3(0.104100000000,0.895900000000,0.166666666667),
double3(0.114533333333,0.885466666667,0.218800000000),
double3(0.104100000000,0.770766666667,0.166666666667),
double3(0.114533333333,0.781200000000,0.218800000000),
double3(0.229233333333,0.770766666667,0.166666666667),
double3(0.218800000000,0.781200000000,0.218800000000),
double3(0.218800000000,0.781200000000,0.114533333333),
double3(0.218800000000,0.885466666667,0.114533333333),
double3(0.114533333333,0.885466666667,0.114533333333),
double3(0.114533333333,0.781200000000,0.114533333333),
double3(0.166666666667,0.895900000000,0.229233333333),
double3(0.104100000000,0.833333333333,0.229233333333),
double3(0.166666666667,0.770766666667,0.229233333333),
double3(0.229233333333,0.833333333333,0.229233333333),
double3(0.166666666667,0.770766666667,0.104100000000),
double3(0.229233333333,0.833333333333,0.104100000000),
double3(0.166666666667,0.895900000000,0.104100000000),
double3(0.104100000000,0.833333333333,0.104100000000),
double3(0.083333333333,0.750000000000,0.416666666667),
double3(0.062566666667,0.729233333333,0.333333333333),
double3(0.052133333333,0.718800000000,0.385466666667),
double3(0.250000000000,0.750000000000,0.416666666667),
double3(0.270766666667,0.729233333333,0.333333333333),
double3(0.281200000000,0.718800000000,0.385466666667),
double3(0.250000000000,0.916666666667,0.416666666667),
double3(0.270766666667,0.937433333333,0.333333333333),
double3(0.281200000000,0.947866666667,0.385466666667),
double3(0.083333333333,0.916666666667,0.416666666667),
double3(0.062566666667,0.937433333333,0.333333333333),
double3(0.052133333333,0.947866666667,0.385466666667),
double3(0.083333333333,0.916666666667,0.583333333333),
double3(0.052133333333,0.947866666667,0.614533333333),
double3(0.083333333333,0.750000000000,0.583333333333),
double3(0.052133333333,0.718800000000,0.614533333333),
double3(0.250000000000,0.750000000000,0.583333333333),
double3(0.281200000000,0.718800000000,0.614533333333),
double3(0.250000000000,0.916666666667,0.583333333333),
double3(0.281200000000,0.947866666667,0.614533333333),
double3(0.000000000000,0.729233333333,0.395900000000),
double3(0.270766666667,0.666666666667,0.395900000000),
double3(0.000000000000,0.937433333333,0.395900000000),
double3(0.062566666667,0.666666666667,0.395900000000),
double3(0.000000000000,0.937433333333,0.604100000000),
double3(0.062566666667,0.666666666667,0.604100000000),
double3(0.000000000000,0.729233333333,0.604100000000),
double3(0.270766666667,0.666666666667,0.604100000000),
double3(0.229233333333,0.895900000000,0.500000000000),
double3(0.218800000000,0.885466666667,0.552133333333),
double3(0.104100000000,0.895900000000,0.500000000000),
double3(0.114533333333,0.885466666667,0.552133333333),
double3(0.104100000000,0.770766666667,0.500000000000),
double3(0.114533333333,0.781200000000,0.552133333333),
double3(0.229233333333,0.770766666667,0.500000000000),
double3(0.218800000000,0.781200000000,0.552133333333),
double3(0.218800000000,0.781200000000,0.447866666667),
double3(0.218800000000,0.885466666667,0.447866666667),
double3(0.114533333333,0.885466666667,0.447866666667),
double3(0.114533333333,0.781200000000,0.447866666667),
double3(0.166666666667,0.895900000000,0.562566666667),
double3(0.104100000000,0.833333333333,0.562566666667),
double3(0.166666666667,0.770766666667,0.562566666667),
double3(0.229233333333,0.833333333333,0.562566666667),
double3(0.166666666667,0.770766666667,0.437433333333),
double3(0.229233333333,0.833333333333,0.437433333333),
double3(0.166666666667,0.895900000000,0.437433333333),
double3(0.104100000000,0.833333333333,0.437433333333),
double3(0.083333333333,0.750000000000,0.750000000000),
double3(0.062566666667,0.729233333333,0.666666666667),
double3(0.052133333333,0.718800000000,0.718800000000),
double3(0.250000000000,0.750000000000,0.750000000000),
double3(0.270766666667,0.729233333333,0.666666666667),
double3(0.281200000000,0.718800000000,0.718800000000),
double3(0.250000000000,0.916666666667,0.750000000000),
double3(0.270766666667,0.937433333333,0.666666666667),
double3(0.281200000000,0.947866666667,0.718800000000),
double3(0.083333333333,0.916666666667,0.750000000000),
double3(0.062566666667,0.937433333333,0.666666666667),
double3(0.052133333333,0.947866666667,0.718800000000),
double3(0.083333333333,0.916666666667,0.916666666667),
double3(0.052133333333,0.947866666667,0.947866666667),
double3(0.083333333333,0.750000000000,0.916666666667),
double3(0.052133333333,0.718800000000,0.947866666667),
double3(0.250000000000,0.750000000000,0.916666666667),
double3(0.281200000000,0.718800000000,0.947866666667),
double3(0.250000000000,0.916666666667,0.916666666667),
double3(0.281200000000,0.947866666667,0.947866666667),
double3(0.000000000000,0.729233333333,0.729233333333),
double3(0.270766666667,0.666666666667,0.729233333333),
double3(0.000000000000,0.937433333333,0.729233333333),
double3(0.062566666667,0.666666666667,0.729233333333),
double3(0.000000000000,0.937433333333,0.937433333333),
double3(0.062566666667,0.666666666667,0.937433333333),
double3(0.000000000000,0.729233333333,0.937433333333),
double3(0.270766666667,0.666666666667,0.937433333333),
double3(0.229233333333,0.895900000000,0.833333333333),
double3(0.218800000000,0.885466666667,0.885466666667),
double3(0.104100000000,0.895900000000,0.833333333333),
double3(0.114533333333,0.885466666667,0.885466666667),
double3(0.104100000000,0.770766666667,0.833333333333),
double3(0.114533333333,0.781200000000,0.885466666667),
double3(0.229233333333,0.770766666667,0.833333333333),
double3(0.218800000000,0.781200000000,0.885466666667),
double3(0.218800000000,0.781200000000,0.781200000000),
double3(0.218800000000,0.885466666667,0.781200000000),
double3(0.114533333333,0.885466666667,0.781200000000),
double3(0.114533333333,0.781200000000,0.781200000000),
double3(0.166666666667,0.895900000000,0.895900000000),
double3(0.104100000000,0.833333333333,0.895900000000),
double3(0.166666666667,0.770766666667,0.895900000000),
double3(0.229233333333,0.833333333333,0.895900000000),
double3(0.166666666667,0.770766666667,0.770766666667),
double3(0.229233333333,0.833333333333,0.770766666667),
double3(0.166666666667,0.895900000000,0.770766666667),
double3(0.104100000000,0.833333333333,0.770766666667),
double3(0.416666666667,0.083333333333,0.083333333333),
double3(0.395900000000,0.062566666667,0.000000000000),
double3(0.385466666667,0.052133333333,0.052133333333),
double3(0.583333333333,0.083333333333,0.083333333333),
double3(0.604100000000,0.062566666667,0.000000000000),
double3(0.614533333333,0.052133333333,0.052133333333),
double3(0.583333333333,0.250000000000,0.083333333333),
double3(0.604100000000,0.270766666667,0.000000000000),
double3(0.614533333333,0.281200000000,0.052133333333),
double3(0.416666666667,0.250000000000,0.083333333333),
double3(0.395900000000,0.270766666667,0.000000000000),
double3(0.385466666667,0.281200000000,0.052133333333),
double3(0.416666666667,0.250000000000,0.250000000000),
double3(0.385466666667,0.281200000000,0.281200000000),
double3(0.416666666667,0.083333333333,0.250000000000),
double3(0.385466666667,0.052133333333,0.281200000000),
double3(0.583333333333,0.083333333333,0.250000000000),
double3(0.614533333333,0.052133333333,0.281200000000),
double3(0.583333333333,0.250000000000,0.250000000000),
double3(0.614533333333,0.281200000000,0.281200000000),
double3(0.333333333333,0.062566666667,0.062566666667),
double3(0.604100000000,0.000000000000,0.062566666667),
double3(0.333333333333,0.270766666667,0.062566666667),
double3(0.395900000000,0.000000000000,0.062566666667),
double3(0.333333333333,0.270766666667,0.270766666667),
double3(0.395900000000,0.000000000000,0.270766666667),
double3(0.333333333333,0.062566666667,0.270766666667),
double3(0.604100000000,0.000000000000,0.270766666667),
double3(0.562566666667,0.229233333333,0.166666666667),
double3(0.552133333333,0.218800000000,0.218800000000),
double3(0.437433333333,0.229233333333,0.166666666667),
double3(0.447866666667,0.218800000000,0.218800000000),
double3(0.437433333333,0.104100000000,0.166666666667),
double3(0.447866666667,0.114533333333,0.218800000000),
double3(0.562566666667,0.104100000000,0.166666666667),
double3(0.552133333333,0.114533333333,0.218800000000),
double3(0.552133333333,0.114533333333,0.114533333333),
double3(0.552133333333,0.218800000000,0.114533333333),
double3(0.447866666667,0.218800000000,0.114533333333),
double3(0.447866666667,0.114533333333,0.114533333333),
double3(0.500000000000,0.229233333333,0.229233333333),
double3(0.437433333333,0.166666666667,0.229233333333),
double3(0.500000000000,0.104100000000,0.229233333333),
double3(0.562566666667,0.166666666667,0.229233333333),
double3(0.500000000000,0.104100000000,0.104100000000),
double3(0.562566666667,0.166666666667,0.104100000000),
double3(0.500000000000,0.229233333333,0.104100000000),
double3(0.437433333333,0.166666666667,0.104100000000),
double3(0.416666666667,0.083333333333,0.416666666667),
double3(0.395900000000,0.062566666667,0.333333333333),
double3(0.385466666667,0.052133333333,0.385466666667),
double3(0.583333333333,0.083333333333,0.416666666667),
double3(0.604100000000,0.062566666667,0.333333333333),
double3(0.614533333333,0.052133333333,0.385466666667),
double3(0.583333333333,0.250000000000,0.416666666667),
double3(0.604100000000,0.270766666667,0.333333333333),
double3(0.614533333333,0.281200000000,0.385466666667),
double3(0.416666666667,0.250000000000,0.416666666667),
double3(0.395900000000,0.270766666667,0.333333333333),
double3(0.385466666667,0.281200000000,0.385466666667),
double3(0.416666666667,0.250000000000,0.583333333333),
double3(0.385466666667,0.281200000000,0.614533333333),
double3(0.416666666667,0.083333333333,0.583333333333),
double3(0.385466666667,0.052133333333,0.614533333333),
double3(0.583333333333,0.083333333333,0.583333333333),
double3(0.614533333333,0.052133333333,0.614533333333),
double3(0.583333333333,0.250000000000,0.583333333333),
double3(0.614533333333,0.281200000000,0.614533333333),
double3(0.333333333333,0.062566666667,0.395900000000),
double3(0.604100000000,0.000000000000,0.395900000000),
double3(0.333333333333,0.270766666667,0.395900000000),
double3(0.395900000000,0.000000000000,0.395900000000),
double3(0.333333333333,0.270766666667,0.604100000000),
double3(0.395900000000,0.000000000000,0.604100000000),
double3(0.333333333333,0.062566666667,0.604100000000),
double3(0.604100000000,0.000000000000,0.604100000000),
double3(0.562566666667,0.229233333333,0.500000000000),
double3(0.552133333333,0.218800000000,0.552133333333),
double3(0.437433333333,0.229233333333,0.500000000000),
double3(0.447866666667,0.218800000000,0.552133333333),
double3(0.437433333333,0.104100000000,0.500000000000),
double3(0.447866666667,0.114533333333,0.552133333333),
double3(0.562566666667,0.104100000000,0.500000000000),
double3(0.552133333333,0.114533333333,0.552133333333),
double3(0.552133333333,0.114533333333,0.447866666667),
double3(0.552133333333,0.218800000000,0.447866666667),
double3(0.447866666667,0.218800000000,0.447866666667),
double3(0.447866666667,0.114533333333,0.447866666667),
double3(0.500000000000,0.229233333333,0.562566666667),
double3(0.437433333333,0.166666666667,0.562566666667),
double3(0.500000000000,0.104100000000,0.562566666667),
double3(0.562566666667,0.166666666667,0.562566666667),
double3(0.500000000000,0.104100000000,0.437433333333),
double3(0.562566666667,0.166666666667,0.437433333333),
double3(0.500000000000,0.229233333333,0.437433333333),
double3(0.437433333333,0.166666666667,0.437433333333),
double3(0.416666666667,0.083333333333,0.750000000000),
double3(0.395900000000,0.062566666667,0.666666666667),
double3(0.385466666667,0.052133333333,0.718800000000),
double3(0.583333333333,0.083333333333,0.750000000000),
double3(0.604100000000,0.062566666667,0.666666666667),
double3(0.614533333333,0.052133333333,0.718800000000),
double3(0.583333333333,0.250000000000,0.750000000000),
double3(0.604100000000,0.270766666667,0.666666666667),
double3(0.614533333333,0.281200000000,0.718800000000),
double3(0.416666666667,0.250000000000,0.750000000000),
double3(0.395900000000,0.270766666667,0.666666666667),
double3(0.385466666667,0.281200000000,0.718800000000),
double3(0.416666666667,0.250000000000,0.916666666667),
double3(0.385466666667,0.281200000000,0.947866666667),
double3(0.416666666667,0.083333333333,0.916666666667),
double3(0.385466666667,0.052133333333,0.947866666667),
double3(0.583333333333,0.083333333333,0.916666666667),
double3(0.614533333333,0.052133333333,0.947866666667),
double3(0.583333333333,0.250000000000,0.916666666667),
double3(0.614533333333,0.281200000000,0.947866666667),
double3(0.333333333333,0.062566666667,0.729233333333),
double3(0.604100000000,0.000000000000,0.729233333333),
double3(0.333333333333,0.270766666667,0.729233333333),
double3(0.395900000000,0.000000000000,0.729233333333),
double3(0.333333333333,0.270766666667,0.937433333333),
double3(0.395900000000,0.000000000000,0.937433333333),
double3(0.333333333333,0.062566666667,0.937433333333),
double3(0.604100000000,0.000000000000,0.937433333333),
double3(0.562566666667,0.229233333333,0.833333333333),
double3(0.552133333333,0.218800000000,0.885466666667),
double3(0.437433333333,0.229233333333,0.833333333333),
double3(0.447866666667,0.218800000000,0.885466666667),
double3(0.437433333333,0.104100000000,0.833333333333),
double3(0.447866666667,0.114533333333,0.885466666667),
double3(0.562566666667,0.104100000000,0.833333333333),
double3(0.552133333333,0.114533333333,0.885466666667),
double3(0.552133333333,0.114533333333,0.781200000000),
double3(0.552133333333,0.218800000000,0.781200000000),
double3(0.447866666667,0.218800000000,0.781200000000),
double3(0.447866666667,0.114533333333,0.781200000000),
double3(0.500000000000,0.229233333333,0.895900000000),
double3(0.437433333333,0.166666666667,0.895900000000),
double3(0.500000000000,0.104100000000,0.895900000000),
double3(0.562566666667,0.166666666667,0.895900000000),
double3(0.500000000000,0.104100000000,0.770766666667),
double3(0.562566666667,0.166666666667,0.770766666667),
double3(0.500000000000,0.229233333333,0.770766666667),
double3(0.437433333333,0.166666666667,0.770766666667),
double3(0.416666666667,0.416666666667,0.083333333333),
double3(0.395900000000,0.395900000000,0.000000000000),
double3(0.385466666667,0.385466666667,0.052133333333),
double3(0.583333333333,0.416666666667,0.083333333333),
double3(0.604100000000,0.395900000000,0.000000000000),
double3(0.614533333333,0.385466666667,0.052133333333),
double3(0.583333333333,0.583333333333,0.083333333333),
double3(0.604100000000,0.604100000000,0.000000000000),
double3(0.614533333333,0.614533333333,0.052133333333),
double3(0.416666666667,0.583333333333,0.083333333333),
double3(0.395900000000,0.604100000000,0.000000000000),
double3(0.385466666667,0.614533333333,0.052133333333),
double3(0.416666666667,0.583333333333,0.250000000000),
double3(0.385466666667,0.614533333333,0.281200000000),
double3(0.416666666667,0.416666666667,0.250000000000),
double3(0.385466666667,0.385466666667,0.281200000000),
double3(0.583333333333,0.416666666667,0.250000000000),
double3(0.614533333333,0.385466666667,0.281200000000),
double3(0.583333333333,0.583333333333,0.250000000000),
double3(0.614533333333,0.614533333333,0.281200000000),
double3(0.333333333333,0.395900000000,0.062566666667),
double3(0.604100000000,0.333333333333,0.062566666667),
double3(0.333333333333,0.604100000000,0.062566666667),
double3(0.395900000000,0.333333333333,0.062566666667),
double3(0.333333333333,0.604100000000,0.270766666667),
double3(0.395900000000,0.333333333333,0.270766666667),
double3(0.333333333333,0.395900000000,0.270766666667),
double3(0.604100000000,0.333333333333,0.270766666667),
double3(0.562566666667,0.562566666667,0.166666666667),
double3(0.552133333333,0.552133333333,0.218800000000),
double3(0.437433333333,0.562566666667,0.166666666667),
double3(0.447866666667,0.552133333333,0.218800000000),
double3(0.437433333333,0.437433333333,0.166666666667),
double3(0.447866666667,0.447866666667,0.218800000000),
double3(0.562566666667,0.437433333333,0.166666666667),
double3(0.552133333333,0.447866666667,0.218800000000),
double3(0.552133333333,0.447866666667,0.114533333333),
double3(0.552133333333,0.552133333333,0.114533333333),
double3(0.447866666667,0.552133333333,0.114533333333),
double3(0.447866666667,0.447866666667,0.114533333333),
double3(0.500000000000,0.562566666667,0.229233333333),
double3(0.437433333333,0.500000000000,0.229233333333),
double3(0.500000000000,0.437433333333,0.229233333333),
double3(0.562566666667,0.500000000000,0.229233333333),
double3(0.500000000000,0.437433333333,0.104100000000),
double3(0.562566666667,0.500000000000,0.104100000000),
double3(0.500000000000,0.562566666667,0.104100000000),
double3(0.437433333333,0.500000000000,0.104100000000),
double3(0.416666666667,0.416666666667,0.416666666667),
double3(0.395900000000,0.395900000000,0.333333333333),
double3(0.385466666667,0.385466666667,0.385466666667),
double3(0.583333333333,0.416666666667,0.416666666667),
double3(0.604100000000,0.395900000000,0.333333333333),
double3(0.614533333333,0.385466666667,0.385466666667),
double3(0.583333333333,0.583333333333,0.416666666667),
double3(0.604100000000,0.604100000000,0.333333333333),
double3(0.614533333333,0.614533333333,0.385466666667),
double3(0.416666666667,0.583333333333,0.416666666667),
double3(0.395900000000,0.604100000000,0.333333333333),
double3(0.385466666667,0.614533333333,0.385466666667),
double3(0.416666666667,0.583333333333,0.583333333333),
double3(0.385466666667,0.614533333333,0.614533333333),
double3(0.416666666667,0.416666666667,0.583333333333),
double3(0.385466666667,0.385466666667,0.614533333333),
double3(0.583333333333,0.416666666667,0.583333333333),
double3(0.614533333333,0.385466666667,0.614533333333),
double3(0.583333333333,0.583333333333,0.583333333333),
double3(0.614533333333,0.614533333333,0.614533333333),
double3(0.333333333333,0.395900000000,0.395900000000),
double3(0.604100000000,0.333333333333,0.395900000000),
double3(0.333333333333,0.604100000000,0.395900000000),
double3(0.395900000000,0.333333333333,0.395900000000),
double3(0.333333333333,0.604100000000,0.604100000000),
double3(0.395900000000,0.333333333333,0.604100000000),
double3(0.333333333333,0.395900000000,0.604100000000),
double3(0.604100000000,0.333333333333,0.604100000000),
double3(0.562566666667,0.562566666667,0.500000000000),
double3(0.552133333333,0.552133333333,0.552133333333),
double3(0.437433333333,0.562566666667,0.500000000000),
double3(0.447866666667,0.552133333333,0.552133333333),
double3(0.437433333333,0.437433333333,0.500000000000),
double3(0.447866666667,0.447866666667,0.552133333333),
double3(0.562566666667,0.437433333333,0.500000000000),
double3(0.552133333333,0.447866666667,0.552133333333),
double3(0.552133333333,0.447866666667,0.447866666667),
double3(0.552133333333,0.552133333333,0.447866666667),
double3(0.447866666667,0.552133333333,0.447866666667),
double3(0.447866666667,0.447866666667,0.447866666667),
double3(0.500000000000,0.562566666667,0.562566666667),
double3(0.437433333333,0.500000000000,0.562566666667),
double3(0.500000000000,0.437433333333,0.562566666667),
double3(0.562566666667,0.500000000000,0.562566666667),
double3(0.500000000000,0.437433333333,0.437433333333),
double3(0.562566666667,0.500000000000,0.437433333333),
double3(0.500000000000,0.562566666667,0.437433333333),
double3(0.437433333333,0.500000000000,0.437433333333),
double3(0.416666666667,0.416666666667,0.750000000000),
double3(0.395900000000,0.395900000000,0.666666666667),
double3(0.385466666667,0.385466666667,0.718800000000),
double3(0.583333333333,0.416666666667,0.750000000000),
double3(0.604100000000,0.395900000000,0.666666666667),
double3(0.614533333333,0.385466666667,0.718800000000),
double3(0.583333333333,0.583333333333,0.750000000000),
double3(0.604100000000,0.604100000000,0.666666666667),
double3(0.614533333333,0.614533333333,0.718800000000),
double3(0.416666666667,0.583333333333,0.750000000000),
double3(0.395900000000,0.604100000000,0.666666666667),
double3(0.385466666667,0.614533333333,0.718800000000),
double3(0.416666666667,0.583333333333,0.916666666667),
double3(0.385466666667,0.614533333333,0.947866666667),
double3(0.416666666667,0.416666666667,0.916666666667),
double3(0.385466666667,0.385466666667,0.947866666667),
double3(0.583333333333,0.416666666667,0.916666666667),
double3(0.614533333333,0.385466666667,0.947866666667),
double3(0.583333333333,0.583333333333,0.916666666667),
double3(0.614533333333,0.614533333333,0.947866666667),
double3(0.333333333333,0.395900000000,0.729233333333),
double3(0.604100000000,0.333333333333,0.729233333333),
double3(0.333333333333,0.604100000000,0.729233333333),
double3(0.395900000000,0.333333333333,0.729233333333),
double3(0.333333333333,0.604100000000,0.937433333333),
double3(0.395900000000,0.333333333333,0.937433333333),
double3(0.333333333333,0.395900000000,0.937433333333),
double3(0.604100000000,0.333333333333,0.937433333333),
double3(0.562566666667,0.562566666667,0.833333333333),
double3(0.552133333333,0.552133333333,0.885466666667),
double3(0.437433333333,0.562566666667,0.833333333333),
double3(0.447866666667,0.552133333333,0.885466666667),
double3(0.437433333333,0.437433333333,0.833333333333),
double3(0.447866666667,0.447866666667,0.885466666667),
double3(0.562566666667,0.437433333333,0.833333333333),
double3(0.552133333333,0.447866666667,0.885466666667),
double3(0.552133333333,0.447866666667,0.781200000000),
double3(0.552133333333,0.552133333333,0.781200000000),
double3(0.447866666667,0.552133333333,0.781200000000),
double3(0.447866666667,0.447866666667,0.781200000000),
double3(0.500000000000,0.562566666667,0.895900000000),
double3(0.437433333333,0.500000000000,0.895900000000),
double3(0.500000000000,0.437433333333,0.895900000000),
double3(0.562566666667,0.500000000000,0.895900000000),
double3(0.500000000000,0.437433333333,0.770766666667),
double3(0.562566666667,0.500000000000,0.770766666667),
double3(0.500000000000,0.562566666667,0.770766666667),
double3(0.437433333333,0.500000000000,0.770766666667),
double3(0.416666666667,0.750000000000,0.083333333333),
double3(0.395900000000,0.729233333333,0.000000000000),
double3(0.385466666667,0.718800000000,0.052133333333),
double3(0.583333333333,0.750000000000,0.083333333333),
double3(0.604100000000,0.729233333333,0.000000000000),
double3(0.614533333333,0.718800000000,0.052133333333),
double3(0.583333333333,0.916666666667,0.083333333333),
double3(0.604100000000,0.937433333333,0.000000000000),
double3(0.614533333333,0.947866666667,0.052133333333),
double3(0.416666666667,0.916666666667,0.083333333333),
double3(0.395900000000,0.937433333333,0.000000000000),
double3(0.385466666667,0.947866666667,0.052133333333),
double3(0.416666666667,0.916666666667,0.250000000000),
double3(0.385466666667,0.947866666667,0.281200000000),
double3(0.416666666667,0.750000000000,0.250000000000),
double3(0.385466666667,0.718800000000,0.281200000000),
double3(0.583333333333,0.750000000000,0.250000000000),
double3(0.614533333333,0.718800000000,0.281200000000),
double3(0.583333333333,0.916666666667,0.250000000000),
double3(0.614533333333,0.947866666667,0.281200000000),
double3(0.333333333333,0.729233333333,0.062566666667),
double3(0.604100000000,0.666666666667,0.062566666667),
double3(0.333333333333,0.937433333333,0.062566666667),
double3(0.395900000000,0.666666666667,0.062566666667),
double3(0.333333333333,0.937433333333,0.270766666667),
double3(0.395900000000,0.666666666667,0.270766666667),
double3(0.333333333333,0.729233333333,0.270766666667),
double3(0.604100000000,0.666666666667,0.270766666667),
double3(0.562566666667,0.895900000000,0.166666666667),
double3(0.552133333333,0.885466666667,0.218800000000),
double3(0.437433333333,0.895900000000,0.166666666667),
double3(0.447866666667,0.885466666667,0.218800000000),
double3(0.437433333333,0.770766666667,0.166666666667),
double3(0.447866666667,0.781200000000,0.218800000000),
double3(0.562566666667,0.770766666667,0.166666666667),
double3(0.552133333333,0.781200000000,0.218800000000),
double3(0.552133333333,0.781200000000,0.114533333333),
double3(0.552133333333,0.885466666667,0.114533333333),
double3(0.447866666667,0.885466666667,0.114533333333),
double3(0.447866666667,0.781200000000,0.114533333333),
double3(0.500000000000,0.895900000000,0.229233333333),
double3(0.437433333333,0.833333333333,0.229233333333),
double3(0.500000000000,0.770766666667,0.229233333333),
double3(0.562566666667,0.833333333333,0.229233333333),
double3(0.500000000000,0.770766666667,0.104100000000),
double3(0.562566666667,0.833333333333,0.104100000000),
double3(0.500000000000,0.895900000000,0.104100000000),
double3(0.437433333333,0.833333333333,0.104100000000),
double3(0.416666666667,0.750000000000,0.416666666667),
double3(0.395900000000,0.729233333333,0.333333333333),
double3(0.385466666667,0.718800000000,0.385466666667),
double3(0.583333333333,0.750000000000,0.416666666667),
double3(0.604100000000,0.729233333333,0.333333333333),
double3(0.614533333333,0.718800000000,0.385466666667),
double3(0.583333333333,0.916666666667,0.416666666667),
double3(0.604100000000,0.937433333333,0.333333333333),
double3(0.614533333333,0.947866666667,0.385466666667),
double3(0.416666666667,0.916666666667,0.416666666667),
double3(0.395900000000,0.937433333333,0.333333333333),
double3(0.385466666667,0.947866666667,0.385466666667),
double3(0.416666666667,0.916666666667,0.583333333333),
double3(0.385466666667,0.947866666667,0.614533333333),
double3(0.416666666667,0.750000000000,0.583333333333),
double3(0.385466666667,0.718800000000,0.614533333333),
double3(0.583333333333,0.750000000000,0.583333333333),
double3(0.614533333333,0.718800000000,0.614533333333),
double3(0.583333333333,0.916666666667,0.583333333333),
double3(0.614533333333,0.947866666667,0.614533333333),
double3(0.333333333333,0.729233333333,0.395900000000),
double3(0.604100000000,0.666666666667,0.395900000000),
double3(0.333333333333,0.937433333333,0.395900000000),
double3(0.395900000000,0.666666666667,0.395900000000),
double3(0.333333333333,0.937433333333,0.604100000000),
double3(0.395900000000,0.666666666667,0.604100000000),
double3(0.333333333333,0.729233333333,0.604100000000),
double3(0.604100000000,0.666666666667,0.604100000000),
double3(0.562566666667,0.895900000000,0.500000000000),
double3(0.552133333333,0.885466666667,0.552133333333),
double3(0.437433333333,0.895900000000,0.500000000000),
double3(0.447866666667,0.885466666667,0.552133333333),
double3(0.437433333333,0.770766666667,0.500000000000),
double3(0.447866666667,0.781200000000,0.552133333333),
double3(0.562566666667,0.770766666667,0.500000000000),
double3(0.552133333333,0.781200000000,0.552133333333),
double3(0.552133333333,0.781200000000,0.447866666667),
double3(0.552133333333,0.885466666667,0.447866666667),
double3(0.447866666667,0.885466666667,0.447866666667),
double3(0.447866666667,0.781200000000,0.447866666667),
double3(0.500000000000,0.895900000000,0.562566666667),
double3(0.437433333333,0.833333333333,0.562566666667),
double3(0.500000000000,0.770766666667,0.562566666667),
double3(0.562566666667,0.833333333333,0.562566666667),
double3(0.500000000000,0.770766666667,0.437433333333),
double3(0.562566666667,0.833333333333,0.437433333333),
double3(0.500000000000,0.895900000000,0.437433333333),
double3(0.437433333333,0.833333333333,0.437433333333),
double3(0.416666666667,0.750000000000,0.750000000000),
double3(0.395900000000,0.729233333333,0.666666666667),
double3(0.385466666667,0.718800000000,0.718800000000),
double3(0.583333333333,0.750000000000,0.750000000000),
double3(0.604100000000,0.729233333333,0.666666666667),
double3(0.614533333333,0.718800000000,0.718800000000),
double3(0.583333333333,0.916666666667,0.750000000000),
double3(0.604100000000,0.937433333333,0.666666666667),
double3(0.614533333333,0.947866666667,0.718800000000),
double3(0.416666666667,0.916666666667,0.750000000000),
double3(0.395900000000,0.937433333333,0.666666666667),
double3(0.385466666667,0.947866666667,0.718800000000),
double3(0.416666666667,0.916666666667,0.916666666667),
double3(0.385466666667,0.947866666667,0.947866666667),
double3(0.416666666667,0.750000000000,0.916666666667),
double3(0.385466666667,0.718800000000,0.947866666667),
double3(0.583333333333,0.750000000000,0.916666666667),
double3(0.614533333333,0.718800000000,0.947866666667),
double3(0.583333333333,0.916666666667,0.916666666667),
double3(0.614533333333,0.947866666667,0.947866666667),
double3(0.333333333333,0.729233333333,0.729233333333),
double3(0.604100000000,0.666666666667,0.729233333333),
double3(0.333333333333,0.937433333333,0.729233333333),
double3(0.395900000000,0.666666666667,0.729233333333),
double3(0.333333333333,0.937433333333,0.937433333333),
double3(0.395900000000,0.666666666667,0.937433333333),
double3(0.333333333333,0.729233333333,0.937433333333),
double3(0.604100000000,0.666666666667,0.937433333333),
double3(0.562566666667,0.895900000000,0.833333333333),
double3(0.552133333333,0.885466666667,0.885466666667),
double3(0.437433333333,0.895900000000,0.833333333333),
double3(0.447866666667,0.885466666667,0.885466666667),
double3(0.437433333333,0.770766666667,0.833333333333),
double3(0.447866666667,0.781200000000,0.885466666667),
double3(0.562566666667,0.770766666667,0.833333333333),
double3(0.552133333333,0.781200000000,0.885466666667),
double3(0.552133333333,0.781200000000,0.781200000000),
double3(0.552133333333,0.885466666667,0.781200000000),
double3(0.447866666667,0.885466666667,0.781200000000),
double3(0.447866666667,0.781200000000,0.781200000000),
double3(0.500000000000,0.895900000000,0.895900000000),
double3(0.437433333333,0.833333333333,0.895900000000),
double3(0.500000000000,0.770766666667,0.895900000000),
double3(0.562566666667,0.833333333333,0.895900000000),
double3(0.500000000000,0.770766666667,0.770766666667),
double3(0.562566666667,0.833333333333,0.770766666667),
double3(0.500000000000,0.895900000000,0.770766666667),
double3(0.437433333333,0.833333333333,0.770766666667),
double3(0.750000000000,0.083333333333,0.083333333333),
double3(0.729233333333,0.062566666667,0.000000000000),
double3(0.718800000000,0.052133333333,0.052133333333),
double3(0.916666666667,0.083333333333,0.083333333333),
double3(0.937433333333,0.062566666667,0.000000000000),
double3(0.947866666667,0.052133333333,0.052133333333),
double3(0.916666666667,0.250000000000,0.083333333333),
double3(0.937433333333,0.270766666667,0.000000000000),
double3(0.947866666667,0.281200000000,0.052133333333),
double3(0.750000000000,0.250000000000,0.083333333333),
double3(0.729233333333,0.270766666667,0.000000000000),
double3(0.718800000000,0.281200000000,0.052133333333),
double3(0.750000000000,0.250000000000,0.250000000000),
double3(0.718800000000,0.281200000000,0.281200000000),
double3(0.750000000000,0.083333333333,0.250000000000),
double3(0.718800000000,0.052133333333,0.281200000000),
double3(0.916666666667,0.083333333333,0.250000000000),
double3(0.947866666667,0.052133333333,0.281200000000),
double3(0.916666666667,0.250000000000,0.250000000000),
double3(0.947866666667,0.281200000000,0.281200000000),
double3(0.666666666667,0.062566666667,0.062566666667),
double3(0.937433333333,0.000000000000,0.062566666667),
double3(0.666666666667,0.270766666667,0.062566666667),
double3(0.729233333333,0.000000000000,0.062566666667),
double3(0.666666666667,0.270766666667,0.270766666667),
double3(0.729233333333,0.000000000000,0.270766666667),
double3(0.666666666667,0.062566666667,0.270766666667),
double3(0.937433333333,0.000000000000,0.270766666667),
double3(0.895900000000,0.229233333333,0.166666666667),
double3(0.885466666667,0.218800000000,0.218800000000),
double3(0.770766666667,0.229233333333,0.166666666667),
double3(0.781200000000,0.218800000000,0.218800000000),
double3(0.770766666667,0.104100000000,0.166666666667),
double3(0.781200000000,0.114533333333,0.218800000000),
double3(0.895900000000,0.104100000000,0.166666666667),
double3(0.885466666667,0.114533333333,0.218800000000),
double3(0.885466666667,0.114533333333,0.114533333333),
double3(0.885466666667,0.218800000000,0.114533333333),
double3(0.781200000000,0.218800000000,0.114533333333),
double3(0.781200000000,0.114533333333,0.114533333333),
double3(0.833333333333,0.229233333333,0.229233333333),
double3(0.770766666667,0.166666666667,0.229233333333),
double3(0.833333333333,0.104100000000,0.229233333333),
double3(0.895900000000,0.166666666667,0.229233333333),
double3(0.833333333333,0.104100000000,0.104100000000),
double3(0.895900000000,0.166666666667,0.104100000000),
double3(0.833333333333,0.229233333333,0.104100000000),
double3(0.770766666667,0.166666666667,0.104100000000),
double3(0.750000000000,0.083333333333,0.416666666667),
double3(0.729233333333,0.062566666667,0.333333333333),
double3(0.718800000000,0.052133333333,0.385466666667),
double3(0.916666666667,0.083333333333,0.416666666667),
double3(0.937433333333,0.062566666667,0.333333333333),
double3(0.947866666667,0.052133333333,0.385466666667),
double3(0.916666666667,0.250000000000,0.416666666667),
double3(0.937433333333,0.270766666667,0.333333333333),
double3(0.947866666667,0.281200000000,0.385466666667),
double3(0.750000000000,0.250000000000,0.416666666667),
double3(0.729233333333,0.270766666667,0.333333333333),
double3(0.718800000000,0.281200000000,0.385466666667),
double3(0.750000000000,0.250000000000,0.583333333333),
double3(0.718800000000,0.281200000000,0.614533333333),
double3(0.750000000000,0.083333333333,0.583333333333),
double3(0.718800000000,0.052133333333,0.614533333333),
double3(0.916666666667,0.083333333333,0.583333333333),
double3(0.947866666667,0.052133333333,0.614533333333),
double3(0.916666666667,0.250000000000,0.583333333333),
double3(0.947866666667,0.281200000000,0.614533333333),
double3(0.666666666667,0.062566666667,0.395900000000),
double3(0.937433333333,0.000000000000,0.395900000000),
double3(0.666666666667,0.270766666667,0.395900000000),
double3(0.729233333333,0.000000000000,0.395900000000),
double3(0.666666666667,0.270766666667,0.604100000000),
double3(0.729233333333,0.000000000000,0.604100000000),
double3(0.666666666667,0.062566666667,0.604100000000),
double3(0.937433333333,0.000000000000,0.604100000000),
double3(0.895900000000,0.229233333333,0.500000000000),
double3(0.885466666667,0.218800000000,0.552133333333),
double3(0.770766666667,0.229233333333,0.500000000000),
double3(0.781200000000,0.218800000000,0.552133333333),
double3(0.770766666667,0.104100000000,0.500000000000),
double3(0.781200000000,0.114533333333,0.552133333333),
double3(0.895900000000,0.104100000000,0.500000000000),
double3(0.885466666667,0.114533333333,0.552133333333),
double3(0.885466666667,0.114533333333,0.447866666667),
double3(0.885466666667,0.218800000000,0.447866666667),
double3(0.781200000000,0.218800000000,0.447866666667),
double3(0.781200000000,0.114533333333,0.447866666667),
double3(0.833333333333,0.229233333333,0.562566666667),
double3(0.770766666667,0.166666666667,0.562566666667),
double3(0.833333333333,0.104100000000,0.562566666667),
double3(0.895900000000,0.166666666667,0.562566666667),
double3(0.833333333333,0.104100000000,0.437433333333),
double3(0.895900000000,0.166666666667,0.437433333333),
double3(0.833333333333,0.229233333333,0.437433333333),
double3(0.770766666667,0.166666666667,0.437433333333),
double3(0.750000000000,0.083333333333,0.750000000000),
double3(0.729233333333,0.062566666667,0.666666666667),
double3(0.718800000000,0.052133333333,0.718800000000),
double3(0.916666666667,0.083333333333,0.750000000000),
double3(0.937433333333,0.062566666667,0.666666666667),
double3(0.947866666667,0.052133333333,0.718800000000),
double3(0.916666666667,0.250000000000,0.750000000000),
double3(0.937433333333,0.270766666667,0.666666666667),
double3(0.947866666667,0.281200000000,0.718800000000),
double3(0.750000000000,0.250000000000,0.750000000000),
double3(0.729233333333,0.270766666667,0.666666666667),
double3(0.718800000000,0.281200000000,0.718800000000),
double3(0.750000000000,0.250000000000,0.916666666667),
double3(0.718800000000,0.281200000000,0.947866666667),
double3(0.750000000000,0.083333333333,0.916666666667),
double3(0.718800000000,0.052133333333,0.947866666667),
double3(0.916666666667,0.083333333333,0.916666666667),
double3(0.947866666667,0.052133333333,0.947866666667),
double3(0.916666666667,0.250000000000,0.916666666667),
double3(0.947866666667,0.281200000000,0.947866666667),
double3(0.666666666667,0.062566666667,0.729233333333),
double3(0.937433333333,0.000000000000,0.729233333333),
double3(0.666666666667,0.270766666667,0.729233333333),
double3(0.729233333333,0.000000000000,0.729233333333),
double3(0.666666666667,0.270766666667,0.937433333333),
double3(0.729233333333,0.000000000000,0.937433333333),
double3(0.666666666667,0.062566666667,0.937433333333),
double3(0.937433333333,0.000000000000,0.937433333333),
double3(0.895900000000,0.229233333333,0.833333333333),
double3(0.885466666667,0.218800000000,0.885466666667),
double3(0.770766666667,0.229233333333,0.833333333333),
double3(0.781200000000,0.218800000000,0.885466666667),
double3(0.770766666667,0.104100000000,0.833333333333),
double3(0.781200000000,0.114533333333,0.885466666667),
double3(0.895900000000,0.104100000000,0.833333333333),
double3(0.885466666667,0.114533333333,0.885466666667),
double3(0.885466666667,0.114533333333,0.781200000000),
double3(0.885466666667,0.218800000000,0.781200000000),
double3(0.781200000000,0.218800000000,0.781200000000),
double3(0.781200000000,0.114533333333,0.781200000000),
double3(0.833333333333,0.229233333333,0.895900000000),
double3(0.770766666667,0.166666666667,0.895900000000),
double3(0.833333333333,0.104100000000,0.895900000000),
double3(0.895900000000,0.166666666667,0.895900000000),
double3(0.833333333333,0.104100000000,0.770766666667),
double3(0.895900000000,0.166666666667,0.770766666667),
double3(0.833333333333,0.229233333333,0.770766666667),
double3(0.770766666667,0.166666666667,0.770766666667),
double3(0.750000000000,0.416666666667,0.083333333333),
double3(0.729233333333,0.395900000000,0.000000000000),
double3(0.718800000000,0.385466666667,0.052133333333),
double3(0.916666666667,0.416666666667,0.083333333333),
double3(0.937433333333,0.395900000000,0.000000000000),
double3(0.947866666667,0.385466666667,0.052133333333),
double3(0.916666666667,0.583333333333,0.083333333333),
double3(0.937433333333,0.604100000000,0.000000000000),
double3(0.947866666667,0.614533333333,0.052133333333),
double3(0.750000000000,0.583333333333,0.083333333333),
double3(0.729233333333,0.604100000000,0.000000000000),
double3(0.718800000000,0.614533333333,0.052133333333),
double3(0.750000000000,0.583333333333,0.250000000000),
double3(0.718800000000,0.614533333333,0.281200000000),
double3(0.750000000000,0.416666666667,0.250000000000),
double3(0.718800000000,0.385466666667,0.281200000000),
double3(0.916666666667,0.416666666667,0.250000000000),
double3(0.947866666667,0.385466666667,0.281200000000),
double3(0.916666666667,0.583333333333,0.250000000000),
double3(0.947866666667,0.614533333333,0.281200000000),
double3(0.666666666667,0.395900000000,0.062566666667),
double3(0.937433333333,0.333333333333,0.062566666667),
double3(0.666666666667,0.604100000000,0.062566666667),
double3(0.729233333333,0.333333333333,0.062566666667),
double3(0.666666666667,0.604100000000,0.270766666667),
double3(0.729233333333,0.333333333333,0.270766666667),
double3(0.666666666667,0.395900000000,0.270766666667),
double3(0.937433333333,0.333333333333,0.270766666667),
double3(0.895900000000,0.562566666667,0.166666666667),
double3(0.885466666667,0.552133333333,0.218800000000),
double3(0.770766666667,0.562566666667,0.166666666667),
double3(0.781200000000,0.552133333333,0.218800000000),
double3(0.770766666667,0.437433333333,0.166666666667),
double3(0.781200000000,0.447866666667,0.218800000000),
double3(0.895900000000,0.437433333333,0.166666666667),
double3(0.885466666667,0.447866666667,0.218800000000),
double3(0.885466666667,0.447866666667,0.114533333333),
double3(0.885466666667,0.552133333333,0.114533333333),
double3(0.781200000000,0.552133333333,0.114533333333),
double3(0.781200000000,0.447866666667,0.114533333333),
double3(0.833333333333,0.562566666667,0.229233333333),
double3(0.770766666667,0.500000000000,0.229233333333),
double3(0.833333333333,0.437433333333,0.229233333333),
double3(0.895900000000,0.500000000000,0.229233333333),
double3(0.833333333333,0.437433333333,0.104100000000),
double3(0.895900000000,0.500000000000,0.104100000000),
double3(0.833333333333,0.562566666667,0.104100000000),
double3(0.770766666667,0.500000000000,0.104100000000),
double3(0.750000000000,0.416666666667,0.416666666667),
double3(0.729233333333,0.395900000000,0.333333333333),
double3(0.718800000000,0.385466666667,0.385466666667),
double3(0.916666666667,0.416666666667,0.416666666667),
double3(0.937433333333,0.395900000000,0.333333333333),
double3(0.947866666667,0.385466666667,0.385466666667),
double3(0.916666666667,0.583333333333,0.416666666667),
double3(0.937433333333,0.604100000000,0.333333333333),
double3(0.947866666667,0.614533333333,0.385466666667),
double3(0.750000000000,0.583333333333,0.416666666667),
double3(0.729233333333,0.604100000000,0.333333333333),
double3(0.718800000000,0.614533333333,0.385466666667),
double3(0.750000000000,0.583333333333,0.583333333333),
double3(0.718800000000,0.614533333333,0.614533333333),
double3(0.750000000000,0.416666666667,0.583333333333),
double3(0.718800000000,0.385466666667,0.614533333333),
double3(0.916666666667,0.416666666667,0.583333333333),
double3(0.947866666667,0.385466666667,0.614533333333),
double3(0.916666666667,0.583333333333,0.583333333333),
double3(0.947866666667,0.614533333333,0.614533333333),
double3(0.666666666667,0.395900000000,0.395900000000),
double3(0.937433333333,0.333333333333,0.395900000000),
double3(0.666666666667,0.604100000000,0.395900000000),
double3(0.729233333333,0.333333333333,0.395900000000),
double3(0.666666666667,0.604100000000,0.604100000000),
double3(0.729233333333,0.333333333333,0.604100000000),
double3(0.666666666667,0.395900000000,0.604100000000),
double3(0.937433333333,0.333333333333,0.604100000000),
double3(0.895900000000,0.562566666667,0.500000000000),
double3(0.885466666667,0.552133333333,0.552133333333),
double3(0.770766666667,0.562566666667,0.500000000000),
double3(0.781200000000,0.552133333333,0.552133333333),
double3(0.770766666667,0.437433333333,0.500000000000),
double3(0.781200000000,0.447866666667,0.552133333333),
double3(0.895900000000,0.437433333333,0.500000000000),
double3(0.885466666667,0.447866666667,0.552133333333),
double3(0.885466666667,0.447866666667,0.447866666667),
double3(0.885466666667,0.552133333333,0.447866666667),
double3(0.781200000000,0.552133333333,0.447866666667),
double3(0.781200000000,0.447866666667,0.447866666667),
double3(0.833333333333,0.562566666667,0.562566666667),
double3(0.770766666667,0.500000000000,0.562566666667),
double3(0.833333333333,0.437433333333,0.562566666667),
double3(0.895900000000,0.500000000000,0.562566666667),
double3(0.833333333333,0.437433333333,0.437433333333),
double3(0.895900000000,0.500000000000,0.437433333333),
double3(0.833333333333,0.562566666667,0.437433333333),
double3(0.770766666667,0.500000000000,0.437433333333),
double3(0.750000000000,0.416666666667,0.750000000000),
double3(0.729233333333,0.395900000000,0.666666666667),
double3(0.718800000000,0.385466666667,0.718800000000),
double3(0.916666666667,0.416666666667,0.750000000000),
double3(0.937433333333,0.395900000000,0.666666666667),
double3(0.947866666667,0.385466666667,0.718800000000),
double3(0.916666666667,0.583333333333,0.750000000000),
double3(0.937433333333,0.604100000000,0.666666666667),
double3(0.947866666667,0.614533333333,0.718800000000),
double3(0.750000000000,0.583333333333,0.750000000000),
double3(0.729233333333,0.604100000000,0.666666666667),
double3(0.718800000000,0.614533333333,0.718800000000),
double3(0.750000000000,0.583333333333,0.916666666667),
double3(0.718800000000,0.614533333333,0.947866666667),
double3(0.750000000000,0.416666666667,0.916666666667),
double3(0.718800000000,0.385466666667,0.947866666667),
double3(0.916666666667,0.416666666667,0.916666666667),
double3(0.947866666667,0.385466666667,0.947866666667),
double3(0.916666666667,0.583333333333,0.916666666667),
double3(0.947866666667,0.614533333333,0.947866666667),
double3(0.666666666667,0.395900000000,0.729233333333),
double3(0.937433333333,0.333333333333,0.729233333333),
double3(0.666666666667,0.604100000000,0.729233333333),
double3(0.729233333333,0.333333333333,0.729233333333),
double3(0.666666666667,0.604100000000,0.937433333333),
double3(0.729233333333,0.333333333333,0.937433333333),
double3(0.666666666667,0.395900000000,0.937433333333),
double3(0.937433333333,0.333333333333,0.937433333333),
double3(0.895900000000,0.562566666667,0.833333333333),
double3(0.885466666667,0.552133333333,0.885466666667),
double3(0.770766666667,0.562566666667,0.833333333333),
double3(0.781200000000,0.552133333333,0.885466666667),
double3(0.770766666667,0.437433333333,0.833333333333),
double3(0.781200000000,0.447866666667,0.885466666667),
double3(0.895900000000,0.437433333333,0.833333333333),
double3(0.885466666667,0.447866666667,0.885466666667),
double3(0.885466666667,0.447866666667,0.781200000000),
double3(0.885466666667,0.552133333333,0.781200000000),
double3(0.781200000000,0.552133333333,0.781200000000),
double3(0.781200000000,0.447866666667,0.781200000000),
double3(0.833333333333,0.562566666667,0.895900000000),
double3(0.770766666667,0.500000000000,0.895900000000),
double3(0.833333333333,0.437433333333,0.895900000000),
double3(0.895900000000,0.500000000000,0.895900000000),
double3(0.833333333333,0.437433333333,0.770766666667),
double3(0.895900000000,0.500000000000,0.770766666667),
double3(0.833333333333,0.562566666667,0.770766666667),
double3(0.770766666667,0.500000000000,0.770766666667),
double3(0.750000000000,0.750000000000,0.083333333333),
double3(0.729233333333,0.729233333333,0.000000000000),
double3(0.718800000000,0.718800000000,0.052133333333),
double3(0.916666666667,0.750000000000,0.083333333333),
double3(0.937433333333,0.729233333333,0.000000000000),
double3(0.947866666667,0.718800000000,0.052133333333),
double3(0.916666666667,0.916666666667,0.083333333333),
double3(0.937433333333,0.937433333333,0.000000000000),
double3(0.947866666667,0.947866666667,0.052133333333),
double3(0.750000000000,0.916666666667,0.083333333333),
double3(0.729233333333,0.937433333333,0.000000000000),
double3(0.718800000000,0.947866666667,0.052133333333),
double3(0.750000000000,0.916666666667,0.250000000000),
double3(0.718800000000,0.947866666667,0.281200000000),
double3(0.750000000000,0.750000000000,0.250000000000),
double3(0.718800000000,0.718800000000,0.281200000000),
double3(0.916666666667,0.750000000000,0.250000000000),
double3(0.947866666667,0.718800000000,0.281200000000),
double3(0.916666666667,0.916666666667,0.250000000000),
double3(0.947866666667,0.947866666667,0.281200000000),
double3(0.666666666667,0.729233333333,0.062566666667),
double3(0.937433333333,0.666666666667,0.062566666667),
double3(0.666666666667,0.937433333333,0.062566666667),
double3(0.729233333333,0.666666666667,0.062566666667),
double3(0.666666666667,0.937433333333,0.270766666667),
double3(0.729233333333,0.666666666667,0.270766666667),
double3(0.666666666667,0.729233333333,0.270766666667),
double3(0.937433333333,0.666666666667,0.270766666667),
double3(0.895900000000,0.895900000000,0.166666666667),
double3(0.885466666667,0.885466666667,0.218800000000),
double3(0.770766666667,0.895900000000,0.166666666667),
double3(0.781200000000,0.885466666667,0.218800000000),
double3(0.770766666667,0.770766666667,0.166666666667),
double3(0.781200000000,0.781200000000,0.218800000000),
double3(0.895900000000,0.770766666667,0.166666666667),
double3(0.885466666667,0.781200000000,0.218800000000),
double3(0.885466666667,0.781200000000,0.114533333333),
double3(0.885466666667,0.885466666667,0.114533333333),
double3(0.781200000000,0.885466666667,0.114533333333),
double3(0.781200000000,0.781200000000,0.114533333333),
double3(0.833333333333,0.895900000000,0.229233333333),
double3(0.770766666667,0.833333333333,0.229233333333),
double3(0.833333333333,0.770766666667,0.229233333333),
double3(0.895900000000,0.833333333333,0.229233333333),
double3(0.833333333333,0.770766666667,0.104100000000),
double3(0.895900000000,0.833333333333,0.104100000000),
double3(0.833333333333,0.895900000000,0.104100000000),
double3(0.770766666667,0.833333333333,0.104100000000),
double3(0.750000000000,0.750000000000,0.416666666667),
double3(0.729233333333,0.729233333333,0.333333333333),
double3(0.718800000000,0.718800000000,0.385466666667),
double3(0.916666666667,0.750000000000,0.416666666667),
double3(0.937433333333,0.729233333333,0.333333333333),
double3(0.947866666667,0.718800000000,0.385466666667),
double3(0.916666666667,0.916666666667,0.416666666667),
double3(0.937433333333,0.937433333333,0.333333333333),
double3(0.947866666667,0.947866666667,0.385466666667),
double3(0.750000000000,0.916666666667,0.416666666667),
double3(0.729233333333,0.937433333333,0.333333333333),
double3(0.718800000000,0.947866666667,0.385466666667),
double3(0.750000000000,0.916666666667,0.583333333333),
double3(0.718800000000,0.947866666667,0.614533333333),
double3(0.750000000000,0.750000000000,0.583333333333),
double3(0.718800000000,0.718800000000,0.614533333333),
double3(0.916666666667,0.750000000000,0.583333333333),
double3(0.947866666667,0.718800000000,0.614533333333),
double3(0.916666666667,0.916666666667,0.583333333333),
double3(0.947866666667,0.947866666667,0.614533333333),
double3(0.666666666667,0.729233333333,0.395900000000),
double3(0.937433333333,0.666666666667,0.395900000000),
double3(0.666666666667,0.937433333333,0.395900000000),
double3(0.729233333333,0.666666666667,0.395900000000),
double3(0.666666666667,0.937433333333,0.604100000000),
double3(0.729233333333,0.666666666667,0.604100000000),
double3(0.666666666667,0.729233333333,0.604100000000),
double3(0.937433333333,0.666666666667,0.604100000000),
double3(0.895900000000,0.895900000000,0.500000000000),
double3(0.885466666667,0.885466666667,0.552133333333),
double3(0.770766666667,0.895900000000,0.500000000000),
double3(0.781200000000,0.885466666667,0.552133333333),
double3(0.770766666667,0.770766666667,0.500000000000),
double3(0.781200000000,0.781200000000,0.552133333333),
double3(0.895900000000,0.770766666667,0.500000000000),
double3(0.885466666667,0.781200000000,0.552133333333),
double3(0.885466666667,0.781200000000,0.447866666667),
double3(0.885466666667,0.885466666667,0.447866666667),
double3(0.781200000000,0.885466666667,0.447866666667),
double3(0.781200000000,0.781200000000,0.447866666667),
double3(0.833333333333,0.895900000000,0.562566666667),
double3(0.770766666667,0.833333333333,0.562566666667),
double3(0.833333333333,0.770766666667,0.562566666667),
double3(0.895900000000,0.833333333333,0.562566666667),
double3(0.833333333333,0.770766666667,0.437433333333),
double3(0.895900000000,0.833333333333,0.437433333333),
double3(0.833333333333,0.895900000000,0.437433333333),
double3(0.770766666667,0.833333333333,0.437433333333),
double3(0.750000000000,0.750000000000,0.750000000000),
double3(0.729233333333,0.729233333333,0.666666666667),
double3(0.718800000000,0.718800000000,0.718800000000),
double3(0.916666666667,0.750000000000,0.750000000000),
double3(0.937433333333,0.729233333333,0.666666666667),
double3(0.947866666667,0.718800000000,0.718800000000),
double3(0.916666666667,0.916666666667,0.750000000000),
double3(0.937433333333,0.937433333333,0.666666666667),
double3(0.947866666667,0.947866666667,0.718800000000),
double3(0.750000000000,0.916666666667,0.750000000000),
double3(0.729233333333,0.937433333333,0.666666666667),
double3(0.718800000000,0.947866666667,0.718800000000),
double3(0.750000000000,0.916666666667,0.916666666667),
double3(0.718800000000,0.947866666667,0.947866666667),
double3(0.750000000000,0.750000000000,0.916666666667),
double3(0.718800000000,0.718800000000,0.947866666667),
double3(0.916666666667,0.750000000000,0.916666666667),
double3(0.947866666667,0.718800000000,0.947866666667),
double3(0.916666666667,0.916666666667,0.916666666667),
double3(0.947866666667,0.947866666667,0.947866666667),
double3(0.666666666667,0.729233333333,0.729233333333),
double3(0.937433333333,0.666666666667,0.729233333333),
double3(0.666666666667,0.937433333333,0.729233333333),
double3(0.729233333333,0.666666666667,0.729233333333),
double3(0.666666666667,0.937433333333,0.937433333333),
double3(0.729233333333,0.666666666667,0.937433333333),
double3(0.666666666667,0.729233333333,0.937433333333),
double3(0.937433333333,0.666666666667,0.937433333333),
double3(0.895900000000,0.895900000000,0.833333333333),
double3(0.885466666667,0.885466666667,0.885466666667),
double3(0.770766666667,0.895900000000,0.833333333333),
double3(0.781200000000,0.885466666667,0.885466666667),
double3(0.770766666667,0.770766666667,0.833333333333),
double3(0.781200000000,0.781200000000,0.885466666667),
double3(0.895900000000,0.770766666667,0.833333333333),
double3(0.885466666667,0.781200000000,0.885466666667),
double3(0.885466666667,0.781200000000,0.781200000000),
double3(0.885466666667,0.885466666667,0.781200000000),
double3(0.781200000000,0.885466666667,0.781200000000),
double3(0.781200000000,0.781200000000,0.781200000000),
double3(0.833333333333,0.895900000000,0.895900000000),
double3(0.770766666667,0.833333333333,0.895900000000),
double3(0.833333333333,0.770766666667,0.895900000000),
double3(0.895900000000,0.833333333333,0.895900000000),
double3(0.833333333333,0.770766666667,0.770766666667),
double3(0.895900000000,0.833333333333,0.770766666667),
double3(0.833333333333,0.895900000000,0.770766666667),
double3(0.770766666667,0.833333333333,0.770766666667),
