 # Derivative distribution function -dV(r)/dr (or -dV(d)/dd) vs d
  0.1250000      0.0000000E+00
  0.3750000      0.0000000E+00
  0.6250000      0.0000000E+00
  0.8750000      0.0000000E+00
   1.125000      0.0000000E+00
   1.375000      0.0000000E+00
   1.625000      0.0000000E+00
   1.875000      0.0000000E+00
   2.125000      0.0000000E+00
   2.375000      0.0000000E+00
   2.625000      0.0000000E+00
   2.875000      0.0000000E+00
   3.125000      1.3006926E-03
   3.375000      9.3652010E-03
   3.625000      1.9771099E-02
   3.875000      2.3933411E-02
   4.125000      2.5754452E-02
   4.375000      2.4193645E-02
   4.625000      2.3933411E-02
   4.875000      2.6534796E-02
   5.125000      2.6795030E-02
   5.375000      2.8616071E-02
   5.625000      3.0697107E-02
   5.875000      3.0176878E-02
   6.125000      3.1217456E-02
   6.375000      2.5754452E-02
   6.625000      2.0551562E-02
   6.875000      2.9136300E-02
   7.125000      2.5754452E-02
   7.375000      1.8730402E-02
   7.625000      2.2892833E-02
   7.875000      1.7689943E-02
   8.125000      1.4307976E-02
   8.375000      1.3787746E-02
   8.625000      1.3787746E-02
   8.875000      1.3267398E-02
   9.125000      1.3007283E-02
   9.375000      1.3007283E-02
   9.625000      1.1706471E-02
   9.875000      1.0926127E-02
   10.12500      2.9916763E-02
   10.37500       1.714880    
   10.62500       1.688606    
   10.87500      0.0000000E+00
   11.12500      0.0000000E+00
   11.37500      0.0000000E+00
   11.62500      0.0000000E+00
   11.87500      0.0000000E+00
   12.12500      0.0000000E+00
   12.37500      0.0000000E+00
   12.62500      0.0000000E+00
   12.87500      0.0000000E+00
   13.12500      0.0000000E+00
   13.37500      0.0000000E+00
   13.62500      0.0000000E+00
   13.87500      0.0000000E+00
   14.12500      0.0000000E+00
   14.37500      0.0000000E+00
   14.62500      0.0000000E+00
   14.87500      0.0000000E+00
   15.12500      0.0000000E+00
   15.37500      0.0000000E+00
   15.62500      0.0000000E+00
   15.87500      0.0000000E+00
   16.12500      0.0000000E+00
   16.37500      0.0000000E+00
   16.62500      0.0000000E+00
   16.87500      0.0000000E+00
   17.12500      0.0000000E+00
   17.37500      0.0000000E+00
   17.62500      0.0000000E+00
   17.87500      0.0000000E+00
   18.12500      0.0000000E+00
   18.37500      0.0000000E+00
   18.62500      0.0000000E+00
   18.87500      0.0000000E+00
   19.12500      0.0000000E+00
   19.37500      0.0000000E+00
