 # Derivative distribution function -dV(r)/dr (or -dV(d)/dd) vs d
  0.1250000      0.0000000E+00
  0.3750000      0.0000000E+00
  0.6250000      0.0000000E+00
  0.8750000      0.0000000E+00
   1.125000      0.0000000E+00
   1.375000      0.0000000E+00
   1.625000      0.0000000E+00
   1.875000      0.0000000E+00
   2.125000      0.0000000E+00
   2.375000      0.0000000E+00
   2.625000      0.0000000E+00
   2.875000      0.0000000E+00
   3.125000      3.6222935E-03
   3.375000      1.4715791E-02
   3.625000      2.3319006E-02
   3.875000      2.6715040E-02
   4.125000      2.8526187E-02
   4.375000      2.6262164E-02
   4.625000      2.7620554E-02
   4.875000      2.9205322E-02
   5.125000      2.8752565E-02
   5.375000      0.2633009    
   5.625000      0.2558297    
   5.875000      1.7659068E-02
   6.125000      2.1281481E-02
   6.375000      1.9243836E-02
   6.625000      1.4942169E-02
   6.875000      2.2186995E-02
   7.125000      1.9243836E-02
   7.375000      1.4489412E-02
   7.625000      1.8564701E-02
   7.875000      1.1999130E-02
   8.125000      1.3583899E-02
   8.375000      1.2904644E-02
   8.625000      1.0414243E-02
   8.875000      1.2678266E-02
   9.125000      1.2904763E-02
   9.375000      1.1546373E-02
   9.625000      1.2451887E-02
   9.875000      1.2225509E-02
   10.12500      2.6488543E-02
   10.37500       1.504868    
   10.62500       1.482454    
   10.87500      0.0000000E+00
   11.12500      0.0000000E+00
   11.37500      0.0000000E+00
   11.62500      0.0000000E+00
   11.87500      0.0000000E+00
   12.12500      0.0000000E+00
   12.37500      0.0000000E+00
   12.62500      0.0000000E+00
   12.87500      0.0000000E+00
   13.12500      0.0000000E+00
   13.37500      0.0000000E+00
   13.62500      0.0000000E+00
   13.87500      0.0000000E+00
   14.12500      0.0000000E+00
   14.37500      0.0000000E+00
   14.62500      0.0000000E+00
   14.87500      0.0000000E+00
   15.12500      0.0000000E+00
   15.37500      0.0000000E+00
   15.62500      0.0000000E+00
   15.87500      0.0000000E+00
   16.12500      0.0000000E+00
   16.37500      0.0000000E+00
   16.62500      0.0000000E+00
   16.87500      0.0000000E+00
   17.12500      0.0000000E+00
   17.37500      0.0000000E+00
   17.62500      0.0000000E+00
   17.87500      0.0000000E+00
   18.12500      0.0000000E+00
   18.37500      0.0000000E+00
   18.62500      0.0000000E+00
   18.87500      0.0000000E+00
   19.12500      0.0000000E+00
   19.37500      0.0000000E+00
