[double3(19.460000000000,0.000000000000,0.000000000000),double3(0.000000000000,9.351000000000,0.000000000000),double3(0.000000000000,0.000000000000,15.107000000000)]

double3(0.375000000000,0.250000000000,0.052000000000),
double3(0.332100000000,0.238800000000,0.119200000000),
double3(0.308050000000,0.264433333333,0.452250000000),
double3(0.308000000000,0.256733333333,0.287600000000),
double3(0.375000000000,0.250000000000,0.437550000000),
double3(0.348150000000,0.000000000000,0.421500000000),
double3(0.250000000000,0.267500000000,0.497800000000),
double3(0.343350000000,0.000000000000,0.313400000000),
double3(0.298150000000,0.000000000000,0.011650000000),
double3(0.339650000000,0.275833333333,0.318000000000),
double3(0.340350000000,0.223533333333,0.170050000000),
double3(0.291100000000,0.277566666667,0.000000000000),
double3(0.125000000000,0.083333333333,0.052000000000),
double3(0.167900000000,0.094533333333,0.119200000000),
double3(0.191950000000,0.068900000000,0.452250000000),
double3(0.192000000000,0.076600000000,0.287600000000),
double3(0.125000000000,0.083333333333,0.437550000000),
double3(0.151850000000,0.000000000000,0.421500000000),
double3(0.250000000000,0.065833333333,0.497800000000),
double3(0.156650000000,0.000000000000,0.313400000000),
double3(0.201850000000,0.000000000000,0.011650000000),
double3(0.160350000000,0.057500000000,0.318000000000),
double3(0.159650000000,0.109800000000,0.170050000000),
double3(0.208900000000,0.055766666667,0.000000000000),
double3(0.125000000000,0.250000000000,0.052000000000),
double3(0.167900000000,0.238800000000,0.119200000000),
double3(0.191950000000,0.264433333333,0.452250000000),
double3(0.192000000000,0.256733333333,0.287600000000),
double3(0.125000000000,0.250000000000,0.437550000000),
double3(0.160350000000,0.275833333333,0.318000000000),
double3(0.159650000000,0.223533333333,0.170050000000),
double3(0.208900000000,0.277566666667,0.000000000000),
double3(0.375000000000,0.083333333333,0.052000000000),
double3(0.332100000000,0.094533333333,0.119200000000),
double3(0.308050000000,0.068900000000,0.452250000000),
double3(0.308000000000,0.076600000000,0.287600000000),
double3(0.375000000000,0.083333333333,0.437550000000),
double3(0.339650000000,0.057500000000,0.318000000000),
double3(0.340350000000,0.109800000000,0.170050000000),
double3(0.291100000000,0.055766666667,0.000000000000),
double3(0.375000000000,0.083333333333,0.302000000000),
double3(0.332100000000,0.072133333333,0.369200000000),
double3(0.308050000000,0.097766666667,0.202250000000),
double3(0.308000000000,0.090066666667,0.037600000000),
double3(0.375000000000,0.083333333333,0.187550000000),
double3(0.348150000000,0.166666666667,0.171500000000),
double3(0.250000000000,0.100833333333,0.247800000000),
double3(0.343350000000,0.166666666667,0.063400000000),
double3(0.298150000000,0.166666666667,0.261650000000),
double3(0.339650000000,0.109166666667,0.068000000000),
double3(0.340350000000,0.056866666667,0.420050000000),
double3(0.291100000000,0.110900000000,0.250000000000),
double3(0.125000000000,0.250000000000,0.302000000000),
double3(0.167900000000,0.261200000000,0.369200000000),
double3(0.191950000000,0.235566666667,0.202250000000),
double3(0.192000000000,0.243266666667,0.037600000000),
double3(0.125000000000,0.250000000000,0.187550000000),
double3(0.151850000000,0.166666666667,0.171500000000),
double3(0.250000000000,0.232500000000,0.247800000000),
double3(0.156650000000,0.166666666667,0.063400000000),
double3(0.201850000000,0.166666666667,0.261650000000),
double3(0.160350000000,0.224166666667,0.068000000000),
double3(0.159650000000,0.276466666667,0.420050000000),
double3(0.208900000000,0.222433333333,0.250000000000),
double3(0.125000000000,0.083333333333,0.302000000000),
double3(0.167900000000,0.072133333333,0.369200000000),
double3(0.191950000000,0.097766666667,0.202250000000),
double3(0.192000000000,0.090066666667,0.037600000000),
double3(0.125000000000,0.083333333333,0.187550000000),
double3(0.160350000000,0.109166666667,0.068000000000),
double3(0.159650000000,0.056866666667,0.420050000000),
double3(0.208900000000,0.110900000000,0.250000000000),
double3(0.375000000000,0.250000000000,0.302000000000),
double3(0.332100000000,0.261200000000,0.369200000000),
double3(0.308050000000,0.235566666667,0.202250000000),
double3(0.308000000000,0.243266666667,0.037600000000),
double3(0.375000000000,0.250000000000,0.187550000000),
double3(0.339650000000,0.224166666667,0.068000000000),
double3(0.340350000000,0.276466666667,0.420050000000),
double3(0.291100000000,0.222433333333,0.250000000000),
double3(0.082100000000,0.238800000000,0.369200000000),
double3(0.058050000000,0.264433333333,0.202250000000),
double3(0.058000000000,0.256733333333,0.037600000000),
double3(0.098150000000,0.000000000000,0.171500000000),
double3(0.000000000000,0.267500000000,0.247800000000),
double3(0.093350000000,0.000000000000,0.063400000000),
double3(0.048150000000,0.000000000000,0.261650000000),
double3(0.089650000000,0.275833333333,0.068000000000),
double3(0.090350000000,0.223533333333,0.420050000000),
double3(0.041100000000,0.277566666667,0.250000000000),
double3(0.417900000000,0.094533333333,0.369200000000),
double3(0.441950000000,0.068900000000,0.202250000000),
double3(0.442000000000,0.076600000000,0.037600000000),
double3(0.401850000000,0.000000000000,0.171500000000),
double3(0.000000000000,0.065833333333,0.247800000000),
double3(0.406650000000,0.000000000000,0.063400000000),
double3(0.451850000000,0.000000000000,0.261650000000),
double3(0.410350000000,0.057500000000,0.068000000000),
double3(0.409650000000,0.109800000000,0.420050000000),
double3(0.458900000000,0.055766666667,0.250000000000),
double3(0.417900000000,0.238800000000,0.369200000000),
double3(0.441950000000,0.264433333333,0.202250000000),
double3(0.442000000000,0.256733333333,0.037600000000),
double3(0.410350000000,0.275833333333,0.068000000000),
double3(0.409650000000,0.223533333333,0.420050000000),
double3(0.458900000000,0.277566666667,0.250000000000),
double3(0.082100000000,0.094533333333,0.369200000000),
double3(0.058050000000,0.068900000000,0.202250000000),
double3(0.058000000000,0.076600000000,0.037600000000),
double3(0.089650000000,0.057500000000,0.068000000000),
double3(0.090350000000,0.109800000000,0.420050000000),
double3(0.041100000000,0.055766666667,0.250000000000),
double3(0.082100000000,0.072133333333,0.119200000000),
double3(0.058050000000,0.097766666667,0.452250000000),
double3(0.058000000000,0.090066666667,0.287600000000),
double3(0.098150000000,0.166666666667,0.421500000000),
double3(0.000000000000,0.100833333333,0.497800000000),
double3(0.093350000000,0.166666666667,0.313400000000),
double3(0.048150000000,0.166666666667,0.011650000000),
double3(0.089650000000,0.109166666667,0.318000000000),
double3(0.090350000000,0.056866666667,0.170050000000),
double3(0.041100000000,0.110900000000,0.000000000000),
double3(0.417900000000,0.261200000000,0.119200000000),
double3(0.441950000000,0.235566666667,0.452250000000),
double3(0.442000000000,0.243266666667,0.287600000000),
double3(0.401850000000,0.166666666667,0.421500000000),
double3(0.000000000000,0.232500000000,0.497800000000),
double3(0.406650000000,0.166666666667,0.313400000000),
double3(0.451850000000,0.166666666667,0.011650000000),
double3(0.410350000000,0.224166666667,0.318000000000),
double3(0.409650000000,0.276466666667,0.170050000000),
double3(0.458900000000,0.222433333333,0.000000000000),
double3(0.417900000000,0.072133333333,0.119200000000),
double3(0.441950000000,0.097766666667,0.452250000000),
double3(0.442000000000,0.090066666667,0.287600000000),
double3(0.410350000000,0.109166666667,0.318000000000),
double3(0.409650000000,0.056866666667,0.170050000000),
double3(0.458900000000,0.110900000000,0.000000000000),
double3(0.082100000000,0.261200000000,0.119200000000),
double3(0.058050000000,0.235566666667,0.452250000000),
double3(0.058000000000,0.243266666667,0.287600000000),
double3(0.089650000000,0.224166666667,0.318000000000),
double3(0.090350000000,0.276466666667,0.170050000000),
double3(0.041100000000,0.222433333333,0.000000000000),
double3(0.375000000000,0.250000000000,0.552000000000),
double3(0.332100000000,0.238800000000,0.619200000000),
double3(0.308050000000,0.264433333333,0.952250000000),
double3(0.308000000000,0.256733333333,0.787600000000),
double3(0.375000000000,0.250000000000,0.937550000000),
double3(0.348150000000,0.000000000000,0.921500000000),
double3(0.250000000000,0.267500000000,0.997800000000),
double3(0.343350000000,0.000000000000,0.813400000000),
double3(0.298150000000,0.000000000000,0.511650000000),
double3(0.339650000000,0.275833333333,0.818000000000),
double3(0.340350000000,0.223533333333,0.670050000000),
double3(0.291100000000,0.277566666667,0.500000000000),
double3(0.125000000000,0.083333333333,0.552000000000),
double3(0.167900000000,0.094533333333,0.619200000000),
double3(0.191950000000,0.068900000000,0.952250000000),
double3(0.192000000000,0.076600000000,0.787600000000),
double3(0.125000000000,0.083333333333,0.937550000000),
double3(0.151850000000,0.000000000000,0.921500000000),
double3(0.250000000000,0.065833333333,0.997800000000),
double3(0.156650000000,0.000000000000,0.813400000000),
double3(0.201850000000,0.000000000000,0.511650000000),
double3(0.160350000000,0.057500000000,0.818000000000),
double3(0.159650000000,0.109800000000,0.670050000000),
double3(0.208900000000,0.055766666667,0.500000000000),
double3(0.125000000000,0.250000000000,0.552000000000),
double3(0.167900000000,0.238800000000,0.619200000000),
double3(0.191950000000,0.264433333333,0.952250000000),
double3(0.192000000000,0.256733333333,0.787600000000),
double3(0.125000000000,0.250000000000,0.937550000000),
double3(0.160350000000,0.275833333333,0.818000000000),
double3(0.159650000000,0.223533333333,0.670050000000),
double3(0.208900000000,0.277566666667,0.500000000000),
double3(0.375000000000,0.083333333333,0.552000000000),
double3(0.332100000000,0.094533333333,0.619200000000),
double3(0.308050000000,0.068900000000,0.952250000000),
double3(0.308000000000,0.076600000000,0.787600000000),
double3(0.375000000000,0.083333333333,0.937550000000),
double3(0.339650000000,0.057500000000,0.818000000000),
double3(0.340350000000,0.109800000000,0.670050000000),
double3(0.291100000000,0.055766666667,0.500000000000),
double3(0.375000000000,0.083333333333,0.802000000000),
double3(0.332100000000,0.072133333333,0.869200000000),
double3(0.308050000000,0.097766666667,0.702250000000),
double3(0.308000000000,0.090066666667,0.537600000000),
double3(0.375000000000,0.083333333333,0.687550000000),
double3(0.348150000000,0.166666666667,0.671500000000),
double3(0.250000000000,0.100833333333,0.747800000000),
double3(0.343350000000,0.166666666667,0.563400000000),
double3(0.298150000000,0.166666666667,0.761650000000),
double3(0.339650000000,0.109166666667,0.568000000000),
double3(0.340350000000,0.056866666667,0.920050000000),
double3(0.291100000000,0.110900000000,0.750000000000),
double3(0.125000000000,0.250000000000,0.802000000000),
double3(0.167900000000,0.261200000000,0.869200000000),
double3(0.191950000000,0.235566666667,0.702250000000),
double3(0.192000000000,0.243266666667,0.537600000000),
double3(0.125000000000,0.250000000000,0.687550000000),
double3(0.151850000000,0.166666666667,0.671500000000),
double3(0.250000000000,0.232500000000,0.747800000000),
double3(0.156650000000,0.166666666667,0.563400000000),
double3(0.201850000000,0.166666666667,0.761650000000),
double3(0.160350000000,0.224166666667,0.568000000000),
double3(0.159650000000,0.276466666667,0.920050000000),
double3(0.208900000000,0.222433333333,0.750000000000),
double3(0.125000000000,0.083333333333,0.802000000000),
double3(0.167900000000,0.072133333333,0.869200000000),
double3(0.191950000000,0.097766666667,0.702250000000),
double3(0.192000000000,0.090066666667,0.537600000000),
double3(0.125000000000,0.083333333333,0.687550000000),
double3(0.160350000000,0.109166666667,0.568000000000),
double3(0.159650000000,0.056866666667,0.920050000000),
double3(0.208900000000,0.110900000000,0.750000000000),
double3(0.375000000000,0.250000000000,0.802000000000),
double3(0.332100000000,0.261200000000,0.869200000000),
double3(0.308050000000,0.235566666667,0.702250000000),
double3(0.308000000000,0.243266666667,0.537600000000),
double3(0.375000000000,0.250000000000,0.687550000000),
double3(0.339650000000,0.224166666667,0.568000000000),
double3(0.340350000000,0.276466666667,0.920050000000),
double3(0.291100000000,0.222433333333,0.750000000000),
double3(0.082100000000,0.238800000000,0.869200000000),
double3(0.058050000000,0.264433333333,0.702250000000),
double3(0.058000000000,0.256733333333,0.537600000000),
double3(0.098150000000,0.000000000000,0.671500000000),
double3(0.000000000000,0.267500000000,0.747800000000),
double3(0.093350000000,0.000000000000,0.563400000000),
double3(0.048150000000,0.000000000000,0.761650000000),
double3(0.089650000000,0.275833333333,0.568000000000),
double3(0.090350000000,0.223533333333,0.920050000000),
double3(0.041100000000,0.277566666667,0.750000000000),
double3(0.417900000000,0.094533333333,0.869200000000),
double3(0.441950000000,0.068900000000,0.702250000000),
double3(0.442000000000,0.076600000000,0.537600000000),
double3(0.401850000000,0.000000000000,0.671500000000),
double3(0.000000000000,0.065833333333,0.747800000000),
double3(0.406650000000,0.000000000000,0.563400000000),
double3(0.451850000000,0.000000000000,0.761650000000),
double3(0.410350000000,0.057500000000,0.568000000000),
double3(0.409650000000,0.109800000000,0.920050000000),
double3(0.458900000000,0.055766666667,0.750000000000),
double3(0.417900000000,0.238800000000,0.869200000000),
double3(0.441950000000,0.264433333333,0.702250000000),
double3(0.442000000000,0.256733333333,0.537600000000),
double3(0.410350000000,0.275833333333,0.568000000000),
double3(0.409650000000,0.223533333333,0.920050000000),
double3(0.458900000000,0.277566666667,0.750000000000),
double3(0.082100000000,0.094533333333,0.869200000000),
double3(0.058050000000,0.068900000000,0.702250000000),
double3(0.058000000000,0.076600000000,0.537600000000),
double3(0.089650000000,0.057500000000,0.568000000000),
double3(0.090350000000,0.109800000000,0.920050000000),
double3(0.041100000000,0.055766666667,0.750000000000),
double3(0.082100000000,0.072133333333,0.619200000000),
double3(0.058050000000,0.097766666667,0.952250000000),
double3(0.058000000000,0.090066666667,0.787600000000),
double3(0.098150000000,0.166666666667,0.921500000000),
double3(0.000000000000,0.100833333333,0.997800000000),
double3(0.093350000000,0.166666666667,0.813400000000),
double3(0.048150000000,0.166666666667,0.511650000000),
double3(0.089650000000,0.109166666667,0.818000000000),
double3(0.090350000000,0.056866666667,0.670050000000),
double3(0.041100000000,0.110900000000,0.500000000000),
double3(0.417900000000,0.261200000000,0.619200000000),
double3(0.441950000000,0.235566666667,0.952250000000),
double3(0.442000000000,0.243266666667,0.787600000000),
double3(0.401850000000,0.166666666667,0.921500000000),
double3(0.000000000000,0.232500000000,0.997800000000),
double3(0.406650000000,0.166666666667,0.813400000000),
double3(0.451850000000,0.166666666667,0.511650000000),
double3(0.410350000000,0.224166666667,0.818000000000),
double3(0.409650000000,0.276466666667,0.670050000000),
double3(0.458900000000,0.222433333333,0.500000000000),
double3(0.417900000000,0.072133333333,0.619200000000),
double3(0.441950000000,0.097766666667,0.952250000000),
double3(0.442000000000,0.090066666667,0.787600000000),
double3(0.410350000000,0.109166666667,0.818000000000),
double3(0.409650000000,0.056866666667,0.670050000000),
double3(0.458900000000,0.110900000000,0.500000000000),
double3(0.082100000000,0.261200000000,0.619200000000),
double3(0.058050000000,0.235566666667,0.952250000000),
double3(0.058000000000,0.243266666667,0.787600000000),
double3(0.089650000000,0.224166666667,0.818000000000),
double3(0.090350000000,0.276466666667,0.670050000000),
double3(0.041100000000,0.222433333333,0.500000000000),
double3(0.375000000000,0.583333333333,0.052000000000),
double3(0.332100000000,0.572133333333,0.119200000000),
double3(0.308050000000,0.597766666667,0.452250000000),
double3(0.308000000000,0.590066666667,0.287600000000),
double3(0.375000000000,0.583333333333,0.437550000000),
double3(0.348150000000,0.333333333333,0.421500000000),
double3(0.250000000000,0.600833333333,0.497800000000),
double3(0.343350000000,0.333333333333,0.313400000000),
double3(0.298150000000,0.333333333333,0.011650000000),
double3(0.339650000000,0.609166666667,0.318000000000),
double3(0.340350000000,0.556866666667,0.170050000000),
double3(0.291100000000,0.610900000000,0.000000000000),
double3(0.125000000000,0.416666666667,0.052000000000),
double3(0.167900000000,0.427866666667,0.119200000000),
double3(0.191950000000,0.402233333333,0.452250000000),
double3(0.192000000000,0.409933333333,0.287600000000),
double3(0.125000000000,0.416666666667,0.437550000000),
double3(0.151850000000,0.333333333333,0.421500000000),
double3(0.250000000000,0.399166666667,0.497800000000),
double3(0.156650000000,0.333333333333,0.313400000000),
double3(0.201850000000,0.333333333333,0.011650000000),
double3(0.160350000000,0.390833333333,0.318000000000),
double3(0.159650000000,0.443133333333,0.170050000000),
double3(0.208900000000,0.389100000000,0.000000000000),
double3(0.125000000000,0.583333333333,0.052000000000),
double3(0.167900000000,0.572133333333,0.119200000000),
double3(0.191950000000,0.597766666667,0.452250000000),
double3(0.192000000000,0.590066666667,0.287600000000),
double3(0.125000000000,0.583333333333,0.437550000000),
double3(0.160350000000,0.609166666667,0.318000000000),
double3(0.159650000000,0.556866666667,0.170050000000),
double3(0.208900000000,0.610900000000,0.000000000000),
double3(0.375000000000,0.416666666667,0.052000000000),
double3(0.332100000000,0.427866666667,0.119200000000),
double3(0.308050000000,0.402233333333,0.452250000000),
double3(0.308000000000,0.409933333333,0.287600000000),
double3(0.375000000000,0.416666666667,0.437550000000),
double3(0.339650000000,0.390833333333,0.318000000000),
double3(0.340350000000,0.443133333333,0.170050000000),
double3(0.291100000000,0.389100000000,0.000000000000),
double3(0.375000000000,0.416666666667,0.302000000000),
double3(0.332100000000,0.405466666667,0.369200000000),
double3(0.308050000000,0.431100000000,0.202250000000),
double3(0.308000000000,0.423400000000,0.037600000000),
double3(0.375000000000,0.416666666667,0.187550000000),
double3(0.348150000000,0.500000000000,0.171500000000),
double3(0.250000000000,0.434166666667,0.247800000000),
double3(0.343350000000,0.500000000000,0.063400000000),
double3(0.298150000000,0.500000000000,0.261650000000),
double3(0.339650000000,0.442500000000,0.068000000000),
double3(0.340350000000,0.390200000000,0.420050000000),
double3(0.291100000000,0.444233333333,0.250000000000),
double3(0.125000000000,0.583333333333,0.302000000000),
double3(0.167900000000,0.594533333333,0.369200000000),
double3(0.191950000000,0.568900000000,0.202250000000),
double3(0.192000000000,0.576600000000,0.037600000000),
double3(0.125000000000,0.583333333333,0.187550000000),
double3(0.151850000000,0.500000000000,0.171500000000),
double3(0.250000000000,0.565833333333,0.247800000000),
double3(0.156650000000,0.500000000000,0.063400000000),
double3(0.201850000000,0.500000000000,0.261650000000),
double3(0.160350000000,0.557500000000,0.068000000000),
double3(0.159650000000,0.609800000000,0.420050000000),
double3(0.208900000000,0.555766666667,0.250000000000),
double3(0.125000000000,0.416666666667,0.302000000000),
double3(0.167900000000,0.405466666667,0.369200000000),
double3(0.191950000000,0.431100000000,0.202250000000),
double3(0.192000000000,0.423400000000,0.037600000000),
double3(0.125000000000,0.416666666667,0.187550000000),
double3(0.160350000000,0.442500000000,0.068000000000),
double3(0.159650000000,0.390200000000,0.420050000000),
double3(0.208900000000,0.444233333333,0.250000000000),
double3(0.375000000000,0.583333333333,0.302000000000),
double3(0.332100000000,0.594533333333,0.369200000000),
double3(0.308050000000,0.568900000000,0.202250000000),
double3(0.308000000000,0.576600000000,0.037600000000),
double3(0.375000000000,0.583333333333,0.187550000000),
double3(0.339650000000,0.557500000000,0.068000000000),
double3(0.340350000000,0.609800000000,0.420050000000),
double3(0.291100000000,0.555766666667,0.250000000000),
double3(0.082100000000,0.572133333333,0.369200000000),
double3(0.058050000000,0.597766666667,0.202250000000),
double3(0.058000000000,0.590066666667,0.037600000000),
double3(0.098150000000,0.333333333333,0.171500000000),
double3(0.000000000000,0.600833333333,0.247800000000),
double3(0.093350000000,0.333333333333,0.063400000000),
double3(0.048150000000,0.333333333333,0.261650000000),
double3(0.089650000000,0.609166666667,0.068000000000),
double3(0.090350000000,0.556866666667,0.420050000000),
double3(0.041100000000,0.610900000000,0.250000000000),
double3(0.417900000000,0.427866666667,0.369200000000),
double3(0.441950000000,0.402233333333,0.202250000000),
double3(0.442000000000,0.409933333333,0.037600000000),
double3(0.401850000000,0.333333333333,0.171500000000),
double3(0.000000000000,0.399166666667,0.247800000000),
double3(0.406650000000,0.333333333333,0.063400000000),
double3(0.451850000000,0.333333333333,0.261650000000),
double3(0.410350000000,0.390833333333,0.068000000000),
double3(0.409650000000,0.443133333333,0.420050000000),
double3(0.458900000000,0.389100000000,0.250000000000),
double3(0.417900000000,0.572133333333,0.369200000000),
double3(0.441950000000,0.597766666667,0.202250000000),
double3(0.442000000000,0.590066666667,0.037600000000),
double3(0.410350000000,0.609166666667,0.068000000000),
double3(0.409650000000,0.556866666667,0.420050000000),
double3(0.458900000000,0.610900000000,0.250000000000),
double3(0.082100000000,0.427866666667,0.369200000000),
double3(0.058050000000,0.402233333333,0.202250000000),
double3(0.058000000000,0.409933333333,0.037600000000),
double3(0.089650000000,0.390833333333,0.068000000000),
double3(0.090350000000,0.443133333333,0.420050000000),
double3(0.041100000000,0.389100000000,0.250000000000),
double3(0.082100000000,0.405466666667,0.119200000000),
double3(0.058050000000,0.431100000000,0.452250000000),
double3(0.058000000000,0.423400000000,0.287600000000),
double3(0.098150000000,0.500000000000,0.421500000000),
double3(0.000000000000,0.434166666667,0.497800000000),
double3(0.093350000000,0.500000000000,0.313400000000),
double3(0.048150000000,0.500000000000,0.011650000000),
double3(0.089650000000,0.442500000000,0.318000000000),
double3(0.090350000000,0.390200000000,0.170050000000),
double3(0.041100000000,0.444233333333,0.000000000000),
double3(0.417900000000,0.594533333333,0.119200000000),
double3(0.441950000000,0.568900000000,0.452250000000),
double3(0.442000000000,0.576600000000,0.287600000000),
double3(0.401850000000,0.500000000000,0.421500000000),
double3(0.000000000000,0.565833333333,0.497800000000),
double3(0.406650000000,0.500000000000,0.313400000000),
double3(0.451850000000,0.500000000000,0.011650000000),
double3(0.410350000000,0.557500000000,0.318000000000),
double3(0.409650000000,0.609800000000,0.170050000000),
double3(0.458900000000,0.555766666667,0.000000000000),
double3(0.417900000000,0.405466666667,0.119200000000),
double3(0.441950000000,0.431100000000,0.452250000000),
double3(0.442000000000,0.423400000000,0.287600000000),
double3(0.410350000000,0.442500000000,0.318000000000),
double3(0.409650000000,0.390200000000,0.170050000000),
double3(0.458900000000,0.444233333333,0.000000000000),
double3(0.082100000000,0.594533333333,0.119200000000),
double3(0.058050000000,0.568900000000,0.452250000000),
double3(0.058000000000,0.576600000000,0.287600000000),
double3(0.089650000000,0.557500000000,0.318000000000),
double3(0.090350000000,0.609800000000,0.170050000000),
double3(0.041100000000,0.555766666667,0.000000000000),
double3(0.375000000000,0.583333333333,0.552000000000),
double3(0.332100000000,0.572133333333,0.619200000000),
double3(0.308050000000,0.597766666667,0.952250000000),
double3(0.308000000000,0.590066666667,0.787600000000),
double3(0.375000000000,0.583333333333,0.937550000000),
double3(0.348150000000,0.333333333333,0.921500000000),
double3(0.250000000000,0.600833333333,0.997800000000),
double3(0.343350000000,0.333333333333,0.813400000000),
double3(0.298150000000,0.333333333333,0.511650000000),
double3(0.339650000000,0.609166666667,0.818000000000),
double3(0.340350000000,0.556866666667,0.670050000000),
double3(0.291100000000,0.610900000000,0.500000000000),
double3(0.125000000000,0.416666666667,0.552000000000),
double3(0.167900000000,0.427866666667,0.619200000000),
double3(0.191950000000,0.402233333333,0.952250000000),
double3(0.192000000000,0.409933333333,0.787600000000),
double3(0.125000000000,0.416666666667,0.937550000000),
double3(0.151850000000,0.333333333333,0.921500000000),
double3(0.250000000000,0.399166666667,0.997800000000),
double3(0.156650000000,0.333333333333,0.813400000000),
double3(0.201850000000,0.333333333333,0.511650000000),
double3(0.160350000000,0.390833333333,0.818000000000),
double3(0.159650000000,0.443133333333,0.670050000000),
double3(0.208900000000,0.389100000000,0.500000000000),
double3(0.125000000000,0.583333333333,0.552000000000),
double3(0.167900000000,0.572133333333,0.619200000000),
double3(0.191950000000,0.597766666667,0.952250000000),
double3(0.192000000000,0.590066666667,0.787600000000),
double3(0.125000000000,0.583333333333,0.937550000000),
double3(0.160350000000,0.609166666667,0.818000000000),
double3(0.159650000000,0.556866666667,0.670050000000),
double3(0.208900000000,0.610900000000,0.500000000000),
double3(0.375000000000,0.416666666667,0.552000000000),
double3(0.332100000000,0.427866666667,0.619200000000),
double3(0.308050000000,0.402233333333,0.952250000000),
double3(0.308000000000,0.409933333333,0.787600000000),
double3(0.375000000000,0.416666666667,0.937550000000),
double3(0.339650000000,0.390833333333,0.818000000000),
double3(0.340350000000,0.443133333333,0.670050000000),
double3(0.291100000000,0.389100000000,0.500000000000),
double3(0.375000000000,0.416666666667,0.802000000000),
double3(0.332100000000,0.405466666667,0.869200000000),
double3(0.308050000000,0.431100000000,0.702250000000),
double3(0.308000000000,0.423400000000,0.537600000000),
double3(0.375000000000,0.416666666667,0.687550000000),
double3(0.348150000000,0.500000000000,0.671500000000),
double3(0.250000000000,0.434166666667,0.747800000000),
double3(0.343350000000,0.500000000000,0.563400000000),
double3(0.298150000000,0.500000000000,0.761650000000),
double3(0.339650000000,0.442500000000,0.568000000000),
double3(0.340350000000,0.390200000000,0.920050000000),
double3(0.291100000000,0.444233333333,0.750000000000),
double3(0.125000000000,0.583333333333,0.802000000000),
double3(0.167900000000,0.594533333333,0.869200000000),
double3(0.191950000000,0.568900000000,0.702250000000),
double3(0.192000000000,0.576600000000,0.537600000000),
double3(0.125000000000,0.583333333333,0.687550000000),
double3(0.151850000000,0.500000000000,0.671500000000),
double3(0.250000000000,0.565833333333,0.747800000000),
double3(0.156650000000,0.500000000000,0.563400000000),
double3(0.201850000000,0.500000000000,0.761650000000),
double3(0.160350000000,0.557500000000,0.568000000000),
double3(0.159650000000,0.609800000000,0.920050000000),
double3(0.208900000000,0.555766666667,0.750000000000),
double3(0.125000000000,0.416666666667,0.802000000000),
double3(0.167900000000,0.405466666667,0.869200000000),
double3(0.191950000000,0.431100000000,0.702250000000),
double3(0.192000000000,0.423400000000,0.537600000000),
double3(0.125000000000,0.416666666667,0.687550000000),
double3(0.160350000000,0.442500000000,0.568000000000),
double3(0.159650000000,0.390200000000,0.920050000000),
double3(0.208900000000,0.444233333333,0.750000000000),
double3(0.375000000000,0.583333333333,0.802000000000),
double3(0.332100000000,0.594533333333,0.869200000000),
double3(0.308050000000,0.568900000000,0.702250000000),
double3(0.308000000000,0.576600000000,0.537600000000),
double3(0.375000000000,0.583333333333,0.687550000000),
double3(0.339650000000,0.557500000000,0.568000000000),
double3(0.340350000000,0.609800000000,0.920050000000),
double3(0.291100000000,0.555766666667,0.750000000000),
double3(0.082100000000,0.572133333333,0.869200000000),
double3(0.058050000000,0.597766666667,0.702250000000),
double3(0.058000000000,0.590066666667,0.537600000000),
double3(0.098150000000,0.333333333333,0.671500000000),
double3(0.000000000000,0.600833333333,0.747800000000),
double3(0.093350000000,0.333333333333,0.563400000000),
double3(0.048150000000,0.333333333333,0.761650000000),
double3(0.089650000000,0.609166666667,0.568000000000),
double3(0.090350000000,0.556866666667,0.920050000000),
double3(0.041100000000,0.610900000000,0.750000000000),
double3(0.417900000000,0.427866666667,0.869200000000),
double3(0.441950000000,0.402233333333,0.702250000000),
double3(0.442000000000,0.409933333333,0.537600000000),
double3(0.401850000000,0.333333333333,0.671500000000),
double3(0.000000000000,0.399166666667,0.747800000000),
double3(0.406650000000,0.333333333333,0.563400000000),
double3(0.451850000000,0.333333333333,0.761650000000),
double3(0.410350000000,0.390833333333,0.568000000000),
double3(0.409650000000,0.443133333333,0.920050000000),
double3(0.458900000000,0.389100000000,0.750000000000),
double3(0.417900000000,0.572133333333,0.869200000000),
double3(0.441950000000,0.597766666667,0.702250000000),
double3(0.442000000000,0.590066666667,0.537600000000),
double3(0.410350000000,0.609166666667,0.568000000000),
double3(0.409650000000,0.556866666667,0.920050000000),
double3(0.458900000000,0.610900000000,0.750000000000),
double3(0.082100000000,0.427866666667,0.869200000000),
double3(0.058050000000,0.402233333333,0.702250000000),
double3(0.058000000000,0.409933333333,0.537600000000),
double3(0.089650000000,0.390833333333,0.568000000000),
double3(0.090350000000,0.443133333333,0.920050000000),
double3(0.041100000000,0.389100000000,0.750000000000),
double3(0.082100000000,0.405466666667,0.619200000000),
double3(0.058050000000,0.431100000000,0.952250000000),
double3(0.058000000000,0.423400000000,0.787600000000),
double3(0.098150000000,0.500000000000,0.921500000000),
double3(0.000000000000,0.434166666667,0.997800000000),
double3(0.093350000000,0.500000000000,0.813400000000),
double3(0.048150000000,0.500000000000,0.511650000000),
double3(0.089650000000,0.442500000000,0.818000000000),
double3(0.090350000000,0.390200000000,0.670050000000),
double3(0.041100000000,0.444233333333,0.500000000000),
double3(0.417900000000,0.594533333333,0.619200000000),
double3(0.441950000000,0.568900000000,0.952250000000),
double3(0.442000000000,0.576600000000,0.787600000000),
double3(0.401850000000,0.500000000000,0.921500000000),
double3(0.000000000000,0.565833333333,0.997800000000),
double3(0.406650000000,0.500000000000,0.813400000000),
double3(0.451850000000,0.500000000000,0.511650000000),
double3(0.410350000000,0.557500000000,0.818000000000),
double3(0.409650000000,0.609800000000,0.670050000000),
double3(0.458900000000,0.555766666667,0.500000000000),
double3(0.417900000000,0.405466666667,0.619200000000),
double3(0.441950000000,0.431100000000,0.952250000000),
double3(0.442000000000,0.423400000000,0.787600000000),
double3(0.410350000000,0.442500000000,0.818000000000),
double3(0.409650000000,0.390200000000,0.670050000000),
double3(0.458900000000,0.444233333333,0.500000000000),
double3(0.082100000000,0.594533333333,0.619200000000),
double3(0.058050000000,0.568900000000,0.952250000000),
double3(0.058000000000,0.576600000000,0.787600000000),
double3(0.089650000000,0.557500000000,0.818000000000),
double3(0.090350000000,0.609800000000,0.670050000000),
double3(0.041100000000,0.555766666667,0.500000000000),
double3(0.375000000000,0.916666666667,0.052000000000),
double3(0.332100000000,0.905466666667,0.119200000000),
double3(0.308050000000,0.931100000000,0.452250000000),
double3(0.308000000000,0.923400000000,0.287600000000),
double3(0.375000000000,0.916666666667,0.437550000000),
double3(0.348150000000,0.666666666667,0.421500000000),
double3(0.250000000000,0.934166666667,0.497800000000),
double3(0.343350000000,0.666666666667,0.313400000000),
double3(0.298150000000,0.666666666667,0.011650000000),
double3(0.339650000000,0.942500000000,0.318000000000),
double3(0.340350000000,0.890200000000,0.170050000000),
double3(0.291100000000,0.944233333333,0.000000000000),
double3(0.125000000000,0.750000000000,0.052000000000),
double3(0.167900000000,0.761200000000,0.119200000000),
double3(0.191950000000,0.735566666667,0.452250000000),
double3(0.192000000000,0.743266666667,0.287600000000),
double3(0.125000000000,0.750000000000,0.437550000000),
double3(0.151850000000,0.666666666667,0.421500000000),
double3(0.250000000000,0.732500000000,0.497800000000),
double3(0.156650000000,0.666666666667,0.313400000000),
double3(0.201850000000,0.666666666667,0.011650000000),
double3(0.160350000000,0.724166666667,0.318000000000),
double3(0.159650000000,0.776466666667,0.170050000000),
double3(0.208900000000,0.722433333333,0.000000000000),
double3(0.125000000000,0.916666666667,0.052000000000),
double3(0.167900000000,0.905466666667,0.119200000000),
double3(0.191950000000,0.931100000000,0.452250000000),
double3(0.192000000000,0.923400000000,0.287600000000),
double3(0.125000000000,0.916666666667,0.437550000000),
double3(0.160350000000,0.942500000000,0.318000000000),
double3(0.159650000000,0.890200000000,0.170050000000),
double3(0.208900000000,0.944233333333,0.000000000000),
double3(0.375000000000,0.750000000000,0.052000000000),
double3(0.332100000000,0.761200000000,0.119200000000),
double3(0.308050000000,0.735566666667,0.452250000000),
double3(0.308000000000,0.743266666667,0.287600000000),
double3(0.375000000000,0.750000000000,0.437550000000),
double3(0.339650000000,0.724166666667,0.318000000000),
double3(0.340350000000,0.776466666667,0.170050000000),
double3(0.291100000000,0.722433333333,0.000000000000),
double3(0.375000000000,0.750000000000,0.302000000000),
double3(0.332100000000,0.738800000000,0.369200000000),
double3(0.308050000000,0.764433333333,0.202250000000),
double3(0.308000000000,0.756733333333,0.037600000000),
double3(0.375000000000,0.750000000000,0.187550000000),
double3(0.348150000000,0.833333333333,0.171500000000),
double3(0.250000000000,0.767500000000,0.247800000000),
double3(0.343350000000,0.833333333333,0.063400000000),
double3(0.298150000000,0.833333333333,0.261650000000),
double3(0.339650000000,0.775833333333,0.068000000000),
double3(0.340350000000,0.723533333333,0.420050000000),
double3(0.291100000000,0.777566666667,0.250000000000),
double3(0.125000000000,0.916666666667,0.302000000000),
double3(0.167900000000,0.927866666667,0.369200000000),
double3(0.191950000000,0.902233333333,0.202250000000),
double3(0.192000000000,0.909933333333,0.037600000000),
double3(0.125000000000,0.916666666667,0.187550000000),
double3(0.151850000000,0.833333333333,0.171500000000),
double3(0.250000000000,0.899166666667,0.247800000000),
double3(0.156650000000,0.833333333333,0.063400000000),
double3(0.201850000000,0.833333333333,0.261650000000),
double3(0.160350000000,0.890833333333,0.068000000000),
double3(0.159650000000,0.943133333333,0.420050000000),
double3(0.208900000000,0.889100000000,0.250000000000),
double3(0.125000000000,0.750000000000,0.302000000000),
double3(0.167900000000,0.738800000000,0.369200000000),
double3(0.191950000000,0.764433333333,0.202250000000),
double3(0.192000000000,0.756733333333,0.037600000000),
double3(0.125000000000,0.750000000000,0.187550000000),
double3(0.160350000000,0.775833333333,0.068000000000),
double3(0.159650000000,0.723533333333,0.420050000000),
double3(0.208900000000,0.777566666667,0.250000000000),
double3(0.375000000000,0.916666666667,0.302000000000),
double3(0.332100000000,0.927866666667,0.369200000000),
double3(0.308050000000,0.902233333333,0.202250000000),
double3(0.308000000000,0.909933333333,0.037600000000),
double3(0.375000000000,0.916666666667,0.187550000000),
double3(0.339650000000,0.890833333333,0.068000000000),
double3(0.340350000000,0.943133333333,0.420050000000),
double3(0.291100000000,0.889100000000,0.250000000000),
double3(0.082100000000,0.905466666667,0.369200000000),
double3(0.058050000000,0.931100000000,0.202250000000),
double3(0.058000000000,0.923400000000,0.037600000000),
double3(0.098150000000,0.666666666667,0.171500000000),
double3(0.000000000000,0.934166666667,0.247800000000),
double3(0.093350000000,0.666666666667,0.063400000000),
double3(0.048150000000,0.666666666667,0.261650000000),
double3(0.089650000000,0.942500000000,0.068000000000),
double3(0.090350000000,0.890200000000,0.420050000000),
double3(0.041100000000,0.944233333333,0.250000000000),
double3(0.417900000000,0.761200000000,0.369200000000),
double3(0.441950000000,0.735566666667,0.202250000000),
double3(0.442000000000,0.743266666667,0.037600000000),
double3(0.401850000000,0.666666666667,0.171500000000),
double3(0.000000000000,0.732500000000,0.247800000000),
double3(0.406650000000,0.666666666667,0.063400000000),
double3(0.451850000000,0.666666666667,0.261650000000),
double3(0.410350000000,0.724166666667,0.068000000000),
double3(0.409650000000,0.776466666667,0.420050000000),
double3(0.458900000000,0.722433333333,0.250000000000),
double3(0.417900000000,0.905466666667,0.369200000000),
double3(0.441950000000,0.931100000000,0.202250000000),
double3(0.442000000000,0.923400000000,0.037600000000),
double3(0.410350000000,0.942500000000,0.068000000000),
double3(0.409650000000,0.890200000000,0.420050000000),
double3(0.458900000000,0.944233333333,0.250000000000),
double3(0.082100000000,0.761200000000,0.369200000000),
double3(0.058050000000,0.735566666667,0.202250000000),
double3(0.058000000000,0.743266666667,0.037600000000),
double3(0.089650000000,0.724166666667,0.068000000000),
double3(0.090350000000,0.776466666667,0.420050000000),
double3(0.041100000000,0.722433333333,0.250000000000),
double3(0.082100000000,0.738800000000,0.119200000000),
double3(0.058050000000,0.764433333333,0.452250000000),
double3(0.058000000000,0.756733333333,0.287600000000),
double3(0.098150000000,0.833333333333,0.421500000000),
double3(0.000000000000,0.767500000000,0.497800000000),
double3(0.093350000000,0.833333333333,0.313400000000),
double3(0.048150000000,0.833333333333,0.011650000000),
double3(0.089650000000,0.775833333333,0.318000000000),
double3(0.090350000000,0.723533333333,0.170050000000),
double3(0.041100000000,0.777566666667,0.000000000000),
double3(0.417900000000,0.927866666667,0.119200000000),
double3(0.441950000000,0.902233333333,0.452250000000),
double3(0.442000000000,0.909933333333,0.287600000000),
double3(0.401850000000,0.833333333333,0.421500000000),
double3(0.000000000000,0.899166666667,0.497800000000),
double3(0.406650000000,0.833333333333,0.313400000000),
double3(0.451850000000,0.833333333333,0.011650000000),
double3(0.410350000000,0.890833333333,0.318000000000),
double3(0.409650000000,0.943133333333,0.170050000000),
double3(0.458900000000,0.889100000000,0.000000000000),
double3(0.417900000000,0.738800000000,0.119200000000),
double3(0.441950000000,0.764433333333,0.452250000000),
double3(0.442000000000,0.756733333333,0.287600000000),
double3(0.410350000000,0.775833333333,0.318000000000),
double3(0.409650000000,0.723533333333,0.170050000000),
double3(0.458900000000,0.777566666667,0.000000000000),
double3(0.082100000000,0.927866666667,0.119200000000),
double3(0.058050000000,0.902233333333,0.452250000000),
double3(0.058000000000,0.909933333333,0.287600000000),
double3(0.089650000000,0.890833333333,0.318000000000),
double3(0.090350000000,0.943133333333,0.170050000000),
double3(0.041100000000,0.889100000000,0.000000000000),
double3(0.375000000000,0.916666666667,0.552000000000),
double3(0.332100000000,0.905466666667,0.619200000000),
double3(0.308050000000,0.931100000000,0.952250000000),
double3(0.308000000000,0.923400000000,0.787600000000),
double3(0.375000000000,0.916666666667,0.937550000000),
double3(0.348150000000,0.666666666667,0.921500000000),
double3(0.250000000000,0.934166666667,0.997800000000),
double3(0.343350000000,0.666666666667,0.813400000000),
double3(0.298150000000,0.666666666667,0.511650000000),
double3(0.339650000000,0.942500000000,0.818000000000),
double3(0.340350000000,0.890200000000,0.670050000000),
double3(0.291100000000,0.944233333333,0.500000000000),
double3(0.125000000000,0.750000000000,0.552000000000),
double3(0.167900000000,0.761200000000,0.619200000000),
double3(0.191950000000,0.735566666667,0.952250000000),
double3(0.192000000000,0.743266666667,0.787600000000),
double3(0.125000000000,0.750000000000,0.937550000000),
double3(0.151850000000,0.666666666667,0.921500000000),
double3(0.250000000000,0.732500000000,0.997800000000),
double3(0.156650000000,0.666666666667,0.813400000000),
double3(0.201850000000,0.666666666667,0.511650000000),
double3(0.160350000000,0.724166666667,0.818000000000),
double3(0.159650000000,0.776466666667,0.670050000000),
double3(0.208900000000,0.722433333333,0.500000000000),
double3(0.125000000000,0.916666666667,0.552000000000),
double3(0.167900000000,0.905466666667,0.619200000000),
double3(0.191950000000,0.931100000000,0.952250000000),
double3(0.192000000000,0.923400000000,0.787600000000),
double3(0.125000000000,0.916666666667,0.937550000000),
double3(0.160350000000,0.942500000000,0.818000000000),
double3(0.159650000000,0.890200000000,0.670050000000),
double3(0.208900000000,0.944233333333,0.500000000000),
double3(0.375000000000,0.750000000000,0.552000000000),
double3(0.332100000000,0.761200000000,0.619200000000),
double3(0.308050000000,0.735566666667,0.952250000000),
double3(0.308000000000,0.743266666667,0.787600000000),
double3(0.375000000000,0.750000000000,0.937550000000),
double3(0.339650000000,0.724166666667,0.818000000000),
double3(0.340350000000,0.776466666667,0.670050000000),
double3(0.291100000000,0.722433333333,0.500000000000),
double3(0.375000000000,0.750000000000,0.802000000000),
double3(0.332100000000,0.738800000000,0.869200000000),
double3(0.308050000000,0.764433333333,0.702250000000),
double3(0.308000000000,0.756733333333,0.537600000000),
double3(0.375000000000,0.750000000000,0.687550000000),
double3(0.348150000000,0.833333333333,0.671500000000),
double3(0.250000000000,0.767500000000,0.747800000000),
double3(0.343350000000,0.833333333333,0.563400000000),
double3(0.298150000000,0.833333333333,0.761650000000),
double3(0.339650000000,0.775833333333,0.568000000000),
double3(0.340350000000,0.723533333333,0.920050000000),
double3(0.291100000000,0.777566666667,0.750000000000),
double3(0.125000000000,0.916666666667,0.802000000000),
double3(0.167900000000,0.927866666667,0.869200000000),
double3(0.191950000000,0.902233333333,0.702250000000),
double3(0.192000000000,0.909933333333,0.537600000000),
double3(0.125000000000,0.916666666667,0.687550000000),
double3(0.151850000000,0.833333333333,0.671500000000),
double3(0.250000000000,0.899166666667,0.747800000000),
double3(0.156650000000,0.833333333333,0.563400000000),
double3(0.201850000000,0.833333333333,0.761650000000),
double3(0.160350000000,0.890833333333,0.568000000000),
double3(0.159650000000,0.943133333333,0.920050000000),
double3(0.208900000000,0.889100000000,0.750000000000),
double3(0.125000000000,0.750000000000,0.802000000000),
double3(0.167900000000,0.738800000000,0.869200000000),
double3(0.191950000000,0.764433333333,0.702250000000),
double3(0.192000000000,0.756733333333,0.537600000000),
double3(0.125000000000,0.750000000000,0.687550000000),
double3(0.160350000000,0.775833333333,0.568000000000),
double3(0.159650000000,0.723533333333,0.920050000000),
double3(0.208900000000,0.777566666667,0.750000000000),
double3(0.375000000000,0.916666666667,0.802000000000),
double3(0.332100000000,0.927866666667,0.869200000000),
double3(0.308050000000,0.902233333333,0.702250000000),
double3(0.308000000000,0.909933333333,0.537600000000),
double3(0.375000000000,0.916666666667,0.687550000000),
double3(0.339650000000,0.890833333333,0.568000000000),
double3(0.340350000000,0.943133333333,0.920050000000),
double3(0.291100000000,0.889100000000,0.750000000000),
double3(0.082100000000,0.905466666667,0.869200000000),
double3(0.058050000000,0.931100000000,0.702250000000),
double3(0.058000000000,0.923400000000,0.537600000000),
double3(0.098150000000,0.666666666667,0.671500000000),
double3(0.000000000000,0.934166666667,0.747800000000),
double3(0.093350000000,0.666666666667,0.563400000000),
double3(0.048150000000,0.666666666667,0.761650000000),
double3(0.089650000000,0.942500000000,0.568000000000),
double3(0.090350000000,0.890200000000,0.920050000000),
double3(0.041100000000,0.944233333333,0.750000000000),
double3(0.417900000000,0.761200000000,0.869200000000),
double3(0.441950000000,0.735566666667,0.702250000000),
double3(0.442000000000,0.743266666667,0.537600000000),
double3(0.401850000000,0.666666666667,0.671500000000),
double3(0.000000000000,0.732500000000,0.747800000000),
double3(0.406650000000,0.666666666667,0.563400000000),
double3(0.451850000000,0.666666666667,0.761650000000),
double3(0.410350000000,0.724166666667,0.568000000000),
double3(0.409650000000,0.776466666667,0.920050000000),
double3(0.458900000000,0.722433333333,0.750000000000),
double3(0.417900000000,0.905466666667,0.869200000000),
double3(0.441950000000,0.931100000000,0.702250000000),
double3(0.442000000000,0.923400000000,0.537600000000),
double3(0.410350000000,0.942500000000,0.568000000000),
double3(0.409650000000,0.890200000000,0.920050000000),
double3(0.458900000000,0.944233333333,0.750000000000),
double3(0.082100000000,0.761200000000,0.869200000000),
double3(0.058050000000,0.735566666667,0.702250000000),
double3(0.058000000000,0.743266666667,0.537600000000),
double3(0.089650000000,0.724166666667,0.568000000000),
double3(0.090350000000,0.776466666667,0.920050000000),
double3(0.041100000000,0.722433333333,0.750000000000),
double3(0.082100000000,0.738800000000,0.619200000000),
double3(0.058050000000,0.764433333333,0.952250000000),
double3(0.058000000000,0.756733333333,0.787600000000),
double3(0.098150000000,0.833333333333,0.921500000000),
double3(0.000000000000,0.767500000000,0.997800000000),
double3(0.093350000000,0.833333333333,0.813400000000),
double3(0.048150000000,0.833333333333,0.511650000000),
double3(0.089650000000,0.775833333333,0.818000000000),
double3(0.090350000000,0.723533333333,0.670050000000),
double3(0.041100000000,0.777566666667,0.500000000000),
double3(0.417900000000,0.927866666667,0.619200000000),
double3(0.441950000000,0.902233333333,0.952250000000),
double3(0.442000000000,0.909933333333,0.787600000000),
double3(0.401850000000,0.833333333333,0.921500000000),
double3(0.000000000000,0.899166666667,0.997800000000),
double3(0.406650000000,0.833333333333,0.813400000000),
double3(0.451850000000,0.833333333333,0.511650000000),
double3(0.410350000000,0.890833333333,0.818000000000),
double3(0.409650000000,0.943133333333,0.670050000000),
double3(0.458900000000,0.889100000000,0.500000000000),
double3(0.417900000000,0.738800000000,0.619200000000),
double3(0.441950000000,0.764433333333,0.952250000000),
double3(0.442000000000,0.756733333333,0.787600000000),
double3(0.410350000000,0.775833333333,0.818000000000),
double3(0.409650000000,0.723533333333,0.670050000000),
double3(0.458900000000,0.777566666667,0.500000000000),
double3(0.082100000000,0.927866666667,0.619200000000),
double3(0.058050000000,0.902233333333,0.952250000000),
double3(0.058000000000,0.909933333333,0.787600000000),
double3(0.089650000000,0.890833333333,0.818000000000),
double3(0.090350000000,0.943133333333,0.670050000000),
double3(0.041100000000,0.889100000000,0.500000000000),
double3(0.875000000000,0.250000000000,0.052000000000),
double3(0.832100000000,0.238800000000,0.119200000000),
double3(0.808050000000,0.264433333333,0.452250000000),
double3(0.808000000000,0.256733333333,0.287600000000),
double3(0.875000000000,0.250000000000,0.437550000000),
double3(0.848150000000,0.000000000000,0.421500000000),
double3(0.750000000000,0.267500000000,0.497800000000),
double3(0.843350000000,0.000000000000,0.313400000000),
double3(0.798150000000,0.000000000000,0.011650000000),
double3(0.839650000000,0.275833333333,0.318000000000),
double3(0.840350000000,0.223533333333,0.170050000000),
double3(0.791100000000,0.277566666667,0.000000000000),
double3(0.625000000000,0.083333333333,0.052000000000),
double3(0.667900000000,0.094533333333,0.119200000000),
double3(0.691950000000,0.068900000000,0.452250000000),
double3(0.692000000000,0.076600000000,0.287600000000),
double3(0.625000000000,0.083333333333,0.437550000000),
double3(0.651850000000,0.000000000000,0.421500000000),
double3(0.750000000000,0.065833333333,0.497800000000),
double3(0.656650000000,0.000000000000,0.313400000000),
double3(0.701850000000,0.000000000000,0.011650000000),
double3(0.660350000000,0.057500000000,0.318000000000),
double3(0.659650000000,0.109800000000,0.170050000000),
double3(0.708900000000,0.055766666667,0.000000000000),
double3(0.625000000000,0.250000000000,0.052000000000),
double3(0.667900000000,0.238800000000,0.119200000000),
double3(0.691950000000,0.264433333333,0.452250000000),
double3(0.692000000000,0.256733333333,0.287600000000),
double3(0.625000000000,0.250000000000,0.437550000000),
double3(0.660350000000,0.275833333333,0.318000000000),
double3(0.659650000000,0.223533333333,0.170050000000),
double3(0.708900000000,0.277566666667,0.000000000000),
double3(0.875000000000,0.083333333333,0.052000000000),
double3(0.832100000000,0.094533333333,0.119200000000),
double3(0.808050000000,0.068900000000,0.452250000000),
double3(0.808000000000,0.076600000000,0.287600000000),
double3(0.875000000000,0.083333333333,0.437550000000),
double3(0.839650000000,0.057500000000,0.318000000000),
double3(0.840350000000,0.109800000000,0.170050000000),
double3(0.791100000000,0.055766666667,0.000000000000),
double3(0.875000000000,0.083333333333,0.302000000000),
double3(0.832100000000,0.072133333333,0.369200000000),
double3(0.808050000000,0.097766666667,0.202250000000),
double3(0.808000000000,0.090066666667,0.037600000000),
double3(0.875000000000,0.083333333333,0.187550000000),
double3(0.848150000000,0.166666666667,0.171500000000),
double3(0.750000000000,0.100833333333,0.247800000000),
double3(0.843350000000,0.166666666667,0.063400000000),
double3(0.798150000000,0.166666666667,0.261650000000),
double3(0.839650000000,0.109166666667,0.068000000000),
double3(0.840350000000,0.056866666667,0.420050000000),
double3(0.791100000000,0.110900000000,0.250000000000),
double3(0.625000000000,0.250000000000,0.302000000000),
double3(0.667900000000,0.261200000000,0.369200000000),
double3(0.691950000000,0.235566666667,0.202250000000),
double3(0.692000000000,0.243266666667,0.037600000000),
double3(0.625000000000,0.250000000000,0.187550000000),
double3(0.651850000000,0.166666666667,0.171500000000),
double3(0.750000000000,0.232500000000,0.247800000000),
double3(0.656650000000,0.166666666667,0.063400000000),
double3(0.701850000000,0.166666666667,0.261650000000),
double3(0.660350000000,0.224166666667,0.068000000000),
double3(0.659650000000,0.276466666667,0.420050000000),
double3(0.708900000000,0.222433333333,0.250000000000),
double3(0.625000000000,0.083333333333,0.302000000000),
double3(0.667900000000,0.072133333333,0.369200000000),
double3(0.691950000000,0.097766666667,0.202250000000),
double3(0.692000000000,0.090066666667,0.037600000000),
double3(0.625000000000,0.083333333333,0.187550000000),
double3(0.660350000000,0.109166666667,0.068000000000),
double3(0.659650000000,0.056866666667,0.420050000000),
double3(0.708900000000,0.110900000000,0.250000000000),
double3(0.875000000000,0.250000000000,0.302000000000),
double3(0.832100000000,0.261200000000,0.369200000000),
double3(0.808050000000,0.235566666667,0.202250000000),
double3(0.808000000000,0.243266666667,0.037600000000),
double3(0.875000000000,0.250000000000,0.187550000000),
double3(0.839650000000,0.224166666667,0.068000000000),
double3(0.840350000000,0.276466666667,0.420050000000),
double3(0.791100000000,0.222433333333,0.250000000000),
double3(0.582100000000,0.238800000000,0.369200000000),
double3(0.558050000000,0.264433333333,0.202250000000),
double3(0.558000000000,0.256733333333,0.037600000000),
double3(0.598150000000,0.000000000000,0.171500000000),
double3(0.500000000000,0.267500000000,0.247800000000),
double3(0.593350000000,0.000000000000,0.063400000000),
double3(0.548150000000,0.000000000000,0.261650000000),
double3(0.589650000000,0.275833333333,0.068000000000),
double3(0.590350000000,0.223533333333,0.420050000000),
double3(0.541100000000,0.277566666667,0.250000000000),
double3(0.917900000000,0.094533333333,0.369200000000),
double3(0.941950000000,0.068900000000,0.202250000000),
double3(0.942000000000,0.076600000000,0.037600000000),
double3(0.901850000000,0.000000000000,0.171500000000),
double3(0.500000000000,0.065833333333,0.247800000000),
double3(0.906650000000,0.000000000000,0.063400000000),
double3(0.951850000000,0.000000000000,0.261650000000),
double3(0.910350000000,0.057500000000,0.068000000000),
double3(0.909650000000,0.109800000000,0.420050000000),
double3(0.958900000000,0.055766666667,0.250000000000),
double3(0.917900000000,0.238800000000,0.369200000000),
double3(0.941950000000,0.264433333333,0.202250000000),
double3(0.942000000000,0.256733333333,0.037600000000),
double3(0.910350000000,0.275833333333,0.068000000000),
double3(0.909650000000,0.223533333333,0.420050000000),
double3(0.958900000000,0.277566666667,0.250000000000),
double3(0.582100000000,0.094533333333,0.369200000000),
double3(0.558050000000,0.068900000000,0.202250000000),
double3(0.558000000000,0.076600000000,0.037600000000),
double3(0.589650000000,0.057500000000,0.068000000000),
double3(0.590350000000,0.109800000000,0.420050000000),
double3(0.541100000000,0.055766666667,0.250000000000),
double3(0.582100000000,0.072133333333,0.119200000000),
double3(0.558050000000,0.097766666667,0.452250000000),
double3(0.558000000000,0.090066666667,0.287600000000),
double3(0.598150000000,0.166666666667,0.421500000000),
double3(0.500000000000,0.100833333333,0.497800000000),
double3(0.593350000000,0.166666666667,0.313400000000),
double3(0.548150000000,0.166666666667,0.011650000000),
double3(0.589650000000,0.109166666667,0.318000000000),
double3(0.590350000000,0.056866666667,0.170050000000),
double3(0.541100000000,0.110900000000,0.000000000000),
double3(0.917900000000,0.261200000000,0.119200000000),
double3(0.941950000000,0.235566666667,0.452250000000),
double3(0.942000000000,0.243266666667,0.287600000000),
double3(0.901850000000,0.166666666667,0.421500000000),
double3(0.500000000000,0.232500000000,0.497800000000),
double3(0.906650000000,0.166666666667,0.313400000000),
double3(0.951850000000,0.166666666667,0.011650000000),
double3(0.910350000000,0.224166666667,0.318000000000),
double3(0.909650000000,0.276466666667,0.170050000000),
double3(0.958900000000,0.222433333333,0.000000000000),
double3(0.917900000000,0.072133333333,0.119200000000),
double3(0.941950000000,0.097766666667,0.452250000000),
double3(0.942000000000,0.090066666667,0.287600000000),
double3(0.910350000000,0.109166666667,0.318000000000),
double3(0.909650000000,0.056866666667,0.170050000000),
double3(0.958900000000,0.110900000000,0.000000000000),
double3(0.582100000000,0.261200000000,0.119200000000),
double3(0.558050000000,0.235566666667,0.452250000000),
double3(0.558000000000,0.243266666667,0.287600000000),
double3(0.589650000000,0.224166666667,0.318000000000),
double3(0.590350000000,0.276466666667,0.170050000000),
double3(0.541100000000,0.222433333333,0.000000000000),
double3(0.875000000000,0.250000000000,0.552000000000),
double3(0.832100000000,0.238800000000,0.619200000000),
double3(0.808050000000,0.264433333333,0.952250000000),
double3(0.808000000000,0.256733333333,0.787600000000),
double3(0.875000000000,0.250000000000,0.937550000000),
double3(0.848150000000,0.000000000000,0.921500000000),
double3(0.750000000000,0.267500000000,0.997800000000),
double3(0.843350000000,0.000000000000,0.813400000000),
double3(0.798150000000,0.000000000000,0.511650000000),
double3(0.839650000000,0.275833333333,0.818000000000),
double3(0.840350000000,0.223533333333,0.670050000000),
double3(0.791100000000,0.277566666667,0.500000000000),
double3(0.625000000000,0.083333333333,0.552000000000),
double3(0.667900000000,0.094533333333,0.619200000000),
double3(0.691950000000,0.068900000000,0.952250000000),
double3(0.692000000000,0.076600000000,0.787600000000),
double3(0.625000000000,0.083333333333,0.937550000000),
double3(0.651850000000,0.000000000000,0.921500000000),
double3(0.750000000000,0.065833333333,0.997800000000),
double3(0.656650000000,0.000000000000,0.813400000000),
double3(0.701850000000,0.000000000000,0.511650000000),
double3(0.660350000000,0.057500000000,0.818000000000),
double3(0.659650000000,0.109800000000,0.670050000000),
double3(0.708900000000,0.055766666667,0.500000000000),
double3(0.625000000000,0.250000000000,0.552000000000),
double3(0.667900000000,0.238800000000,0.619200000000),
double3(0.691950000000,0.264433333333,0.952250000000),
double3(0.692000000000,0.256733333333,0.787600000000),
double3(0.625000000000,0.250000000000,0.937550000000),
double3(0.660350000000,0.275833333333,0.818000000000),
double3(0.659650000000,0.223533333333,0.670050000000),
double3(0.708900000000,0.277566666667,0.500000000000),
double3(0.875000000000,0.083333333333,0.552000000000),
double3(0.832100000000,0.094533333333,0.619200000000),
double3(0.808050000000,0.068900000000,0.952250000000),
double3(0.808000000000,0.076600000000,0.787600000000),
double3(0.875000000000,0.083333333333,0.937550000000),
double3(0.839650000000,0.057500000000,0.818000000000),
double3(0.840350000000,0.109800000000,0.670050000000),
double3(0.791100000000,0.055766666667,0.500000000000),
double3(0.875000000000,0.083333333333,0.802000000000),
double3(0.832100000000,0.072133333333,0.869200000000),
double3(0.808050000000,0.097766666667,0.702250000000),
double3(0.808000000000,0.090066666667,0.537600000000),
double3(0.875000000000,0.083333333333,0.687550000000),
double3(0.848150000000,0.166666666667,0.671500000000),
double3(0.750000000000,0.100833333333,0.747800000000),
double3(0.843350000000,0.166666666667,0.563400000000),
double3(0.798150000000,0.166666666667,0.761650000000),
double3(0.839650000000,0.109166666667,0.568000000000),
double3(0.840350000000,0.056866666667,0.920050000000),
double3(0.791100000000,0.110900000000,0.750000000000),
double3(0.625000000000,0.250000000000,0.802000000000),
double3(0.667900000000,0.261200000000,0.869200000000),
double3(0.691950000000,0.235566666667,0.702250000000),
double3(0.692000000000,0.243266666667,0.537600000000),
double3(0.625000000000,0.250000000000,0.687550000000),
double3(0.651850000000,0.166666666667,0.671500000000),
double3(0.750000000000,0.232500000000,0.747800000000),
double3(0.656650000000,0.166666666667,0.563400000000),
double3(0.701850000000,0.166666666667,0.761650000000),
double3(0.660350000000,0.224166666667,0.568000000000),
double3(0.659650000000,0.276466666667,0.920050000000),
double3(0.708900000000,0.222433333333,0.750000000000),
double3(0.625000000000,0.083333333333,0.802000000000),
double3(0.667900000000,0.072133333333,0.869200000000),
double3(0.691950000000,0.097766666667,0.702250000000),
double3(0.692000000000,0.090066666667,0.537600000000),
double3(0.625000000000,0.083333333333,0.687550000000),
double3(0.660350000000,0.109166666667,0.568000000000),
double3(0.659650000000,0.056866666667,0.920050000000),
double3(0.708900000000,0.110900000000,0.750000000000),
double3(0.875000000000,0.250000000000,0.802000000000),
double3(0.832100000000,0.261200000000,0.869200000000),
double3(0.808050000000,0.235566666667,0.702250000000),
double3(0.808000000000,0.243266666667,0.537600000000),
double3(0.875000000000,0.250000000000,0.687550000000),
double3(0.839650000000,0.224166666667,0.568000000000),
double3(0.840350000000,0.276466666667,0.920050000000),
double3(0.791100000000,0.222433333333,0.750000000000),
double3(0.582100000000,0.238800000000,0.869200000000),
double3(0.558050000000,0.264433333333,0.702250000000),
double3(0.558000000000,0.256733333333,0.537600000000),
double3(0.598150000000,0.000000000000,0.671500000000),
double3(0.500000000000,0.267500000000,0.747800000000),
double3(0.593350000000,0.000000000000,0.563400000000),
double3(0.548150000000,0.000000000000,0.761650000000),
double3(0.589650000000,0.275833333333,0.568000000000),
double3(0.590350000000,0.223533333333,0.920050000000),
double3(0.541100000000,0.277566666667,0.750000000000),
double3(0.917900000000,0.094533333333,0.869200000000),
double3(0.941950000000,0.068900000000,0.702250000000),
double3(0.942000000000,0.076600000000,0.537600000000),
double3(0.901850000000,0.000000000000,0.671500000000),
double3(0.500000000000,0.065833333333,0.747800000000),
double3(0.906650000000,0.000000000000,0.563400000000),
double3(0.951850000000,0.000000000000,0.761650000000),
double3(0.910350000000,0.057500000000,0.568000000000),
double3(0.909650000000,0.109800000000,0.920050000000),
double3(0.958900000000,0.055766666667,0.750000000000),
double3(0.917900000000,0.238800000000,0.869200000000),
double3(0.941950000000,0.264433333333,0.702250000000),
double3(0.942000000000,0.256733333333,0.537600000000),
double3(0.910350000000,0.275833333333,0.568000000000),
double3(0.909650000000,0.223533333333,0.920050000000),
double3(0.958900000000,0.277566666667,0.750000000000),
double3(0.582100000000,0.094533333333,0.869200000000),
double3(0.558050000000,0.068900000000,0.702250000000),
double3(0.558000000000,0.076600000000,0.537600000000),
double3(0.589650000000,0.057500000000,0.568000000000),
double3(0.590350000000,0.109800000000,0.920050000000),
double3(0.541100000000,0.055766666667,0.750000000000),
double3(0.582100000000,0.072133333333,0.619200000000),
double3(0.558050000000,0.097766666667,0.952250000000),
double3(0.558000000000,0.090066666667,0.787600000000),
double3(0.598150000000,0.166666666667,0.921500000000),
double3(0.500000000000,0.100833333333,0.997800000000),
double3(0.593350000000,0.166666666667,0.813400000000),
double3(0.548150000000,0.166666666667,0.511650000000),
double3(0.589650000000,0.109166666667,0.818000000000),
double3(0.590350000000,0.056866666667,0.670050000000),
double3(0.541100000000,0.110900000000,0.500000000000),
double3(0.917900000000,0.261200000000,0.619200000000),
double3(0.941950000000,0.235566666667,0.952250000000),
double3(0.942000000000,0.243266666667,0.787600000000),
double3(0.901850000000,0.166666666667,0.921500000000),
double3(0.500000000000,0.232500000000,0.997800000000),
double3(0.906650000000,0.166666666667,0.813400000000),
double3(0.951850000000,0.166666666667,0.511650000000),
double3(0.910350000000,0.224166666667,0.818000000000),
double3(0.909650000000,0.276466666667,0.670050000000),
double3(0.958900000000,0.222433333333,0.500000000000),
double3(0.917900000000,0.072133333333,0.619200000000),
double3(0.941950000000,0.097766666667,0.952250000000),
double3(0.942000000000,0.090066666667,0.787600000000),
double3(0.910350000000,0.109166666667,0.818000000000),
double3(0.909650000000,0.056866666667,0.670050000000),
double3(0.958900000000,0.110900000000,0.500000000000),
double3(0.582100000000,0.261200000000,0.619200000000),
double3(0.558050000000,0.235566666667,0.952250000000),
double3(0.558000000000,0.243266666667,0.787600000000),
double3(0.589650000000,0.224166666667,0.818000000000),
double3(0.590350000000,0.276466666667,0.670050000000),
double3(0.541100000000,0.222433333333,0.500000000000),
double3(0.875000000000,0.583333333333,0.052000000000),
double3(0.832100000000,0.572133333333,0.119200000000),
double3(0.808050000000,0.597766666667,0.452250000000),
double3(0.808000000000,0.590066666667,0.287600000000),
double3(0.875000000000,0.583333333333,0.437550000000),
double3(0.848150000000,0.333333333333,0.421500000000),
double3(0.750000000000,0.600833333333,0.497800000000),
double3(0.843350000000,0.333333333333,0.313400000000),
double3(0.798150000000,0.333333333333,0.011650000000),
double3(0.839650000000,0.609166666667,0.318000000000),
double3(0.840350000000,0.556866666667,0.170050000000),
double3(0.791100000000,0.610900000000,0.000000000000),
double3(0.625000000000,0.416666666667,0.052000000000),
double3(0.667900000000,0.427866666667,0.119200000000),
double3(0.691950000000,0.402233333333,0.452250000000),
double3(0.692000000000,0.409933333333,0.287600000000),
double3(0.625000000000,0.416666666667,0.437550000000),
double3(0.651850000000,0.333333333333,0.421500000000),
double3(0.750000000000,0.399166666667,0.497800000000),
double3(0.656650000000,0.333333333333,0.313400000000),
double3(0.701850000000,0.333333333333,0.011650000000),
double3(0.660350000000,0.390833333333,0.318000000000),
double3(0.659650000000,0.443133333333,0.170050000000),
double3(0.708900000000,0.389100000000,0.000000000000),
double3(0.625000000000,0.583333333333,0.052000000000),
double3(0.667900000000,0.572133333333,0.119200000000),
double3(0.691950000000,0.597766666667,0.452250000000),
double3(0.692000000000,0.590066666667,0.287600000000),
double3(0.625000000000,0.583333333333,0.437550000000),
double3(0.660350000000,0.609166666667,0.318000000000),
double3(0.659650000000,0.556866666667,0.170050000000),
double3(0.708900000000,0.610900000000,0.000000000000),
double3(0.875000000000,0.416666666667,0.052000000000),
double3(0.832100000000,0.427866666667,0.119200000000),
double3(0.808050000000,0.402233333333,0.452250000000),
double3(0.808000000000,0.409933333333,0.287600000000),
double3(0.875000000000,0.416666666667,0.437550000000),
double3(0.839650000000,0.390833333333,0.318000000000),
double3(0.840350000000,0.443133333333,0.170050000000),
double3(0.791100000000,0.389100000000,0.000000000000),
double3(0.875000000000,0.416666666667,0.302000000000),
double3(0.832100000000,0.405466666667,0.369200000000),
double3(0.808050000000,0.431100000000,0.202250000000),
double3(0.808000000000,0.423400000000,0.037600000000),
double3(0.875000000000,0.416666666667,0.187550000000),
double3(0.848150000000,0.500000000000,0.171500000000),
double3(0.750000000000,0.434166666667,0.247800000000),
double3(0.843350000000,0.500000000000,0.063400000000),
double3(0.798150000000,0.500000000000,0.261650000000),
double3(0.839650000000,0.442500000000,0.068000000000),
double3(0.840350000000,0.390200000000,0.420050000000),
double3(0.791100000000,0.444233333333,0.250000000000),
double3(0.625000000000,0.583333333333,0.302000000000),
double3(0.667900000000,0.594533333333,0.369200000000),
double3(0.691950000000,0.568900000000,0.202250000000),
double3(0.692000000000,0.576600000000,0.037600000000),
double3(0.625000000000,0.583333333333,0.187550000000),
double3(0.651850000000,0.500000000000,0.171500000000),
double3(0.750000000000,0.565833333333,0.247800000000),
double3(0.656650000000,0.500000000000,0.063400000000),
double3(0.701850000000,0.500000000000,0.261650000000),
double3(0.660350000000,0.557500000000,0.068000000000),
double3(0.659650000000,0.609800000000,0.420050000000),
double3(0.708900000000,0.555766666667,0.250000000000),
double3(0.625000000000,0.416666666667,0.302000000000),
double3(0.667900000000,0.405466666667,0.369200000000),
double3(0.691950000000,0.431100000000,0.202250000000),
double3(0.692000000000,0.423400000000,0.037600000000),
double3(0.625000000000,0.416666666667,0.187550000000),
double3(0.660350000000,0.442500000000,0.068000000000),
double3(0.659650000000,0.390200000000,0.420050000000),
double3(0.708900000000,0.444233333333,0.250000000000),
double3(0.875000000000,0.583333333333,0.302000000000),
double3(0.832100000000,0.594533333333,0.369200000000),
double3(0.808050000000,0.568900000000,0.202250000000),
double3(0.808000000000,0.576600000000,0.037600000000),
double3(0.875000000000,0.583333333333,0.187550000000),
double3(0.839650000000,0.557500000000,0.068000000000),
double3(0.840350000000,0.609800000000,0.420050000000),
double3(0.791100000000,0.555766666667,0.250000000000),
double3(0.582100000000,0.572133333333,0.369200000000),
double3(0.558050000000,0.597766666667,0.202250000000),
double3(0.558000000000,0.590066666667,0.037600000000),
double3(0.598150000000,0.333333333333,0.171500000000),
double3(0.500000000000,0.600833333333,0.247800000000),
double3(0.593350000000,0.333333333333,0.063400000000),
double3(0.548150000000,0.333333333333,0.261650000000),
double3(0.589650000000,0.609166666667,0.068000000000),
double3(0.590350000000,0.556866666667,0.420050000000),
double3(0.541100000000,0.610900000000,0.250000000000),
double3(0.917900000000,0.427866666667,0.369200000000),
double3(0.941950000000,0.402233333333,0.202250000000),
double3(0.942000000000,0.409933333333,0.037600000000),
double3(0.901850000000,0.333333333333,0.171500000000),
double3(0.500000000000,0.399166666667,0.247800000000),
double3(0.906650000000,0.333333333333,0.063400000000),
double3(0.951850000000,0.333333333333,0.261650000000),
double3(0.910350000000,0.390833333333,0.068000000000),
double3(0.909650000000,0.443133333333,0.420050000000),
double3(0.958900000000,0.389100000000,0.250000000000),
double3(0.917900000000,0.572133333333,0.369200000000),
double3(0.941950000000,0.597766666667,0.202250000000),
double3(0.942000000000,0.590066666667,0.037600000000),
double3(0.910350000000,0.609166666667,0.068000000000),
double3(0.909650000000,0.556866666667,0.420050000000),
double3(0.958900000000,0.610900000000,0.250000000000),
double3(0.582100000000,0.427866666667,0.369200000000),
double3(0.558050000000,0.402233333333,0.202250000000),
double3(0.558000000000,0.409933333333,0.037600000000),
double3(0.589650000000,0.390833333333,0.068000000000),
double3(0.590350000000,0.443133333333,0.420050000000),
double3(0.541100000000,0.389100000000,0.250000000000),
double3(0.582100000000,0.405466666667,0.119200000000),
double3(0.558050000000,0.431100000000,0.452250000000),
double3(0.558000000000,0.423400000000,0.287600000000),
double3(0.598150000000,0.500000000000,0.421500000000),
double3(0.500000000000,0.434166666667,0.497800000000),
double3(0.593350000000,0.500000000000,0.313400000000),
double3(0.548150000000,0.500000000000,0.011650000000),
double3(0.589650000000,0.442500000000,0.318000000000),
double3(0.590350000000,0.390200000000,0.170050000000),
double3(0.541100000000,0.444233333333,0.000000000000),
double3(0.917900000000,0.594533333333,0.119200000000),
double3(0.941950000000,0.568900000000,0.452250000000),
double3(0.942000000000,0.576600000000,0.287600000000),
double3(0.901850000000,0.500000000000,0.421500000000),
double3(0.500000000000,0.565833333333,0.497800000000),
double3(0.906650000000,0.500000000000,0.313400000000),
double3(0.951850000000,0.500000000000,0.011650000000),
double3(0.910350000000,0.557500000000,0.318000000000),
double3(0.909650000000,0.609800000000,0.170050000000),
double3(0.958900000000,0.555766666667,0.000000000000),
double3(0.917900000000,0.405466666667,0.119200000000),
double3(0.941950000000,0.431100000000,0.452250000000),
double3(0.942000000000,0.423400000000,0.287600000000),
double3(0.910350000000,0.442500000000,0.318000000000),
double3(0.909650000000,0.390200000000,0.170050000000),
double3(0.958900000000,0.444233333333,0.000000000000),
double3(0.582100000000,0.594533333333,0.119200000000),
double3(0.558050000000,0.568900000000,0.452250000000),
double3(0.558000000000,0.576600000000,0.287600000000),
double3(0.589650000000,0.557500000000,0.318000000000),
double3(0.590350000000,0.609800000000,0.170050000000),
double3(0.541100000000,0.555766666667,0.000000000000),
double3(0.875000000000,0.583333333333,0.552000000000),
double3(0.832100000000,0.572133333333,0.619200000000),
double3(0.808050000000,0.597766666667,0.952250000000),
double3(0.808000000000,0.590066666667,0.787600000000),
double3(0.875000000000,0.583333333333,0.937550000000),
double3(0.848150000000,0.333333333333,0.921500000000),
double3(0.750000000000,0.600833333333,0.997800000000),
double3(0.843350000000,0.333333333333,0.813400000000),
double3(0.798150000000,0.333333333333,0.511650000000),
double3(0.839650000000,0.609166666667,0.818000000000),
double3(0.840350000000,0.556866666667,0.670050000000),
double3(0.791100000000,0.610900000000,0.500000000000),
double3(0.625000000000,0.416666666667,0.552000000000),
double3(0.667900000000,0.427866666667,0.619200000000),
double3(0.691950000000,0.402233333333,0.952250000000),
double3(0.692000000000,0.409933333333,0.787600000000),
double3(0.625000000000,0.416666666667,0.937550000000),
double3(0.651850000000,0.333333333333,0.921500000000),
double3(0.750000000000,0.399166666667,0.997800000000),
double3(0.656650000000,0.333333333333,0.813400000000),
double3(0.701850000000,0.333333333333,0.511650000000),
double3(0.660350000000,0.390833333333,0.818000000000),
double3(0.659650000000,0.443133333333,0.670050000000),
double3(0.708900000000,0.389100000000,0.500000000000),
double3(0.625000000000,0.583333333333,0.552000000000),
double3(0.667900000000,0.572133333333,0.619200000000),
double3(0.691950000000,0.597766666667,0.952250000000),
double3(0.692000000000,0.590066666667,0.787600000000),
double3(0.625000000000,0.583333333333,0.937550000000),
double3(0.660350000000,0.609166666667,0.818000000000),
double3(0.659650000000,0.556866666667,0.670050000000),
double3(0.708900000000,0.610900000000,0.500000000000),
double3(0.875000000000,0.416666666667,0.552000000000),
double3(0.832100000000,0.427866666667,0.619200000000),
double3(0.808050000000,0.402233333333,0.952250000000),
double3(0.808000000000,0.409933333333,0.787600000000),
double3(0.875000000000,0.416666666667,0.937550000000),
double3(0.839650000000,0.390833333333,0.818000000000),
double3(0.840350000000,0.443133333333,0.670050000000),
double3(0.791100000000,0.389100000000,0.500000000000),
double3(0.875000000000,0.416666666667,0.802000000000),
double3(0.832100000000,0.405466666667,0.869200000000),
double3(0.808050000000,0.431100000000,0.702250000000),
double3(0.808000000000,0.423400000000,0.537600000000),
double3(0.875000000000,0.416666666667,0.687550000000),
double3(0.848150000000,0.500000000000,0.671500000000),
double3(0.750000000000,0.434166666667,0.747800000000),
double3(0.843350000000,0.500000000000,0.563400000000),
double3(0.798150000000,0.500000000000,0.761650000000),
double3(0.839650000000,0.442500000000,0.568000000000),
double3(0.840350000000,0.390200000000,0.920050000000),
double3(0.791100000000,0.444233333333,0.750000000000),
double3(0.625000000000,0.583333333333,0.802000000000),
double3(0.667900000000,0.594533333333,0.869200000000),
double3(0.691950000000,0.568900000000,0.702250000000),
double3(0.692000000000,0.576600000000,0.537600000000),
double3(0.625000000000,0.583333333333,0.687550000000),
double3(0.651850000000,0.500000000000,0.671500000000),
double3(0.750000000000,0.565833333333,0.747800000000),
double3(0.656650000000,0.500000000000,0.563400000000),
double3(0.701850000000,0.500000000000,0.761650000000),
double3(0.660350000000,0.557500000000,0.568000000000),
double3(0.659650000000,0.609800000000,0.920050000000),
double3(0.708900000000,0.555766666667,0.750000000000),
double3(0.625000000000,0.416666666667,0.802000000000),
double3(0.667900000000,0.405466666667,0.869200000000),
double3(0.691950000000,0.431100000000,0.702250000000),
double3(0.692000000000,0.423400000000,0.537600000000),
double3(0.625000000000,0.416666666667,0.687550000000),
double3(0.660350000000,0.442500000000,0.568000000000),
double3(0.659650000000,0.390200000000,0.920050000000),
double3(0.708900000000,0.444233333333,0.750000000000),
double3(0.875000000000,0.583333333333,0.802000000000),
double3(0.832100000000,0.594533333333,0.869200000000),
double3(0.808050000000,0.568900000000,0.702250000000),
double3(0.808000000000,0.576600000000,0.537600000000),
double3(0.875000000000,0.583333333333,0.687550000000),
double3(0.839650000000,0.557500000000,0.568000000000),
double3(0.840350000000,0.609800000000,0.920050000000),
double3(0.791100000000,0.555766666667,0.750000000000),
double3(0.582100000000,0.572133333333,0.869200000000),
double3(0.558050000000,0.597766666667,0.702250000000),
double3(0.558000000000,0.590066666667,0.537600000000),
double3(0.598150000000,0.333333333333,0.671500000000),
double3(0.500000000000,0.600833333333,0.747800000000),
double3(0.593350000000,0.333333333333,0.563400000000),
double3(0.548150000000,0.333333333333,0.761650000000),
double3(0.589650000000,0.609166666667,0.568000000000),
double3(0.590350000000,0.556866666667,0.920050000000),
double3(0.541100000000,0.610900000000,0.750000000000),
double3(0.917900000000,0.427866666667,0.869200000000),
double3(0.941950000000,0.402233333333,0.702250000000),
double3(0.942000000000,0.409933333333,0.537600000000),
double3(0.901850000000,0.333333333333,0.671500000000),
double3(0.500000000000,0.399166666667,0.747800000000),
double3(0.906650000000,0.333333333333,0.563400000000),
double3(0.951850000000,0.333333333333,0.761650000000),
double3(0.910350000000,0.390833333333,0.568000000000),
double3(0.909650000000,0.443133333333,0.920050000000),
double3(0.958900000000,0.389100000000,0.750000000000),
double3(0.917900000000,0.572133333333,0.869200000000),
double3(0.941950000000,0.597766666667,0.702250000000),
double3(0.942000000000,0.590066666667,0.537600000000),
double3(0.910350000000,0.609166666667,0.568000000000),
double3(0.909650000000,0.556866666667,0.920050000000),
double3(0.958900000000,0.610900000000,0.750000000000),
double3(0.582100000000,0.427866666667,0.869200000000),
double3(0.558050000000,0.402233333333,0.702250000000),
double3(0.558000000000,0.409933333333,0.537600000000),
double3(0.589650000000,0.390833333333,0.568000000000),
double3(0.590350000000,0.443133333333,0.920050000000),
double3(0.541100000000,0.389100000000,0.750000000000),
double3(0.582100000000,0.405466666667,0.619200000000),
double3(0.558050000000,0.431100000000,0.952250000000),
double3(0.558000000000,0.423400000000,0.787600000000),
double3(0.598150000000,0.500000000000,0.921500000000),
double3(0.500000000000,0.434166666667,0.997800000000),
double3(0.593350000000,0.500000000000,0.813400000000),
double3(0.548150000000,0.500000000000,0.511650000000),
double3(0.589650000000,0.442500000000,0.818000000000),
double3(0.590350000000,0.390200000000,0.670050000000),
double3(0.541100000000,0.444233333333,0.500000000000),
double3(0.917900000000,0.594533333333,0.619200000000),
double3(0.941950000000,0.568900000000,0.952250000000),
double3(0.942000000000,0.576600000000,0.787600000000),
double3(0.901850000000,0.500000000000,0.921500000000),
double3(0.500000000000,0.565833333333,0.997800000000),
double3(0.906650000000,0.500000000000,0.813400000000),
double3(0.951850000000,0.500000000000,0.511650000000),
double3(0.910350000000,0.557500000000,0.818000000000),
double3(0.909650000000,0.609800000000,0.670050000000),
double3(0.958900000000,0.555766666667,0.500000000000),
double3(0.917900000000,0.405466666667,0.619200000000),
double3(0.941950000000,0.431100000000,0.952250000000),
double3(0.942000000000,0.423400000000,0.787600000000),
double3(0.910350000000,0.442500000000,0.818000000000),
double3(0.909650000000,0.390200000000,0.670050000000),
double3(0.958900000000,0.444233333333,0.500000000000),
double3(0.582100000000,0.594533333333,0.619200000000),
double3(0.558050000000,0.568900000000,0.952250000000),
double3(0.558000000000,0.576600000000,0.787600000000),
double3(0.589650000000,0.557500000000,0.818000000000),
double3(0.590350000000,0.609800000000,0.670050000000),
double3(0.541100000000,0.555766666667,0.500000000000),
double3(0.875000000000,0.916666666667,0.052000000000),
double3(0.832100000000,0.905466666667,0.119200000000),
double3(0.808050000000,0.931100000000,0.452250000000),
double3(0.808000000000,0.923400000000,0.287600000000),
double3(0.875000000000,0.916666666667,0.437550000000),
double3(0.848150000000,0.666666666667,0.421500000000),
double3(0.750000000000,0.934166666667,0.497800000000),
double3(0.843350000000,0.666666666667,0.313400000000),
double3(0.798150000000,0.666666666667,0.011650000000),
double3(0.839650000000,0.942500000000,0.318000000000),
double3(0.840350000000,0.890200000000,0.170050000000),
double3(0.791100000000,0.944233333333,0.000000000000),
double3(0.625000000000,0.750000000000,0.052000000000),
double3(0.667900000000,0.761200000000,0.119200000000),
double3(0.691950000000,0.735566666667,0.452250000000),
double3(0.692000000000,0.743266666667,0.287600000000),
double3(0.625000000000,0.750000000000,0.437550000000),
double3(0.651850000000,0.666666666667,0.421500000000),
double3(0.750000000000,0.732500000000,0.497800000000),
double3(0.656650000000,0.666666666667,0.313400000000),
double3(0.701850000000,0.666666666667,0.011650000000),
double3(0.660350000000,0.724166666667,0.318000000000),
double3(0.659650000000,0.776466666667,0.170050000000),
double3(0.708900000000,0.722433333333,0.000000000000),
double3(0.625000000000,0.916666666667,0.052000000000),
double3(0.667900000000,0.905466666667,0.119200000000),
double3(0.691950000000,0.931100000000,0.452250000000),
double3(0.692000000000,0.923400000000,0.287600000000),
double3(0.625000000000,0.916666666667,0.437550000000),
double3(0.660350000000,0.942500000000,0.318000000000),
double3(0.659650000000,0.890200000000,0.170050000000),
double3(0.708900000000,0.944233333333,0.000000000000),
double3(0.875000000000,0.750000000000,0.052000000000),
double3(0.832100000000,0.761200000000,0.119200000000),
double3(0.808050000000,0.735566666667,0.452250000000),
double3(0.808000000000,0.743266666667,0.287600000000),
double3(0.875000000000,0.750000000000,0.437550000000),
double3(0.839650000000,0.724166666667,0.318000000000),
double3(0.840350000000,0.776466666667,0.170050000000),
double3(0.791100000000,0.722433333333,0.000000000000),
double3(0.875000000000,0.750000000000,0.302000000000),
double3(0.832100000000,0.738800000000,0.369200000000),
double3(0.808050000000,0.764433333333,0.202250000000),
double3(0.808000000000,0.756733333333,0.037600000000),
double3(0.875000000000,0.750000000000,0.187550000000),
double3(0.848150000000,0.833333333333,0.171500000000),
double3(0.750000000000,0.767500000000,0.247800000000),
double3(0.843350000000,0.833333333333,0.063400000000),
double3(0.798150000000,0.833333333333,0.261650000000),
double3(0.839650000000,0.775833333333,0.068000000000),
double3(0.840350000000,0.723533333333,0.420050000000),
double3(0.791100000000,0.777566666667,0.250000000000),
double3(0.625000000000,0.916666666667,0.302000000000),
double3(0.667900000000,0.927866666667,0.369200000000),
double3(0.691950000000,0.902233333333,0.202250000000),
double3(0.692000000000,0.909933333333,0.037600000000),
double3(0.625000000000,0.916666666667,0.187550000000),
double3(0.651850000000,0.833333333333,0.171500000000),
double3(0.750000000000,0.899166666667,0.247800000000),
double3(0.656650000000,0.833333333333,0.063400000000),
double3(0.701850000000,0.833333333333,0.261650000000),
double3(0.660350000000,0.890833333333,0.068000000000),
double3(0.659650000000,0.943133333333,0.420050000000),
double3(0.708900000000,0.889100000000,0.250000000000),
double3(0.625000000000,0.750000000000,0.302000000000),
double3(0.667900000000,0.738800000000,0.369200000000),
double3(0.691950000000,0.764433333333,0.202250000000),
double3(0.692000000000,0.756733333333,0.037600000000),
double3(0.625000000000,0.750000000000,0.187550000000),
double3(0.660350000000,0.775833333333,0.068000000000),
double3(0.659650000000,0.723533333333,0.420050000000),
double3(0.708900000000,0.777566666667,0.250000000000),
double3(0.875000000000,0.916666666667,0.302000000000),
double3(0.832100000000,0.927866666667,0.369200000000),
double3(0.808050000000,0.902233333333,0.202250000000),
double3(0.808000000000,0.909933333333,0.037600000000),
double3(0.875000000000,0.916666666667,0.187550000000),
double3(0.839650000000,0.890833333333,0.068000000000),
double3(0.840350000000,0.943133333333,0.420050000000),
double3(0.791100000000,0.889100000000,0.250000000000),
double3(0.582100000000,0.905466666667,0.369200000000),
double3(0.558050000000,0.931100000000,0.202250000000),
double3(0.558000000000,0.923400000000,0.037600000000),
double3(0.598150000000,0.666666666667,0.171500000000),
double3(0.500000000000,0.934166666667,0.247800000000),
double3(0.593350000000,0.666666666667,0.063400000000),
double3(0.548150000000,0.666666666667,0.261650000000),
double3(0.589650000000,0.942500000000,0.068000000000),
double3(0.590350000000,0.890200000000,0.420050000000),
double3(0.541100000000,0.944233333333,0.250000000000),
double3(0.917900000000,0.761200000000,0.369200000000),
double3(0.941950000000,0.735566666667,0.202250000000),
double3(0.942000000000,0.743266666667,0.037600000000),
double3(0.901850000000,0.666666666667,0.171500000000),
double3(0.500000000000,0.732500000000,0.247800000000),
double3(0.906650000000,0.666666666667,0.063400000000),
double3(0.951850000000,0.666666666667,0.261650000000),
double3(0.910350000000,0.724166666667,0.068000000000),
double3(0.909650000000,0.776466666667,0.420050000000),
double3(0.958900000000,0.722433333333,0.250000000000),
double3(0.917900000000,0.905466666667,0.369200000000),
double3(0.941950000000,0.931100000000,0.202250000000),
double3(0.942000000000,0.923400000000,0.037600000000),
double3(0.910350000000,0.942500000000,0.068000000000),
double3(0.909650000000,0.890200000000,0.420050000000),
double3(0.958900000000,0.944233333333,0.250000000000),
double3(0.582100000000,0.761200000000,0.369200000000),
double3(0.558050000000,0.735566666667,0.202250000000),
double3(0.558000000000,0.743266666667,0.037600000000),
double3(0.589650000000,0.724166666667,0.068000000000),
double3(0.590350000000,0.776466666667,0.420050000000),
double3(0.541100000000,0.722433333333,0.250000000000),
double3(0.582100000000,0.738800000000,0.119200000000),
double3(0.558050000000,0.764433333333,0.452250000000),
double3(0.558000000000,0.756733333333,0.287600000000),
double3(0.598150000000,0.833333333333,0.421500000000),
double3(0.500000000000,0.767500000000,0.497800000000),
double3(0.593350000000,0.833333333333,0.313400000000),
double3(0.548150000000,0.833333333333,0.011650000000),
double3(0.589650000000,0.775833333333,0.318000000000),
double3(0.590350000000,0.723533333333,0.170050000000),
double3(0.541100000000,0.777566666667,0.000000000000),
double3(0.917900000000,0.927866666667,0.119200000000),
double3(0.941950000000,0.902233333333,0.452250000000),
double3(0.942000000000,0.909933333333,0.287600000000),
double3(0.901850000000,0.833333333333,0.421500000000),
double3(0.500000000000,0.899166666667,0.497800000000),
double3(0.906650000000,0.833333333333,0.313400000000),
double3(0.951850000000,0.833333333333,0.011650000000),
double3(0.910350000000,0.890833333333,0.318000000000),
double3(0.909650000000,0.943133333333,0.170050000000),
double3(0.958900000000,0.889100000000,0.000000000000),
double3(0.917900000000,0.738800000000,0.119200000000),
double3(0.941950000000,0.764433333333,0.452250000000),
double3(0.942000000000,0.756733333333,0.287600000000),
double3(0.910350000000,0.775833333333,0.318000000000),
double3(0.909650000000,0.723533333333,0.170050000000),
double3(0.958900000000,0.777566666667,0.000000000000),
double3(0.582100000000,0.927866666667,0.119200000000),
double3(0.558050000000,0.902233333333,0.452250000000),
double3(0.558000000000,0.909933333333,0.287600000000),
double3(0.589650000000,0.890833333333,0.318000000000),
double3(0.590350000000,0.943133333333,0.170050000000),
double3(0.541100000000,0.889100000000,0.000000000000),
double3(0.875000000000,0.916666666667,0.552000000000),
double3(0.832100000000,0.905466666667,0.619200000000),
double3(0.808050000000,0.931100000000,0.952250000000),
double3(0.808000000000,0.923400000000,0.787600000000),
double3(0.875000000000,0.916666666667,0.937550000000),
double3(0.848150000000,0.666666666667,0.921500000000),
double3(0.750000000000,0.934166666667,0.997800000000),
double3(0.843350000000,0.666666666667,0.813400000000),
double3(0.798150000000,0.666666666667,0.511650000000),
double3(0.839650000000,0.942500000000,0.818000000000),
double3(0.840350000000,0.890200000000,0.670050000000),
double3(0.791100000000,0.944233333333,0.500000000000),
double3(0.625000000000,0.750000000000,0.552000000000),
double3(0.667900000000,0.761200000000,0.619200000000),
double3(0.691950000000,0.735566666667,0.952250000000),
double3(0.692000000000,0.743266666667,0.787600000000),
double3(0.625000000000,0.750000000000,0.937550000000),
double3(0.651850000000,0.666666666667,0.921500000000),
double3(0.750000000000,0.732500000000,0.997800000000),
double3(0.656650000000,0.666666666667,0.813400000000),
double3(0.701850000000,0.666666666667,0.511650000000),
double3(0.660350000000,0.724166666667,0.818000000000),
double3(0.659650000000,0.776466666667,0.670050000000),
double3(0.708900000000,0.722433333333,0.500000000000),
double3(0.625000000000,0.916666666667,0.552000000000),
double3(0.667900000000,0.905466666667,0.619200000000),
double3(0.691950000000,0.931100000000,0.952250000000),
double3(0.692000000000,0.923400000000,0.787600000000),
double3(0.625000000000,0.916666666667,0.937550000000),
double3(0.660350000000,0.942500000000,0.818000000000),
double3(0.659650000000,0.890200000000,0.670050000000),
double3(0.708900000000,0.944233333333,0.500000000000),
double3(0.875000000000,0.750000000000,0.552000000000),
double3(0.832100000000,0.761200000000,0.619200000000),
double3(0.808050000000,0.735566666667,0.952250000000),
double3(0.808000000000,0.743266666667,0.787600000000),
double3(0.875000000000,0.750000000000,0.937550000000),
double3(0.839650000000,0.724166666667,0.818000000000),
double3(0.840350000000,0.776466666667,0.670050000000),
double3(0.791100000000,0.722433333333,0.500000000000),
double3(0.875000000000,0.750000000000,0.802000000000),
double3(0.832100000000,0.738800000000,0.869200000000),
double3(0.808050000000,0.764433333333,0.702250000000),
double3(0.808000000000,0.756733333333,0.537600000000),
double3(0.875000000000,0.750000000000,0.687550000000),
double3(0.848150000000,0.833333333333,0.671500000000),
double3(0.750000000000,0.767500000000,0.747800000000),
double3(0.843350000000,0.833333333333,0.563400000000),
double3(0.798150000000,0.833333333333,0.761650000000),
double3(0.839650000000,0.775833333333,0.568000000000),
double3(0.840350000000,0.723533333333,0.920050000000),
double3(0.791100000000,0.777566666667,0.750000000000),
double3(0.625000000000,0.916666666667,0.802000000000),
double3(0.667900000000,0.927866666667,0.869200000000),
double3(0.691950000000,0.902233333333,0.702250000000),
double3(0.692000000000,0.909933333333,0.537600000000),
double3(0.625000000000,0.916666666667,0.687550000000),
double3(0.651850000000,0.833333333333,0.671500000000),
double3(0.750000000000,0.899166666667,0.747800000000),
double3(0.656650000000,0.833333333333,0.563400000000),
double3(0.701850000000,0.833333333333,0.761650000000),
double3(0.660350000000,0.890833333333,0.568000000000),
double3(0.659650000000,0.943133333333,0.920050000000),
double3(0.708900000000,0.889100000000,0.750000000000),
double3(0.625000000000,0.750000000000,0.802000000000),
double3(0.667900000000,0.738800000000,0.869200000000),
double3(0.691950000000,0.764433333333,0.702250000000),
double3(0.692000000000,0.756733333333,0.537600000000),
double3(0.625000000000,0.750000000000,0.687550000000),
double3(0.660350000000,0.775833333333,0.568000000000),
double3(0.659650000000,0.723533333333,0.920050000000),
double3(0.708900000000,0.777566666667,0.750000000000),
double3(0.875000000000,0.916666666667,0.802000000000),
double3(0.832100000000,0.927866666667,0.869200000000),
double3(0.808050000000,0.902233333333,0.702250000000),
double3(0.808000000000,0.909933333333,0.537600000000),
double3(0.875000000000,0.916666666667,0.687550000000),
double3(0.839650000000,0.890833333333,0.568000000000),
double3(0.840350000000,0.943133333333,0.920050000000),
double3(0.791100000000,0.889100000000,0.750000000000),
double3(0.582100000000,0.905466666667,0.869200000000),
double3(0.558050000000,0.931100000000,0.702250000000),
double3(0.558000000000,0.923400000000,0.537600000000),
double3(0.598150000000,0.666666666667,0.671500000000),
double3(0.500000000000,0.934166666667,0.747800000000),
double3(0.593350000000,0.666666666667,0.563400000000),
double3(0.548150000000,0.666666666667,0.761650000000),
double3(0.589650000000,0.942500000000,0.568000000000),
double3(0.590350000000,0.890200000000,0.920050000000),
double3(0.541100000000,0.944233333333,0.750000000000),
double3(0.917900000000,0.761200000000,0.869200000000),
double3(0.941950000000,0.735566666667,0.702250000000),
double3(0.942000000000,0.743266666667,0.537600000000),
double3(0.901850000000,0.666666666667,0.671500000000),
double3(0.500000000000,0.732500000000,0.747800000000),
double3(0.906650000000,0.666666666667,0.563400000000),
double3(0.951850000000,0.666666666667,0.761650000000),
double3(0.910350000000,0.724166666667,0.568000000000),
double3(0.909650000000,0.776466666667,0.920050000000),
double3(0.958900000000,0.722433333333,0.750000000000),
double3(0.917900000000,0.905466666667,0.869200000000),
double3(0.941950000000,0.931100000000,0.702250000000),
double3(0.942000000000,0.923400000000,0.537600000000),
double3(0.910350000000,0.942500000000,0.568000000000),
double3(0.909650000000,0.890200000000,0.920050000000),
double3(0.958900000000,0.944233333333,0.750000000000),
double3(0.582100000000,0.761200000000,0.869200000000),
double3(0.558050000000,0.735566666667,0.702250000000),
double3(0.558000000000,0.743266666667,0.537600000000),
double3(0.589650000000,0.724166666667,0.568000000000),
double3(0.590350000000,0.776466666667,0.920050000000),
double3(0.541100000000,0.722433333333,0.750000000000),
double3(0.582100000000,0.738800000000,0.619200000000),
double3(0.558050000000,0.764433333333,0.952250000000),
double3(0.558000000000,0.756733333333,0.787600000000),
double3(0.598150000000,0.833333333333,0.921500000000),
double3(0.500000000000,0.767500000000,0.997800000000),
double3(0.593350000000,0.833333333333,0.813400000000),
double3(0.548150000000,0.833333333333,0.511650000000),
double3(0.589650000000,0.775833333333,0.818000000000),
double3(0.590350000000,0.723533333333,0.670050000000),
double3(0.541100000000,0.777566666667,0.500000000000),
double3(0.917900000000,0.927866666667,0.619200000000),
double3(0.941950000000,0.902233333333,0.952250000000),
double3(0.942000000000,0.909933333333,0.787600000000),
double3(0.901850000000,0.833333333333,0.921500000000),
double3(0.500000000000,0.899166666667,0.997800000000),
double3(0.906650000000,0.833333333333,0.813400000000),
double3(0.951850000000,0.833333333333,0.511650000000),
double3(0.910350000000,0.890833333333,0.818000000000),
double3(0.909650000000,0.943133333333,0.670050000000),
double3(0.958900000000,0.889100000000,0.500000000000),
double3(0.917900000000,0.738800000000,0.619200000000),
double3(0.941950000000,0.764433333333,0.952250000000),
double3(0.942000000000,0.756733333333,0.787600000000),
double3(0.910350000000,0.775833333333,0.818000000000),
double3(0.909650000000,0.723533333333,0.670050000000),
double3(0.958900000000,0.777566666667,0.500000000000),
double3(0.582100000000,0.927866666667,0.619200000000),
double3(0.558050000000,0.902233333333,0.952250000000),
double3(0.558000000000,0.909933333333,0.787600000000),
double3(0.589650000000,0.890833333333,0.818000000000),
double3(0.590350000000,0.943133333333,0.670050000000),
double3(0.541100000000,0.889100000000,0.500000000000),
