[double3(8.621000000000,0.000000000000,0.000000000000),double3(0.000000000000,8.621000000000,0.000000000000),double3(0.000000000000,0.000000000000,27.544000000000)]

double3(0.046233333333,0.284566666667,0.034000000000),
double3(0.312466666667,0.214300000000,0.059600000000),
double3(0.016900000000,0.277500000000,0.125600000000),
double3(0.119700000000,0.285500000000,0.283800000000),
double3(0.312566666667,0.214533333333,0.191600000000),
double3(0.331966666667,0.272333333333,0.069900000000),
double3(0.272666666667,0.168033333333,0.181200000000),
double3(0.083333333333,0.250000000000,0.000000000000),
double3(0.083333333333,0.250000000000,0.250000000000),
double3(0.215433333333,0.046233333333,0.034000000000),
double3(0.285700000000,0.312466666667,0.059600000000),
double3(0.222500000000,0.016900000000,0.125600000000),
double3(0.214500000000,0.119700000000,0.283800000000),
double3(0.285466666667,0.312566666667,0.191600000000),
double3(0.227666666667,0.331966666667,0.069900000000),
double3(0.331966666667,0.272666666667,0.181200000000),
double3(0.250000000000,0.083333333333,0.000000000000),
double3(0.250000000000,0.083333333333,0.250000000000),
double3(0.120433333333,0.215433333333,0.034000000000),
double3(0.187533333333,0.285700000000,0.059600000000),
double3(0.149766666667,0.222500000000,0.125600000000),
double3(0.046966666667,0.214500000000,0.283800000000),
double3(0.187433333333,0.285466666667,0.191600000000),
double3(0.168033333333,0.227666666667,0.069900000000),
double3(0.227333333333,0.331966666667,0.181200000000),
double3(0.284566666667,0.120433333333,0.034000000000),
double3(0.214300000000,0.187533333333,0.059600000000),
double3(0.277500000000,0.149766666667,0.125600000000),
double3(0.285500000000,0.046966666667,0.283800000000),
double3(0.214533333333,0.187433333333,0.191600000000),
double3(0.272333333333,0.168033333333,0.069900000000),
double3(0.168033333333,0.227333333333,0.181200000000),
double3(0.046233333333,0.215433333333,0.466000000000),
double3(0.312466666667,0.285700000000,0.440400000000),
double3(0.016900000000,0.222500000000,0.374400000000),
double3(0.119700000000,0.214500000000,0.216200000000),
double3(0.312566666667,0.285466666667,0.308400000000),
double3(0.331966666667,0.227666666667,0.430100000000),
double3(0.272666666667,0.331966666667,0.318800000000),
double3(0.083333333333,0.250000000000,0.500000000000),
double3(0.284566666667,0.046233333333,0.466000000000),
double3(0.214300000000,0.312466666667,0.440400000000),
double3(0.277500000000,0.016900000000,0.374400000000),
double3(0.285500000000,0.119700000000,0.216200000000),
double3(0.214533333333,0.312566666667,0.308400000000),
double3(0.272333333333,0.331966666667,0.430100000000),
double3(0.168033333333,0.272666666667,0.318800000000),
double3(0.250000000000,0.083333333333,0.500000000000),
double3(0.120433333333,0.284566666667,0.466000000000),
double3(0.187533333333,0.214300000000,0.440400000000),
double3(0.149766666667,0.277500000000,0.374400000000),
double3(0.046966666667,0.285500000000,0.216200000000),
double3(0.187433333333,0.214533333333,0.308400000000),
double3(0.168033333333,0.272333333333,0.430100000000),
double3(0.227333333333,0.168033333333,0.318800000000),
double3(0.215433333333,0.120433333333,0.466000000000),
double3(0.285700000000,0.187533333333,0.440400000000),
double3(0.222500000000,0.149766666667,0.374400000000),
double3(0.214500000000,0.046966666667,0.216200000000),
double3(0.285466666667,0.187433333333,0.308400000000),
double3(0.227666666667,0.168033333333,0.430100000000),
double3(0.331966666667,0.227333333333,0.318800000000),
double3(0.287100000000,0.048766666667,0.966000000000),
double3(0.020866666667,0.119033333333,0.940400000000),
double3(0.316433333333,0.055833333333,0.874400000000),
double3(0.213633333333,0.047833333333,0.716200000000),
double3(0.020766666667,0.118800000000,0.808400000000),
double3(0.001366666667,0.061000000000,0.930100000000),
double3(0.060666666667,0.165300000000,0.818800000000),
double3(0.250000000000,0.083333333333,0.750000000000),
double3(0.117900000000,0.287100000000,0.966000000000),
double3(0.047633333333,0.020866666667,0.940400000000),
double3(0.110833333333,0.316433333333,0.874400000000),
double3(0.118833333333,0.213633333333,0.716200000000),
double3(0.047866666667,0.020766666667,0.808400000000),
double3(0.105666666667,0.001366666667,0.930100000000),
double3(0.001366666667,0.060666666667,0.818800000000),
double3(0.083333333333,0.250000000000,0.750000000000),
double3(0.212900000000,0.117900000000,0.966000000000),
double3(0.145800000000,0.047633333333,0.940400000000),
double3(0.183566666667,0.110833333333,0.874400000000),
double3(0.286366666667,0.118833333333,0.716200000000),
double3(0.145900000000,0.047866666667,0.808400000000),
double3(0.165300000000,0.105666666667,0.930100000000),
double3(0.106000000000,0.001366666667,0.818800000000),
double3(0.048766666667,0.212900000000,0.966000000000),
double3(0.119033333333,0.145800000000,0.940400000000),
double3(0.055833333333,0.183566666667,0.874400000000),
double3(0.047833333333,0.286366666667,0.716200000000),
double3(0.118800000000,0.145900000000,0.808400000000),
double3(0.061000000000,0.165300000000,0.930100000000),
double3(0.165300000000,0.106000000000,0.818800000000),
double3(0.287100000000,0.117900000000,0.534000000000),
double3(0.020866666667,0.047633333333,0.559600000000),
double3(0.316433333333,0.110833333333,0.625600000000),
double3(0.213633333333,0.118833333333,0.783800000000),
double3(0.020766666667,0.047866666667,0.691600000000),
double3(0.001366666667,0.105666666667,0.569900000000),
double3(0.060666666667,0.001366666667,0.681200000000),
double3(0.048766666667,0.287100000000,0.534000000000),
double3(0.119033333333,0.020866666667,0.559600000000),
double3(0.055833333333,0.316433333333,0.625600000000),
double3(0.047833333333,0.213633333333,0.783800000000),
double3(0.118800000000,0.020766666667,0.691600000000),
double3(0.061000000000,0.001366666667,0.569900000000),
double3(0.165300000000,0.060666666667,0.681200000000),
double3(0.212900000000,0.048766666667,0.534000000000),
double3(0.145800000000,0.119033333333,0.559600000000),
double3(0.183566666667,0.055833333333,0.625600000000),
double3(0.286366666667,0.047833333333,0.783800000000),
double3(0.145900000000,0.118800000000,0.691600000000),
double3(0.165300000000,0.061000000000,0.569900000000),
double3(0.106000000000,0.165300000000,0.681200000000),
double3(0.117900000000,0.212900000000,0.534000000000),
double3(0.047633333333,0.145800000000,0.559600000000),
double3(0.110833333333,0.183566666667,0.625600000000),
double3(0.118833333333,0.286366666667,0.783800000000),
double3(0.047866666667,0.145900000000,0.691600000000),
double3(0.105666666667,0.165300000000,0.569900000000),
double3(0.001366666667,0.106000000000,0.681200000000),
double3(0.046233333333,0.617900000000,0.034000000000),
double3(0.312466666667,0.547633333333,0.059600000000),
double3(0.016900000000,0.610833333333,0.125600000000),
double3(0.119700000000,0.618833333333,0.283800000000),
double3(0.312566666667,0.547866666667,0.191600000000),
double3(0.331966666667,0.605666666667,0.069900000000),
double3(0.272666666667,0.501366666667,0.181200000000),
double3(0.083333333333,0.583333333333,0.000000000000),
double3(0.083333333333,0.583333333333,0.250000000000),
double3(0.215433333333,0.379566666667,0.034000000000),
double3(0.285700000000,0.645800000000,0.059600000000),
double3(0.222500000000,0.350233333333,0.125600000000),
double3(0.214500000000,0.453033333333,0.283800000000),
double3(0.285466666667,0.645900000000,0.191600000000),
double3(0.227666666667,0.665300000000,0.069900000000),
double3(0.331966666667,0.606000000000,0.181200000000),
double3(0.250000000000,0.416666666667,0.000000000000),
double3(0.250000000000,0.416666666667,0.250000000000),
double3(0.120433333333,0.548766666667,0.034000000000),
double3(0.187533333333,0.619033333333,0.059600000000),
double3(0.149766666667,0.555833333333,0.125600000000),
double3(0.046966666667,0.547833333333,0.283800000000),
double3(0.187433333333,0.618800000000,0.191600000000),
double3(0.168033333333,0.561000000000,0.069900000000),
double3(0.227333333333,0.665300000000,0.181200000000),
double3(0.284566666667,0.453766666667,0.034000000000),
double3(0.214300000000,0.520866666667,0.059600000000),
double3(0.277500000000,0.483100000000,0.125600000000),
double3(0.285500000000,0.380300000000,0.283800000000),
double3(0.214533333333,0.520766666667,0.191600000000),
double3(0.272333333333,0.501366666667,0.069900000000),
double3(0.168033333333,0.560666666667,0.181200000000),
double3(0.046233333333,0.548766666667,0.466000000000),
double3(0.312466666667,0.619033333333,0.440400000000),
double3(0.016900000000,0.555833333333,0.374400000000),
double3(0.119700000000,0.547833333333,0.216200000000),
double3(0.312566666667,0.618800000000,0.308400000000),
double3(0.331966666667,0.561000000000,0.430100000000),
double3(0.272666666667,0.665300000000,0.318800000000),
double3(0.083333333333,0.583333333333,0.500000000000),
double3(0.284566666667,0.379566666667,0.466000000000),
double3(0.214300000000,0.645800000000,0.440400000000),
double3(0.277500000000,0.350233333333,0.374400000000),
double3(0.285500000000,0.453033333333,0.216200000000),
double3(0.214533333333,0.645900000000,0.308400000000),
double3(0.272333333333,0.665300000000,0.430100000000),
double3(0.168033333333,0.606000000000,0.318800000000),
double3(0.250000000000,0.416666666667,0.500000000000),
double3(0.120433333333,0.617900000000,0.466000000000),
double3(0.187533333333,0.547633333333,0.440400000000),
double3(0.149766666667,0.610833333333,0.374400000000),
double3(0.046966666667,0.618833333333,0.216200000000),
double3(0.187433333333,0.547866666667,0.308400000000),
double3(0.168033333333,0.605666666667,0.430100000000),
double3(0.227333333333,0.501366666667,0.318800000000),
double3(0.215433333333,0.453766666667,0.466000000000),
double3(0.285700000000,0.520866666667,0.440400000000),
double3(0.222500000000,0.483100000000,0.374400000000),
double3(0.214500000000,0.380300000000,0.216200000000),
double3(0.285466666667,0.520766666667,0.308400000000),
double3(0.227666666667,0.501366666667,0.430100000000),
double3(0.331966666667,0.560666666667,0.318800000000),
double3(0.287100000000,0.382100000000,0.966000000000),
double3(0.020866666667,0.452366666667,0.940400000000),
double3(0.316433333333,0.389166666667,0.874400000000),
double3(0.213633333333,0.381166666667,0.716200000000),
double3(0.020766666667,0.452133333333,0.808400000000),
double3(0.001366666667,0.394333333333,0.930100000000),
double3(0.060666666667,0.498633333333,0.818800000000),
double3(0.250000000000,0.416666666667,0.750000000000),
double3(0.117900000000,0.620433333333,0.966000000000),
double3(0.047633333333,0.354200000000,0.940400000000),
double3(0.110833333333,0.649766666667,0.874400000000),
double3(0.118833333333,0.546966666667,0.716200000000),
double3(0.047866666667,0.354100000000,0.808400000000),
double3(0.105666666667,0.334700000000,0.930100000000),
double3(0.001366666667,0.394000000000,0.818800000000),
double3(0.083333333333,0.583333333333,0.750000000000),
double3(0.212900000000,0.451233333333,0.966000000000),
double3(0.145800000000,0.380966666667,0.940400000000),
double3(0.183566666667,0.444166666667,0.874400000000),
double3(0.286366666667,0.452166666667,0.716200000000),
double3(0.145900000000,0.381200000000,0.808400000000),
double3(0.165300000000,0.439000000000,0.930100000000),
double3(0.106000000000,0.334700000000,0.818800000000),
double3(0.048766666667,0.546233333333,0.966000000000),
double3(0.119033333333,0.479133333333,0.940400000000),
double3(0.055833333333,0.516900000000,0.874400000000),
double3(0.047833333333,0.619700000000,0.716200000000),
double3(0.118800000000,0.479233333333,0.808400000000),
double3(0.061000000000,0.498633333333,0.930100000000),
double3(0.165300000000,0.439333333333,0.818800000000),
double3(0.287100000000,0.451233333333,0.534000000000),
double3(0.020866666667,0.380966666667,0.559600000000),
double3(0.316433333333,0.444166666667,0.625600000000),
double3(0.213633333333,0.452166666667,0.783800000000),
double3(0.020766666667,0.381200000000,0.691600000000),
double3(0.001366666667,0.439000000000,0.569900000000),
double3(0.060666666667,0.334700000000,0.681200000000),
double3(0.048766666667,0.620433333333,0.534000000000),
double3(0.119033333333,0.354200000000,0.559600000000),
double3(0.055833333333,0.649766666667,0.625600000000),
double3(0.047833333333,0.546966666667,0.783800000000),
double3(0.118800000000,0.354100000000,0.691600000000),
double3(0.061000000000,0.334700000000,0.569900000000),
double3(0.165300000000,0.394000000000,0.681200000000),
double3(0.212900000000,0.382100000000,0.534000000000),
double3(0.145800000000,0.452366666667,0.559600000000),
double3(0.183566666667,0.389166666667,0.625600000000),
double3(0.286366666667,0.381166666667,0.783800000000),
double3(0.145900000000,0.452133333333,0.691600000000),
double3(0.165300000000,0.394333333333,0.569900000000),
double3(0.106000000000,0.498633333333,0.681200000000),
double3(0.117900000000,0.546233333333,0.534000000000),
double3(0.047633333333,0.479133333333,0.559600000000),
double3(0.110833333333,0.516900000000,0.625600000000),
double3(0.118833333333,0.619700000000,0.783800000000),
double3(0.047866666667,0.479233333333,0.691600000000),
double3(0.105666666667,0.498633333333,0.569900000000),
double3(0.001366666667,0.439333333333,0.681200000000),
double3(0.046233333333,0.951233333333,0.034000000000),
double3(0.312466666667,0.880966666667,0.059600000000),
double3(0.016900000000,0.944166666667,0.125600000000),
double3(0.119700000000,0.952166666667,0.283800000000),
double3(0.312566666667,0.881200000000,0.191600000000),
double3(0.331966666667,0.939000000000,0.069900000000),
double3(0.272666666667,0.834700000000,0.181200000000),
double3(0.083333333333,0.916666666667,0.000000000000),
double3(0.083333333333,0.916666666667,0.250000000000),
double3(0.215433333333,0.712900000000,0.034000000000),
double3(0.285700000000,0.979133333333,0.059600000000),
double3(0.222500000000,0.683566666667,0.125600000000),
double3(0.214500000000,0.786366666667,0.283800000000),
double3(0.285466666667,0.979233333333,0.191600000000),
double3(0.227666666667,0.998633333333,0.069900000000),
double3(0.331966666667,0.939333333333,0.181200000000),
double3(0.250000000000,0.750000000000,0.000000000000),
double3(0.250000000000,0.750000000000,0.250000000000),
double3(0.120433333333,0.882100000000,0.034000000000),
double3(0.187533333333,0.952366666667,0.059600000000),
double3(0.149766666667,0.889166666667,0.125600000000),
double3(0.046966666667,0.881166666667,0.283800000000),
double3(0.187433333333,0.952133333333,0.191600000000),
double3(0.168033333333,0.894333333333,0.069900000000),
double3(0.227333333333,0.998633333333,0.181200000000),
double3(0.284566666667,0.787100000000,0.034000000000),
double3(0.214300000000,0.854200000000,0.059600000000),
double3(0.277500000000,0.816433333333,0.125600000000),
double3(0.285500000000,0.713633333333,0.283800000000),
double3(0.214533333333,0.854100000000,0.191600000000),
double3(0.272333333333,0.834700000000,0.069900000000),
double3(0.168033333333,0.894000000000,0.181200000000),
double3(0.046233333333,0.882100000000,0.466000000000),
double3(0.312466666667,0.952366666667,0.440400000000),
double3(0.016900000000,0.889166666667,0.374400000000),
double3(0.119700000000,0.881166666667,0.216200000000),
double3(0.312566666667,0.952133333333,0.308400000000),
double3(0.331966666667,0.894333333333,0.430100000000),
double3(0.272666666667,0.998633333333,0.318800000000),
double3(0.083333333333,0.916666666667,0.500000000000),
double3(0.284566666667,0.712900000000,0.466000000000),
double3(0.214300000000,0.979133333333,0.440400000000),
double3(0.277500000000,0.683566666667,0.374400000000),
double3(0.285500000000,0.786366666667,0.216200000000),
double3(0.214533333333,0.979233333333,0.308400000000),
double3(0.272333333333,0.998633333333,0.430100000000),
double3(0.168033333333,0.939333333333,0.318800000000),
double3(0.250000000000,0.750000000000,0.500000000000),
double3(0.120433333333,0.951233333333,0.466000000000),
double3(0.187533333333,0.880966666667,0.440400000000),
double3(0.149766666667,0.944166666667,0.374400000000),
double3(0.046966666667,0.952166666667,0.216200000000),
double3(0.187433333333,0.881200000000,0.308400000000),
double3(0.168033333333,0.939000000000,0.430100000000),
double3(0.227333333333,0.834700000000,0.318800000000),
double3(0.215433333333,0.787100000000,0.466000000000),
double3(0.285700000000,0.854200000000,0.440400000000),
double3(0.222500000000,0.816433333333,0.374400000000),
double3(0.214500000000,0.713633333333,0.216200000000),
double3(0.285466666667,0.854100000000,0.308400000000),
double3(0.227666666667,0.834700000000,0.430100000000),
double3(0.331966666667,0.894000000000,0.318800000000),
double3(0.287100000000,0.715433333333,0.966000000000),
double3(0.020866666667,0.785700000000,0.940400000000),
double3(0.316433333333,0.722500000000,0.874400000000),
double3(0.213633333333,0.714500000000,0.716200000000),
double3(0.020766666667,0.785466666667,0.808400000000),
double3(0.001366666667,0.727666666667,0.930100000000),
double3(0.060666666667,0.831966666667,0.818800000000),
double3(0.250000000000,0.750000000000,0.750000000000),
double3(0.117900000000,0.953766666667,0.966000000000),
double3(0.047633333333,0.687533333333,0.940400000000),
double3(0.110833333333,0.983100000000,0.874400000000),
double3(0.118833333333,0.880300000000,0.716200000000),
double3(0.047866666667,0.687433333333,0.808400000000),
double3(0.105666666667,0.668033333333,0.930100000000),
double3(0.001366666667,0.727333333333,0.818800000000),
double3(0.083333333333,0.916666666667,0.750000000000),
double3(0.212900000000,0.784566666667,0.966000000000),
double3(0.145800000000,0.714300000000,0.940400000000),
double3(0.183566666667,0.777500000000,0.874400000000),
double3(0.286366666667,0.785500000000,0.716200000000),
double3(0.145900000000,0.714533333333,0.808400000000),
double3(0.165300000000,0.772333333333,0.930100000000),
double3(0.106000000000,0.668033333333,0.818800000000),
double3(0.048766666667,0.879566666667,0.966000000000),
double3(0.119033333333,0.812466666667,0.940400000000),
double3(0.055833333333,0.850233333333,0.874400000000),
double3(0.047833333333,0.953033333333,0.716200000000),
double3(0.118800000000,0.812566666667,0.808400000000),
double3(0.061000000000,0.831966666667,0.930100000000),
double3(0.165300000000,0.772666666667,0.818800000000),
double3(0.287100000000,0.784566666667,0.534000000000),
double3(0.020866666667,0.714300000000,0.559600000000),
double3(0.316433333333,0.777500000000,0.625600000000),
double3(0.213633333333,0.785500000000,0.783800000000),
double3(0.020766666667,0.714533333333,0.691600000000),
double3(0.001366666667,0.772333333333,0.569900000000),
double3(0.060666666667,0.668033333333,0.681200000000),
double3(0.048766666667,0.953766666667,0.534000000000),
double3(0.119033333333,0.687533333333,0.559600000000),
double3(0.055833333333,0.983100000000,0.625600000000),
double3(0.047833333333,0.880300000000,0.783800000000),
double3(0.118800000000,0.687433333333,0.691600000000),
double3(0.061000000000,0.668033333333,0.569900000000),
double3(0.165300000000,0.727333333333,0.681200000000),
double3(0.212900000000,0.715433333333,0.534000000000),
double3(0.145800000000,0.785700000000,0.559600000000),
double3(0.183566666667,0.722500000000,0.625600000000),
double3(0.286366666667,0.714500000000,0.783800000000),
double3(0.145900000000,0.785466666667,0.691600000000),
double3(0.165300000000,0.727666666667,0.569900000000),
double3(0.106000000000,0.831966666667,0.681200000000),
double3(0.117900000000,0.879566666667,0.534000000000),
double3(0.047633333333,0.812466666667,0.559600000000),
double3(0.110833333333,0.850233333333,0.625600000000),
double3(0.118833333333,0.953033333333,0.783800000000),
double3(0.047866666667,0.812566666667,0.691600000000),
double3(0.105666666667,0.831966666667,0.569900000000),
double3(0.001366666667,0.772666666667,0.681200000000),
double3(0.379566666667,0.284566666667,0.034000000000),
double3(0.645800000000,0.214300000000,0.059600000000),
double3(0.350233333333,0.277500000000,0.125600000000),
double3(0.453033333333,0.285500000000,0.283800000000),
double3(0.645900000000,0.214533333333,0.191600000000),
double3(0.665300000000,0.272333333333,0.069900000000),
double3(0.606000000000,0.168033333333,0.181200000000),
double3(0.416666666667,0.250000000000,0.000000000000),
double3(0.416666666667,0.250000000000,0.250000000000),
double3(0.548766666667,0.046233333333,0.034000000000),
double3(0.619033333333,0.312466666667,0.059600000000),
double3(0.555833333333,0.016900000000,0.125600000000),
double3(0.547833333333,0.119700000000,0.283800000000),
double3(0.618800000000,0.312566666667,0.191600000000),
double3(0.561000000000,0.331966666667,0.069900000000),
double3(0.665300000000,0.272666666667,0.181200000000),
double3(0.583333333333,0.083333333333,0.000000000000),
double3(0.583333333333,0.083333333333,0.250000000000),
double3(0.453766666667,0.215433333333,0.034000000000),
double3(0.520866666667,0.285700000000,0.059600000000),
double3(0.483100000000,0.222500000000,0.125600000000),
double3(0.380300000000,0.214500000000,0.283800000000),
double3(0.520766666667,0.285466666667,0.191600000000),
double3(0.501366666667,0.227666666667,0.069900000000),
double3(0.560666666667,0.331966666667,0.181200000000),
double3(0.617900000000,0.120433333333,0.034000000000),
double3(0.547633333333,0.187533333333,0.059600000000),
double3(0.610833333333,0.149766666667,0.125600000000),
double3(0.618833333333,0.046966666667,0.283800000000),
double3(0.547866666667,0.187433333333,0.191600000000),
double3(0.605666666667,0.168033333333,0.069900000000),
double3(0.501366666667,0.227333333333,0.181200000000),
double3(0.379566666667,0.215433333333,0.466000000000),
double3(0.645800000000,0.285700000000,0.440400000000),
double3(0.350233333333,0.222500000000,0.374400000000),
double3(0.453033333333,0.214500000000,0.216200000000),
double3(0.645900000000,0.285466666667,0.308400000000),
double3(0.665300000000,0.227666666667,0.430100000000),
double3(0.606000000000,0.331966666667,0.318800000000),
double3(0.416666666667,0.250000000000,0.500000000000),
double3(0.617900000000,0.046233333333,0.466000000000),
double3(0.547633333333,0.312466666667,0.440400000000),
double3(0.610833333333,0.016900000000,0.374400000000),
double3(0.618833333333,0.119700000000,0.216200000000),
double3(0.547866666667,0.312566666667,0.308400000000),
double3(0.605666666667,0.331966666667,0.430100000000),
double3(0.501366666667,0.272666666667,0.318800000000),
double3(0.583333333333,0.083333333333,0.500000000000),
double3(0.453766666667,0.284566666667,0.466000000000),
double3(0.520866666667,0.214300000000,0.440400000000),
double3(0.483100000000,0.277500000000,0.374400000000),
double3(0.380300000000,0.285500000000,0.216200000000),
double3(0.520766666667,0.214533333333,0.308400000000),
double3(0.501366666667,0.272333333333,0.430100000000),
double3(0.560666666667,0.168033333333,0.318800000000),
double3(0.548766666667,0.120433333333,0.466000000000),
double3(0.619033333333,0.187533333333,0.440400000000),
double3(0.555833333333,0.149766666667,0.374400000000),
double3(0.547833333333,0.046966666667,0.216200000000),
double3(0.618800000000,0.187433333333,0.308400000000),
double3(0.561000000000,0.168033333333,0.430100000000),
double3(0.665300000000,0.227333333333,0.318800000000),
double3(0.620433333333,0.048766666667,0.966000000000),
double3(0.354200000000,0.119033333333,0.940400000000),
double3(0.649766666667,0.055833333333,0.874400000000),
double3(0.546966666667,0.047833333333,0.716200000000),
double3(0.354100000000,0.118800000000,0.808400000000),
double3(0.334700000000,0.061000000000,0.930100000000),
double3(0.394000000000,0.165300000000,0.818800000000),
double3(0.583333333333,0.083333333333,0.750000000000),
double3(0.451233333333,0.287100000000,0.966000000000),
double3(0.380966666667,0.020866666667,0.940400000000),
double3(0.444166666667,0.316433333333,0.874400000000),
double3(0.452166666667,0.213633333333,0.716200000000),
double3(0.381200000000,0.020766666667,0.808400000000),
double3(0.439000000000,0.001366666667,0.930100000000),
double3(0.334700000000,0.060666666667,0.818800000000),
double3(0.416666666667,0.250000000000,0.750000000000),
double3(0.546233333333,0.117900000000,0.966000000000),
double3(0.479133333333,0.047633333333,0.940400000000),
double3(0.516900000000,0.110833333333,0.874400000000),
double3(0.619700000000,0.118833333333,0.716200000000),
double3(0.479233333333,0.047866666667,0.808400000000),
double3(0.498633333333,0.105666666667,0.930100000000),
double3(0.439333333333,0.001366666667,0.818800000000),
double3(0.382100000000,0.212900000000,0.966000000000),
double3(0.452366666667,0.145800000000,0.940400000000),
double3(0.389166666667,0.183566666667,0.874400000000),
double3(0.381166666667,0.286366666667,0.716200000000),
double3(0.452133333333,0.145900000000,0.808400000000),
double3(0.394333333333,0.165300000000,0.930100000000),
double3(0.498633333333,0.106000000000,0.818800000000),
double3(0.620433333333,0.117900000000,0.534000000000),
double3(0.354200000000,0.047633333333,0.559600000000),
double3(0.649766666667,0.110833333333,0.625600000000),
double3(0.546966666667,0.118833333333,0.783800000000),
double3(0.354100000000,0.047866666667,0.691600000000),
double3(0.334700000000,0.105666666667,0.569900000000),
double3(0.394000000000,0.001366666667,0.681200000000),
double3(0.382100000000,0.287100000000,0.534000000000),
double3(0.452366666667,0.020866666667,0.559600000000),
double3(0.389166666667,0.316433333333,0.625600000000),
double3(0.381166666667,0.213633333333,0.783800000000),
double3(0.452133333333,0.020766666667,0.691600000000),
double3(0.394333333333,0.001366666667,0.569900000000),
double3(0.498633333333,0.060666666667,0.681200000000),
double3(0.546233333333,0.048766666667,0.534000000000),
double3(0.479133333333,0.119033333333,0.559600000000),
double3(0.516900000000,0.055833333333,0.625600000000),
double3(0.619700000000,0.047833333333,0.783800000000),
double3(0.479233333333,0.118800000000,0.691600000000),
double3(0.498633333333,0.061000000000,0.569900000000),
double3(0.439333333333,0.165300000000,0.681200000000),
double3(0.451233333333,0.212900000000,0.534000000000),
double3(0.380966666667,0.145800000000,0.559600000000),
double3(0.444166666667,0.183566666667,0.625600000000),
double3(0.452166666667,0.286366666667,0.783800000000),
double3(0.381200000000,0.145900000000,0.691600000000),
double3(0.439000000000,0.165300000000,0.569900000000),
double3(0.334700000000,0.106000000000,0.681200000000),
double3(0.379566666667,0.617900000000,0.034000000000),
double3(0.645800000000,0.547633333333,0.059600000000),
double3(0.350233333333,0.610833333333,0.125600000000),
double3(0.453033333333,0.618833333333,0.283800000000),
double3(0.645900000000,0.547866666667,0.191600000000),
double3(0.665300000000,0.605666666667,0.069900000000),
double3(0.606000000000,0.501366666667,0.181200000000),
double3(0.416666666667,0.583333333333,0.000000000000),
double3(0.416666666667,0.583333333333,0.250000000000),
double3(0.548766666667,0.379566666667,0.034000000000),
double3(0.619033333333,0.645800000000,0.059600000000),
double3(0.555833333333,0.350233333333,0.125600000000),
double3(0.547833333333,0.453033333333,0.283800000000),
double3(0.618800000000,0.645900000000,0.191600000000),
double3(0.561000000000,0.665300000000,0.069900000000),
double3(0.665300000000,0.606000000000,0.181200000000),
double3(0.583333333333,0.416666666667,0.000000000000),
double3(0.583333333333,0.416666666667,0.250000000000),
double3(0.453766666667,0.548766666667,0.034000000000),
double3(0.520866666667,0.619033333333,0.059600000000),
double3(0.483100000000,0.555833333333,0.125600000000),
double3(0.380300000000,0.547833333333,0.283800000000),
double3(0.520766666667,0.618800000000,0.191600000000),
double3(0.501366666667,0.561000000000,0.069900000000),
double3(0.560666666667,0.665300000000,0.181200000000),
double3(0.617900000000,0.453766666667,0.034000000000),
double3(0.547633333333,0.520866666667,0.059600000000),
double3(0.610833333333,0.483100000000,0.125600000000),
double3(0.618833333333,0.380300000000,0.283800000000),
double3(0.547866666667,0.520766666667,0.191600000000),
double3(0.605666666667,0.501366666667,0.069900000000),
double3(0.501366666667,0.560666666667,0.181200000000),
double3(0.379566666667,0.548766666667,0.466000000000),
double3(0.645800000000,0.619033333333,0.440400000000),
double3(0.350233333333,0.555833333333,0.374400000000),
double3(0.453033333333,0.547833333333,0.216200000000),
double3(0.645900000000,0.618800000000,0.308400000000),
double3(0.665300000000,0.561000000000,0.430100000000),
double3(0.606000000000,0.665300000000,0.318800000000),
double3(0.416666666667,0.583333333333,0.500000000000),
double3(0.617900000000,0.379566666667,0.466000000000),
double3(0.547633333333,0.645800000000,0.440400000000),
double3(0.610833333333,0.350233333333,0.374400000000),
double3(0.618833333333,0.453033333333,0.216200000000),
double3(0.547866666667,0.645900000000,0.308400000000),
double3(0.605666666667,0.665300000000,0.430100000000),
double3(0.501366666667,0.606000000000,0.318800000000),
double3(0.583333333333,0.416666666667,0.500000000000),
double3(0.453766666667,0.617900000000,0.466000000000),
double3(0.520866666667,0.547633333333,0.440400000000),
double3(0.483100000000,0.610833333333,0.374400000000),
double3(0.380300000000,0.618833333333,0.216200000000),
double3(0.520766666667,0.547866666667,0.308400000000),
double3(0.501366666667,0.605666666667,0.430100000000),
double3(0.560666666667,0.501366666667,0.318800000000),
double3(0.548766666667,0.453766666667,0.466000000000),
double3(0.619033333333,0.520866666667,0.440400000000),
double3(0.555833333333,0.483100000000,0.374400000000),
double3(0.547833333333,0.380300000000,0.216200000000),
double3(0.618800000000,0.520766666667,0.308400000000),
double3(0.561000000000,0.501366666667,0.430100000000),
double3(0.665300000000,0.560666666667,0.318800000000),
double3(0.620433333333,0.382100000000,0.966000000000),
double3(0.354200000000,0.452366666667,0.940400000000),
double3(0.649766666667,0.389166666667,0.874400000000),
double3(0.546966666667,0.381166666667,0.716200000000),
double3(0.354100000000,0.452133333333,0.808400000000),
double3(0.334700000000,0.394333333333,0.930100000000),
double3(0.394000000000,0.498633333333,0.818800000000),
double3(0.583333333333,0.416666666667,0.750000000000),
double3(0.451233333333,0.620433333333,0.966000000000),
double3(0.380966666667,0.354200000000,0.940400000000),
double3(0.444166666667,0.649766666667,0.874400000000),
double3(0.452166666667,0.546966666667,0.716200000000),
double3(0.381200000000,0.354100000000,0.808400000000),
double3(0.439000000000,0.334700000000,0.930100000000),
double3(0.334700000000,0.394000000000,0.818800000000),
double3(0.416666666667,0.583333333333,0.750000000000),
double3(0.546233333333,0.451233333333,0.966000000000),
double3(0.479133333333,0.380966666667,0.940400000000),
double3(0.516900000000,0.444166666667,0.874400000000),
double3(0.619700000000,0.452166666667,0.716200000000),
double3(0.479233333333,0.381200000000,0.808400000000),
double3(0.498633333333,0.439000000000,0.930100000000),
double3(0.439333333333,0.334700000000,0.818800000000),
double3(0.382100000000,0.546233333333,0.966000000000),
double3(0.452366666667,0.479133333333,0.940400000000),
double3(0.389166666667,0.516900000000,0.874400000000),
double3(0.381166666667,0.619700000000,0.716200000000),
double3(0.452133333333,0.479233333333,0.808400000000),
double3(0.394333333333,0.498633333333,0.930100000000),
double3(0.498633333333,0.439333333333,0.818800000000),
double3(0.620433333333,0.451233333333,0.534000000000),
double3(0.354200000000,0.380966666667,0.559600000000),
double3(0.649766666667,0.444166666667,0.625600000000),
double3(0.546966666667,0.452166666667,0.783800000000),
double3(0.354100000000,0.381200000000,0.691600000000),
double3(0.334700000000,0.439000000000,0.569900000000),
double3(0.394000000000,0.334700000000,0.681200000000),
double3(0.382100000000,0.620433333333,0.534000000000),
double3(0.452366666667,0.354200000000,0.559600000000),
double3(0.389166666667,0.649766666667,0.625600000000),
double3(0.381166666667,0.546966666667,0.783800000000),
double3(0.452133333333,0.354100000000,0.691600000000),
double3(0.394333333333,0.334700000000,0.569900000000),
double3(0.498633333333,0.394000000000,0.681200000000),
double3(0.546233333333,0.382100000000,0.534000000000),
double3(0.479133333333,0.452366666667,0.559600000000),
double3(0.516900000000,0.389166666667,0.625600000000),
double3(0.619700000000,0.381166666667,0.783800000000),
double3(0.479233333333,0.452133333333,0.691600000000),
double3(0.498633333333,0.394333333333,0.569900000000),
double3(0.439333333333,0.498633333333,0.681200000000),
double3(0.451233333333,0.546233333333,0.534000000000),
double3(0.380966666667,0.479133333333,0.559600000000),
double3(0.444166666667,0.516900000000,0.625600000000),
double3(0.452166666667,0.619700000000,0.783800000000),
double3(0.381200000000,0.479233333333,0.691600000000),
double3(0.439000000000,0.498633333333,0.569900000000),
double3(0.334700000000,0.439333333333,0.681200000000),
double3(0.379566666667,0.951233333333,0.034000000000),
double3(0.645800000000,0.880966666667,0.059600000000),
double3(0.350233333333,0.944166666667,0.125600000000),
double3(0.453033333333,0.952166666667,0.283800000000),
double3(0.645900000000,0.881200000000,0.191600000000),
double3(0.665300000000,0.939000000000,0.069900000000),
double3(0.606000000000,0.834700000000,0.181200000000),
double3(0.416666666667,0.916666666667,0.000000000000),
double3(0.416666666667,0.916666666667,0.250000000000),
double3(0.548766666667,0.712900000000,0.034000000000),
double3(0.619033333333,0.979133333333,0.059600000000),
double3(0.555833333333,0.683566666667,0.125600000000),
double3(0.547833333333,0.786366666667,0.283800000000),
double3(0.618800000000,0.979233333333,0.191600000000),
double3(0.561000000000,0.998633333333,0.069900000000),
double3(0.665300000000,0.939333333333,0.181200000000),
double3(0.583333333333,0.750000000000,0.000000000000),
double3(0.583333333333,0.750000000000,0.250000000000),
double3(0.453766666667,0.882100000000,0.034000000000),
double3(0.520866666667,0.952366666667,0.059600000000),
double3(0.483100000000,0.889166666667,0.125600000000),
double3(0.380300000000,0.881166666667,0.283800000000),
double3(0.520766666667,0.952133333333,0.191600000000),
double3(0.501366666667,0.894333333333,0.069900000000),
double3(0.560666666667,0.998633333333,0.181200000000),
double3(0.617900000000,0.787100000000,0.034000000000),
double3(0.547633333333,0.854200000000,0.059600000000),
double3(0.610833333333,0.816433333333,0.125600000000),
double3(0.618833333333,0.713633333333,0.283800000000),
double3(0.547866666667,0.854100000000,0.191600000000),
double3(0.605666666667,0.834700000000,0.069900000000),
double3(0.501366666667,0.894000000000,0.181200000000),
double3(0.379566666667,0.882100000000,0.466000000000),
double3(0.645800000000,0.952366666667,0.440400000000),
double3(0.350233333333,0.889166666667,0.374400000000),
double3(0.453033333333,0.881166666667,0.216200000000),
double3(0.645900000000,0.952133333333,0.308400000000),
double3(0.665300000000,0.894333333333,0.430100000000),
double3(0.606000000000,0.998633333333,0.318800000000),
double3(0.416666666667,0.916666666667,0.500000000000),
double3(0.617900000000,0.712900000000,0.466000000000),
double3(0.547633333333,0.979133333333,0.440400000000),
double3(0.610833333333,0.683566666667,0.374400000000),
double3(0.618833333333,0.786366666667,0.216200000000),
double3(0.547866666667,0.979233333333,0.308400000000),
double3(0.605666666667,0.998633333333,0.430100000000),
double3(0.501366666667,0.939333333333,0.318800000000),
double3(0.583333333333,0.750000000000,0.500000000000),
double3(0.453766666667,0.951233333333,0.466000000000),
double3(0.520866666667,0.880966666667,0.440400000000),
double3(0.483100000000,0.944166666667,0.374400000000),
double3(0.380300000000,0.952166666667,0.216200000000),
double3(0.520766666667,0.881200000000,0.308400000000),
double3(0.501366666667,0.939000000000,0.430100000000),
double3(0.560666666667,0.834700000000,0.318800000000),
double3(0.548766666667,0.787100000000,0.466000000000),
double3(0.619033333333,0.854200000000,0.440400000000),
double3(0.555833333333,0.816433333333,0.374400000000),
double3(0.547833333333,0.713633333333,0.216200000000),
double3(0.618800000000,0.854100000000,0.308400000000),
double3(0.561000000000,0.834700000000,0.430100000000),
double3(0.665300000000,0.894000000000,0.318800000000),
double3(0.620433333333,0.715433333333,0.966000000000),
double3(0.354200000000,0.785700000000,0.940400000000),
double3(0.649766666667,0.722500000000,0.874400000000),
double3(0.546966666667,0.714500000000,0.716200000000),
double3(0.354100000000,0.785466666667,0.808400000000),
double3(0.334700000000,0.727666666667,0.930100000000),
double3(0.394000000000,0.831966666667,0.818800000000),
double3(0.583333333333,0.750000000000,0.750000000000),
double3(0.451233333333,0.953766666667,0.966000000000),
double3(0.380966666667,0.687533333333,0.940400000000),
double3(0.444166666667,0.983100000000,0.874400000000),
double3(0.452166666667,0.880300000000,0.716200000000),
double3(0.381200000000,0.687433333333,0.808400000000),
double3(0.439000000000,0.668033333333,0.930100000000),
double3(0.334700000000,0.727333333333,0.818800000000),
double3(0.416666666667,0.916666666667,0.750000000000),
double3(0.546233333333,0.784566666667,0.966000000000),
double3(0.479133333333,0.714300000000,0.940400000000),
double3(0.516900000000,0.777500000000,0.874400000000),
double3(0.619700000000,0.785500000000,0.716200000000),
double3(0.479233333333,0.714533333333,0.808400000000),
double3(0.498633333333,0.772333333333,0.930100000000),
double3(0.439333333333,0.668033333333,0.818800000000),
double3(0.382100000000,0.879566666667,0.966000000000),
double3(0.452366666667,0.812466666667,0.940400000000),
double3(0.389166666667,0.850233333333,0.874400000000),
double3(0.381166666667,0.953033333333,0.716200000000),
double3(0.452133333333,0.812566666667,0.808400000000),
double3(0.394333333333,0.831966666667,0.930100000000),
double3(0.498633333333,0.772666666667,0.818800000000),
double3(0.620433333333,0.784566666667,0.534000000000),
double3(0.354200000000,0.714300000000,0.559600000000),
double3(0.649766666667,0.777500000000,0.625600000000),
double3(0.546966666667,0.785500000000,0.783800000000),
double3(0.354100000000,0.714533333333,0.691600000000),
double3(0.334700000000,0.772333333333,0.569900000000),
double3(0.394000000000,0.668033333333,0.681200000000),
double3(0.382100000000,0.953766666667,0.534000000000),
double3(0.452366666667,0.687533333333,0.559600000000),
double3(0.389166666667,0.983100000000,0.625600000000),
double3(0.381166666667,0.880300000000,0.783800000000),
double3(0.452133333333,0.687433333333,0.691600000000),
double3(0.394333333333,0.668033333333,0.569900000000),
double3(0.498633333333,0.727333333333,0.681200000000),
double3(0.546233333333,0.715433333333,0.534000000000),
double3(0.479133333333,0.785700000000,0.559600000000),
double3(0.516900000000,0.722500000000,0.625600000000),
double3(0.619700000000,0.714500000000,0.783800000000),
double3(0.479233333333,0.785466666667,0.691600000000),
double3(0.498633333333,0.727666666667,0.569900000000),
double3(0.439333333333,0.831966666667,0.681200000000),
double3(0.451233333333,0.879566666667,0.534000000000),
double3(0.380966666667,0.812466666667,0.559600000000),
double3(0.444166666667,0.850233333333,0.625600000000),
double3(0.452166666667,0.953033333333,0.783800000000),
double3(0.381200000000,0.812566666667,0.691600000000),
double3(0.439000000000,0.831966666667,0.569900000000),
double3(0.334700000000,0.772666666667,0.681200000000),
double3(0.712900000000,0.284566666667,0.034000000000),
double3(0.979133333333,0.214300000000,0.059600000000),
double3(0.683566666667,0.277500000000,0.125600000000),
double3(0.786366666667,0.285500000000,0.283800000000),
double3(0.979233333333,0.214533333333,0.191600000000),
double3(0.998633333333,0.272333333333,0.069900000000),
double3(0.939333333333,0.168033333333,0.181200000000),
double3(0.750000000000,0.250000000000,0.000000000000),
double3(0.750000000000,0.250000000000,0.250000000000),
double3(0.882100000000,0.046233333333,0.034000000000),
double3(0.952366666667,0.312466666667,0.059600000000),
double3(0.889166666667,0.016900000000,0.125600000000),
double3(0.881166666667,0.119700000000,0.283800000000),
double3(0.952133333333,0.312566666667,0.191600000000),
double3(0.894333333333,0.331966666667,0.069900000000),
double3(0.998633333333,0.272666666667,0.181200000000),
double3(0.916666666667,0.083333333333,0.000000000000),
double3(0.916666666667,0.083333333333,0.250000000000),
double3(0.787100000000,0.215433333333,0.034000000000),
double3(0.854200000000,0.285700000000,0.059600000000),
double3(0.816433333333,0.222500000000,0.125600000000),
double3(0.713633333333,0.214500000000,0.283800000000),
double3(0.854100000000,0.285466666667,0.191600000000),
double3(0.834700000000,0.227666666667,0.069900000000),
double3(0.894000000000,0.331966666667,0.181200000000),
double3(0.951233333333,0.120433333333,0.034000000000),
double3(0.880966666667,0.187533333333,0.059600000000),
double3(0.944166666667,0.149766666667,0.125600000000),
double3(0.952166666667,0.046966666667,0.283800000000),
double3(0.881200000000,0.187433333333,0.191600000000),
double3(0.939000000000,0.168033333333,0.069900000000),
double3(0.834700000000,0.227333333333,0.181200000000),
double3(0.712900000000,0.215433333333,0.466000000000),
double3(0.979133333333,0.285700000000,0.440400000000),
double3(0.683566666667,0.222500000000,0.374400000000),
double3(0.786366666667,0.214500000000,0.216200000000),
double3(0.979233333333,0.285466666667,0.308400000000),
double3(0.998633333333,0.227666666667,0.430100000000),
double3(0.939333333333,0.331966666667,0.318800000000),
double3(0.750000000000,0.250000000000,0.500000000000),
double3(0.951233333333,0.046233333333,0.466000000000),
double3(0.880966666667,0.312466666667,0.440400000000),
double3(0.944166666667,0.016900000000,0.374400000000),
double3(0.952166666667,0.119700000000,0.216200000000),
double3(0.881200000000,0.312566666667,0.308400000000),
double3(0.939000000000,0.331966666667,0.430100000000),
double3(0.834700000000,0.272666666667,0.318800000000),
double3(0.916666666667,0.083333333333,0.500000000000),
double3(0.787100000000,0.284566666667,0.466000000000),
double3(0.854200000000,0.214300000000,0.440400000000),
double3(0.816433333333,0.277500000000,0.374400000000),
double3(0.713633333333,0.285500000000,0.216200000000),
double3(0.854100000000,0.214533333333,0.308400000000),
double3(0.834700000000,0.272333333333,0.430100000000),
double3(0.894000000000,0.168033333333,0.318800000000),
double3(0.882100000000,0.120433333333,0.466000000000),
double3(0.952366666667,0.187533333333,0.440400000000),
double3(0.889166666667,0.149766666667,0.374400000000),
double3(0.881166666667,0.046966666667,0.216200000000),
double3(0.952133333333,0.187433333333,0.308400000000),
double3(0.894333333333,0.168033333333,0.430100000000),
double3(0.998633333333,0.227333333333,0.318800000000),
double3(0.953766666667,0.048766666667,0.966000000000),
double3(0.687533333333,0.119033333333,0.940400000000),
double3(0.983100000000,0.055833333333,0.874400000000),
double3(0.880300000000,0.047833333333,0.716200000000),
double3(0.687433333333,0.118800000000,0.808400000000),
double3(0.668033333333,0.061000000000,0.930100000000),
double3(0.727333333333,0.165300000000,0.818800000000),
double3(0.916666666667,0.083333333333,0.750000000000),
double3(0.784566666667,0.287100000000,0.966000000000),
double3(0.714300000000,0.020866666667,0.940400000000),
double3(0.777500000000,0.316433333333,0.874400000000),
double3(0.785500000000,0.213633333333,0.716200000000),
double3(0.714533333333,0.020766666667,0.808400000000),
double3(0.772333333333,0.001366666667,0.930100000000),
double3(0.668033333333,0.060666666667,0.818800000000),
double3(0.750000000000,0.250000000000,0.750000000000),
double3(0.879566666667,0.117900000000,0.966000000000),
double3(0.812466666667,0.047633333333,0.940400000000),
double3(0.850233333333,0.110833333333,0.874400000000),
double3(0.953033333333,0.118833333333,0.716200000000),
double3(0.812566666667,0.047866666667,0.808400000000),
double3(0.831966666667,0.105666666667,0.930100000000),
double3(0.772666666667,0.001366666667,0.818800000000),
double3(0.715433333333,0.212900000000,0.966000000000),
double3(0.785700000000,0.145800000000,0.940400000000),
double3(0.722500000000,0.183566666667,0.874400000000),
double3(0.714500000000,0.286366666667,0.716200000000),
double3(0.785466666667,0.145900000000,0.808400000000),
double3(0.727666666667,0.165300000000,0.930100000000),
double3(0.831966666667,0.106000000000,0.818800000000),
double3(0.953766666667,0.117900000000,0.534000000000),
double3(0.687533333333,0.047633333333,0.559600000000),
double3(0.983100000000,0.110833333333,0.625600000000),
double3(0.880300000000,0.118833333333,0.783800000000),
double3(0.687433333333,0.047866666667,0.691600000000),
double3(0.668033333333,0.105666666667,0.569900000000),
double3(0.727333333333,0.001366666667,0.681200000000),
double3(0.715433333333,0.287100000000,0.534000000000),
double3(0.785700000000,0.020866666667,0.559600000000),
double3(0.722500000000,0.316433333333,0.625600000000),
double3(0.714500000000,0.213633333333,0.783800000000),
double3(0.785466666667,0.020766666667,0.691600000000),
double3(0.727666666667,0.001366666667,0.569900000000),
double3(0.831966666667,0.060666666667,0.681200000000),
double3(0.879566666667,0.048766666667,0.534000000000),
double3(0.812466666667,0.119033333333,0.559600000000),
double3(0.850233333333,0.055833333333,0.625600000000),
double3(0.953033333333,0.047833333333,0.783800000000),
double3(0.812566666667,0.118800000000,0.691600000000),
double3(0.831966666667,0.061000000000,0.569900000000),
double3(0.772666666667,0.165300000000,0.681200000000),
double3(0.784566666667,0.212900000000,0.534000000000),
double3(0.714300000000,0.145800000000,0.559600000000),
double3(0.777500000000,0.183566666667,0.625600000000),
double3(0.785500000000,0.286366666667,0.783800000000),
double3(0.714533333333,0.145900000000,0.691600000000),
double3(0.772333333333,0.165300000000,0.569900000000),
double3(0.668033333333,0.106000000000,0.681200000000),
double3(0.712900000000,0.617900000000,0.034000000000),
double3(0.979133333333,0.547633333333,0.059600000000),
double3(0.683566666667,0.610833333333,0.125600000000),
double3(0.786366666667,0.618833333333,0.283800000000),
double3(0.979233333333,0.547866666667,0.191600000000),
double3(0.998633333333,0.605666666667,0.069900000000),
double3(0.939333333333,0.501366666667,0.181200000000),
double3(0.750000000000,0.583333333333,0.000000000000),
double3(0.750000000000,0.583333333333,0.250000000000),
double3(0.882100000000,0.379566666667,0.034000000000),
double3(0.952366666667,0.645800000000,0.059600000000),
double3(0.889166666667,0.350233333333,0.125600000000),
double3(0.881166666667,0.453033333333,0.283800000000),
double3(0.952133333333,0.645900000000,0.191600000000),
double3(0.894333333333,0.665300000000,0.069900000000),
double3(0.998633333333,0.606000000000,0.181200000000),
double3(0.916666666667,0.416666666667,0.000000000000),
double3(0.916666666667,0.416666666667,0.250000000000),
double3(0.787100000000,0.548766666667,0.034000000000),
double3(0.854200000000,0.619033333333,0.059600000000),
double3(0.816433333333,0.555833333333,0.125600000000),
double3(0.713633333333,0.547833333333,0.283800000000),
double3(0.854100000000,0.618800000000,0.191600000000),
double3(0.834700000000,0.561000000000,0.069900000000),
double3(0.894000000000,0.665300000000,0.181200000000),
double3(0.951233333333,0.453766666667,0.034000000000),
double3(0.880966666667,0.520866666667,0.059600000000),
double3(0.944166666667,0.483100000000,0.125600000000),
double3(0.952166666667,0.380300000000,0.283800000000),
double3(0.881200000000,0.520766666667,0.191600000000),
double3(0.939000000000,0.501366666667,0.069900000000),
double3(0.834700000000,0.560666666667,0.181200000000),
double3(0.712900000000,0.548766666667,0.466000000000),
double3(0.979133333333,0.619033333333,0.440400000000),
double3(0.683566666667,0.555833333333,0.374400000000),
double3(0.786366666667,0.547833333333,0.216200000000),
double3(0.979233333333,0.618800000000,0.308400000000),
double3(0.998633333333,0.561000000000,0.430100000000),
double3(0.939333333333,0.665300000000,0.318800000000),
double3(0.750000000000,0.583333333333,0.500000000000),
double3(0.951233333333,0.379566666667,0.466000000000),
double3(0.880966666667,0.645800000000,0.440400000000),
double3(0.944166666667,0.350233333333,0.374400000000),
double3(0.952166666667,0.453033333333,0.216200000000),
double3(0.881200000000,0.645900000000,0.308400000000),
double3(0.939000000000,0.665300000000,0.430100000000),
double3(0.834700000000,0.606000000000,0.318800000000),
double3(0.916666666667,0.416666666667,0.500000000000),
double3(0.787100000000,0.617900000000,0.466000000000),
double3(0.854200000000,0.547633333333,0.440400000000),
double3(0.816433333333,0.610833333333,0.374400000000),
double3(0.713633333333,0.618833333333,0.216200000000),
double3(0.854100000000,0.547866666667,0.308400000000),
double3(0.834700000000,0.605666666667,0.430100000000),
double3(0.894000000000,0.501366666667,0.318800000000),
double3(0.882100000000,0.453766666667,0.466000000000),
double3(0.952366666667,0.520866666667,0.440400000000),
double3(0.889166666667,0.483100000000,0.374400000000),
double3(0.881166666667,0.380300000000,0.216200000000),
double3(0.952133333333,0.520766666667,0.308400000000),
double3(0.894333333333,0.501366666667,0.430100000000),
double3(0.998633333333,0.560666666667,0.318800000000),
double3(0.953766666667,0.382100000000,0.966000000000),
double3(0.687533333333,0.452366666667,0.940400000000),
double3(0.983100000000,0.389166666667,0.874400000000),
double3(0.880300000000,0.381166666667,0.716200000000),
double3(0.687433333333,0.452133333333,0.808400000000),
double3(0.668033333333,0.394333333333,0.930100000000),
double3(0.727333333333,0.498633333333,0.818800000000),
double3(0.916666666667,0.416666666667,0.750000000000),
double3(0.784566666667,0.620433333333,0.966000000000),
double3(0.714300000000,0.354200000000,0.940400000000),
double3(0.777500000000,0.649766666667,0.874400000000),
double3(0.785500000000,0.546966666667,0.716200000000),
double3(0.714533333333,0.354100000000,0.808400000000),
double3(0.772333333333,0.334700000000,0.930100000000),
double3(0.668033333333,0.394000000000,0.818800000000),
double3(0.750000000000,0.583333333333,0.750000000000),
double3(0.879566666667,0.451233333333,0.966000000000),
double3(0.812466666667,0.380966666667,0.940400000000),
double3(0.850233333333,0.444166666667,0.874400000000),
double3(0.953033333333,0.452166666667,0.716200000000),
double3(0.812566666667,0.381200000000,0.808400000000),
double3(0.831966666667,0.439000000000,0.930100000000),
double3(0.772666666667,0.334700000000,0.818800000000),
double3(0.715433333333,0.546233333333,0.966000000000),
double3(0.785700000000,0.479133333333,0.940400000000),
double3(0.722500000000,0.516900000000,0.874400000000),
double3(0.714500000000,0.619700000000,0.716200000000),
double3(0.785466666667,0.479233333333,0.808400000000),
double3(0.727666666667,0.498633333333,0.930100000000),
double3(0.831966666667,0.439333333333,0.818800000000),
double3(0.953766666667,0.451233333333,0.534000000000),
double3(0.687533333333,0.380966666667,0.559600000000),
double3(0.983100000000,0.444166666667,0.625600000000),
double3(0.880300000000,0.452166666667,0.783800000000),
double3(0.687433333333,0.381200000000,0.691600000000),
double3(0.668033333333,0.439000000000,0.569900000000),
double3(0.727333333333,0.334700000000,0.681200000000),
double3(0.715433333333,0.620433333333,0.534000000000),
double3(0.785700000000,0.354200000000,0.559600000000),
double3(0.722500000000,0.649766666667,0.625600000000),
double3(0.714500000000,0.546966666667,0.783800000000),
double3(0.785466666667,0.354100000000,0.691600000000),
double3(0.727666666667,0.334700000000,0.569900000000),
double3(0.831966666667,0.394000000000,0.681200000000),
double3(0.879566666667,0.382100000000,0.534000000000),
double3(0.812466666667,0.452366666667,0.559600000000),
double3(0.850233333333,0.389166666667,0.625600000000),
double3(0.953033333333,0.381166666667,0.783800000000),
double3(0.812566666667,0.452133333333,0.691600000000),
double3(0.831966666667,0.394333333333,0.569900000000),
double3(0.772666666667,0.498633333333,0.681200000000),
double3(0.784566666667,0.546233333333,0.534000000000),
double3(0.714300000000,0.479133333333,0.559600000000),
double3(0.777500000000,0.516900000000,0.625600000000),
double3(0.785500000000,0.619700000000,0.783800000000),
double3(0.714533333333,0.479233333333,0.691600000000),
double3(0.772333333333,0.498633333333,0.569900000000),
double3(0.668033333333,0.439333333333,0.681200000000),
double3(0.712900000000,0.951233333333,0.034000000000),
double3(0.979133333333,0.880966666667,0.059600000000),
double3(0.683566666667,0.944166666667,0.125600000000),
double3(0.786366666667,0.952166666667,0.283800000000),
double3(0.979233333333,0.881200000000,0.191600000000),
double3(0.998633333333,0.939000000000,0.069900000000),
double3(0.939333333333,0.834700000000,0.181200000000),
double3(0.750000000000,0.916666666667,0.000000000000),
double3(0.750000000000,0.916666666667,0.250000000000),
double3(0.882100000000,0.712900000000,0.034000000000),
double3(0.952366666667,0.979133333333,0.059600000000),
double3(0.889166666667,0.683566666667,0.125600000000),
double3(0.881166666667,0.786366666667,0.283800000000),
double3(0.952133333333,0.979233333333,0.191600000000),
double3(0.894333333333,0.998633333333,0.069900000000),
double3(0.998633333333,0.939333333333,0.181200000000),
double3(0.916666666667,0.750000000000,0.000000000000),
double3(0.916666666667,0.750000000000,0.250000000000),
double3(0.787100000000,0.882100000000,0.034000000000),
double3(0.854200000000,0.952366666667,0.059600000000),
double3(0.816433333333,0.889166666667,0.125600000000),
double3(0.713633333333,0.881166666667,0.283800000000),
double3(0.854100000000,0.952133333333,0.191600000000),
double3(0.834700000000,0.894333333333,0.069900000000),
double3(0.894000000000,0.998633333333,0.181200000000),
double3(0.951233333333,0.787100000000,0.034000000000),
double3(0.880966666667,0.854200000000,0.059600000000),
double3(0.944166666667,0.816433333333,0.125600000000),
double3(0.952166666667,0.713633333333,0.283800000000),
double3(0.881200000000,0.854100000000,0.191600000000),
double3(0.939000000000,0.834700000000,0.069900000000),
double3(0.834700000000,0.894000000000,0.181200000000),
double3(0.712900000000,0.882100000000,0.466000000000),
double3(0.979133333333,0.952366666667,0.440400000000),
double3(0.683566666667,0.889166666667,0.374400000000),
double3(0.786366666667,0.881166666667,0.216200000000),
double3(0.979233333333,0.952133333333,0.308400000000),
double3(0.998633333333,0.894333333333,0.430100000000),
double3(0.939333333333,0.998633333333,0.318800000000),
double3(0.750000000000,0.916666666667,0.500000000000),
double3(0.951233333333,0.712900000000,0.466000000000),
double3(0.880966666667,0.979133333333,0.440400000000),
double3(0.944166666667,0.683566666667,0.374400000000),
double3(0.952166666667,0.786366666667,0.216200000000),
double3(0.881200000000,0.979233333333,0.308400000000),
double3(0.939000000000,0.998633333333,0.430100000000),
double3(0.834700000000,0.939333333333,0.318800000000),
double3(0.916666666667,0.750000000000,0.500000000000),
double3(0.787100000000,0.951233333333,0.466000000000),
double3(0.854200000000,0.880966666667,0.440400000000),
double3(0.816433333333,0.944166666667,0.374400000000),
double3(0.713633333333,0.952166666667,0.216200000000),
double3(0.854100000000,0.881200000000,0.308400000000),
double3(0.834700000000,0.939000000000,0.430100000000),
double3(0.894000000000,0.834700000000,0.318800000000),
double3(0.882100000000,0.787100000000,0.466000000000),
double3(0.952366666667,0.854200000000,0.440400000000),
double3(0.889166666667,0.816433333333,0.374400000000),
double3(0.881166666667,0.713633333333,0.216200000000),
double3(0.952133333333,0.854100000000,0.308400000000),
double3(0.894333333333,0.834700000000,0.430100000000),
double3(0.998633333333,0.894000000000,0.318800000000),
double3(0.953766666667,0.715433333333,0.966000000000),
double3(0.687533333333,0.785700000000,0.940400000000),
double3(0.983100000000,0.722500000000,0.874400000000),
double3(0.880300000000,0.714500000000,0.716200000000),
double3(0.687433333333,0.785466666667,0.808400000000),
double3(0.668033333333,0.727666666667,0.930100000000),
double3(0.727333333333,0.831966666667,0.818800000000),
double3(0.916666666667,0.750000000000,0.750000000000),
double3(0.784566666667,0.953766666667,0.966000000000),
double3(0.714300000000,0.687533333333,0.940400000000),
double3(0.777500000000,0.983100000000,0.874400000000),
double3(0.785500000000,0.880300000000,0.716200000000),
double3(0.714533333333,0.687433333333,0.808400000000),
double3(0.772333333333,0.668033333333,0.930100000000),
double3(0.668033333333,0.727333333333,0.818800000000),
double3(0.750000000000,0.916666666667,0.750000000000),
double3(0.879566666667,0.784566666667,0.966000000000),
double3(0.812466666667,0.714300000000,0.940400000000),
double3(0.850233333333,0.777500000000,0.874400000000),
double3(0.953033333333,0.785500000000,0.716200000000),
double3(0.812566666667,0.714533333333,0.808400000000),
double3(0.831966666667,0.772333333333,0.930100000000),
double3(0.772666666667,0.668033333333,0.818800000000),
double3(0.715433333333,0.879566666667,0.966000000000),
double3(0.785700000000,0.812466666667,0.940400000000),
double3(0.722500000000,0.850233333333,0.874400000000),
double3(0.714500000000,0.953033333333,0.716200000000),
double3(0.785466666667,0.812566666667,0.808400000000),
double3(0.727666666667,0.831966666667,0.930100000000),
double3(0.831966666667,0.772666666667,0.818800000000),
double3(0.953766666667,0.784566666667,0.534000000000),
double3(0.687533333333,0.714300000000,0.559600000000),
double3(0.983100000000,0.777500000000,0.625600000000),
double3(0.880300000000,0.785500000000,0.783800000000),
double3(0.687433333333,0.714533333333,0.691600000000),
double3(0.668033333333,0.772333333333,0.569900000000),
double3(0.727333333333,0.668033333333,0.681200000000),
double3(0.715433333333,0.953766666667,0.534000000000),
double3(0.785700000000,0.687533333333,0.559600000000),
double3(0.722500000000,0.983100000000,0.625600000000),
double3(0.714500000000,0.880300000000,0.783800000000),
double3(0.785466666667,0.687433333333,0.691600000000),
double3(0.727666666667,0.668033333333,0.569900000000),
double3(0.831966666667,0.727333333333,0.681200000000),
double3(0.879566666667,0.715433333333,0.534000000000),
double3(0.812466666667,0.785700000000,0.559600000000),
double3(0.850233333333,0.722500000000,0.625600000000),
double3(0.953033333333,0.714500000000,0.783800000000),
double3(0.812566666667,0.785466666667,0.691600000000),
double3(0.831966666667,0.727666666667,0.569900000000),
double3(0.772666666667,0.831966666667,0.681200000000),
double3(0.784566666667,0.879566666667,0.534000000000),
double3(0.714300000000,0.812466666667,0.559600000000),
double3(0.777500000000,0.850233333333,0.625600000000),
double3(0.785500000000,0.953033333333,0.783800000000),
double3(0.714533333333,0.812566666667,0.691600000000),
double3(0.772333333333,0.831966666667,0.569900000000),
double3(0.668033333333,0.772666666667,0.681200000000),
