[double3(6.760000000000,0.000000000000,0.000000000000),double3(0.000000000000,17.093000000000,0.000000000000),double3(-0.771895429835,0.000000000000,7.563715121909)]

double3(0.095175000000,0.050550000000,0.007575000000),
double3(0.024525000000,0.047550000000,0.191500000000),
double3(0.101275000000,0.000150000000,0.193075000000),
double3(0.112650000000,0.075250000000,0.178700000000),
double3(0.051475000000,0.000100000000,0.056200000000),
double3(0.104225000000,0.057750000000,0.094125000000),
double3(0.192500000000,0.059700000000,0.139175000000),
double3(0.143250000000,0.125000000000,0.121200000000),
double3(0.000000000000,0.000000000000,0.125000000000),
double3(0.083400000000,0.043400000000,0.205225000000),
double3(0.099925000000,0.027100000000,0.053750000000),
double3(0.138175000000,0.079450000000,0.133325000000),
double3(0.228875000000,0.026750000000,0.162325000000),
double3(0.154825000000,0.300550000000,0.242425000000),
double3(0.225475000000,0.297550000000,0.058500000000),
double3(0.148725000000,0.250150000000,0.056925000000),
double3(0.137350000000,0.325250000000,0.071300000000),
double3(0.198525000000,0.250100000000,0.193800000000),
double3(0.145775000000,0.307750000000,0.155875000000),
double3(0.057500000000,0.309700000000,0.110825000000),
double3(0.106750000000,0.375000000000,0.128800000000),
double3(0.000000000000,0.250000000000,0.125000000000),
double3(0.166600000000,0.293400000000,0.044775000000),
double3(0.150075000000,0.277100000000,0.196250000000),
double3(0.111825000000,0.329450000000,0.116675000000),
double3(0.021125000000,0.276750000000,0.087675000000),
double3(0.154825000000,0.449450000000,0.242425000000),
double3(0.225475000000,0.452450000000,0.058500000000),
double3(0.148725000000,0.499850000000,0.056925000000),
double3(0.137350000000,0.424750000000,0.071300000000),
double3(0.198525000000,0.499900000000,0.193800000000),
double3(0.145775000000,0.442250000000,0.155875000000),
double3(0.057500000000,0.440300000000,0.110825000000),
double3(0.166600000000,0.456600000000,0.044775000000),
double3(0.150075000000,0.472900000000,0.196250000000),
double3(0.111825000000,0.420550000000,0.116675000000),
double3(0.021125000000,0.473250000000,0.087675000000),
double3(0.095175000000,0.199450000000,0.007575000000),
double3(0.024525000000,0.202450000000,0.191500000000),
double3(0.101275000000,0.249850000000,0.193075000000),
double3(0.112650000000,0.174750000000,0.178700000000),
double3(0.051475000000,0.249900000000,0.056200000000),
double3(0.104225000000,0.192250000000,0.094125000000),
double3(0.192500000000,0.190300000000,0.139175000000),
double3(0.083400000000,0.206600000000,0.205225000000),
double3(0.099925000000,0.222900000000,0.053750000000),
double3(0.138175000000,0.170550000000,0.133325000000),
double3(0.228875000000,0.223250000000,0.162325000000),
double3(0.095175000000,0.050550000000,0.257575000000),
double3(0.024525000000,0.047550000000,0.441500000000),
double3(0.101275000000,0.000150000000,0.443075000000),
double3(0.112650000000,0.075250000000,0.428700000000),
double3(0.051475000000,0.000100000000,0.306200000000),
double3(0.104225000000,0.057750000000,0.344125000000),
double3(0.192500000000,0.059700000000,0.389175000000),
double3(0.143250000000,0.125000000000,0.371200000000),
double3(0.000000000000,0.000000000000,0.375000000000),
double3(0.083400000000,0.043400000000,0.455225000000),
double3(0.099925000000,0.027100000000,0.303750000000),
double3(0.138175000000,0.079450000000,0.383325000000),
double3(0.228875000000,0.026750000000,0.412325000000),
double3(0.154825000000,0.300550000000,0.492425000000),
double3(0.225475000000,0.297550000000,0.308500000000),
double3(0.148725000000,0.250150000000,0.306925000000),
double3(0.137350000000,0.325250000000,0.321300000000),
double3(0.198525000000,0.250100000000,0.443800000000),
double3(0.145775000000,0.307750000000,0.405875000000),
double3(0.057500000000,0.309700000000,0.360825000000),
double3(0.106750000000,0.375000000000,0.378800000000),
double3(0.000000000000,0.250000000000,0.375000000000),
double3(0.166600000000,0.293400000000,0.294775000000),
double3(0.150075000000,0.277100000000,0.446250000000),
double3(0.111825000000,0.329450000000,0.366675000000),
double3(0.021125000000,0.276750000000,0.337675000000),
double3(0.154825000000,0.449450000000,0.492425000000),
double3(0.225475000000,0.452450000000,0.308500000000),
double3(0.148725000000,0.499850000000,0.306925000000),
double3(0.137350000000,0.424750000000,0.321300000000),
double3(0.198525000000,0.499900000000,0.443800000000),
double3(0.145775000000,0.442250000000,0.405875000000),
double3(0.057500000000,0.440300000000,0.360825000000),
double3(0.166600000000,0.456600000000,0.294775000000),
double3(0.150075000000,0.472900000000,0.446250000000),
double3(0.111825000000,0.420550000000,0.366675000000),
double3(0.021125000000,0.473250000000,0.337675000000),
double3(0.095175000000,0.199450000000,0.257575000000),
double3(0.024525000000,0.202450000000,0.441500000000),
double3(0.101275000000,0.249850000000,0.443075000000),
double3(0.112650000000,0.174750000000,0.428700000000),
double3(0.051475000000,0.249900000000,0.306200000000),
double3(0.104225000000,0.192250000000,0.344125000000),
double3(0.192500000000,0.190300000000,0.389175000000),
double3(0.083400000000,0.206600000000,0.455225000000),
double3(0.099925000000,0.222900000000,0.303750000000),
double3(0.138175000000,0.170550000000,0.383325000000),
double3(0.228875000000,0.223250000000,0.412325000000),
double3(0.095175000000,0.050550000000,0.507575000000),
double3(0.024525000000,0.047550000000,0.691500000000),
double3(0.101275000000,0.000150000000,0.693075000000),
double3(0.112650000000,0.075250000000,0.678700000000),
double3(0.051475000000,0.000100000000,0.556200000000),
double3(0.104225000000,0.057750000000,0.594125000000),
double3(0.192500000000,0.059700000000,0.639175000000),
double3(0.143250000000,0.125000000000,0.621200000000),
double3(0.000000000000,0.000000000000,0.625000000000),
double3(0.083400000000,0.043400000000,0.705225000000),
double3(0.099925000000,0.027100000000,0.553750000000),
double3(0.138175000000,0.079450000000,0.633325000000),
double3(0.228875000000,0.026750000000,0.662325000000),
double3(0.154825000000,0.300550000000,0.742425000000),
double3(0.225475000000,0.297550000000,0.558500000000),
double3(0.148725000000,0.250150000000,0.556925000000),
double3(0.137350000000,0.325250000000,0.571300000000),
double3(0.198525000000,0.250100000000,0.693800000000),
double3(0.145775000000,0.307750000000,0.655875000000),
double3(0.057500000000,0.309700000000,0.610825000000),
double3(0.106750000000,0.375000000000,0.628800000000),
double3(0.000000000000,0.250000000000,0.625000000000),
double3(0.166600000000,0.293400000000,0.544775000000),
double3(0.150075000000,0.277100000000,0.696250000000),
double3(0.111825000000,0.329450000000,0.616675000000),
double3(0.021125000000,0.276750000000,0.587675000000),
double3(0.154825000000,0.449450000000,0.742425000000),
double3(0.225475000000,0.452450000000,0.558500000000),
double3(0.148725000000,0.499850000000,0.556925000000),
double3(0.137350000000,0.424750000000,0.571300000000),
double3(0.198525000000,0.499900000000,0.693800000000),
double3(0.145775000000,0.442250000000,0.655875000000),
double3(0.057500000000,0.440300000000,0.610825000000),
double3(0.166600000000,0.456600000000,0.544775000000),
double3(0.150075000000,0.472900000000,0.696250000000),
double3(0.111825000000,0.420550000000,0.616675000000),
double3(0.021125000000,0.473250000000,0.587675000000),
double3(0.095175000000,0.199450000000,0.507575000000),
double3(0.024525000000,0.202450000000,0.691500000000),
double3(0.101275000000,0.249850000000,0.693075000000),
double3(0.112650000000,0.174750000000,0.678700000000),
double3(0.051475000000,0.249900000000,0.556200000000),
double3(0.104225000000,0.192250000000,0.594125000000),
double3(0.192500000000,0.190300000000,0.639175000000),
double3(0.083400000000,0.206600000000,0.705225000000),
double3(0.099925000000,0.222900000000,0.553750000000),
double3(0.138175000000,0.170550000000,0.633325000000),
double3(0.228875000000,0.223250000000,0.662325000000),
double3(0.095175000000,0.050550000000,0.757575000000),
double3(0.024525000000,0.047550000000,0.941500000000),
double3(0.101275000000,0.000150000000,0.943075000000),
double3(0.112650000000,0.075250000000,0.928700000000),
double3(0.051475000000,0.000100000000,0.806200000000),
double3(0.104225000000,0.057750000000,0.844125000000),
double3(0.192500000000,0.059700000000,0.889175000000),
double3(0.143250000000,0.125000000000,0.871200000000),
double3(0.000000000000,0.000000000000,0.875000000000),
double3(0.083400000000,0.043400000000,0.955225000000),
double3(0.099925000000,0.027100000000,0.803750000000),
double3(0.138175000000,0.079450000000,0.883325000000),
double3(0.228875000000,0.026750000000,0.912325000000),
double3(0.154825000000,0.300550000000,0.992425000000),
double3(0.225475000000,0.297550000000,0.808500000000),
double3(0.148725000000,0.250150000000,0.806925000000),
double3(0.137350000000,0.325250000000,0.821300000000),
double3(0.198525000000,0.250100000000,0.943800000000),
double3(0.145775000000,0.307750000000,0.905875000000),
double3(0.057500000000,0.309700000000,0.860825000000),
double3(0.106750000000,0.375000000000,0.878800000000),
double3(0.000000000000,0.250000000000,0.875000000000),
double3(0.166600000000,0.293400000000,0.794775000000),
double3(0.150075000000,0.277100000000,0.946250000000),
double3(0.111825000000,0.329450000000,0.866675000000),
double3(0.021125000000,0.276750000000,0.837675000000),
double3(0.154825000000,0.449450000000,0.992425000000),
double3(0.225475000000,0.452450000000,0.808500000000),
double3(0.148725000000,0.499850000000,0.806925000000),
double3(0.137350000000,0.424750000000,0.821300000000),
double3(0.198525000000,0.499900000000,0.943800000000),
double3(0.145775000000,0.442250000000,0.905875000000),
double3(0.057500000000,0.440300000000,0.860825000000),
double3(0.166600000000,0.456600000000,0.794775000000),
double3(0.150075000000,0.472900000000,0.946250000000),
double3(0.111825000000,0.420550000000,0.866675000000),
double3(0.021125000000,0.473250000000,0.837675000000),
double3(0.095175000000,0.199450000000,0.757575000000),
double3(0.024525000000,0.202450000000,0.941500000000),
double3(0.101275000000,0.249850000000,0.943075000000),
double3(0.112650000000,0.174750000000,0.928700000000),
double3(0.051475000000,0.249900000000,0.806200000000),
double3(0.104225000000,0.192250000000,0.844125000000),
double3(0.192500000000,0.190300000000,0.889175000000),
double3(0.083400000000,0.206600000000,0.955225000000),
double3(0.099925000000,0.222900000000,0.803750000000),
double3(0.138175000000,0.170550000000,0.883325000000),
double3(0.228875000000,0.223250000000,0.912325000000),
double3(0.095175000000,0.550550000000,0.007575000000),
double3(0.024525000000,0.547550000000,0.191500000000),
double3(0.101275000000,0.500150000000,0.193075000000),
double3(0.112650000000,0.575250000000,0.178700000000),
double3(0.051475000000,0.500100000000,0.056200000000),
double3(0.104225000000,0.557750000000,0.094125000000),
double3(0.192500000000,0.559700000000,0.139175000000),
double3(0.143250000000,0.625000000000,0.121200000000),
double3(0.000000000000,0.500000000000,0.125000000000),
double3(0.083400000000,0.543400000000,0.205225000000),
double3(0.099925000000,0.527100000000,0.053750000000),
double3(0.138175000000,0.579450000000,0.133325000000),
double3(0.228875000000,0.526750000000,0.162325000000),
double3(0.154825000000,0.800550000000,0.242425000000),
double3(0.225475000000,0.797550000000,0.058500000000),
double3(0.148725000000,0.750150000000,0.056925000000),
double3(0.137350000000,0.825250000000,0.071300000000),
double3(0.198525000000,0.750100000000,0.193800000000),
double3(0.145775000000,0.807750000000,0.155875000000),
double3(0.057500000000,0.809700000000,0.110825000000),
double3(0.106750000000,0.875000000000,0.128800000000),
double3(0.000000000000,0.750000000000,0.125000000000),
double3(0.166600000000,0.793400000000,0.044775000000),
double3(0.150075000000,0.777100000000,0.196250000000),
double3(0.111825000000,0.829450000000,0.116675000000),
double3(0.021125000000,0.776750000000,0.087675000000),
double3(0.154825000000,0.949450000000,0.242425000000),
double3(0.225475000000,0.952450000000,0.058500000000),
double3(0.148725000000,0.999850000000,0.056925000000),
double3(0.137350000000,0.924750000000,0.071300000000),
double3(0.198525000000,0.999900000000,0.193800000000),
double3(0.145775000000,0.942250000000,0.155875000000),
double3(0.057500000000,0.940300000000,0.110825000000),
double3(0.166600000000,0.956600000000,0.044775000000),
double3(0.150075000000,0.972900000000,0.196250000000),
double3(0.111825000000,0.920550000000,0.116675000000),
double3(0.021125000000,0.973250000000,0.087675000000),
double3(0.095175000000,0.699450000000,0.007575000000),
double3(0.024525000000,0.702450000000,0.191500000000),
double3(0.101275000000,0.749850000000,0.193075000000),
double3(0.112650000000,0.674750000000,0.178700000000),
double3(0.051475000000,0.749900000000,0.056200000000),
double3(0.104225000000,0.692250000000,0.094125000000),
double3(0.192500000000,0.690300000000,0.139175000000),
double3(0.083400000000,0.706600000000,0.205225000000),
double3(0.099925000000,0.722900000000,0.053750000000),
double3(0.138175000000,0.670550000000,0.133325000000),
double3(0.228875000000,0.723250000000,0.162325000000),
double3(0.095175000000,0.550550000000,0.257575000000),
double3(0.024525000000,0.547550000000,0.441500000000),
double3(0.101275000000,0.500150000000,0.443075000000),
double3(0.112650000000,0.575250000000,0.428700000000),
double3(0.051475000000,0.500100000000,0.306200000000),
double3(0.104225000000,0.557750000000,0.344125000000),
double3(0.192500000000,0.559700000000,0.389175000000),
double3(0.143250000000,0.625000000000,0.371200000000),
double3(0.000000000000,0.500000000000,0.375000000000),
double3(0.083400000000,0.543400000000,0.455225000000),
double3(0.099925000000,0.527100000000,0.303750000000),
double3(0.138175000000,0.579450000000,0.383325000000),
double3(0.228875000000,0.526750000000,0.412325000000),
double3(0.154825000000,0.800550000000,0.492425000000),
double3(0.225475000000,0.797550000000,0.308500000000),
double3(0.148725000000,0.750150000000,0.306925000000),
double3(0.137350000000,0.825250000000,0.321300000000),
double3(0.198525000000,0.750100000000,0.443800000000),
double3(0.145775000000,0.807750000000,0.405875000000),
double3(0.057500000000,0.809700000000,0.360825000000),
double3(0.106750000000,0.875000000000,0.378800000000),
double3(0.000000000000,0.750000000000,0.375000000000),
double3(0.166600000000,0.793400000000,0.294775000000),
double3(0.150075000000,0.777100000000,0.446250000000),
double3(0.111825000000,0.829450000000,0.366675000000),
double3(0.021125000000,0.776750000000,0.337675000000),
double3(0.154825000000,0.949450000000,0.492425000000),
double3(0.225475000000,0.952450000000,0.308500000000),
double3(0.148725000000,0.999850000000,0.306925000000),
double3(0.137350000000,0.924750000000,0.321300000000),
double3(0.198525000000,0.999900000000,0.443800000000),
double3(0.145775000000,0.942250000000,0.405875000000),
double3(0.057500000000,0.940300000000,0.360825000000),
double3(0.166600000000,0.956600000000,0.294775000000),
double3(0.150075000000,0.972900000000,0.446250000000),
double3(0.111825000000,0.920550000000,0.366675000000),
double3(0.021125000000,0.973250000000,0.337675000000),
double3(0.095175000000,0.699450000000,0.257575000000),
double3(0.024525000000,0.702450000000,0.441500000000),
double3(0.101275000000,0.749850000000,0.443075000000),
double3(0.112650000000,0.674750000000,0.428700000000),
double3(0.051475000000,0.749900000000,0.306200000000),
double3(0.104225000000,0.692250000000,0.344125000000),
double3(0.192500000000,0.690300000000,0.389175000000),
double3(0.083400000000,0.706600000000,0.455225000000),
double3(0.099925000000,0.722900000000,0.303750000000),
double3(0.138175000000,0.670550000000,0.383325000000),
double3(0.228875000000,0.723250000000,0.412325000000),
double3(0.095175000000,0.550550000000,0.507575000000),
double3(0.024525000000,0.547550000000,0.691500000000),
double3(0.101275000000,0.500150000000,0.693075000000),
double3(0.112650000000,0.575250000000,0.678700000000),
double3(0.051475000000,0.500100000000,0.556200000000),
double3(0.104225000000,0.557750000000,0.594125000000),
double3(0.192500000000,0.559700000000,0.639175000000),
double3(0.143250000000,0.625000000000,0.621200000000),
double3(0.000000000000,0.500000000000,0.625000000000),
double3(0.083400000000,0.543400000000,0.705225000000),
double3(0.099925000000,0.527100000000,0.553750000000),
double3(0.138175000000,0.579450000000,0.633325000000),
double3(0.228875000000,0.526750000000,0.662325000000),
double3(0.154825000000,0.800550000000,0.742425000000),
double3(0.225475000000,0.797550000000,0.558500000000),
double3(0.148725000000,0.750150000000,0.556925000000),
double3(0.137350000000,0.825250000000,0.571300000000),
double3(0.198525000000,0.750100000000,0.693800000000),
double3(0.145775000000,0.807750000000,0.655875000000),
double3(0.057500000000,0.809700000000,0.610825000000),
double3(0.106750000000,0.875000000000,0.628800000000),
double3(0.000000000000,0.750000000000,0.625000000000),
double3(0.166600000000,0.793400000000,0.544775000000),
double3(0.150075000000,0.777100000000,0.696250000000),
double3(0.111825000000,0.829450000000,0.616675000000),
double3(0.021125000000,0.776750000000,0.587675000000),
double3(0.154825000000,0.949450000000,0.742425000000),
double3(0.225475000000,0.952450000000,0.558500000000),
double3(0.148725000000,0.999850000000,0.556925000000),
double3(0.137350000000,0.924750000000,0.571300000000),
double3(0.198525000000,0.999900000000,0.693800000000),
double3(0.145775000000,0.942250000000,0.655875000000),
double3(0.057500000000,0.940300000000,0.610825000000),
double3(0.166600000000,0.956600000000,0.544775000000),
double3(0.150075000000,0.972900000000,0.696250000000),
double3(0.111825000000,0.920550000000,0.616675000000),
double3(0.021125000000,0.973250000000,0.587675000000),
double3(0.095175000000,0.699450000000,0.507575000000),
double3(0.024525000000,0.702450000000,0.691500000000),
double3(0.101275000000,0.749850000000,0.693075000000),
double3(0.112650000000,0.674750000000,0.678700000000),
double3(0.051475000000,0.749900000000,0.556200000000),
double3(0.104225000000,0.692250000000,0.594125000000),
double3(0.192500000000,0.690300000000,0.639175000000),
double3(0.083400000000,0.706600000000,0.705225000000),
double3(0.099925000000,0.722900000000,0.553750000000),
double3(0.138175000000,0.670550000000,0.633325000000),
double3(0.228875000000,0.723250000000,0.662325000000),
double3(0.095175000000,0.550550000000,0.757575000000),
double3(0.024525000000,0.547550000000,0.941500000000),
double3(0.101275000000,0.500150000000,0.943075000000),
double3(0.112650000000,0.575250000000,0.928700000000),
double3(0.051475000000,0.500100000000,0.806200000000),
double3(0.104225000000,0.557750000000,0.844125000000),
double3(0.192500000000,0.559700000000,0.889175000000),
double3(0.143250000000,0.625000000000,0.871200000000),
double3(0.000000000000,0.500000000000,0.875000000000),
double3(0.083400000000,0.543400000000,0.955225000000),
double3(0.099925000000,0.527100000000,0.803750000000),
double3(0.138175000000,0.579450000000,0.883325000000),
double3(0.228875000000,0.526750000000,0.912325000000),
double3(0.154825000000,0.800550000000,0.992425000000),
double3(0.225475000000,0.797550000000,0.808500000000),
double3(0.148725000000,0.750150000000,0.806925000000),
double3(0.137350000000,0.825250000000,0.821300000000),
double3(0.198525000000,0.750100000000,0.943800000000),
double3(0.145775000000,0.807750000000,0.905875000000),
double3(0.057500000000,0.809700000000,0.860825000000),
double3(0.106750000000,0.875000000000,0.878800000000),
double3(0.000000000000,0.750000000000,0.875000000000),
double3(0.166600000000,0.793400000000,0.794775000000),
double3(0.150075000000,0.777100000000,0.946250000000),
double3(0.111825000000,0.829450000000,0.866675000000),
double3(0.021125000000,0.776750000000,0.837675000000),
double3(0.154825000000,0.949450000000,0.992425000000),
double3(0.225475000000,0.952450000000,0.808500000000),
double3(0.148725000000,0.999850000000,0.806925000000),
double3(0.137350000000,0.924750000000,0.821300000000),
double3(0.198525000000,0.999900000000,0.943800000000),
double3(0.145775000000,0.942250000000,0.905875000000),
double3(0.057500000000,0.940300000000,0.860825000000),
double3(0.166600000000,0.956600000000,0.794775000000),
double3(0.150075000000,0.972900000000,0.946250000000),
double3(0.111825000000,0.920550000000,0.866675000000),
double3(0.021125000000,0.973250000000,0.837675000000),
double3(0.095175000000,0.699450000000,0.757575000000),
double3(0.024525000000,0.702450000000,0.941500000000),
double3(0.101275000000,0.749850000000,0.943075000000),
double3(0.112650000000,0.674750000000,0.928700000000),
double3(0.051475000000,0.749900000000,0.806200000000),
double3(0.104225000000,0.692250000000,0.844125000000),
double3(0.192500000000,0.690300000000,0.889175000000),
double3(0.083400000000,0.706600000000,0.955225000000),
double3(0.099925000000,0.722900000000,0.803750000000),
double3(0.138175000000,0.670550000000,0.883325000000),
double3(0.228875000000,0.723250000000,0.912325000000),
double3(0.345175000000,0.050550000000,0.007575000000),
double3(0.274525000000,0.047550000000,0.191500000000),
double3(0.351275000000,0.000150000000,0.193075000000),
double3(0.362650000000,0.075250000000,0.178700000000),
double3(0.301475000000,0.000100000000,0.056200000000),
double3(0.354225000000,0.057750000000,0.094125000000),
double3(0.442500000000,0.059700000000,0.139175000000),
double3(0.393250000000,0.125000000000,0.121200000000),
double3(0.250000000000,0.000000000000,0.125000000000),
double3(0.333400000000,0.043400000000,0.205225000000),
double3(0.349925000000,0.027100000000,0.053750000000),
double3(0.388175000000,0.079450000000,0.133325000000),
double3(0.478875000000,0.026750000000,0.162325000000),
double3(0.404825000000,0.300550000000,0.242425000000),
double3(0.475475000000,0.297550000000,0.058500000000),
double3(0.398725000000,0.250150000000,0.056925000000),
double3(0.387350000000,0.325250000000,0.071300000000),
double3(0.448525000000,0.250100000000,0.193800000000),
double3(0.395775000000,0.307750000000,0.155875000000),
double3(0.307500000000,0.309700000000,0.110825000000),
double3(0.356750000000,0.375000000000,0.128800000000),
double3(0.250000000000,0.250000000000,0.125000000000),
double3(0.416600000000,0.293400000000,0.044775000000),
double3(0.400075000000,0.277100000000,0.196250000000),
double3(0.361825000000,0.329450000000,0.116675000000),
double3(0.271125000000,0.276750000000,0.087675000000),
double3(0.404825000000,0.449450000000,0.242425000000),
double3(0.475475000000,0.452450000000,0.058500000000),
double3(0.398725000000,0.499850000000,0.056925000000),
double3(0.387350000000,0.424750000000,0.071300000000),
double3(0.448525000000,0.499900000000,0.193800000000),
double3(0.395775000000,0.442250000000,0.155875000000),
double3(0.307500000000,0.440300000000,0.110825000000),
double3(0.416600000000,0.456600000000,0.044775000000),
double3(0.400075000000,0.472900000000,0.196250000000),
double3(0.361825000000,0.420550000000,0.116675000000),
double3(0.271125000000,0.473250000000,0.087675000000),
double3(0.345175000000,0.199450000000,0.007575000000),
double3(0.274525000000,0.202450000000,0.191500000000),
double3(0.351275000000,0.249850000000,0.193075000000),
double3(0.362650000000,0.174750000000,0.178700000000),
double3(0.301475000000,0.249900000000,0.056200000000),
double3(0.354225000000,0.192250000000,0.094125000000),
double3(0.442500000000,0.190300000000,0.139175000000),
double3(0.333400000000,0.206600000000,0.205225000000),
double3(0.349925000000,0.222900000000,0.053750000000),
double3(0.388175000000,0.170550000000,0.133325000000),
double3(0.478875000000,0.223250000000,0.162325000000),
double3(0.345175000000,0.050550000000,0.257575000000),
double3(0.274525000000,0.047550000000,0.441500000000),
double3(0.351275000000,0.000150000000,0.443075000000),
double3(0.362650000000,0.075250000000,0.428700000000),
double3(0.301475000000,0.000100000000,0.306200000000),
double3(0.354225000000,0.057750000000,0.344125000000),
double3(0.442500000000,0.059700000000,0.389175000000),
double3(0.393250000000,0.125000000000,0.371200000000),
double3(0.250000000000,0.000000000000,0.375000000000),
double3(0.333400000000,0.043400000000,0.455225000000),
double3(0.349925000000,0.027100000000,0.303750000000),
double3(0.388175000000,0.079450000000,0.383325000000),
double3(0.478875000000,0.026750000000,0.412325000000),
double3(0.404825000000,0.300550000000,0.492425000000),
double3(0.475475000000,0.297550000000,0.308500000000),
double3(0.398725000000,0.250150000000,0.306925000000),
double3(0.387350000000,0.325250000000,0.321300000000),
double3(0.448525000000,0.250100000000,0.443800000000),
double3(0.395775000000,0.307750000000,0.405875000000),
double3(0.307500000000,0.309700000000,0.360825000000),
double3(0.356750000000,0.375000000000,0.378800000000),
double3(0.250000000000,0.250000000000,0.375000000000),
double3(0.416600000000,0.293400000000,0.294775000000),
double3(0.400075000000,0.277100000000,0.446250000000),
double3(0.361825000000,0.329450000000,0.366675000000),
double3(0.271125000000,0.276750000000,0.337675000000),
double3(0.404825000000,0.449450000000,0.492425000000),
double3(0.475475000000,0.452450000000,0.308500000000),
double3(0.398725000000,0.499850000000,0.306925000000),
double3(0.387350000000,0.424750000000,0.321300000000),
double3(0.448525000000,0.499900000000,0.443800000000),
double3(0.395775000000,0.442250000000,0.405875000000),
double3(0.307500000000,0.440300000000,0.360825000000),
double3(0.416600000000,0.456600000000,0.294775000000),
double3(0.400075000000,0.472900000000,0.446250000000),
double3(0.361825000000,0.420550000000,0.366675000000),
double3(0.271125000000,0.473250000000,0.337675000000),
double3(0.345175000000,0.199450000000,0.257575000000),
double3(0.274525000000,0.202450000000,0.441500000000),
double3(0.351275000000,0.249850000000,0.443075000000),
double3(0.362650000000,0.174750000000,0.428700000000),
double3(0.301475000000,0.249900000000,0.306200000000),
double3(0.354225000000,0.192250000000,0.344125000000),
double3(0.442500000000,0.190300000000,0.389175000000),
double3(0.333400000000,0.206600000000,0.455225000000),
double3(0.349925000000,0.222900000000,0.303750000000),
double3(0.388175000000,0.170550000000,0.383325000000),
double3(0.478875000000,0.223250000000,0.412325000000),
double3(0.345175000000,0.050550000000,0.507575000000),
double3(0.274525000000,0.047550000000,0.691500000000),
double3(0.351275000000,0.000150000000,0.693075000000),
double3(0.362650000000,0.075250000000,0.678700000000),
double3(0.301475000000,0.000100000000,0.556200000000),
double3(0.354225000000,0.057750000000,0.594125000000),
double3(0.442500000000,0.059700000000,0.639175000000),
double3(0.393250000000,0.125000000000,0.621200000000),
double3(0.250000000000,0.000000000000,0.625000000000),
double3(0.333400000000,0.043400000000,0.705225000000),
double3(0.349925000000,0.027100000000,0.553750000000),
double3(0.388175000000,0.079450000000,0.633325000000),
double3(0.478875000000,0.026750000000,0.662325000000),
double3(0.404825000000,0.300550000000,0.742425000000),
double3(0.475475000000,0.297550000000,0.558500000000),
double3(0.398725000000,0.250150000000,0.556925000000),
double3(0.387350000000,0.325250000000,0.571300000000),
double3(0.448525000000,0.250100000000,0.693800000000),
double3(0.395775000000,0.307750000000,0.655875000000),
double3(0.307500000000,0.309700000000,0.610825000000),
double3(0.356750000000,0.375000000000,0.628800000000),
double3(0.250000000000,0.250000000000,0.625000000000),
double3(0.416600000000,0.293400000000,0.544775000000),
double3(0.400075000000,0.277100000000,0.696250000000),
double3(0.361825000000,0.329450000000,0.616675000000),
double3(0.271125000000,0.276750000000,0.587675000000),
double3(0.404825000000,0.449450000000,0.742425000000),
double3(0.475475000000,0.452450000000,0.558500000000),
double3(0.398725000000,0.499850000000,0.556925000000),
double3(0.387350000000,0.424750000000,0.571300000000),
double3(0.448525000000,0.499900000000,0.693800000000),
double3(0.395775000000,0.442250000000,0.655875000000),
double3(0.307500000000,0.440300000000,0.610825000000),
double3(0.416600000000,0.456600000000,0.544775000000),
double3(0.400075000000,0.472900000000,0.696250000000),
double3(0.361825000000,0.420550000000,0.616675000000),
double3(0.271125000000,0.473250000000,0.587675000000),
double3(0.345175000000,0.199450000000,0.507575000000),
double3(0.274525000000,0.202450000000,0.691500000000),
double3(0.351275000000,0.249850000000,0.693075000000),
double3(0.362650000000,0.174750000000,0.678700000000),
double3(0.301475000000,0.249900000000,0.556200000000),
double3(0.354225000000,0.192250000000,0.594125000000),
double3(0.442500000000,0.190300000000,0.639175000000),
double3(0.333400000000,0.206600000000,0.705225000000),
double3(0.349925000000,0.222900000000,0.553750000000),
double3(0.388175000000,0.170550000000,0.633325000000),
double3(0.478875000000,0.223250000000,0.662325000000),
double3(0.345175000000,0.050550000000,0.757575000000),
double3(0.274525000000,0.047550000000,0.941500000000),
double3(0.351275000000,0.000150000000,0.943075000000),
double3(0.362650000000,0.075250000000,0.928700000000),
double3(0.301475000000,0.000100000000,0.806200000000),
double3(0.354225000000,0.057750000000,0.844125000000),
double3(0.442500000000,0.059700000000,0.889175000000),
double3(0.393250000000,0.125000000000,0.871200000000),
double3(0.250000000000,0.000000000000,0.875000000000),
double3(0.333400000000,0.043400000000,0.955225000000),
double3(0.349925000000,0.027100000000,0.803750000000),
double3(0.388175000000,0.079450000000,0.883325000000),
double3(0.478875000000,0.026750000000,0.912325000000),
double3(0.404825000000,0.300550000000,0.992425000000),
double3(0.475475000000,0.297550000000,0.808500000000),
double3(0.398725000000,0.250150000000,0.806925000000),
double3(0.387350000000,0.325250000000,0.821300000000),
double3(0.448525000000,0.250100000000,0.943800000000),
double3(0.395775000000,0.307750000000,0.905875000000),
double3(0.307500000000,0.309700000000,0.860825000000),
double3(0.356750000000,0.375000000000,0.878800000000),
double3(0.250000000000,0.250000000000,0.875000000000),
double3(0.416600000000,0.293400000000,0.794775000000),
double3(0.400075000000,0.277100000000,0.946250000000),
double3(0.361825000000,0.329450000000,0.866675000000),
double3(0.271125000000,0.276750000000,0.837675000000),
double3(0.404825000000,0.449450000000,0.992425000000),
double3(0.475475000000,0.452450000000,0.808500000000),
double3(0.398725000000,0.499850000000,0.806925000000),
double3(0.387350000000,0.424750000000,0.821300000000),
double3(0.448525000000,0.499900000000,0.943800000000),
double3(0.395775000000,0.442250000000,0.905875000000),
double3(0.307500000000,0.440300000000,0.860825000000),
double3(0.416600000000,0.456600000000,0.794775000000),
double3(0.400075000000,0.472900000000,0.946250000000),
double3(0.361825000000,0.420550000000,0.866675000000),
double3(0.271125000000,0.473250000000,0.837675000000),
double3(0.345175000000,0.199450000000,0.757575000000),
double3(0.274525000000,0.202450000000,0.941500000000),
double3(0.351275000000,0.249850000000,0.943075000000),
double3(0.362650000000,0.174750000000,0.928700000000),
double3(0.301475000000,0.249900000000,0.806200000000),
double3(0.354225000000,0.192250000000,0.844125000000),
double3(0.442500000000,0.190300000000,0.889175000000),
double3(0.333400000000,0.206600000000,0.955225000000),
double3(0.349925000000,0.222900000000,0.803750000000),
double3(0.388175000000,0.170550000000,0.883325000000),
double3(0.478875000000,0.223250000000,0.912325000000),
double3(0.345175000000,0.550550000000,0.007575000000),
double3(0.274525000000,0.547550000000,0.191500000000),
double3(0.351275000000,0.500150000000,0.193075000000),
double3(0.362650000000,0.575250000000,0.178700000000),
double3(0.301475000000,0.500100000000,0.056200000000),
double3(0.354225000000,0.557750000000,0.094125000000),
double3(0.442500000000,0.559700000000,0.139175000000),
double3(0.393250000000,0.625000000000,0.121200000000),
double3(0.250000000000,0.500000000000,0.125000000000),
double3(0.333400000000,0.543400000000,0.205225000000),
double3(0.349925000000,0.527100000000,0.053750000000),
double3(0.388175000000,0.579450000000,0.133325000000),
double3(0.478875000000,0.526750000000,0.162325000000),
double3(0.404825000000,0.800550000000,0.242425000000),
double3(0.475475000000,0.797550000000,0.058500000000),
double3(0.398725000000,0.750150000000,0.056925000000),
double3(0.387350000000,0.825250000000,0.071300000000),
double3(0.448525000000,0.750100000000,0.193800000000),
double3(0.395775000000,0.807750000000,0.155875000000),
double3(0.307500000000,0.809700000000,0.110825000000),
double3(0.356750000000,0.875000000000,0.128800000000),
double3(0.250000000000,0.750000000000,0.125000000000),
double3(0.416600000000,0.793400000000,0.044775000000),
double3(0.400075000000,0.777100000000,0.196250000000),
double3(0.361825000000,0.829450000000,0.116675000000),
double3(0.271125000000,0.776750000000,0.087675000000),
double3(0.404825000000,0.949450000000,0.242425000000),
double3(0.475475000000,0.952450000000,0.058500000000),
double3(0.398725000000,0.999850000000,0.056925000000),
double3(0.387350000000,0.924750000000,0.071300000000),
double3(0.448525000000,0.999900000000,0.193800000000),
double3(0.395775000000,0.942250000000,0.155875000000),
double3(0.307500000000,0.940300000000,0.110825000000),
double3(0.416600000000,0.956600000000,0.044775000000),
double3(0.400075000000,0.972900000000,0.196250000000),
double3(0.361825000000,0.920550000000,0.116675000000),
double3(0.271125000000,0.973250000000,0.087675000000),
double3(0.345175000000,0.699450000000,0.007575000000),
double3(0.274525000000,0.702450000000,0.191500000000),
double3(0.351275000000,0.749850000000,0.193075000000),
double3(0.362650000000,0.674750000000,0.178700000000),
double3(0.301475000000,0.749900000000,0.056200000000),
double3(0.354225000000,0.692250000000,0.094125000000),
double3(0.442500000000,0.690300000000,0.139175000000),
double3(0.333400000000,0.706600000000,0.205225000000),
double3(0.349925000000,0.722900000000,0.053750000000),
double3(0.388175000000,0.670550000000,0.133325000000),
double3(0.478875000000,0.723250000000,0.162325000000),
double3(0.345175000000,0.550550000000,0.257575000000),
double3(0.274525000000,0.547550000000,0.441500000000),
double3(0.351275000000,0.500150000000,0.443075000000),
double3(0.362650000000,0.575250000000,0.428700000000),
double3(0.301475000000,0.500100000000,0.306200000000),
double3(0.354225000000,0.557750000000,0.344125000000),
double3(0.442500000000,0.559700000000,0.389175000000),
double3(0.393250000000,0.625000000000,0.371200000000),
double3(0.250000000000,0.500000000000,0.375000000000),
double3(0.333400000000,0.543400000000,0.455225000000),
double3(0.349925000000,0.527100000000,0.303750000000),
double3(0.388175000000,0.579450000000,0.383325000000),
double3(0.478875000000,0.526750000000,0.412325000000),
double3(0.404825000000,0.800550000000,0.492425000000),
double3(0.475475000000,0.797550000000,0.308500000000),
double3(0.398725000000,0.750150000000,0.306925000000),
double3(0.387350000000,0.825250000000,0.321300000000),
double3(0.448525000000,0.750100000000,0.443800000000),
double3(0.395775000000,0.807750000000,0.405875000000),
double3(0.307500000000,0.809700000000,0.360825000000),
double3(0.356750000000,0.875000000000,0.378800000000),
double3(0.250000000000,0.750000000000,0.375000000000),
double3(0.416600000000,0.793400000000,0.294775000000),
double3(0.400075000000,0.777100000000,0.446250000000),
double3(0.361825000000,0.829450000000,0.366675000000),
double3(0.271125000000,0.776750000000,0.337675000000),
double3(0.404825000000,0.949450000000,0.492425000000),
double3(0.475475000000,0.952450000000,0.308500000000),
double3(0.398725000000,0.999850000000,0.306925000000),
double3(0.387350000000,0.924750000000,0.321300000000),
double3(0.448525000000,0.999900000000,0.443800000000),
double3(0.395775000000,0.942250000000,0.405875000000),
double3(0.307500000000,0.940300000000,0.360825000000),
double3(0.416600000000,0.956600000000,0.294775000000),
double3(0.400075000000,0.972900000000,0.446250000000),
double3(0.361825000000,0.920550000000,0.366675000000),
double3(0.271125000000,0.973250000000,0.337675000000),
double3(0.345175000000,0.699450000000,0.257575000000),
double3(0.274525000000,0.702450000000,0.441500000000),
double3(0.351275000000,0.749850000000,0.443075000000),
double3(0.362650000000,0.674750000000,0.428700000000),
double3(0.301475000000,0.749900000000,0.306200000000),
double3(0.354225000000,0.692250000000,0.344125000000),
double3(0.442500000000,0.690300000000,0.389175000000),
double3(0.333400000000,0.706600000000,0.455225000000),
double3(0.349925000000,0.722900000000,0.303750000000),
double3(0.388175000000,0.670550000000,0.383325000000),
double3(0.478875000000,0.723250000000,0.412325000000),
double3(0.345175000000,0.550550000000,0.507575000000),
double3(0.274525000000,0.547550000000,0.691500000000),
double3(0.351275000000,0.500150000000,0.693075000000),
double3(0.362650000000,0.575250000000,0.678700000000),
double3(0.301475000000,0.500100000000,0.556200000000),
double3(0.354225000000,0.557750000000,0.594125000000),
double3(0.442500000000,0.559700000000,0.639175000000),
double3(0.393250000000,0.625000000000,0.621200000000),
double3(0.250000000000,0.500000000000,0.625000000000),
double3(0.333400000000,0.543400000000,0.705225000000),
double3(0.349925000000,0.527100000000,0.553750000000),
double3(0.388175000000,0.579450000000,0.633325000000),
double3(0.478875000000,0.526750000000,0.662325000000),
double3(0.404825000000,0.800550000000,0.742425000000),
double3(0.475475000000,0.797550000000,0.558500000000),
double3(0.398725000000,0.750150000000,0.556925000000),
double3(0.387350000000,0.825250000000,0.571300000000),
double3(0.448525000000,0.750100000000,0.693800000000),
double3(0.395775000000,0.807750000000,0.655875000000),
double3(0.307500000000,0.809700000000,0.610825000000),
double3(0.356750000000,0.875000000000,0.628800000000),
double3(0.250000000000,0.750000000000,0.625000000000),
double3(0.416600000000,0.793400000000,0.544775000000),
double3(0.400075000000,0.777100000000,0.696250000000),
double3(0.361825000000,0.829450000000,0.616675000000),
double3(0.271125000000,0.776750000000,0.587675000000),
double3(0.404825000000,0.949450000000,0.742425000000),
double3(0.475475000000,0.952450000000,0.558500000000),
double3(0.398725000000,0.999850000000,0.556925000000),
double3(0.387350000000,0.924750000000,0.571300000000),
double3(0.448525000000,0.999900000000,0.693800000000),
double3(0.395775000000,0.942250000000,0.655875000000),
double3(0.307500000000,0.940300000000,0.610825000000),
double3(0.416600000000,0.956600000000,0.544775000000),
double3(0.400075000000,0.972900000000,0.696250000000),
double3(0.361825000000,0.920550000000,0.616675000000),
double3(0.271125000000,0.973250000000,0.587675000000),
double3(0.345175000000,0.699450000000,0.507575000000),
double3(0.274525000000,0.702450000000,0.691500000000),
double3(0.351275000000,0.749850000000,0.693075000000),
double3(0.362650000000,0.674750000000,0.678700000000),
double3(0.301475000000,0.749900000000,0.556200000000),
double3(0.354225000000,0.692250000000,0.594125000000),
double3(0.442500000000,0.690300000000,0.639175000000),
double3(0.333400000000,0.706600000000,0.705225000000),
double3(0.349925000000,0.722900000000,0.553750000000),
double3(0.388175000000,0.670550000000,0.633325000000),
double3(0.478875000000,0.723250000000,0.662325000000),
double3(0.345175000000,0.550550000000,0.757575000000),
double3(0.274525000000,0.547550000000,0.941500000000),
double3(0.351275000000,0.500150000000,0.943075000000),
double3(0.362650000000,0.575250000000,0.928700000000),
double3(0.301475000000,0.500100000000,0.806200000000),
double3(0.354225000000,0.557750000000,0.844125000000),
double3(0.442500000000,0.559700000000,0.889175000000),
double3(0.393250000000,0.625000000000,0.871200000000),
double3(0.250000000000,0.500000000000,0.875000000000),
double3(0.333400000000,0.543400000000,0.955225000000),
double3(0.349925000000,0.527100000000,0.803750000000),
double3(0.388175000000,0.579450000000,0.883325000000),
double3(0.478875000000,0.526750000000,0.912325000000),
double3(0.404825000000,0.800550000000,0.992425000000),
double3(0.475475000000,0.797550000000,0.808500000000),
double3(0.398725000000,0.750150000000,0.806925000000),
double3(0.387350000000,0.825250000000,0.821300000000),
double3(0.448525000000,0.750100000000,0.943800000000),
double3(0.395775000000,0.807750000000,0.905875000000),
double3(0.307500000000,0.809700000000,0.860825000000),
double3(0.356750000000,0.875000000000,0.878800000000),
double3(0.250000000000,0.750000000000,0.875000000000),
double3(0.416600000000,0.793400000000,0.794775000000),
double3(0.400075000000,0.777100000000,0.946250000000),
double3(0.361825000000,0.829450000000,0.866675000000),
double3(0.271125000000,0.776750000000,0.837675000000),
double3(0.404825000000,0.949450000000,0.992425000000),
double3(0.475475000000,0.952450000000,0.808500000000),
double3(0.398725000000,0.999850000000,0.806925000000),
double3(0.387350000000,0.924750000000,0.821300000000),
double3(0.448525000000,0.999900000000,0.943800000000),
double3(0.395775000000,0.942250000000,0.905875000000),
double3(0.307500000000,0.940300000000,0.860825000000),
double3(0.416600000000,0.956600000000,0.794775000000),
double3(0.400075000000,0.972900000000,0.946250000000),
double3(0.361825000000,0.920550000000,0.866675000000),
double3(0.271125000000,0.973250000000,0.837675000000),
double3(0.345175000000,0.699450000000,0.757575000000),
double3(0.274525000000,0.702450000000,0.941500000000),
double3(0.351275000000,0.749850000000,0.943075000000),
double3(0.362650000000,0.674750000000,0.928700000000),
double3(0.301475000000,0.749900000000,0.806200000000),
double3(0.354225000000,0.692250000000,0.844125000000),
double3(0.442500000000,0.690300000000,0.889175000000),
double3(0.333400000000,0.706600000000,0.955225000000),
double3(0.349925000000,0.722900000000,0.803750000000),
double3(0.388175000000,0.670550000000,0.883325000000),
double3(0.478875000000,0.723250000000,0.912325000000),
double3(0.595175000000,0.050550000000,0.007575000000),
double3(0.524525000000,0.047550000000,0.191500000000),
double3(0.601275000000,0.000150000000,0.193075000000),
double3(0.612650000000,0.075250000000,0.178700000000),
double3(0.551475000000,0.000100000000,0.056200000000),
double3(0.604225000000,0.057750000000,0.094125000000),
double3(0.692500000000,0.059700000000,0.139175000000),
double3(0.643250000000,0.125000000000,0.121200000000),
double3(0.500000000000,0.000000000000,0.125000000000),
double3(0.583400000000,0.043400000000,0.205225000000),
double3(0.599925000000,0.027100000000,0.053750000000),
double3(0.638175000000,0.079450000000,0.133325000000),
double3(0.728875000000,0.026750000000,0.162325000000),
double3(0.654825000000,0.300550000000,0.242425000000),
double3(0.725475000000,0.297550000000,0.058500000000),
double3(0.648725000000,0.250150000000,0.056925000000),
double3(0.637350000000,0.325250000000,0.071300000000),
double3(0.698525000000,0.250100000000,0.193800000000),
double3(0.645775000000,0.307750000000,0.155875000000),
double3(0.557500000000,0.309700000000,0.110825000000),
double3(0.606750000000,0.375000000000,0.128800000000),
double3(0.500000000000,0.250000000000,0.125000000000),
double3(0.666600000000,0.293400000000,0.044775000000),
double3(0.650075000000,0.277100000000,0.196250000000),
double3(0.611825000000,0.329450000000,0.116675000000),
double3(0.521125000000,0.276750000000,0.087675000000),
double3(0.654825000000,0.449450000000,0.242425000000),
double3(0.725475000000,0.452450000000,0.058500000000),
double3(0.648725000000,0.499850000000,0.056925000000),
double3(0.637350000000,0.424750000000,0.071300000000),
double3(0.698525000000,0.499900000000,0.193800000000),
double3(0.645775000000,0.442250000000,0.155875000000),
double3(0.557500000000,0.440300000000,0.110825000000),
double3(0.666600000000,0.456600000000,0.044775000000),
double3(0.650075000000,0.472900000000,0.196250000000),
double3(0.611825000000,0.420550000000,0.116675000000),
double3(0.521125000000,0.473250000000,0.087675000000),
double3(0.595175000000,0.199450000000,0.007575000000),
double3(0.524525000000,0.202450000000,0.191500000000),
double3(0.601275000000,0.249850000000,0.193075000000),
double3(0.612650000000,0.174750000000,0.178700000000),
double3(0.551475000000,0.249900000000,0.056200000000),
double3(0.604225000000,0.192250000000,0.094125000000),
double3(0.692500000000,0.190300000000,0.139175000000),
double3(0.583400000000,0.206600000000,0.205225000000),
double3(0.599925000000,0.222900000000,0.053750000000),
double3(0.638175000000,0.170550000000,0.133325000000),
double3(0.728875000000,0.223250000000,0.162325000000),
double3(0.595175000000,0.050550000000,0.257575000000),
double3(0.524525000000,0.047550000000,0.441500000000),
double3(0.601275000000,0.000150000000,0.443075000000),
double3(0.612650000000,0.075250000000,0.428700000000),
double3(0.551475000000,0.000100000000,0.306200000000),
double3(0.604225000000,0.057750000000,0.344125000000),
double3(0.692500000000,0.059700000000,0.389175000000),
double3(0.643250000000,0.125000000000,0.371200000000),
double3(0.500000000000,0.000000000000,0.375000000000),
double3(0.583400000000,0.043400000000,0.455225000000),
double3(0.599925000000,0.027100000000,0.303750000000),
double3(0.638175000000,0.079450000000,0.383325000000),
double3(0.728875000000,0.026750000000,0.412325000000),
double3(0.654825000000,0.300550000000,0.492425000000),
double3(0.725475000000,0.297550000000,0.308500000000),
double3(0.648725000000,0.250150000000,0.306925000000),
double3(0.637350000000,0.325250000000,0.321300000000),
double3(0.698525000000,0.250100000000,0.443800000000),
double3(0.645775000000,0.307750000000,0.405875000000),
double3(0.557500000000,0.309700000000,0.360825000000),
double3(0.606750000000,0.375000000000,0.378800000000),
double3(0.500000000000,0.250000000000,0.375000000000),
double3(0.666600000000,0.293400000000,0.294775000000),
double3(0.650075000000,0.277100000000,0.446250000000),
double3(0.611825000000,0.329450000000,0.366675000000),
double3(0.521125000000,0.276750000000,0.337675000000),
double3(0.654825000000,0.449450000000,0.492425000000),
double3(0.725475000000,0.452450000000,0.308500000000),
double3(0.648725000000,0.499850000000,0.306925000000),
double3(0.637350000000,0.424750000000,0.321300000000),
double3(0.698525000000,0.499900000000,0.443800000000),
double3(0.645775000000,0.442250000000,0.405875000000),
double3(0.557500000000,0.440300000000,0.360825000000),
double3(0.666600000000,0.456600000000,0.294775000000),
double3(0.650075000000,0.472900000000,0.446250000000),
double3(0.611825000000,0.420550000000,0.366675000000),
double3(0.521125000000,0.473250000000,0.337675000000),
double3(0.595175000000,0.199450000000,0.257575000000),
double3(0.524525000000,0.202450000000,0.441500000000),
double3(0.601275000000,0.249850000000,0.443075000000),
double3(0.612650000000,0.174750000000,0.428700000000),
double3(0.551475000000,0.249900000000,0.306200000000),
double3(0.604225000000,0.192250000000,0.344125000000),
double3(0.692500000000,0.190300000000,0.389175000000),
double3(0.583400000000,0.206600000000,0.455225000000),
double3(0.599925000000,0.222900000000,0.303750000000),
double3(0.638175000000,0.170550000000,0.383325000000),
double3(0.728875000000,0.223250000000,0.412325000000),
double3(0.595175000000,0.050550000000,0.507575000000),
double3(0.524525000000,0.047550000000,0.691500000000),
double3(0.601275000000,0.000150000000,0.693075000000),
double3(0.612650000000,0.075250000000,0.678700000000),
double3(0.551475000000,0.000100000000,0.556200000000),
double3(0.604225000000,0.057750000000,0.594125000000),
double3(0.692500000000,0.059700000000,0.639175000000),
double3(0.643250000000,0.125000000000,0.621200000000),
double3(0.500000000000,0.000000000000,0.625000000000),
double3(0.583400000000,0.043400000000,0.705225000000),
double3(0.599925000000,0.027100000000,0.553750000000),
double3(0.638175000000,0.079450000000,0.633325000000),
double3(0.728875000000,0.026750000000,0.662325000000),
double3(0.654825000000,0.300550000000,0.742425000000),
double3(0.725475000000,0.297550000000,0.558500000000),
double3(0.648725000000,0.250150000000,0.556925000000),
double3(0.637350000000,0.325250000000,0.571300000000),
double3(0.698525000000,0.250100000000,0.693800000000),
double3(0.645775000000,0.307750000000,0.655875000000),
double3(0.557500000000,0.309700000000,0.610825000000),
double3(0.606750000000,0.375000000000,0.628800000000),
double3(0.500000000000,0.250000000000,0.625000000000),
double3(0.666600000000,0.293400000000,0.544775000000),
double3(0.650075000000,0.277100000000,0.696250000000),
double3(0.611825000000,0.329450000000,0.616675000000),
double3(0.521125000000,0.276750000000,0.587675000000),
double3(0.654825000000,0.449450000000,0.742425000000),
double3(0.725475000000,0.452450000000,0.558500000000),
double3(0.648725000000,0.499850000000,0.556925000000),
double3(0.637350000000,0.424750000000,0.571300000000),
double3(0.698525000000,0.499900000000,0.693800000000),
double3(0.645775000000,0.442250000000,0.655875000000),
double3(0.557500000000,0.440300000000,0.610825000000),
double3(0.666600000000,0.456600000000,0.544775000000),
double3(0.650075000000,0.472900000000,0.696250000000),
double3(0.611825000000,0.420550000000,0.616675000000),
double3(0.521125000000,0.473250000000,0.587675000000),
double3(0.595175000000,0.199450000000,0.507575000000),
double3(0.524525000000,0.202450000000,0.691500000000),
double3(0.601275000000,0.249850000000,0.693075000000),
double3(0.612650000000,0.174750000000,0.678700000000),
double3(0.551475000000,0.249900000000,0.556200000000),
double3(0.604225000000,0.192250000000,0.594125000000),
double3(0.692500000000,0.190300000000,0.639175000000),
double3(0.583400000000,0.206600000000,0.705225000000),
double3(0.599925000000,0.222900000000,0.553750000000),
double3(0.638175000000,0.170550000000,0.633325000000),
double3(0.728875000000,0.223250000000,0.662325000000),
double3(0.595175000000,0.050550000000,0.757575000000),
double3(0.524525000000,0.047550000000,0.941500000000),
double3(0.601275000000,0.000150000000,0.943075000000),
double3(0.612650000000,0.075250000000,0.928700000000),
double3(0.551475000000,0.000100000000,0.806200000000),
double3(0.604225000000,0.057750000000,0.844125000000),
double3(0.692500000000,0.059700000000,0.889175000000),
double3(0.643250000000,0.125000000000,0.871200000000),
double3(0.500000000000,0.000000000000,0.875000000000),
double3(0.583400000000,0.043400000000,0.955225000000),
double3(0.599925000000,0.027100000000,0.803750000000),
double3(0.638175000000,0.079450000000,0.883325000000),
double3(0.728875000000,0.026750000000,0.912325000000),
double3(0.654825000000,0.300550000000,0.992425000000),
double3(0.725475000000,0.297550000000,0.808500000000),
double3(0.648725000000,0.250150000000,0.806925000000),
double3(0.637350000000,0.325250000000,0.821300000000),
double3(0.698525000000,0.250100000000,0.943800000000),
double3(0.645775000000,0.307750000000,0.905875000000),
double3(0.557500000000,0.309700000000,0.860825000000),
double3(0.606750000000,0.375000000000,0.878800000000),
double3(0.500000000000,0.250000000000,0.875000000000),
double3(0.666600000000,0.293400000000,0.794775000000),
double3(0.650075000000,0.277100000000,0.946250000000),
double3(0.611825000000,0.329450000000,0.866675000000),
double3(0.521125000000,0.276750000000,0.837675000000),
double3(0.654825000000,0.449450000000,0.992425000000),
double3(0.725475000000,0.452450000000,0.808500000000),
double3(0.648725000000,0.499850000000,0.806925000000),
double3(0.637350000000,0.424750000000,0.821300000000),
double3(0.698525000000,0.499900000000,0.943800000000),
double3(0.645775000000,0.442250000000,0.905875000000),
double3(0.557500000000,0.440300000000,0.860825000000),
double3(0.666600000000,0.456600000000,0.794775000000),
double3(0.650075000000,0.472900000000,0.946250000000),
double3(0.611825000000,0.420550000000,0.866675000000),
double3(0.521125000000,0.473250000000,0.837675000000),
double3(0.595175000000,0.199450000000,0.757575000000),
double3(0.524525000000,0.202450000000,0.941500000000),
double3(0.601275000000,0.249850000000,0.943075000000),
double3(0.612650000000,0.174750000000,0.928700000000),
double3(0.551475000000,0.249900000000,0.806200000000),
double3(0.604225000000,0.192250000000,0.844125000000),
double3(0.692500000000,0.190300000000,0.889175000000),
double3(0.583400000000,0.206600000000,0.955225000000),
double3(0.599925000000,0.222900000000,0.803750000000),
double3(0.638175000000,0.170550000000,0.883325000000),
double3(0.728875000000,0.223250000000,0.912325000000),
double3(0.595175000000,0.550550000000,0.007575000000),
double3(0.524525000000,0.547550000000,0.191500000000),
double3(0.601275000000,0.500150000000,0.193075000000),
double3(0.612650000000,0.575250000000,0.178700000000),
double3(0.551475000000,0.500100000000,0.056200000000),
double3(0.604225000000,0.557750000000,0.094125000000),
double3(0.692500000000,0.559700000000,0.139175000000),
double3(0.643250000000,0.625000000000,0.121200000000),
double3(0.500000000000,0.500000000000,0.125000000000),
double3(0.583400000000,0.543400000000,0.205225000000),
double3(0.599925000000,0.527100000000,0.053750000000),
double3(0.638175000000,0.579450000000,0.133325000000),
double3(0.728875000000,0.526750000000,0.162325000000),
double3(0.654825000000,0.800550000000,0.242425000000),
double3(0.725475000000,0.797550000000,0.058500000000),
double3(0.648725000000,0.750150000000,0.056925000000),
double3(0.637350000000,0.825250000000,0.071300000000),
double3(0.698525000000,0.750100000000,0.193800000000),
double3(0.645775000000,0.807750000000,0.155875000000),
double3(0.557500000000,0.809700000000,0.110825000000),
double3(0.606750000000,0.875000000000,0.128800000000),
double3(0.500000000000,0.750000000000,0.125000000000),
double3(0.666600000000,0.793400000000,0.044775000000),
double3(0.650075000000,0.777100000000,0.196250000000),
double3(0.611825000000,0.829450000000,0.116675000000),
double3(0.521125000000,0.776750000000,0.087675000000),
double3(0.654825000000,0.949450000000,0.242425000000),
double3(0.725475000000,0.952450000000,0.058500000000),
double3(0.648725000000,0.999850000000,0.056925000000),
double3(0.637350000000,0.924750000000,0.071300000000),
double3(0.698525000000,0.999900000000,0.193800000000),
double3(0.645775000000,0.942250000000,0.155875000000),
double3(0.557500000000,0.940300000000,0.110825000000),
double3(0.666600000000,0.956600000000,0.044775000000),
double3(0.650075000000,0.972900000000,0.196250000000),
double3(0.611825000000,0.920550000000,0.116675000000),
double3(0.521125000000,0.973250000000,0.087675000000),
double3(0.595175000000,0.699450000000,0.007575000000),
double3(0.524525000000,0.702450000000,0.191500000000),
double3(0.601275000000,0.749850000000,0.193075000000),
double3(0.612650000000,0.674750000000,0.178700000000),
double3(0.551475000000,0.749900000000,0.056200000000),
double3(0.604225000000,0.692250000000,0.094125000000),
double3(0.692500000000,0.690300000000,0.139175000000),
double3(0.583400000000,0.706600000000,0.205225000000),
double3(0.599925000000,0.722900000000,0.053750000000),
double3(0.638175000000,0.670550000000,0.133325000000),
double3(0.728875000000,0.723250000000,0.162325000000),
double3(0.595175000000,0.550550000000,0.257575000000),
double3(0.524525000000,0.547550000000,0.441500000000),
double3(0.601275000000,0.500150000000,0.443075000000),
double3(0.612650000000,0.575250000000,0.428700000000),
double3(0.551475000000,0.500100000000,0.306200000000),
double3(0.604225000000,0.557750000000,0.344125000000),
double3(0.692500000000,0.559700000000,0.389175000000),
double3(0.643250000000,0.625000000000,0.371200000000),
double3(0.500000000000,0.500000000000,0.375000000000),
double3(0.583400000000,0.543400000000,0.455225000000),
double3(0.599925000000,0.527100000000,0.303750000000),
double3(0.638175000000,0.579450000000,0.383325000000),
double3(0.728875000000,0.526750000000,0.412325000000),
double3(0.654825000000,0.800550000000,0.492425000000),
double3(0.725475000000,0.797550000000,0.308500000000),
double3(0.648725000000,0.750150000000,0.306925000000),
double3(0.637350000000,0.825250000000,0.321300000000),
double3(0.698525000000,0.750100000000,0.443800000000),
double3(0.645775000000,0.807750000000,0.405875000000),
double3(0.557500000000,0.809700000000,0.360825000000),
double3(0.606750000000,0.875000000000,0.378800000000),
double3(0.500000000000,0.750000000000,0.375000000000),
double3(0.666600000000,0.793400000000,0.294775000000),
double3(0.650075000000,0.777100000000,0.446250000000),
double3(0.611825000000,0.829450000000,0.366675000000),
double3(0.521125000000,0.776750000000,0.337675000000),
double3(0.654825000000,0.949450000000,0.492425000000),
double3(0.725475000000,0.952450000000,0.308500000000),
double3(0.648725000000,0.999850000000,0.306925000000),
double3(0.637350000000,0.924750000000,0.321300000000),
double3(0.698525000000,0.999900000000,0.443800000000),
double3(0.645775000000,0.942250000000,0.405875000000),
double3(0.557500000000,0.940300000000,0.360825000000),
double3(0.666600000000,0.956600000000,0.294775000000),
double3(0.650075000000,0.972900000000,0.446250000000),
double3(0.611825000000,0.920550000000,0.366675000000),
double3(0.521125000000,0.973250000000,0.337675000000),
double3(0.595175000000,0.699450000000,0.257575000000),
double3(0.524525000000,0.702450000000,0.441500000000),
double3(0.601275000000,0.749850000000,0.443075000000),
double3(0.612650000000,0.674750000000,0.428700000000),
double3(0.551475000000,0.749900000000,0.306200000000),
double3(0.604225000000,0.692250000000,0.344125000000),
double3(0.692500000000,0.690300000000,0.389175000000),
double3(0.583400000000,0.706600000000,0.455225000000),
double3(0.599925000000,0.722900000000,0.303750000000),
double3(0.638175000000,0.670550000000,0.383325000000),
double3(0.728875000000,0.723250000000,0.412325000000),
double3(0.595175000000,0.550550000000,0.507575000000),
double3(0.524525000000,0.547550000000,0.691500000000),
double3(0.601275000000,0.500150000000,0.693075000000),
double3(0.612650000000,0.575250000000,0.678700000000),
double3(0.551475000000,0.500100000000,0.556200000000),
double3(0.604225000000,0.557750000000,0.594125000000),
double3(0.692500000000,0.559700000000,0.639175000000),
double3(0.643250000000,0.625000000000,0.621200000000),
double3(0.500000000000,0.500000000000,0.625000000000),
double3(0.583400000000,0.543400000000,0.705225000000),
double3(0.599925000000,0.527100000000,0.553750000000),
double3(0.638175000000,0.579450000000,0.633325000000),
double3(0.728875000000,0.526750000000,0.662325000000),
double3(0.654825000000,0.800550000000,0.742425000000),
double3(0.725475000000,0.797550000000,0.558500000000),
double3(0.648725000000,0.750150000000,0.556925000000),
double3(0.637350000000,0.825250000000,0.571300000000),
double3(0.698525000000,0.750100000000,0.693800000000),
double3(0.645775000000,0.807750000000,0.655875000000),
double3(0.557500000000,0.809700000000,0.610825000000),
double3(0.606750000000,0.875000000000,0.628800000000),
double3(0.500000000000,0.750000000000,0.625000000000),
double3(0.666600000000,0.793400000000,0.544775000000),
double3(0.650075000000,0.777100000000,0.696250000000),
double3(0.611825000000,0.829450000000,0.616675000000),
double3(0.521125000000,0.776750000000,0.587675000000),
double3(0.654825000000,0.949450000000,0.742425000000),
double3(0.725475000000,0.952450000000,0.558500000000),
double3(0.648725000000,0.999850000000,0.556925000000),
double3(0.637350000000,0.924750000000,0.571300000000),
double3(0.698525000000,0.999900000000,0.693800000000),
double3(0.645775000000,0.942250000000,0.655875000000),
double3(0.557500000000,0.940300000000,0.610825000000),
double3(0.666600000000,0.956600000000,0.544775000000),
double3(0.650075000000,0.972900000000,0.696250000000),
double3(0.611825000000,0.920550000000,0.616675000000),
double3(0.521125000000,0.973250000000,0.587675000000),
double3(0.595175000000,0.699450000000,0.507575000000),
double3(0.524525000000,0.702450000000,0.691500000000),
double3(0.601275000000,0.749850000000,0.693075000000),
double3(0.612650000000,0.674750000000,0.678700000000),
double3(0.551475000000,0.749900000000,0.556200000000),
double3(0.604225000000,0.692250000000,0.594125000000),
double3(0.692500000000,0.690300000000,0.639175000000),
double3(0.583400000000,0.706600000000,0.705225000000),
double3(0.599925000000,0.722900000000,0.553750000000),
double3(0.638175000000,0.670550000000,0.633325000000),
double3(0.728875000000,0.723250000000,0.662325000000),
double3(0.595175000000,0.550550000000,0.757575000000),
double3(0.524525000000,0.547550000000,0.941500000000),
double3(0.601275000000,0.500150000000,0.943075000000),
double3(0.612650000000,0.575250000000,0.928700000000),
double3(0.551475000000,0.500100000000,0.806200000000),
double3(0.604225000000,0.557750000000,0.844125000000),
double3(0.692500000000,0.559700000000,0.889175000000),
double3(0.643250000000,0.625000000000,0.871200000000),
double3(0.500000000000,0.500000000000,0.875000000000),
double3(0.583400000000,0.543400000000,0.955225000000),
double3(0.599925000000,0.527100000000,0.803750000000),
double3(0.638175000000,0.579450000000,0.883325000000),
double3(0.728875000000,0.526750000000,0.912325000000),
double3(0.654825000000,0.800550000000,0.992425000000),
double3(0.725475000000,0.797550000000,0.808500000000),
double3(0.648725000000,0.750150000000,0.806925000000),
double3(0.637350000000,0.825250000000,0.821300000000),
double3(0.698525000000,0.750100000000,0.943800000000),
double3(0.645775000000,0.807750000000,0.905875000000),
double3(0.557500000000,0.809700000000,0.860825000000),
double3(0.606750000000,0.875000000000,0.878800000000),
double3(0.500000000000,0.750000000000,0.875000000000),
double3(0.666600000000,0.793400000000,0.794775000000),
double3(0.650075000000,0.777100000000,0.946250000000),
double3(0.611825000000,0.829450000000,0.866675000000),
double3(0.521125000000,0.776750000000,0.837675000000),
double3(0.654825000000,0.949450000000,0.992425000000),
double3(0.725475000000,0.952450000000,0.808500000000),
double3(0.648725000000,0.999850000000,0.806925000000),
double3(0.637350000000,0.924750000000,0.821300000000),
double3(0.698525000000,0.999900000000,0.943800000000),
double3(0.645775000000,0.942250000000,0.905875000000),
double3(0.557500000000,0.940300000000,0.860825000000),
double3(0.666600000000,0.956600000000,0.794775000000),
double3(0.650075000000,0.972900000000,0.946250000000),
double3(0.611825000000,0.920550000000,0.866675000000),
double3(0.521125000000,0.973250000000,0.837675000000),
double3(0.595175000000,0.699450000000,0.757575000000),
double3(0.524525000000,0.702450000000,0.941500000000),
double3(0.601275000000,0.749850000000,0.943075000000),
double3(0.612650000000,0.674750000000,0.928700000000),
double3(0.551475000000,0.749900000000,0.806200000000),
double3(0.604225000000,0.692250000000,0.844125000000),
double3(0.692500000000,0.690300000000,0.889175000000),
double3(0.583400000000,0.706600000000,0.955225000000),
double3(0.599925000000,0.722900000000,0.803750000000),
double3(0.638175000000,0.670550000000,0.883325000000),
double3(0.728875000000,0.723250000000,0.912325000000),
double3(0.845175000000,0.050550000000,0.007575000000),
double3(0.774525000000,0.047550000000,0.191500000000),
double3(0.851275000000,0.000150000000,0.193075000000),
double3(0.862650000000,0.075250000000,0.178700000000),
double3(0.801475000000,0.000100000000,0.056200000000),
double3(0.854225000000,0.057750000000,0.094125000000),
double3(0.942500000000,0.059700000000,0.139175000000),
double3(0.893250000000,0.125000000000,0.121200000000),
double3(0.750000000000,0.000000000000,0.125000000000),
double3(0.833400000000,0.043400000000,0.205225000000),
double3(0.849925000000,0.027100000000,0.053750000000),
double3(0.888175000000,0.079450000000,0.133325000000),
double3(0.978875000000,0.026750000000,0.162325000000),
double3(0.904825000000,0.300550000000,0.242425000000),
double3(0.975475000000,0.297550000000,0.058500000000),
double3(0.898725000000,0.250150000000,0.056925000000),
double3(0.887350000000,0.325250000000,0.071300000000),
double3(0.948525000000,0.250100000000,0.193800000000),
double3(0.895775000000,0.307750000000,0.155875000000),
double3(0.807500000000,0.309700000000,0.110825000000),
double3(0.856750000000,0.375000000000,0.128800000000),
double3(0.750000000000,0.250000000000,0.125000000000),
double3(0.916600000000,0.293400000000,0.044775000000),
double3(0.900075000000,0.277100000000,0.196250000000),
double3(0.861825000000,0.329450000000,0.116675000000),
double3(0.771125000000,0.276750000000,0.087675000000),
double3(0.904825000000,0.449450000000,0.242425000000),
double3(0.975475000000,0.452450000000,0.058500000000),
double3(0.898725000000,0.499850000000,0.056925000000),
double3(0.887350000000,0.424750000000,0.071300000000),
double3(0.948525000000,0.499900000000,0.193800000000),
double3(0.895775000000,0.442250000000,0.155875000000),
double3(0.807500000000,0.440300000000,0.110825000000),
double3(0.916600000000,0.456600000000,0.044775000000),
double3(0.900075000000,0.472900000000,0.196250000000),
double3(0.861825000000,0.420550000000,0.116675000000),
double3(0.771125000000,0.473250000000,0.087675000000),
double3(0.845175000000,0.199450000000,0.007575000000),
double3(0.774525000000,0.202450000000,0.191500000000),
double3(0.851275000000,0.249850000000,0.193075000000),
double3(0.862650000000,0.174750000000,0.178700000000),
double3(0.801475000000,0.249900000000,0.056200000000),
double3(0.854225000000,0.192250000000,0.094125000000),
double3(0.942500000000,0.190300000000,0.139175000000),
double3(0.833400000000,0.206600000000,0.205225000000),
double3(0.849925000000,0.222900000000,0.053750000000),
double3(0.888175000000,0.170550000000,0.133325000000),
double3(0.978875000000,0.223250000000,0.162325000000),
double3(0.845175000000,0.050550000000,0.257575000000),
double3(0.774525000000,0.047550000000,0.441500000000),
double3(0.851275000000,0.000150000000,0.443075000000),
double3(0.862650000000,0.075250000000,0.428700000000),
double3(0.801475000000,0.000100000000,0.306200000000),
double3(0.854225000000,0.057750000000,0.344125000000),
double3(0.942500000000,0.059700000000,0.389175000000),
double3(0.893250000000,0.125000000000,0.371200000000),
double3(0.750000000000,0.000000000000,0.375000000000),
double3(0.833400000000,0.043400000000,0.455225000000),
double3(0.849925000000,0.027100000000,0.303750000000),
double3(0.888175000000,0.079450000000,0.383325000000),
double3(0.978875000000,0.026750000000,0.412325000000),
double3(0.904825000000,0.300550000000,0.492425000000),
double3(0.975475000000,0.297550000000,0.308500000000),
double3(0.898725000000,0.250150000000,0.306925000000),
double3(0.887350000000,0.325250000000,0.321300000000),
double3(0.948525000000,0.250100000000,0.443800000000),
double3(0.895775000000,0.307750000000,0.405875000000),
double3(0.807500000000,0.309700000000,0.360825000000),
double3(0.856750000000,0.375000000000,0.378800000000),
double3(0.750000000000,0.250000000000,0.375000000000),
double3(0.916600000000,0.293400000000,0.294775000000),
double3(0.900075000000,0.277100000000,0.446250000000),
double3(0.861825000000,0.329450000000,0.366675000000),
double3(0.771125000000,0.276750000000,0.337675000000),
double3(0.904825000000,0.449450000000,0.492425000000),
double3(0.975475000000,0.452450000000,0.308500000000),
double3(0.898725000000,0.499850000000,0.306925000000),
double3(0.887350000000,0.424750000000,0.321300000000),
double3(0.948525000000,0.499900000000,0.443800000000),
double3(0.895775000000,0.442250000000,0.405875000000),
double3(0.807500000000,0.440300000000,0.360825000000),
double3(0.916600000000,0.456600000000,0.294775000000),
double3(0.900075000000,0.472900000000,0.446250000000),
double3(0.861825000000,0.420550000000,0.366675000000),
double3(0.771125000000,0.473250000000,0.337675000000),
double3(0.845175000000,0.199450000000,0.257575000000),
double3(0.774525000000,0.202450000000,0.441500000000),
double3(0.851275000000,0.249850000000,0.443075000000),
double3(0.862650000000,0.174750000000,0.428700000000),
double3(0.801475000000,0.249900000000,0.306200000000),
double3(0.854225000000,0.192250000000,0.344125000000),
double3(0.942500000000,0.190300000000,0.389175000000),
double3(0.833400000000,0.206600000000,0.455225000000),
double3(0.849925000000,0.222900000000,0.303750000000),
double3(0.888175000000,0.170550000000,0.383325000000),
double3(0.978875000000,0.223250000000,0.412325000000),
double3(0.845175000000,0.050550000000,0.507575000000),
double3(0.774525000000,0.047550000000,0.691500000000),
double3(0.851275000000,0.000150000000,0.693075000000),
double3(0.862650000000,0.075250000000,0.678700000000),
double3(0.801475000000,0.000100000000,0.556200000000),
double3(0.854225000000,0.057750000000,0.594125000000),
double3(0.942500000000,0.059700000000,0.639175000000),
double3(0.893250000000,0.125000000000,0.621200000000),
double3(0.750000000000,0.000000000000,0.625000000000),
double3(0.833400000000,0.043400000000,0.705225000000),
double3(0.849925000000,0.027100000000,0.553750000000),
double3(0.888175000000,0.079450000000,0.633325000000),
double3(0.978875000000,0.026750000000,0.662325000000),
double3(0.904825000000,0.300550000000,0.742425000000),
double3(0.975475000000,0.297550000000,0.558500000000),
double3(0.898725000000,0.250150000000,0.556925000000),
double3(0.887350000000,0.325250000000,0.571300000000),
double3(0.948525000000,0.250100000000,0.693800000000),
double3(0.895775000000,0.307750000000,0.655875000000),
double3(0.807500000000,0.309700000000,0.610825000000),
double3(0.856750000000,0.375000000000,0.628800000000),
double3(0.750000000000,0.250000000000,0.625000000000),
double3(0.916600000000,0.293400000000,0.544775000000),
double3(0.900075000000,0.277100000000,0.696250000000),
double3(0.861825000000,0.329450000000,0.616675000000),
double3(0.771125000000,0.276750000000,0.587675000000),
double3(0.904825000000,0.449450000000,0.742425000000),
double3(0.975475000000,0.452450000000,0.558500000000),
double3(0.898725000000,0.499850000000,0.556925000000),
double3(0.887350000000,0.424750000000,0.571300000000),
double3(0.948525000000,0.499900000000,0.693800000000),
double3(0.895775000000,0.442250000000,0.655875000000),
double3(0.807500000000,0.440300000000,0.610825000000),
double3(0.916600000000,0.456600000000,0.544775000000),
double3(0.900075000000,0.472900000000,0.696250000000),
double3(0.861825000000,0.420550000000,0.616675000000),
double3(0.771125000000,0.473250000000,0.587675000000),
double3(0.845175000000,0.199450000000,0.507575000000),
double3(0.774525000000,0.202450000000,0.691500000000),
double3(0.851275000000,0.249850000000,0.693075000000),
double3(0.862650000000,0.174750000000,0.678700000000),
double3(0.801475000000,0.249900000000,0.556200000000),
double3(0.854225000000,0.192250000000,0.594125000000),
double3(0.942500000000,0.190300000000,0.639175000000),
double3(0.833400000000,0.206600000000,0.705225000000),
double3(0.849925000000,0.222900000000,0.553750000000),
double3(0.888175000000,0.170550000000,0.633325000000),
double3(0.978875000000,0.223250000000,0.662325000000),
double3(0.845175000000,0.050550000000,0.757575000000),
double3(0.774525000000,0.047550000000,0.941500000000),
double3(0.851275000000,0.000150000000,0.943075000000),
double3(0.862650000000,0.075250000000,0.928700000000),
double3(0.801475000000,0.000100000000,0.806200000000),
double3(0.854225000000,0.057750000000,0.844125000000),
double3(0.942500000000,0.059700000000,0.889175000000),
double3(0.893250000000,0.125000000000,0.871200000000),
double3(0.750000000000,0.000000000000,0.875000000000),
double3(0.833400000000,0.043400000000,0.955225000000),
double3(0.849925000000,0.027100000000,0.803750000000),
double3(0.888175000000,0.079450000000,0.883325000000),
double3(0.978875000000,0.026750000000,0.912325000000),
double3(0.904825000000,0.300550000000,0.992425000000),
double3(0.975475000000,0.297550000000,0.808500000000),
double3(0.898725000000,0.250150000000,0.806925000000),
double3(0.887350000000,0.325250000000,0.821300000000),
double3(0.948525000000,0.250100000000,0.943800000000),
double3(0.895775000000,0.307750000000,0.905875000000),
double3(0.807500000000,0.309700000000,0.860825000000),
double3(0.856750000000,0.375000000000,0.878800000000),
double3(0.750000000000,0.250000000000,0.875000000000),
double3(0.916600000000,0.293400000000,0.794775000000),
double3(0.900075000000,0.277100000000,0.946250000000),
double3(0.861825000000,0.329450000000,0.866675000000),
double3(0.771125000000,0.276750000000,0.837675000000),
double3(0.904825000000,0.449450000000,0.992425000000),
double3(0.975475000000,0.452450000000,0.808500000000),
double3(0.898725000000,0.499850000000,0.806925000000),
double3(0.887350000000,0.424750000000,0.821300000000),
double3(0.948525000000,0.499900000000,0.943800000000),
double3(0.895775000000,0.442250000000,0.905875000000),
double3(0.807500000000,0.440300000000,0.860825000000),
double3(0.916600000000,0.456600000000,0.794775000000),
double3(0.900075000000,0.472900000000,0.946250000000),
double3(0.861825000000,0.420550000000,0.866675000000),
double3(0.771125000000,0.473250000000,0.837675000000),
double3(0.845175000000,0.199450000000,0.757575000000),
double3(0.774525000000,0.202450000000,0.941500000000),
double3(0.851275000000,0.249850000000,0.943075000000),
double3(0.862650000000,0.174750000000,0.928700000000),
double3(0.801475000000,0.249900000000,0.806200000000),
double3(0.854225000000,0.192250000000,0.844125000000),
double3(0.942500000000,0.190300000000,0.889175000000),
double3(0.833400000000,0.206600000000,0.955225000000),
double3(0.849925000000,0.222900000000,0.803750000000),
double3(0.888175000000,0.170550000000,0.883325000000),
double3(0.978875000000,0.223250000000,0.912325000000),
double3(0.845175000000,0.550550000000,0.007575000000),
double3(0.774525000000,0.547550000000,0.191500000000),
double3(0.851275000000,0.500150000000,0.193075000000),
double3(0.862650000000,0.575250000000,0.178700000000),
double3(0.801475000000,0.500100000000,0.056200000000),
double3(0.854225000000,0.557750000000,0.094125000000),
double3(0.942500000000,0.559700000000,0.139175000000),
double3(0.893250000000,0.625000000000,0.121200000000),
double3(0.750000000000,0.500000000000,0.125000000000),
double3(0.833400000000,0.543400000000,0.205225000000),
double3(0.849925000000,0.527100000000,0.053750000000),
double3(0.888175000000,0.579450000000,0.133325000000),
double3(0.978875000000,0.526750000000,0.162325000000),
double3(0.904825000000,0.800550000000,0.242425000000),
double3(0.975475000000,0.797550000000,0.058500000000),
double3(0.898725000000,0.750150000000,0.056925000000),
double3(0.887350000000,0.825250000000,0.071300000000),
double3(0.948525000000,0.750100000000,0.193800000000),
double3(0.895775000000,0.807750000000,0.155875000000),
double3(0.807500000000,0.809700000000,0.110825000000),
double3(0.856750000000,0.875000000000,0.128800000000),
double3(0.750000000000,0.750000000000,0.125000000000),
double3(0.916600000000,0.793400000000,0.044775000000),
double3(0.900075000000,0.777100000000,0.196250000000),
double3(0.861825000000,0.829450000000,0.116675000000),
double3(0.771125000000,0.776750000000,0.087675000000),
double3(0.904825000000,0.949450000000,0.242425000000),
double3(0.975475000000,0.952450000000,0.058500000000),
double3(0.898725000000,0.999850000000,0.056925000000),
double3(0.887350000000,0.924750000000,0.071300000000),
double3(0.948525000000,0.999900000000,0.193800000000),
double3(0.895775000000,0.942250000000,0.155875000000),
double3(0.807500000000,0.940300000000,0.110825000000),
double3(0.916600000000,0.956600000000,0.044775000000),
double3(0.900075000000,0.972900000000,0.196250000000),
double3(0.861825000000,0.920550000000,0.116675000000),
double3(0.771125000000,0.973250000000,0.087675000000),
double3(0.845175000000,0.699450000000,0.007575000000),
double3(0.774525000000,0.702450000000,0.191500000000),
double3(0.851275000000,0.749850000000,0.193075000000),
double3(0.862650000000,0.674750000000,0.178700000000),
double3(0.801475000000,0.749900000000,0.056200000000),
double3(0.854225000000,0.692250000000,0.094125000000),
double3(0.942500000000,0.690300000000,0.139175000000),
double3(0.833400000000,0.706600000000,0.205225000000),
double3(0.849925000000,0.722900000000,0.053750000000),
double3(0.888175000000,0.670550000000,0.133325000000),
double3(0.978875000000,0.723250000000,0.162325000000),
double3(0.845175000000,0.550550000000,0.257575000000),
double3(0.774525000000,0.547550000000,0.441500000000),
double3(0.851275000000,0.500150000000,0.443075000000),
double3(0.862650000000,0.575250000000,0.428700000000),
double3(0.801475000000,0.500100000000,0.306200000000),
double3(0.854225000000,0.557750000000,0.344125000000),
double3(0.942500000000,0.559700000000,0.389175000000),
double3(0.893250000000,0.625000000000,0.371200000000),
double3(0.750000000000,0.500000000000,0.375000000000),
double3(0.833400000000,0.543400000000,0.455225000000),
double3(0.849925000000,0.527100000000,0.303750000000),
double3(0.888175000000,0.579450000000,0.383325000000),
double3(0.978875000000,0.526750000000,0.412325000000),
double3(0.904825000000,0.800550000000,0.492425000000),
double3(0.975475000000,0.797550000000,0.308500000000),
double3(0.898725000000,0.750150000000,0.306925000000),
double3(0.887350000000,0.825250000000,0.321300000000),
double3(0.948525000000,0.750100000000,0.443800000000),
double3(0.895775000000,0.807750000000,0.405875000000),
double3(0.807500000000,0.809700000000,0.360825000000),
double3(0.856750000000,0.875000000000,0.378800000000),
double3(0.750000000000,0.750000000000,0.375000000000),
double3(0.916600000000,0.793400000000,0.294775000000),
double3(0.900075000000,0.777100000000,0.446250000000),
double3(0.861825000000,0.829450000000,0.366675000000),
double3(0.771125000000,0.776750000000,0.337675000000),
double3(0.904825000000,0.949450000000,0.492425000000),
double3(0.975475000000,0.952450000000,0.308500000000),
double3(0.898725000000,0.999850000000,0.306925000000),
double3(0.887350000000,0.924750000000,0.321300000000),
double3(0.948525000000,0.999900000000,0.443800000000),
double3(0.895775000000,0.942250000000,0.405875000000),
double3(0.807500000000,0.940300000000,0.360825000000),
double3(0.916600000000,0.956600000000,0.294775000000),
double3(0.900075000000,0.972900000000,0.446250000000),
double3(0.861825000000,0.920550000000,0.366675000000),
double3(0.771125000000,0.973250000000,0.337675000000),
double3(0.845175000000,0.699450000000,0.257575000000),
double3(0.774525000000,0.702450000000,0.441500000000),
double3(0.851275000000,0.749850000000,0.443075000000),
double3(0.862650000000,0.674750000000,0.428700000000),
double3(0.801475000000,0.749900000000,0.306200000000),
double3(0.854225000000,0.692250000000,0.344125000000),
double3(0.942500000000,0.690300000000,0.389175000000),
double3(0.833400000000,0.706600000000,0.455225000000),
double3(0.849925000000,0.722900000000,0.303750000000),
double3(0.888175000000,0.670550000000,0.383325000000),
double3(0.978875000000,0.723250000000,0.412325000000),
double3(0.845175000000,0.550550000000,0.507575000000),
double3(0.774525000000,0.547550000000,0.691500000000),
double3(0.851275000000,0.500150000000,0.693075000000),
double3(0.862650000000,0.575250000000,0.678700000000),
double3(0.801475000000,0.500100000000,0.556200000000),
double3(0.854225000000,0.557750000000,0.594125000000),
double3(0.942500000000,0.559700000000,0.639175000000),
double3(0.893250000000,0.625000000000,0.621200000000),
double3(0.750000000000,0.500000000000,0.625000000000),
double3(0.833400000000,0.543400000000,0.705225000000),
double3(0.849925000000,0.527100000000,0.553750000000),
double3(0.888175000000,0.579450000000,0.633325000000),
double3(0.978875000000,0.526750000000,0.662325000000),
double3(0.904825000000,0.800550000000,0.742425000000),
double3(0.975475000000,0.797550000000,0.558500000000),
double3(0.898725000000,0.750150000000,0.556925000000),
double3(0.887350000000,0.825250000000,0.571300000000),
double3(0.948525000000,0.750100000000,0.693800000000),
double3(0.895775000000,0.807750000000,0.655875000000),
double3(0.807500000000,0.809700000000,0.610825000000),
double3(0.856750000000,0.875000000000,0.628800000000),
double3(0.750000000000,0.750000000000,0.625000000000),
double3(0.916600000000,0.793400000000,0.544775000000),
double3(0.900075000000,0.777100000000,0.696250000000),
double3(0.861825000000,0.829450000000,0.616675000000),
double3(0.771125000000,0.776750000000,0.587675000000),
double3(0.904825000000,0.949450000000,0.742425000000),
double3(0.975475000000,0.952450000000,0.558500000000),
double3(0.898725000000,0.999850000000,0.556925000000),
double3(0.887350000000,0.924750000000,0.571300000000),
double3(0.948525000000,0.999900000000,0.693800000000),
double3(0.895775000000,0.942250000000,0.655875000000),
double3(0.807500000000,0.940300000000,0.610825000000),
double3(0.916600000000,0.956600000000,0.544775000000),
double3(0.900075000000,0.972900000000,0.696250000000),
double3(0.861825000000,0.920550000000,0.616675000000),
double3(0.771125000000,0.973250000000,0.587675000000),
double3(0.845175000000,0.699450000000,0.507575000000),
double3(0.774525000000,0.702450000000,0.691500000000),
double3(0.851275000000,0.749850000000,0.693075000000),
double3(0.862650000000,0.674750000000,0.678700000000),
double3(0.801475000000,0.749900000000,0.556200000000),
double3(0.854225000000,0.692250000000,0.594125000000),
double3(0.942500000000,0.690300000000,0.639175000000),
double3(0.833400000000,0.706600000000,0.705225000000),
double3(0.849925000000,0.722900000000,0.553750000000),
double3(0.888175000000,0.670550000000,0.633325000000),
double3(0.978875000000,0.723250000000,0.662325000000),
double3(0.845175000000,0.550550000000,0.757575000000),
double3(0.774525000000,0.547550000000,0.941500000000),
double3(0.851275000000,0.500150000000,0.943075000000),
double3(0.862650000000,0.575250000000,0.928700000000),
double3(0.801475000000,0.500100000000,0.806200000000),
double3(0.854225000000,0.557750000000,0.844125000000),
double3(0.942500000000,0.559700000000,0.889175000000),
double3(0.893250000000,0.625000000000,0.871200000000),
double3(0.750000000000,0.500000000000,0.875000000000),
double3(0.833400000000,0.543400000000,0.955225000000),
double3(0.849925000000,0.527100000000,0.803750000000),
double3(0.888175000000,0.579450000000,0.883325000000),
double3(0.978875000000,0.526750000000,0.912325000000),
double3(0.904825000000,0.800550000000,0.992425000000),
double3(0.975475000000,0.797550000000,0.808500000000),
double3(0.898725000000,0.750150000000,0.806925000000),
double3(0.887350000000,0.825250000000,0.821300000000),
double3(0.948525000000,0.750100000000,0.943800000000),
double3(0.895775000000,0.807750000000,0.905875000000),
double3(0.807500000000,0.809700000000,0.860825000000),
double3(0.856750000000,0.875000000000,0.878800000000),
double3(0.750000000000,0.750000000000,0.875000000000),
double3(0.916600000000,0.793400000000,0.794775000000),
double3(0.900075000000,0.777100000000,0.946250000000),
double3(0.861825000000,0.829450000000,0.866675000000),
double3(0.771125000000,0.776750000000,0.837675000000),
double3(0.904825000000,0.949450000000,0.992425000000),
double3(0.975475000000,0.952450000000,0.808500000000),
double3(0.898725000000,0.999850000000,0.806925000000),
double3(0.887350000000,0.924750000000,0.821300000000),
double3(0.948525000000,0.999900000000,0.943800000000),
double3(0.895775000000,0.942250000000,0.905875000000),
double3(0.807500000000,0.940300000000,0.860825000000),
double3(0.916600000000,0.956600000000,0.794775000000),
double3(0.900075000000,0.972900000000,0.946250000000),
double3(0.861825000000,0.920550000000,0.866675000000),
double3(0.771125000000,0.973250000000,0.837675000000),
double3(0.845175000000,0.699450000000,0.757575000000),
double3(0.774525000000,0.702450000000,0.941500000000),
double3(0.851275000000,0.749850000000,0.943075000000),
double3(0.862650000000,0.674750000000,0.928700000000),
double3(0.801475000000,0.749900000000,0.806200000000),
double3(0.854225000000,0.692250000000,0.844125000000),
double3(0.942500000000,0.690300000000,0.889175000000),
double3(0.833400000000,0.706600000000,0.955225000000),
double3(0.849925000000,0.722900000000,0.803750000000),
double3(0.888175000000,0.670550000000,0.883325000000),
double3(0.978875000000,0.723250000000,0.912325000000),
