 # Derivative distribution function -dV(r)/dr (or -dV(d)/dd) vs d
  0.1250000      0.0000000E+00
  0.3750000      0.0000000E+00
  0.6250000      0.0000000E+00
  0.8750000      0.0000000E+00
   1.125000      0.0000000E+00
   1.375000      0.0000000E+00
   1.625000      0.0000000E+00
   1.875000      0.0000000E+00
   2.125000      0.0000000E+00
   2.375000      0.0000000E+00
   2.625000      0.0000000E+00
   2.875000      0.0000000E+00
   3.125000      4.2552948E-03
   3.375000      1.8676162E-02
   3.625000      2.9314518E-02
   3.875000      3.0260086E-02
   4.125000      3.0732751E-02
   4.375000      2.8605103E-02
   4.625000      2.7659655E-02
   4.875000      2.6004791E-02
   5.125000      5.4609895E-02
   5.375000      6.3593388E-02
   5.625000      3.4515381E-02
   5.875000      2.8605223E-02
   6.125000      2.7659535E-02
   6.375000      2.2222161E-02
   6.625000      1.9148946E-02
   6.875000      2.2222281E-02
   7.125000      2.5531888E-02
   7.375000      2.2931337E-02
   7.625000      2.0803809E-02
   7.875000      2.3877144E-02
   8.125000      2.8841615E-02
   8.375000      3.2860518E-02
   8.625000      3.0496478E-02
   8.875000      2.8368831E-02
   9.125000      3.4042597E-02
   9.375000      4.1607499E-02
   9.625000      4.5862794E-02
   9.875000      5.0354600E-02
   10.12500      6.7375898E-02
   10.37500       1.559811    
   10.62500       1.519149    
   10.87500      0.0000000E+00
   11.12500      0.0000000E+00
   11.37500      0.0000000E+00
   11.62500      0.0000000E+00
   11.87500      0.0000000E+00
   12.12500      0.0000000E+00
   12.37500      0.0000000E+00
   12.62500      0.0000000E+00
   12.87500      0.0000000E+00
   13.12500      0.0000000E+00
   13.37500      0.0000000E+00
   13.62500      0.0000000E+00
   13.87500      0.0000000E+00
   14.12500      0.0000000E+00
   14.37500      0.0000000E+00
   14.62500      0.0000000E+00
   14.87500      0.0000000E+00
   15.12500      0.0000000E+00
   15.37500      0.0000000E+00
   15.62500      0.0000000E+00
   15.87500      0.0000000E+00
   16.12500      0.0000000E+00
   16.37500      0.0000000E+00
   16.62500      0.0000000E+00
   16.87500      0.0000000E+00
   17.12500      0.0000000E+00
   17.37500      0.0000000E+00
   17.62500      0.0000000E+00
   17.87500      0.0000000E+00
   18.12500      0.0000000E+00
   18.37500      0.0000000E+00
   18.62500      0.0000000E+00
   18.87500      0.0000000E+00
   19.12500      0.0000000E+00
   19.37500      0.0000000E+00
