[double3(14.098000000000,0.000000000000,0.000000000000),double3(0.000000000000,13.670000000000,0.000000000000),double3(-1.598358177220,0.000000000000,7.257066358889)]

double3(0.343950000000,0.061800000000,0.156125000000),
double3(0.250000000000,0.072800000000,0.125000000000),
double3(0.310550000000,0.090350000000,0.070875000000),
double3(0.295900000000,0.000000000000,0.095200000000),
double3(0.320550000000,0.071700000000,0.236650000000),
double3(0.409650000000,0.090600000000,0.228075000000),
double3(0.377950000000,0.000000000000,0.223025000000),
double3(0.250000000000,0.128950000000,0.000000000000),
double3(0.300050000000,0.056200000000,0.111775000000),
double3(0.363050000000,0.056100000000,0.210925000000),
double3(0.305350000000,0.112550000000,0.019925000000),
double3(0.156050000000,0.061800000000,0.093875000000),
double3(0.189450000000,0.090350000000,0.179125000000),
double3(0.204100000000,0.000000000000,0.154800000000),
double3(0.179450000000,0.071700000000,0.013350000000),
double3(0.090350000000,0.090600000000,0.021925000000),
double3(0.122050000000,0.000000000000,0.026975000000),
double3(0.199950000000,0.056200000000,0.138225000000),
double3(0.136950000000,0.056100000000,0.039075000000),
double3(0.194650000000,0.112550000000,0.230075000000),
double3(0.156050000000,0.438200000000,0.093875000000),
double3(0.250000000000,0.427200000000,0.125000000000),
double3(0.189450000000,0.409650000000,0.179125000000),
double3(0.179450000000,0.428300000000,0.013350000000),
double3(0.090350000000,0.409400000000,0.021925000000),
double3(0.250000000000,0.371050000000,0.000000000000),
double3(0.199950000000,0.443800000000,0.138225000000),
double3(0.136950000000,0.443900000000,0.039075000000),
double3(0.194650000000,0.387450000000,0.230075000000),
double3(0.343950000000,0.438200000000,0.156125000000),
double3(0.310550000000,0.409650000000,0.070875000000),
double3(0.320550000000,0.428300000000,0.236650000000),
double3(0.409650000000,0.409400000000,0.228075000000),
double3(0.300050000000,0.443800000000,0.111775000000),
double3(0.363050000000,0.443900000000,0.210925000000),
double3(0.305350000000,0.387450000000,0.019925000000),
double3(0.093950000000,0.311800000000,0.156125000000),
double3(0.000000000000,0.322800000000,0.125000000000),
double3(0.060550000000,0.340350000000,0.070875000000),
double3(0.045900000000,0.250000000000,0.095200000000),
double3(0.070550000000,0.321700000000,0.236650000000),
double3(0.159650000000,0.340600000000,0.228075000000),
double3(0.127950000000,0.250000000000,0.223025000000),
double3(0.000000000000,0.378950000000,0.000000000000),
double3(0.050050000000,0.306200000000,0.111775000000),
double3(0.113050000000,0.306100000000,0.210925000000),
double3(0.055350000000,0.362550000000,0.019925000000),
double3(0.406050000000,0.311800000000,0.093875000000),
double3(0.439450000000,0.340350000000,0.179125000000),
double3(0.454100000000,0.250000000000,0.154800000000),
double3(0.429450000000,0.321700000000,0.013350000000),
double3(0.340350000000,0.340600000000,0.021925000000),
double3(0.372050000000,0.250000000000,0.026975000000),
double3(0.449950000000,0.306200000000,0.138225000000),
double3(0.386950000000,0.306100000000,0.039075000000),
double3(0.444650000000,0.362550000000,0.230075000000),
double3(0.406050000000,0.188200000000,0.093875000000),
double3(0.000000000000,0.177200000000,0.125000000000),
double3(0.439450000000,0.159650000000,0.179125000000),
double3(0.429450000000,0.178300000000,0.013350000000),
double3(0.340350000000,0.159400000000,0.021925000000),
double3(0.000000000000,0.121050000000,0.000000000000),
double3(0.449950000000,0.193800000000,0.138225000000),
double3(0.386950000000,0.193900000000,0.039075000000),
double3(0.444650000000,0.137450000000,0.230075000000),
double3(0.093950000000,0.188200000000,0.156125000000),
double3(0.060550000000,0.159650000000,0.070875000000),
double3(0.070550000000,0.178300000000,0.236650000000),
double3(0.159650000000,0.159400000000,0.228075000000),
double3(0.050050000000,0.193800000000,0.111775000000),
double3(0.113050000000,0.193900000000,0.210925000000),
double3(0.055350000000,0.137450000000,0.019925000000),
double3(0.343950000000,0.061800000000,0.406125000000),
double3(0.250000000000,0.072800000000,0.375000000000),
double3(0.310550000000,0.090350000000,0.320875000000),
double3(0.295900000000,0.000000000000,0.345200000000),
double3(0.320550000000,0.071700000000,0.486650000000),
double3(0.409650000000,0.090600000000,0.478075000000),
double3(0.377950000000,0.000000000000,0.473025000000),
double3(0.250000000000,0.128950000000,0.250000000000),
double3(0.300050000000,0.056200000000,0.361775000000),
double3(0.363050000000,0.056100000000,0.460925000000),
double3(0.305350000000,0.112550000000,0.269925000000),
double3(0.156050000000,0.061800000000,0.343875000000),
double3(0.189450000000,0.090350000000,0.429125000000),
double3(0.204100000000,0.000000000000,0.404800000000),
double3(0.179450000000,0.071700000000,0.263350000000),
double3(0.090350000000,0.090600000000,0.271925000000),
double3(0.122050000000,0.000000000000,0.276975000000),
double3(0.199950000000,0.056200000000,0.388225000000),
double3(0.136950000000,0.056100000000,0.289075000000),
double3(0.194650000000,0.112550000000,0.480075000000),
double3(0.156050000000,0.438200000000,0.343875000000),
double3(0.250000000000,0.427200000000,0.375000000000),
double3(0.189450000000,0.409650000000,0.429125000000),
double3(0.179450000000,0.428300000000,0.263350000000),
double3(0.090350000000,0.409400000000,0.271925000000),
double3(0.250000000000,0.371050000000,0.250000000000),
double3(0.199950000000,0.443800000000,0.388225000000),
double3(0.136950000000,0.443900000000,0.289075000000),
double3(0.194650000000,0.387450000000,0.480075000000),
double3(0.343950000000,0.438200000000,0.406125000000),
double3(0.310550000000,0.409650000000,0.320875000000),
double3(0.320550000000,0.428300000000,0.486650000000),
double3(0.409650000000,0.409400000000,0.478075000000),
double3(0.300050000000,0.443800000000,0.361775000000),
double3(0.363050000000,0.443900000000,0.460925000000),
double3(0.305350000000,0.387450000000,0.269925000000),
double3(0.093950000000,0.311800000000,0.406125000000),
double3(0.000000000000,0.322800000000,0.375000000000),
double3(0.060550000000,0.340350000000,0.320875000000),
double3(0.045900000000,0.250000000000,0.345200000000),
double3(0.070550000000,0.321700000000,0.486650000000),
double3(0.159650000000,0.340600000000,0.478075000000),
double3(0.127950000000,0.250000000000,0.473025000000),
double3(0.000000000000,0.378950000000,0.250000000000),
double3(0.050050000000,0.306200000000,0.361775000000),
double3(0.113050000000,0.306100000000,0.460925000000),
double3(0.055350000000,0.362550000000,0.269925000000),
double3(0.406050000000,0.311800000000,0.343875000000),
double3(0.439450000000,0.340350000000,0.429125000000),
double3(0.454100000000,0.250000000000,0.404800000000),
double3(0.429450000000,0.321700000000,0.263350000000),
double3(0.340350000000,0.340600000000,0.271925000000),
double3(0.372050000000,0.250000000000,0.276975000000),
double3(0.449950000000,0.306200000000,0.388225000000),
double3(0.386950000000,0.306100000000,0.289075000000),
double3(0.444650000000,0.362550000000,0.480075000000),
double3(0.406050000000,0.188200000000,0.343875000000),
double3(0.000000000000,0.177200000000,0.375000000000),
double3(0.439450000000,0.159650000000,0.429125000000),
double3(0.429450000000,0.178300000000,0.263350000000),
double3(0.340350000000,0.159400000000,0.271925000000),
double3(0.000000000000,0.121050000000,0.250000000000),
double3(0.449950000000,0.193800000000,0.388225000000),
double3(0.386950000000,0.193900000000,0.289075000000),
double3(0.444650000000,0.137450000000,0.480075000000),
double3(0.093950000000,0.188200000000,0.406125000000),
double3(0.060550000000,0.159650000000,0.320875000000),
double3(0.070550000000,0.178300000000,0.486650000000),
double3(0.159650000000,0.159400000000,0.478075000000),
double3(0.050050000000,0.193800000000,0.361775000000),
double3(0.113050000000,0.193900000000,0.460925000000),
double3(0.055350000000,0.137450000000,0.269925000000),
double3(0.343950000000,0.061800000000,0.656125000000),
double3(0.250000000000,0.072800000000,0.625000000000),
double3(0.310550000000,0.090350000000,0.570875000000),
double3(0.295900000000,0.000000000000,0.595200000000),
double3(0.320550000000,0.071700000000,0.736650000000),
double3(0.409650000000,0.090600000000,0.728075000000),
double3(0.377950000000,0.000000000000,0.723025000000),
double3(0.250000000000,0.128950000000,0.500000000000),
double3(0.300050000000,0.056200000000,0.611775000000),
double3(0.363050000000,0.056100000000,0.710925000000),
double3(0.305350000000,0.112550000000,0.519925000000),
double3(0.156050000000,0.061800000000,0.593875000000),
double3(0.189450000000,0.090350000000,0.679125000000),
double3(0.204100000000,0.000000000000,0.654800000000),
double3(0.179450000000,0.071700000000,0.513350000000),
double3(0.090350000000,0.090600000000,0.521925000000),
double3(0.122050000000,0.000000000000,0.526975000000),
double3(0.199950000000,0.056200000000,0.638225000000),
double3(0.136950000000,0.056100000000,0.539075000000),
double3(0.194650000000,0.112550000000,0.730075000000),
double3(0.156050000000,0.438200000000,0.593875000000),
double3(0.250000000000,0.427200000000,0.625000000000),
double3(0.189450000000,0.409650000000,0.679125000000),
double3(0.179450000000,0.428300000000,0.513350000000),
double3(0.090350000000,0.409400000000,0.521925000000),
double3(0.250000000000,0.371050000000,0.500000000000),
double3(0.199950000000,0.443800000000,0.638225000000),
double3(0.136950000000,0.443900000000,0.539075000000),
double3(0.194650000000,0.387450000000,0.730075000000),
double3(0.343950000000,0.438200000000,0.656125000000),
double3(0.310550000000,0.409650000000,0.570875000000),
double3(0.320550000000,0.428300000000,0.736650000000),
double3(0.409650000000,0.409400000000,0.728075000000),
double3(0.300050000000,0.443800000000,0.611775000000),
double3(0.363050000000,0.443900000000,0.710925000000),
double3(0.305350000000,0.387450000000,0.519925000000),
double3(0.093950000000,0.311800000000,0.656125000000),
double3(0.000000000000,0.322800000000,0.625000000000),
double3(0.060550000000,0.340350000000,0.570875000000),
double3(0.045900000000,0.250000000000,0.595200000000),
double3(0.070550000000,0.321700000000,0.736650000000),
double3(0.159650000000,0.340600000000,0.728075000000),
double3(0.127950000000,0.250000000000,0.723025000000),
double3(0.000000000000,0.378950000000,0.500000000000),
double3(0.050050000000,0.306200000000,0.611775000000),
double3(0.113050000000,0.306100000000,0.710925000000),
double3(0.055350000000,0.362550000000,0.519925000000),
double3(0.406050000000,0.311800000000,0.593875000000),
double3(0.439450000000,0.340350000000,0.679125000000),
double3(0.454100000000,0.250000000000,0.654800000000),
double3(0.429450000000,0.321700000000,0.513350000000),
double3(0.340350000000,0.340600000000,0.521925000000),
double3(0.372050000000,0.250000000000,0.526975000000),
double3(0.449950000000,0.306200000000,0.638225000000),
double3(0.386950000000,0.306100000000,0.539075000000),
double3(0.444650000000,0.362550000000,0.730075000000),
double3(0.406050000000,0.188200000000,0.593875000000),
double3(0.000000000000,0.177200000000,0.625000000000),
double3(0.439450000000,0.159650000000,0.679125000000),
double3(0.429450000000,0.178300000000,0.513350000000),
double3(0.340350000000,0.159400000000,0.521925000000),
double3(0.000000000000,0.121050000000,0.500000000000),
double3(0.449950000000,0.193800000000,0.638225000000),
double3(0.386950000000,0.193900000000,0.539075000000),
double3(0.444650000000,0.137450000000,0.730075000000),
double3(0.093950000000,0.188200000000,0.656125000000),
double3(0.060550000000,0.159650000000,0.570875000000),
double3(0.070550000000,0.178300000000,0.736650000000),
double3(0.159650000000,0.159400000000,0.728075000000),
double3(0.050050000000,0.193800000000,0.611775000000),
double3(0.113050000000,0.193900000000,0.710925000000),
double3(0.055350000000,0.137450000000,0.519925000000),
double3(0.343950000000,0.061800000000,0.906125000000),
double3(0.250000000000,0.072800000000,0.875000000000),
double3(0.310550000000,0.090350000000,0.820875000000),
double3(0.295900000000,0.000000000000,0.845200000000),
double3(0.320550000000,0.071700000000,0.986650000000),
double3(0.409650000000,0.090600000000,0.978075000000),
double3(0.377950000000,0.000000000000,0.973025000000),
double3(0.250000000000,0.128950000000,0.750000000000),
double3(0.300050000000,0.056200000000,0.861775000000),
double3(0.363050000000,0.056100000000,0.960925000000),
double3(0.305350000000,0.112550000000,0.769925000000),
double3(0.156050000000,0.061800000000,0.843875000000),
double3(0.189450000000,0.090350000000,0.929125000000),
double3(0.204100000000,0.000000000000,0.904800000000),
double3(0.179450000000,0.071700000000,0.763350000000),
double3(0.090350000000,0.090600000000,0.771925000000),
double3(0.122050000000,0.000000000000,0.776975000000),
double3(0.199950000000,0.056200000000,0.888225000000),
double3(0.136950000000,0.056100000000,0.789075000000),
double3(0.194650000000,0.112550000000,0.980075000000),
double3(0.156050000000,0.438200000000,0.843875000000),
double3(0.250000000000,0.427200000000,0.875000000000),
double3(0.189450000000,0.409650000000,0.929125000000),
double3(0.179450000000,0.428300000000,0.763350000000),
double3(0.090350000000,0.409400000000,0.771925000000),
double3(0.250000000000,0.371050000000,0.750000000000),
double3(0.199950000000,0.443800000000,0.888225000000),
double3(0.136950000000,0.443900000000,0.789075000000),
double3(0.194650000000,0.387450000000,0.980075000000),
double3(0.343950000000,0.438200000000,0.906125000000),
double3(0.310550000000,0.409650000000,0.820875000000),
double3(0.320550000000,0.428300000000,0.986650000000),
double3(0.409650000000,0.409400000000,0.978075000000),
double3(0.300050000000,0.443800000000,0.861775000000),
double3(0.363050000000,0.443900000000,0.960925000000),
double3(0.305350000000,0.387450000000,0.769925000000),
double3(0.093950000000,0.311800000000,0.906125000000),
double3(0.000000000000,0.322800000000,0.875000000000),
double3(0.060550000000,0.340350000000,0.820875000000),
double3(0.045900000000,0.250000000000,0.845200000000),
double3(0.070550000000,0.321700000000,0.986650000000),
double3(0.159650000000,0.340600000000,0.978075000000),
double3(0.127950000000,0.250000000000,0.973025000000),
double3(0.000000000000,0.378950000000,0.750000000000),
double3(0.050050000000,0.306200000000,0.861775000000),
double3(0.113050000000,0.306100000000,0.960925000000),
double3(0.055350000000,0.362550000000,0.769925000000),
double3(0.406050000000,0.311800000000,0.843875000000),
double3(0.439450000000,0.340350000000,0.929125000000),
double3(0.454100000000,0.250000000000,0.904800000000),
double3(0.429450000000,0.321700000000,0.763350000000),
double3(0.340350000000,0.340600000000,0.771925000000),
double3(0.372050000000,0.250000000000,0.776975000000),
double3(0.449950000000,0.306200000000,0.888225000000),
double3(0.386950000000,0.306100000000,0.789075000000),
double3(0.444650000000,0.362550000000,0.980075000000),
double3(0.406050000000,0.188200000000,0.843875000000),
double3(0.000000000000,0.177200000000,0.875000000000),
double3(0.439450000000,0.159650000000,0.929125000000),
double3(0.429450000000,0.178300000000,0.763350000000),
double3(0.340350000000,0.159400000000,0.771925000000),
double3(0.000000000000,0.121050000000,0.750000000000),
double3(0.449950000000,0.193800000000,0.888225000000),
double3(0.386950000000,0.193900000000,0.789075000000),
double3(0.444650000000,0.137450000000,0.980075000000),
double3(0.093950000000,0.188200000000,0.906125000000),
double3(0.060550000000,0.159650000000,0.820875000000),
double3(0.070550000000,0.178300000000,0.986650000000),
double3(0.159650000000,0.159400000000,0.978075000000),
double3(0.050050000000,0.193800000000,0.861775000000),
double3(0.113050000000,0.193900000000,0.960925000000),
double3(0.055350000000,0.137450000000,0.769925000000),
double3(0.343950000000,0.561800000000,0.156125000000),
double3(0.250000000000,0.572800000000,0.125000000000),
double3(0.310550000000,0.590350000000,0.070875000000),
double3(0.295900000000,0.500000000000,0.095200000000),
double3(0.320550000000,0.571700000000,0.236650000000),
double3(0.409650000000,0.590600000000,0.228075000000),
double3(0.377950000000,0.500000000000,0.223025000000),
double3(0.250000000000,0.628950000000,0.000000000000),
double3(0.300050000000,0.556200000000,0.111775000000),
double3(0.363050000000,0.556100000000,0.210925000000),
double3(0.305350000000,0.612550000000,0.019925000000),
double3(0.156050000000,0.561800000000,0.093875000000),
double3(0.189450000000,0.590350000000,0.179125000000),
double3(0.204100000000,0.500000000000,0.154800000000),
double3(0.179450000000,0.571700000000,0.013350000000),
double3(0.090350000000,0.590600000000,0.021925000000),
double3(0.122050000000,0.500000000000,0.026975000000),
double3(0.199950000000,0.556200000000,0.138225000000),
double3(0.136950000000,0.556100000000,0.039075000000),
double3(0.194650000000,0.612550000000,0.230075000000),
double3(0.156050000000,0.938200000000,0.093875000000),
double3(0.250000000000,0.927200000000,0.125000000000),
double3(0.189450000000,0.909650000000,0.179125000000),
double3(0.179450000000,0.928300000000,0.013350000000),
double3(0.090350000000,0.909400000000,0.021925000000),
double3(0.250000000000,0.871050000000,0.000000000000),
double3(0.199950000000,0.943800000000,0.138225000000),
double3(0.136950000000,0.943900000000,0.039075000000),
double3(0.194650000000,0.887450000000,0.230075000000),
double3(0.343950000000,0.938200000000,0.156125000000),
double3(0.310550000000,0.909650000000,0.070875000000),
double3(0.320550000000,0.928300000000,0.236650000000),
double3(0.409650000000,0.909400000000,0.228075000000),
double3(0.300050000000,0.943800000000,0.111775000000),
double3(0.363050000000,0.943900000000,0.210925000000),
double3(0.305350000000,0.887450000000,0.019925000000),
double3(0.093950000000,0.811800000000,0.156125000000),
double3(0.000000000000,0.822800000000,0.125000000000),
double3(0.060550000000,0.840350000000,0.070875000000),
double3(0.045900000000,0.750000000000,0.095200000000),
double3(0.070550000000,0.821700000000,0.236650000000),
double3(0.159650000000,0.840600000000,0.228075000000),
double3(0.127950000000,0.750000000000,0.223025000000),
double3(0.000000000000,0.878950000000,0.000000000000),
double3(0.050050000000,0.806200000000,0.111775000000),
double3(0.113050000000,0.806100000000,0.210925000000),
double3(0.055350000000,0.862550000000,0.019925000000),
double3(0.406050000000,0.811800000000,0.093875000000),
double3(0.439450000000,0.840350000000,0.179125000000),
double3(0.454100000000,0.750000000000,0.154800000000),
double3(0.429450000000,0.821700000000,0.013350000000),
double3(0.340350000000,0.840600000000,0.021925000000),
double3(0.372050000000,0.750000000000,0.026975000000),
double3(0.449950000000,0.806200000000,0.138225000000),
double3(0.386950000000,0.806100000000,0.039075000000),
double3(0.444650000000,0.862550000000,0.230075000000),
double3(0.406050000000,0.688200000000,0.093875000000),
double3(0.000000000000,0.677200000000,0.125000000000),
double3(0.439450000000,0.659650000000,0.179125000000),
double3(0.429450000000,0.678300000000,0.013350000000),
double3(0.340350000000,0.659400000000,0.021925000000),
double3(0.000000000000,0.621050000000,0.000000000000),
double3(0.449950000000,0.693800000000,0.138225000000),
double3(0.386950000000,0.693900000000,0.039075000000),
double3(0.444650000000,0.637450000000,0.230075000000),
double3(0.093950000000,0.688200000000,0.156125000000),
double3(0.060550000000,0.659650000000,0.070875000000),
double3(0.070550000000,0.678300000000,0.236650000000),
double3(0.159650000000,0.659400000000,0.228075000000),
double3(0.050050000000,0.693800000000,0.111775000000),
double3(0.113050000000,0.693900000000,0.210925000000),
double3(0.055350000000,0.637450000000,0.019925000000),
double3(0.343950000000,0.561800000000,0.406125000000),
double3(0.250000000000,0.572800000000,0.375000000000),
double3(0.310550000000,0.590350000000,0.320875000000),
double3(0.295900000000,0.500000000000,0.345200000000),
double3(0.320550000000,0.571700000000,0.486650000000),
double3(0.409650000000,0.590600000000,0.478075000000),
double3(0.377950000000,0.500000000000,0.473025000000),
double3(0.250000000000,0.628950000000,0.250000000000),
double3(0.300050000000,0.556200000000,0.361775000000),
double3(0.363050000000,0.556100000000,0.460925000000),
double3(0.305350000000,0.612550000000,0.269925000000),
double3(0.156050000000,0.561800000000,0.343875000000),
double3(0.189450000000,0.590350000000,0.429125000000),
double3(0.204100000000,0.500000000000,0.404800000000),
double3(0.179450000000,0.571700000000,0.263350000000),
double3(0.090350000000,0.590600000000,0.271925000000),
double3(0.122050000000,0.500000000000,0.276975000000),
double3(0.199950000000,0.556200000000,0.388225000000),
double3(0.136950000000,0.556100000000,0.289075000000),
double3(0.194650000000,0.612550000000,0.480075000000),
double3(0.156050000000,0.938200000000,0.343875000000),
double3(0.250000000000,0.927200000000,0.375000000000),
double3(0.189450000000,0.909650000000,0.429125000000),
double3(0.179450000000,0.928300000000,0.263350000000),
double3(0.090350000000,0.909400000000,0.271925000000),
double3(0.250000000000,0.871050000000,0.250000000000),
double3(0.199950000000,0.943800000000,0.388225000000),
double3(0.136950000000,0.943900000000,0.289075000000),
double3(0.194650000000,0.887450000000,0.480075000000),
double3(0.343950000000,0.938200000000,0.406125000000),
double3(0.310550000000,0.909650000000,0.320875000000),
double3(0.320550000000,0.928300000000,0.486650000000),
double3(0.409650000000,0.909400000000,0.478075000000),
double3(0.300050000000,0.943800000000,0.361775000000),
double3(0.363050000000,0.943900000000,0.460925000000),
double3(0.305350000000,0.887450000000,0.269925000000),
double3(0.093950000000,0.811800000000,0.406125000000),
double3(0.000000000000,0.822800000000,0.375000000000),
double3(0.060550000000,0.840350000000,0.320875000000),
double3(0.045900000000,0.750000000000,0.345200000000),
double3(0.070550000000,0.821700000000,0.486650000000),
double3(0.159650000000,0.840600000000,0.478075000000),
double3(0.127950000000,0.750000000000,0.473025000000),
double3(0.000000000000,0.878950000000,0.250000000000),
double3(0.050050000000,0.806200000000,0.361775000000),
double3(0.113050000000,0.806100000000,0.460925000000),
double3(0.055350000000,0.862550000000,0.269925000000),
double3(0.406050000000,0.811800000000,0.343875000000),
double3(0.439450000000,0.840350000000,0.429125000000),
double3(0.454100000000,0.750000000000,0.404800000000),
double3(0.429450000000,0.821700000000,0.263350000000),
double3(0.340350000000,0.840600000000,0.271925000000),
double3(0.372050000000,0.750000000000,0.276975000000),
double3(0.449950000000,0.806200000000,0.388225000000),
double3(0.386950000000,0.806100000000,0.289075000000),
double3(0.444650000000,0.862550000000,0.480075000000),
double3(0.406050000000,0.688200000000,0.343875000000),
double3(0.000000000000,0.677200000000,0.375000000000),
double3(0.439450000000,0.659650000000,0.429125000000),
double3(0.429450000000,0.678300000000,0.263350000000),
double3(0.340350000000,0.659400000000,0.271925000000),
double3(0.000000000000,0.621050000000,0.250000000000),
double3(0.449950000000,0.693800000000,0.388225000000),
double3(0.386950000000,0.693900000000,0.289075000000),
double3(0.444650000000,0.637450000000,0.480075000000),
double3(0.093950000000,0.688200000000,0.406125000000),
double3(0.060550000000,0.659650000000,0.320875000000),
double3(0.070550000000,0.678300000000,0.486650000000),
double3(0.159650000000,0.659400000000,0.478075000000),
double3(0.050050000000,0.693800000000,0.361775000000),
double3(0.113050000000,0.693900000000,0.460925000000),
double3(0.055350000000,0.637450000000,0.269925000000),
double3(0.343950000000,0.561800000000,0.656125000000),
double3(0.250000000000,0.572800000000,0.625000000000),
double3(0.310550000000,0.590350000000,0.570875000000),
double3(0.295900000000,0.500000000000,0.595200000000),
double3(0.320550000000,0.571700000000,0.736650000000),
double3(0.409650000000,0.590600000000,0.728075000000),
double3(0.377950000000,0.500000000000,0.723025000000),
double3(0.250000000000,0.628950000000,0.500000000000),
double3(0.300050000000,0.556200000000,0.611775000000),
double3(0.363050000000,0.556100000000,0.710925000000),
double3(0.305350000000,0.612550000000,0.519925000000),
double3(0.156050000000,0.561800000000,0.593875000000),
double3(0.189450000000,0.590350000000,0.679125000000),
double3(0.204100000000,0.500000000000,0.654800000000),
double3(0.179450000000,0.571700000000,0.513350000000),
double3(0.090350000000,0.590600000000,0.521925000000),
double3(0.122050000000,0.500000000000,0.526975000000),
double3(0.199950000000,0.556200000000,0.638225000000),
double3(0.136950000000,0.556100000000,0.539075000000),
double3(0.194650000000,0.612550000000,0.730075000000),
double3(0.156050000000,0.938200000000,0.593875000000),
double3(0.250000000000,0.927200000000,0.625000000000),
double3(0.189450000000,0.909650000000,0.679125000000),
double3(0.179450000000,0.928300000000,0.513350000000),
double3(0.090350000000,0.909400000000,0.521925000000),
double3(0.250000000000,0.871050000000,0.500000000000),
double3(0.199950000000,0.943800000000,0.638225000000),
double3(0.136950000000,0.943900000000,0.539075000000),
double3(0.194650000000,0.887450000000,0.730075000000),
double3(0.343950000000,0.938200000000,0.656125000000),
double3(0.310550000000,0.909650000000,0.570875000000),
double3(0.320550000000,0.928300000000,0.736650000000),
double3(0.409650000000,0.909400000000,0.728075000000),
double3(0.300050000000,0.943800000000,0.611775000000),
double3(0.363050000000,0.943900000000,0.710925000000),
double3(0.305350000000,0.887450000000,0.519925000000),
double3(0.093950000000,0.811800000000,0.656125000000),
double3(0.000000000000,0.822800000000,0.625000000000),
double3(0.060550000000,0.840350000000,0.570875000000),
double3(0.045900000000,0.750000000000,0.595200000000),
double3(0.070550000000,0.821700000000,0.736650000000),
double3(0.159650000000,0.840600000000,0.728075000000),
double3(0.127950000000,0.750000000000,0.723025000000),
double3(0.000000000000,0.878950000000,0.500000000000),
double3(0.050050000000,0.806200000000,0.611775000000),
double3(0.113050000000,0.806100000000,0.710925000000),
double3(0.055350000000,0.862550000000,0.519925000000),
double3(0.406050000000,0.811800000000,0.593875000000),
double3(0.439450000000,0.840350000000,0.679125000000),
double3(0.454100000000,0.750000000000,0.654800000000),
double3(0.429450000000,0.821700000000,0.513350000000),
double3(0.340350000000,0.840600000000,0.521925000000),
double3(0.372050000000,0.750000000000,0.526975000000),
double3(0.449950000000,0.806200000000,0.638225000000),
double3(0.386950000000,0.806100000000,0.539075000000),
double3(0.444650000000,0.862550000000,0.730075000000),
double3(0.406050000000,0.688200000000,0.593875000000),
double3(0.000000000000,0.677200000000,0.625000000000),
double3(0.439450000000,0.659650000000,0.679125000000),
double3(0.429450000000,0.678300000000,0.513350000000),
double3(0.340350000000,0.659400000000,0.521925000000),
double3(0.000000000000,0.621050000000,0.500000000000),
double3(0.449950000000,0.693800000000,0.638225000000),
double3(0.386950000000,0.693900000000,0.539075000000),
double3(0.444650000000,0.637450000000,0.730075000000),
double3(0.093950000000,0.688200000000,0.656125000000),
double3(0.060550000000,0.659650000000,0.570875000000),
double3(0.070550000000,0.678300000000,0.736650000000),
double3(0.159650000000,0.659400000000,0.728075000000),
double3(0.050050000000,0.693800000000,0.611775000000),
double3(0.113050000000,0.693900000000,0.710925000000),
double3(0.055350000000,0.637450000000,0.519925000000),
double3(0.343950000000,0.561800000000,0.906125000000),
double3(0.250000000000,0.572800000000,0.875000000000),
double3(0.310550000000,0.590350000000,0.820875000000),
double3(0.295900000000,0.500000000000,0.845200000000),
double3(0.320550000000,0.571700000000,0.986650000000),
double3(0.409650000000,0.590600000000,0.978075000000),
double3(0.377950000000,0.500000000000,0.973025000000),
double3(0.250000000000,0.628950000000,0.750000000000),
double3(0.300050000000,0.556200000000,0.861775000000),
double3(0.363050000000,0.556100000000,0.960925000000),
double3(0.305350000000,0.612550000000,0.769925000000),
double3(0.156050000000,0.561800000000,0.843875000000),
double3(0.189450000000,0.590350000000,0.929125000000),
double3(0.204100000000,0.500000000000,0.904800000000),
double3(0.179450000000,0.571700000000,0.763350000000),
double3(0.090350000000,0.590600000000,0.771925000000),
double3(0.122050000000,0.500000000000,0.776975000000),
double3(0.199950000000,0.556200000000,0.888225000000),
double3(0.136950000000,0.556100000000,0.789075000000),
double3(0.194650000000,0.612550000000,0.980075000000),
double3(0.156050000000,0.938200000000,0.843875000000),
double3(0.250000000000,0.927200000000,0.875000000000),
double3(0.189450000000,0.909650000000,0.929125000000),
double3(0.179450000000,0.928300000000,0.763350000000),
double3(0.090350000000,0.909400000000,0.771925000000),
double3(0.250000000000,0.871050000000,0.750000000000),
double3(0.199950000000,0.943800000000,0.888225000000),
double3(0.136950000000,0.943900000000,0.789075000000),
double3(0.194650000000,0.887450000000,0.980075000000),
double3(0.343950000000,0.938200000000,0.906125000000),
double3(0.310550000000,0.909650000000,0.820875000000),
double3(0.320550000000,0.928300000000,0.986650000000),
double3(0.409650000000,0.909400000000,0.978075000000),
double3(0.300050000000,0.943800000000,0.861775000000),
double3(0.363050000000,0.943900000000,0.960925000000),
double3(0.305350000000,0.887450000000,0.769925000000),
double3(0.093950000000,0.811800000000,0.906125000000),
double3(0.000000000000,0.822800000000,0.875000000000),
double3(0.060550000000,0.840350000000,0.820875000000),
double3(0.045900000000,0.750000000000,0.845200000000),
double3(0.070550000000,0.821700000000,0.986650000000),
double3(0.159650000000,0.840600000000,0.978075000000),
double3(0.127950000000,0.750000000000,0.973025000000),
double3(0.000000000000,0.878950000000,0.750000000000),
double3(0.050050000000,0.806200000000,0.861775000000),
double3(0.113050000000,0.806100000000,0.960925000000),
double3(0.055350000000,0.862550000000,0.769925000000),
double3(0.406050000000,0.811800000000,0.843875000000),
double3(0.439450000000,0.840350000000,0.929125000000),
double3(0.454100000000,0.750000000000,0.904800000000),
double3(0.429450000000,0.821700000000,0.763350000000),
double3(0.340350000000,0.840600000000,0.771925000000),
double3(0.372050000000,0.750000000000,0.776975000000),
double3(0.449950000000,0.806200000000,0.888225000000),
double3(0.386950000000,0.806100000000,0.789075000000),
double3(0.444650000000,0.862550000000,0.980075000000),
double3(0.406050000000,0.688200000000,0.843875000000),
double3(0.000000000000,0.677200000000,0.875000000000),
double3(0.439450000000,0.659650000000,0.929125000000),
double3(0.429450000000,0.678300000000,0.763350000000),
double3(0.340350000000,0.659400000000,0.771925000000),
double3(0.000000000000,0.621050000000,0.750000000000),
double3(0.449950000000,0.693800000000,0.888225000000),
double3(0.386950000000,0.693900000000,0.789075000000),
double3(0.444650000000,0.637450000000,0.980075000000),
double3(0.093950000000,0.688200000000,0.906125000000),
double3(0.060550000000,0.659650000000,0.820875000000),
double3(0.070550000000,0.678300000000,0.986650000000),
double3(0.159650000000,0.659400000000,0.978075000000),
double3(0.050050000000,0.693800000000,0.861775000000),
double3(0.113050000000,0.693900000000,0.960925000000),
double3(0.055350000000,0.637450000000,0.769925000000),
double3(0.843950000000,0.061800000000,0.156125000000),
double3(0.750000000000,0.072800000000,0.125000000000),
double3(0.810550000000,0.090350000000,0.070875000000),
double3(0.795900000000,0.000000000000,0.095200000000),
double3(0.820550000000,0.071700000000,0.236650000000),
double3(0.909650000000,0.090600000000,0.228075000000),
double3(0.877950000000,0.000000000000,0.223025000000),
double3(0.750000000000,0.128950000000,0.000000000000),
double3(0.800050000000,0.056200000000,0.111775000000),
double3(0.863050000000,0.056100000000,0.210925000000),
double3(0.805350000000,0.112550000000,0.019925000000),
double3(0.656050000000,0.061800000000,0.093875000000),
double3(0.689450000000,0.090350000000,0.179125000000),
double3(0.704100000000,0.000000000000,0.154800000000),
double3(0.679450000000,0.071700000000,0.013350000000),
double3(0.590350000000,0.090600000000,0.021925000000),
double3(0.622050000000,0.000000000000,0.026975000000),
double3(0.699950000000,0.056200000000,0.138225000000),
double3(0.636950000000,0.056100000000,0.039075000000),
double3(0.694650000000,0.112550000000,0.230075000000),
double3(0.656050000000,0.438200000000,0.093875000000),
double3(0.750000000000,0.427200000000,0.125000000000),
double3(0.689450000000,0.409650000000,0.179125000000),
double3(0.679450000000,0.428300000000,0.013350000000),
double3(0.590350000000,0.409400000000,0.021925000000),
double3(0.750000000000,0.371050000000,0.000000000000),
double3(0.699950000000,0.443800000000,0.138225000000),
double3(0.636950000000,0.443900000000,0.039075000000),
double3(0.694650000000,0.387450000000,0.230075000000),
double3(0.843950000000,0.438200000000,0.156125000000),
double3(0.810550000000,0.409650000000,0.070875000000),
double3(0.820550000000,0.428300000000,0.236650000000),
double3(0.909650000000,0.409400000000,0.228075000000),
double3(0.800050000000,0.443800000000,0.111775000000),
double3(0.863050000000,0.443900000000,0.210925000000),
double3(0.805350000000,0.387450000000,0.019925000000),
double3(0.593950000000,0.311800000000,0.156125000000),
double3(0.500000000000,0.322800000000,0.125000000000),
double3(0.560550000000,0.340350000000,0.070875000000),
double3(0.545900000000,0.250000000000,0.095200000000),
double3(0.570550000000,0.321700000000,0.236650000000),
double3(0.659650000000,0.340600000000,0.228075000000),
double3(0.627950000000,0.250000000000,0.223025000000),
double3(0.500000000000,0.378950000000,0.000000000000),
double3(0.550050000000,0.306200000000,0.111775000000),
double3(0.613050000000,0.306100000000,0.210925000000),
double3(0.555350000000,0.362550000000,0.019925000000),
double3(0.906050000000,0.311800000000,0.093875000000),
double3(0.939450000000,0.340350000000,0.179125000000),
double3(0.954100000000,0.250000000000,0.154800000000),
double3(0.929450000000,0.321700000000,0.013350000000),
double3(0.840350000000,0.340600000000,0.021925000000),
double3(0.872050000000,0.250000000000,0.026975000000),
double3(0.949950000000,0.306200000000,0.138225000000),
double3(0.886950000000,0.306100000000,0.039075000000),
double3(0.944650000000,0.362550000000,0.230075000000),
double3(0.906050000000,0.188200000000,0.093875000000),
double3(0.500000000000,0.177200000000,0.125000000000),
double3(0.939450000000,0.159650000000,0.179125000000),
double3(0.929450000000,0.178300000000,0.013350000000),
double3(0.840350000000,0.159400000000,0.021925000000),
double3(0.500000000000,0.121050000000,0.000000000000),
double3(0.949950000000,0.193800000000,0.138225000000),
double3(0.886950000000,0.193900000000,0.039075000000),
double3(0.944650000000,0.137450000000,0.230075000000),
double3(0.593950000000,0.188200000000,0.156125000000),
double3(0.560550000000,0.159650000000,0.070875000000),
double3(0.570550000000,0.178300000000,0.236650000000),
double3(0.659650000000,0.159400000000,0.228075000000),
double3(0.550050000000,0.193800000000,0.111775000000),
double3(0.613050000000,0.193900000000,0.210925000000),
double3(0.555350000000,0.137450000000,0.019925000000),
double3(0.843950000000,0.061800000000,0.406125000000),
double3(0.750000000000,0.072800000000,0.375000000000),
double3(0.810550000000,0.090350000000,0.320875000000),
double3(0.795900000000,0.000000000000,0.345200000000),
double3(0.820550000000,0.071700000000,0.486650000000),
double3(0.909650000000,0.090600000000,0.478075000000),
double3(0.877950000000,0.000000000000,0.473025000000),
double3(0.750000000000,0.128950000000,0.250000000000),
double3(0.800050000000,0.056200000000,0.361775000000),
double3(0.863050000000,0.056100000000,0.460925000000),
double3(0.805350000000,0.112550000000,0.269925000000),
double3(0.656050000000,0.061800000000,0.343875000000),
double3(0.689450000000,0.090350000000,0.429125000000),
double3(0.704100000000,0.000000000000,0.404800000000),
double3(0.679450000000,0.071700000000,0.263350000000),
double3(0.590350000000,0.090600000000,0.271925000000),
double3(0.622050000000,0.000000000000,0.276975000000),
double3(0.699950000000,0.056200000000,0.388225000000),
double3(0.636950000000,0.056100000000,0.289075000000),
double3(0.694650000000,0.112550000000,0.480075000000),
double3(0.656050000000,0.438200000000,0.343875000000),
double3(0.750000000000,0.427200000000,0.375000000000),
double3(0.689450000000,0.409650000000,0.429125000000),
double3(0.679450000000,0.428300000000,0.263350000000),
double3(0.590350000000,0.409400000000,0.271925000000),
double3(0.750000000000,0.371050000000,0.250000000000),
double3(0.699950000000,0.443800000000,0.388225000000),
double3(0.636950000000,0.443900000000,0.289075000000),
double3(0.694650000000,0.387450000000,0.480075000000),
double3(0.843950000000,0.438200000000,0.406125000000),
double3(0.810550000000,0.409650000000,0.320875000000),
double3(0.820550000000,0.428300000000,0.486650000000),
double3(0.909650000000,0.409400000000,0.478075000000),
double3(0.800050000000,0.443800000000,0.361775000000),
double3(0.863050000000,0.443900000000,0.460925000000),
double3(0.805350000000,0.387450000000,0.269925000000),
double3(0.593950000000,0.311800000000,0.406125000000),
double3(0.500000000000,0.322800000000,0.375000000000),
double3(0.560550000000,0.340350000000,0.320875000000),
double3(0.545900000000,0.250000000000,0.345200000000),
double3(0.570550000000,0.321700000000,0.486650000000),
double3(0.659650000000,0.340600000000,0.478075000000),
double3(0.627950000000,0.250000000000,0.473025000000),
double3(0.500000000000,0.378950000000,0.250000000000),
double3(0.550050000000,0.306200000000,0.361775000000),
double3(0.613050000000,0.306100000000,0.460925000000),
double3(0.555350000000,0.362550000000,0.269925000000),
double3(0.906050000000,0.311800000000,0.343875000000),
double3(0.939450000000,0.340350000000,0.429125000000),
double3(0.954100000000,0.250000000000,0.404800000000),
double3(0.929450000000,0.321700000000,0.263350000000),
double3(0.840350000000,0.340600000000,0.271925000000),
double3(0.872050000000,0.250000000000,0.276975000000),
double3(0.949950000000,0.306200000000,0.388225000000),
double3(0.886950000000,0.306100000000,0.289075000000),
double3(0.944650000000,0.362550000000,0.480075000000),
double3(0.906050000000,0.188200000000,0.343875000000),
double3(0.500000000000,0.177200000000,0.375000000000),
double3(0.939450000000,0.159650000000,0.429125000000),
double3(0.929450000000,0.178300000000,0.263350000000),
double3(0.840350000000,0.159400000000,0.271925000000),
double3(0.500000000000,0.121050000000,0.250000000000),
double3(0.949950000000,0.193800000000,0.388225000000),
double3(0.886950000000,0.193900000000,0.289075000000),
double3(0.944650000000,0.137450000000,0.480075000000),
double3(0.593950000000,0.188200000000,0.406125000000),
double3(0.560550000000,0.159650000000,0.320875000000),
double3(0.570550000000,0.178300000000,0.486650000000),
double3(0.659650000000,0.159400000000,0.478075000000),
double3(0.550050000000,0.193800000000,0.361775000000),
double3(0.613050000000,0.193900000000,0.460925000000),
double3(0.555350000000,0.137450000000,0.269925000000),
double3(0.843950000000,0.061800000000,0.656125000000),
double3(0.750000000000,0.072800000000,0.625000000000),
double3(0.810550000000,0.090350000000,0.570875000000),
double3(0.795900000000,0.000000000000,0.595200000000),
double3(0.820550000000,0.071700000000,0.736650000000),
double3(0.909650000000,0.090600000000,0.728075000000),
double3(0.877950000000,0.000000000000,0.723025000000),
double3(0.750000000000,0.128950000000,0.500000000000),
double3(0.800050000000,0.056200000000,0.611775000000),
double3(0.863050000000,0.056100000000,0.710925000000),
double3(0.805350000000,0.112550000000,0.519925000000),
double3(0.656050000000,0.061800000000,0.593875000000),
double3(0.689450000000,0.090350000000,0.679125000000),
double3(0.704100000000,0.000000000000,0.654800000000),
double3(0.679450000000,0.071700000000,0.513350000000),
double3(0.590350000000,0.090600000000,0.521925000000),
double3(0.622050000000,0.000000000000,0.526975000000),
double3(0.699950000000,0.056200000000,0.638225000000),
double3(0.636950000000,0.056100000000,0.539075000000),
double3(0.694650000000,0.112550000000,0.730075000000),
double3(0.656050000000,0.438200000000,0.593875000000),
double3(0.750000000000,0.427200000000,0.625000000000),
double3(0.689450000000,0.409650000000,0.679125000000),
double3(0.679450000000,0.428300000000,0.513350000000),
double3(0.590350000000,0.409400000000,0.521925000000),
double3(0.750000000000,0.371050000000,0.500000000000),
double3(0.699950000000,0.443800000000,0.638225000000),
double3(0.636950000000,0.443900000000,0.539075000000),
double3(0.694650000000,0.387450000000,0.730075000000),
double3(0.843950000000,0.438200000000,0.656125000000),
double3(0.810550000000,0.409650000000,0.570875000000),
double3(0.820550000000,0.428300000000,0.736650000000),
double3(0.909650000000,0.409400000000,0.728075000000),
double3(0.800050000000,0.443800000000,0.611775000000),
double3(0.863050000000,0.443900000000,0.710925000000),
double3(0.805350000000,0.387450000000,0.519925000000),
double3(0.593950000000,0.311800000000,0.656125000000),
double3(0.500000000000,0.322800000000,0.625000000000),
double3(0.560550000000,0.340350000000,0.570875000000),
double3(0.545900000000,0.250000000000,0.595200000000),
double3(0.570550000000,0.321700000000,0.736650000000),
double3(0.659650000000,0.340600000000,0.728075000000),
double3(0.627950000000,0.250000000000,0.723025000000),
double3(0.500000000000,0.378950000000,0.500000000000),
double3(0.550050000000,0.306200000000,0.611775000000),
double3(0.613050000000,0.306100000000,0.710925000000),
double3(0.555350000000,0.362550000000,0.519925000000),
double3(0.906050000000,0.311800000000,0.593875000000),
double3(0.939450000000,0.340350000000,0.679125000000),
double3(0.954100000000,0.250000000000,0.654800000000),
double3(0.929450000000,0.321700000000,0.513350000000),
double3(0.840350000000,0.340600000000,0.521925000000),
double3(0.872050000000,0.250000000000,0.526975000000),
double3(0.949950000000,0.306200000000,0.638225000000),
double3(0.886950000000,0.306100000000,0.539075000000),
double3(0.944650000000,0.362550000000,0.730075000000),
double3(0.906050000000,0.188200000000,0.593875000000),
double3(0.500000000000,0.177200000000,0.625000000000),
double3(0.939450000000,0.159650000000,0.679125000000),
double3(0.929450000000,0.178300000000,0.513350000000),
double3(0.840350000000,0.159400000000,0.521925000000),
double3(0.500000000000,0.121050000000,0.500000000000),
double3(0.949950000000,0.193800000000,0.638225000000),
double3(0.886950000000,0.193900000000,0.539075000000),
double3(0.944650000000,0.137450000000,0.730075000000),
double3(0.593950000000,0.188200000000,0.656125000000),
double3(0.560550000000,0.159650000000,0.570875000000),
double3(0.570550000000,0.178300000000,0.736650000000),
double3(0.659650000000,0.159400000000,0.728075000000),
double3(0.550050000000,0.193800000000,0.611775000000),
double3(0.613050000000,0.193900000000,0.710925000000),
double3(0.555350000000,0.137450000000,0.519925000000),
double3(0.843950000000,0.061800000000,0.906125000000),
double3(0.750000000000,0.072800000000,0.875000000000),
double3(0.810550000000,0.090350000000,0.820875000000),
double3(0.795900000000,0.000000000000,0.845200000000),
double3(0.820550000000,0.071700000000,0.986650000000),
double3(0.909650000000,0.090600000000,0.978075000000),
double3(0.877950000000,0.000000000000,0.973025000000),
double3(0.750000000000,0.128950000000,0.750000000000),
double3(0.800050000000,0.056200000000,0.861775000000),
double3(0.863050000000,0.056100000000,0.960925000000),
double3(0.805350000000,0.112550000000,0.769925000000),
double3(0.656050000000,0.061800000000,0.843875000000),
double3(0.689450000000,0.090350000000,0.929125000000),
double3(0.704100000000,0.000000000000,0.904800000000),
double3(0.679450000000,0.071700000000,0.763350000000),
double3(0.590350000000,0.090600000000,0.771925000000),
double3(0.622050000000,0.000000000000,0.776975000000),
double3(0.699950000000,0.056200000000,0.888225000000),
double3(0.636950000000,0.056100000000,0.789075000000),
double3(0.694650000000,0.112550000000,0.980075000000),
double3(0.656050000000,0.438200000000,0.843875000000),
double3(0.750000000000,0.427200000000,0.875000000000),
double3(0.689450000000,0.409650000000,0.929125000000),
double3(0.679450000000,0.428300000000,0.763350000000),
double3(0.590350000000,0.409400000000,0.771925000000),
double3(0.750000000000,0.371050000000,0.750000000000),
double3(0.699950000000,0.443800000000,0.888225000000),
double3(0.636950000000,0.443900000000,0.789075000000),
double3(0.694650000000,0.387450000000,0.980075000000),
double3(0.843950000000,0.438200000000,0.906125000000),
double3(0.810550000000,0.409650000000,0.820875000000),
double3(0.820550000000,0.428300000000,0.986650000000),
double3(0.909650000000,0.409400000000,0.978075000000),
double3(0.800050000000,0.443800000000,0.861775000000),
double3(0.863050000000,0.443900000000,0.960925000000),
double3(0.805350000000,0.387450000000,0.769925000000),
double3(0.593950000000,0.311800000000,0.906125000000),
double3(0.500000000000,0.322800000000,0.875000000000),
double3(0.560550000000,0.340350000000,0.820875000000),
double3(0.545900000000,0.250000000000,0.845200000000),
double3(0.570550000000,0.321700000000,0.986650000000),
double3(0.659650000000,0.340600000000,0.978075000000),
double3(0.627950000000,0.250000000000,0.973025000000),
double3(0.500000000000,0.378950000000,0.750000000000),
double3(0.550050000000,0.306200000000,0.861775000000),
double3(0.613050000000,0.306100000000,0.960925000000),
double3(0.555350000000,0.362550000000,0.769925000000),
double3(0.906050000000,0.311800000000,0.843875000000),
double3(0.939450000000,0.340350000000,0.929125000000),
double3(0.954100000000,0.250000000000,0.904800000000),
double3(0.929450000000,0.321700000000,0.763350000000),
double3(0.840350000000,0.340600000000,0.771925000000),
double3(0.872050000000,0.250000000000,0.776975000000),
double3(0.949950000000,0.306200000000,0.888225000000),
double3(0.886950000000,0.306100000000,0.789075000000),
double3(0.944650000000,0.362550000000,0.980075000000),
double3(0.906050000000,0.188200000000,0.843875000000),
double3(0.500000000000,0.177200000000,0.875000000000),
double3(0.939450000000,0.159650000000,0.929125000000),
double3(0.929450000000,0.178300000000,0.763350000000),
double3(0.840350000000,0.159400000000,0.771925000000),
double3(0.500000000000,0.121050000000,0.750000000000),
double3(0.949950000000,0.193800000000,0.888225000000),
double3(0.886950000000,0.193900000000,0.789075000000),
double3(0.944650000000,0.137450000000,0.980075000000),
double3(0.593950000000,0.188200000000,0.906125000000),
double3(0.560550000000,0.159650000000,0.820875000000),
double3(0.570550000000,0.178300000000,0.986650000000),
double3(0.659650000000,0.159400000000,0.978075000000),
double3(0.550050000000,0.193800000000,0.861775000000),
double3(0.613050000000,0.193900000000,0.960925000000),
double3(0.555350000000,0.137450000000,0.769925000000),
double3(0.843950000000,0.561800000000,0.156125000000),
double3(0.750000000000,0.572800000000,0.125000000000),
double3(0.810550000000,0.590350000000,0.070875000000),
double3(0.795900000000,0.500000000000,0.095200000000),
double3(0.820550000000,0.571700000000,0.236650000000),
double3(0.909650000000,0.590600000000,0.228075000000),
double3(0.877950000000,0.500000000000,0.223025000000),
double3(0.750000000000,0.628950000000,0.000000000000),
double3(0.800050000000,0.556200000000,0.111775000000),
double3(0.863050000000,0.556100000000,0.210925000000),
double3(0.805350000000,0.612550000000,0.019925000000),
double3(0.656050000000,0.561800000000,0.093875000000),
double3(0.689450000000,0.590350000000,0.179125000000),
double3(0.704100000000,0.500000000000,0.154800000000),
double3(0.679450000000,0.571700000000,0.013350000000),
double3(0.590350000000,0.590600000000,0.021925000000),
double3(0.622050000000,0.500000000000,0.026975000000),
double3(0.699950000000,0.556200000000,0.138225000000),
double3(0.636950000000,0.556100000000,0.039075000000),
double3(0.694650000000,0.612550000000,0.230075000000),
double3(0.656050000000,0.938200000000,0.093875000000),
double3(0.750000000000,0.927200000000,0.125000000000),
double3(0.689450000000,0.909650000000,0.179125000000),
double3(0.679450000000,0.928300000000,0.013350000000),
double3(0.590350000000,0.909400000000,0.021925000000),
double3(0.750000000000,0.871050000000,0.000000000000),
double3(0.699950000000,0.943800000000,0.138225000000),
double3(0.636950000000,0.943900000000,0.039075000000),
double3(0.694650000000,0.887450000000,0.230075000000),
double3(0.843950000000,0.938200000000,0.156125000000),
double3(0.810550000000,0.909650000000,0.070875000000),
double3(0.820550000000,0.928300000000,0.236650000000),
double3(0.909650000000,0.909400000000,0.228075000000),
double3(0.800050000000,0.943800000000,0.111775000000),
double3(0.863050000000,0.943900000000,0.210925000000),
double3(0.805350000000,0.887450000000,0.019925000000),
double3(0.593950000000,0.811800000000,0.156125000000),
double3(0.500000000000,0.822800000000,0.125000000000),
double3(0.560550000000,0.840350000000,0.070875000000),
double3(0.545900000000,0.750000000000,0.095200000000),
double3(0.570550000000,0.821700000000,0.236650000000),
double3(0.659650000000,0.840600000000,0.228075000000),
double3(0.627950000000,0.750000000000,0.223025000000),
double3(0.500000000000,0.878950000000,0.000000000000),
double3(0.550050000000,0.806200000000,0.111775000000),
double3(0.613050000000,0.806100000000,0.210925000000),
double3(0.555350000000,0.862550000000,0.019925000000),
double3(0.906050000000,0.811800000000,0.093875000000),
double3(0.939450000000,0.840350000000,0.179125000000),
double3(0.954100000000,0.750000000000,0.154800000000),
double3(0.929450000000,0.821700000000,0.013350000000),
double3(0.840350000000,0.840600000000,0.021925000000),
double3(0.872050000000,0.750000000000,0.026975000000),
double3(0.949950000000,0.806200000000,0.138225000000),
double3(0.886950000000,0.806100000000,0.039075000000),
double3(0.944650000000,0.862550000000,0.230075000000),
double3(0.906050000000,0.688200000000,0.093875000000),
double3(0.500000000000,0.677200000000,0.125000000000),
double3(0.939450000000,0.659650000000,0.179125000000),
double3(0.929450000000,0.678300000000,0.013350000000),
double3(0.840350000000,0.659400000000,0.021925000000),
double3(0.500000000000,0.621050000000,0.000000000000),
double3(0.949950000000,0.693800000000,0.138225000000),
double3(0.886950000000,0.693900000000,0.039075000000),
double3(0.944650000000,0.637450000000,0.230075000000),
double3(0.593950000000,0.688200000000,0.156125000000),
double3(0.560550000000,0.659650000000,0.070875000000),
double3(0.570550000000,0.678300000000,0.236650000000),
double3(0.659650000000,0.659400000000,0.228075000000),
double3(0.550050000000,0.693800000000,0.111775000000),
double3(0.613050000000,0.693900000000,0.210925000000),
double3(0.555350000000,0.637450000000,0.019925000000),
double3(0.843950000000,0.561800000000,0.406125000000),
double3(0.750000000000,0.572800000000,0.375000000000),
double3(0.810550000000,0.590350000000,0.320875000000),
double3(0.795900000000,0.500000000000,0.345200000000),
double3(0.820550000000,0.571700000000,0.486650000000),
double3(0.909650000000,0.590600000000,0.478075000000),
double3(0.877950000000,0.500000000000,0.473025000000),
double3(0.750000000000,0.628950000000,0.250000000000),
double3(0.800050000000,0.556200000000,0.361775000000),
double3(0.863050000000,0.556100000000,0.460925000000),
double3(0.805350000000,0.612550000000,0.269925000000),
double3(0.656050000000,0.561800000000,0.343875000000),
double3(0.689450000000,0.590350000000,0.429125000000),
double3(0.704100000000,0.500000000000,0.404800000000),
double3(0.679450000000,0.571700000000,0.263350000000),
double3(0.590350000000,0.590600000000,0.271925000000),
double3(0.622050000000,0.500000000000,0.276975000000),
double3(0.699950000000,0.556200000000,0.388225000000),
double3(0.636950000000,0.556100000000,0.289075000000),
double3(0.694650000000,0.612550000000,0.480075000000),
double3(0.656050000000,0.938200000000,0.343875000000),
double3(0.750000000000,0.927200000000,0.375000000000),
double3(0.689450000000,0.909650000000,0.429125000000),
double3(0.679450000000,0.928300000000,0.263350000000),
double3(0.590350000000,0.909400000000,0.271925000000),
double3(0.750000000000,0.871050000000,0.250000000000),
double3(0.699950000000,0.943800000000,0.388225000000),
double3(0.636950000000,0.943900000000,0.289075000000),
double3(0.694650000000,0.887450000000,0.480075000000),
double3(0.843950000000,0.938200000000,0.406125000000),
double3(0.810550000000,0.909650000000,0.320875000000),
double3(0.820550000000,0.928300000000,0.486650000000),
double3(0.909650000000,0.909400000000,0.478075000000),
double3(0.800050000000,0.943800000000,0.361775000000),
double3(0.863050000000,0.943900000000,0.460925000000),
double3(0.805350000000,0.887450000000,0.269925000000),
double3(0.593950000000,0.811800000000,0.406125000000),
double3(0.500000000000,0.822800000000,0.375000000000),
double3(0.560550000000,0.840350000000,0.320875000000),
double3(0.545900000000,0.750000000000,0.345200000000),
double3(0.570550000000,0.821700000000,0.486650000000),
double3(0.659650000000,0.840600000000,0.478075000000),
double3(0.627950000000,0.750000000000,0.473025000000),
double3(0.500000000000,0.878950000000,0.250000000000),
double3(0.550050000000,0.806200000000,0.361775000000),
double3(0.613050000000,0.806100000000,0.460925000000),
double3(0.555350000000,0.862550000000,0.269925000000),
double3(0.906050000000,0.811800000000,0.343875000000),
double3(0.939450000000,0.840350000000,0.429125000000),
double3(0.954100000000,0.750000000000,0.404800000000),
double3(0.929450000000,0.821700000000,0.263350000000),
double3(0.840350000000,0.840600000000,0.271925000000),
double3(0.872050000000,0.750000000000,0.276975000000),
double3(0.949950000000,0.806200000000,0.388225000000),
double3(0.886950000000,0.806100000000,0.289075000000),
double3(0.944650000000,0.862550000000,0.480075000000),
double3(0.906050000000,0.688200000000,0.343875000000),
double3(0.500000000000,0.677200000000,0.375000000000),
double3(0.939450000000,0.659650000000,0.429125000000),
double3(0.929450000000,0.678300000000,0.263350000000),
double3(0.840350000000,0.659400000000,0.271925000000),
double3(0.500000000000,0.621050000000,0.250000000000),
double3(0.949950000000,0.693800000000,0.388225000000),
double3(0.886950000000,0.693900000000,0.289075000000),
double3(0.944650000000,0.637450000000,0.480075000000),
double3(0.593950000000,0.688200000000,0.406125000000),
double3(0.560550000000,0.659650000000,0.320875000000),
double3(0.570550000000,0.678300000000,0.486650000000),
double3(0.659650000000,0.659400000000,0.478075000000),
double3(0.550050000000,0.693800000000,0.361775000000),
double3(0.613050000000,0.693900000000,0.460925000000),
double3(0.555350000000,0.637450000000,0.269925000000),
double3(0.843950000000,0.561800000000,0.656125000000),
double3(0.750000000000,0.572800000000,0.625000000000),
double3(0.810550000000,0.590350000000,0.570875000000),
double3(0.795900000000,0.500000000000,0.595200000000),
double3(0.820550000000,0.571700000000,0.736650000000),
double3(0.909650000000,0.590600000000,0.728075000000),
double3(0.877950000000,0.500000000000,0.723025000000),
double3(0.750000000000,0.628950000000,0.500000000000),
double3(0.800050000000,0.556200000000,0.611775000000),
double3(0.863050000000,0.556100000000,0.710925000000),
double3(0.805350000000,0.612550000000,0.519925000000),
double3(0.656050000000,0.561800000000,0.593875000000),
double3(0.689450000000,0.590350000000,0.679125000000),
double3(0.704100000000,0.500000000000,0.654800000000),
double3(0.679450000000,0.571700000000,0.513350000000),
double3(0.590350000000,0.590600000000,0.521925000000),
double3(0.622050000000,0.500000000000,0.526975000000),
double3(0.699950000000,0.556200000000,0.638225000000),
double3(0.636950000000,0.556100000000,0.539075000000),
double3(0.694650000000,0.612550000000,0.730075000000),
double3(0.656050000000,0.938200000000,0.593875000000),
double3(0.750000000000,0.927200000000,0.625000000000),
double3(0.689450000000,0.909650000000,0.679125000000),
double3(0.679450000000,0.928300000000,0.513350000000),
double3(0.590350000000,0.909400000000,0.521925000000),
double3(0.750000000000,0.871050000000,0.500000000000),
double3(0.699950000000,0.943800000000,0.638225000000),
double3(0.636950000000,0.943900000000,0.539075000000),
double3(0.694650000000,0.887450000000,0.730075000000),
double3(0.843950000000,0.938200000000,0.656125000000),
double3(0.810550000000,0.909650000000,0.570875000000),
double3(0.820550000000,0.928300000000,0.736650000000),
double3(0.909650000000,0.909400000000,0.728075000000),
double3(0.800050000000,0.943800000000,0.611775000000),
double3(0.863050000000,0.943900000000,0.710925000000),
double3(0.805350000000,0.887450000000,0.519925000000),
double3(0.593950000000,0.811800000000,0.656125000000),
double3(0.500000000000,0.822800000000,0.625000000000),
double3(0.560550000000,0.840350000000,0.570875000000),
double3(0.545900000000,0.750000000000,0.595200000000),
double3(0.570550000000,0.821700000000,0.736650000000),
double3(0.659650000000,0.840600000000,0.728075000000),
double3(0.627950000000,0.750000000000,0.723025000000),
double3(0.500000000000,0.878950000000,0.500000000000),
double3(0.550050000000,0.806200000000,0.611775000000),
double3(0.613050000000,0.806100000000,0.710925000000),
double3(0.555350000000,0.862550000000,0.519925000000),
double3(0.906050000000,0.811800000000,0.593875000000),
double3(0.939450000000,0.840350000000,0.679125000000),
double3(0.954100000000,0.750000000000,0.654800000000),
double3(0.929450000000,0.821700000000,0.513350000000),
double3(0.840350000000,0.840600000000,0.521925000000),
double3(0.872050000000,0.750000000000,0.526975000000),
double3(0.949950000000,0.806200000000,0.638225000000),
double3(0.886950000000,0.806100000000,0.539075000000),
double3(0.944650000000,0.862550000000,0.730075000000),
double3(0.906050000000,0.688200000000,0.593875000000),
double3(0.500000000000,0.677200000000,0.625000000000),
double3(0.939450000000,0.659650000000,0.679125000000),
double3(0.929450000000,0.678300000000,0.513350000000),
double3(0.840350000000,0.659400000000,0.521925000000),
double3(0.500000000000,0.621050000000,0.500000000000),
double3(0.949950000000,0.693800000000,0.638225000000),
double3(0.886950000000,0.693900000000,0.539075000000),
double3(0.944650000000,0.637450000000,0.730075000000),
double3(0.593950000000,0.688200000000,0.656125000000),
double3(0.560550000000,0.659650000000,0.570875000000),
double3(0.570550000000,0.678300000000,0.736650000000),
double3(0.659650000000,0.659400000000,0.728075000000),
double3(0.550050000000,0.693800000000,0.611775000000),
double3(0.613050000000,0.693900000000,0.710925000000),
double3(0.555350000000,0.637450000000,0.519925000000),
double3(0.843950000000,0.561800000000,0.906125000000),
double3(0.750000000000,0.572800000000,0.875000000000),
double3(0.810550000000,0.590350000000,0.820875000000),
double3(0.795900000000,0.500000000000,0.845200000000),
double3(0.820550000000,0.571700000000,0.986650000000),
double3(0.909650000000,0.590600000000,0.978075000000),
double3(0.877950000000,0.500000000000,0.973025000000),
double3(0.750000000000,0.628950000000,0.750000000000),
double3(0.800050000000,0.556200000000,0.861775000000),
double3(0.863050000000,0.556100000000,0.960925000000),
double3(0.805350000000,0.612550000000,0.769925000000),
double3(0.656050000000,0.561800000000,0.843875000000),
double3(0.689450000000,0.590350000000,0.929125000000),
double3(0.704100000000,0.500000000000,0.904800000000),
double3(0.679450000000,0.571700000000,0.763350000000),
double3(0.590350000000,0.590600000000,0.771925000000),
double3(0.622050000000,0.500000000000,0.776975000000),
double3(0.699950000000,0.556200000000,0.888225000000),
double3(0.636950000000,0.556100000000,0.789075000000),
double3(0.694650000000,0.612550000000,0.980075000000),
double3(0.656050000000,0.938200000000,0.843875000000),
double3(0.750000000000,0.927200000000,0.875000000000),
double3(0.689450000000,0.909650000000,0.929125000000),
double3(0.679450000000,0.928300000000,0.763350000000),
double3(0.590350000000,0.909400000000,0.771925000000),
double3(0.750000000000,0.871050000000,0.750000000000),
double3(0.699950000000,0.943800000000,0.888225000000),
double3(0.636950000000,0.943900000000,0.789075000000),
double3(0.694650000000,0.887450000000,0.980075000000),
double3(0.843950000000,0.938200000000,0.906125000000),
double3(0.810550000000,0.909650000000,0.820875000000),
double3(0.820550000000,0.928300000000,0.986650000000),
double3(0.909650000000,0.909400000000,0.978075000000),
double3(0.800050000000,0.943800000000,0.861775000000),
double3(0.863050000000,0.943900000000,0.960925000000),
double3(0.805350000000,0.887450000000,0.769925000000),
double3(0.593950000000,0.811800000000,0.906125000000),
double3(0.500000000000,0.822800000000,0.875000000000),
double3(0.560550000000,0.840350000000,0.820875000000),
double3(0.545900000000,0.750000000000,0.845200000000),
double3(0.570550000000,0.821700000000,0.986650000000),
double3(0.659650000000,0.840600000000,0.978075000000),
double3(0.627950000000,0.750000000000,0.973025000000),
double3(0.500000000000,0.878950000000,0.750000000000),
double3(0.550050000000,0.806200000000,0.861775000000),
double3(0.613050000000,0.806100000000,0.960925000000),
double3(0.555350000000,0.862550000000,0.769925000000),
double3(0.906050000000,0.811800000000,0.843875000000),
double3(0.939450000000,0.840350000000,0.929125000000),
double3(0.954100000000,0.750000000000,0.904800000000),
double3(0.929450000000,0.821700000000,0.763350000000),
double3(0.840350000000,0.840600000000,0.771925000000),
double3(0.872050000000,0.750000000000,0.776975000000),
double3(0.949950000000,0.806200000000,0.888225000000),
double3(0.886950000000,0.806100000000,0.789075000000),
double3(0.944650000000,0.862550000000,0.980075000000),
double3(0.906050000000,0.688200000000,0.843875000000),
double3(0.500000000000,0.677200000000,0.875000000000),
double3(0.939450000000,0.659650000000,0.929125000000),
double3(0.929450000000,0.678300000000,0.763350000000),
double3(0.840350000000,0.659400000000,0.771925000000),
double3(0.500000000000,0.621050000000,0.750000000000),
double3(0.949950000000,0.693800000000,0.888225000000),
double3(0.886950000000,0.693900000000,0.789075000000),
double3(0.944650000000,0.637450000000,0.980075000000),
double3(0.593950000000,0.688200000000,0.906125000000),
double3(0.560550000000,0.659650000000,0.820875000000),
double3(0.570550000000,0.678300000000,0.986650000000),
double3(0.659650000000,0.659400000000,0.978075000000),
double3(0.550050000000,0.693800000000,0.861775000000),
double3(0.613050000000,0.693900000000,0.960925000000),
double3(0.555350000000,0.637450000000,0.769925000000),
