 # Derivative distribution function -dV(r)/dr (or -dV(d)/dd) vs d
  0.1250000      0.0000000E+00
  0.3750000      0.0000000E+00
  0.6250000      0.0000000E+00
  0.8750000      0.0000000E+00
   1.125000      0.0000000E+00
   1.375000      0.0000000E+00
   1.625000      0.0000000E+00
   1.875000      0.0000000E+00
   2.125000      0.0000000E+00
   2.375000      0.0000000E+00
   2.625000      0.0000000E+00
   2.875000      0.0000000E+00
   3.125000      8.3575249E-03
   3.375000      2.4566174E-02
   3.625000      3.1657577E-02
   3.875000      3.1151056E-02
   4.125000      3.2670617E-02
   4.375000      4.6346784E-02
   4.625000      5.3184748E-02
   4.875000      4.4827104E-02
   5.125000      4.9385905E-02
   5.375000      5.2171707E-02
   5.625000      5.2171707E-02
   5.875000      5.5210829E-02
   6.125000      6.1289072E-02
   6.375000      7.0659757E-02
   6.625000      7.3952079E-02
   6.875000      7.8004360E-02
   7.125000      8.4842443E-02
   7.375000      0.3619095    
   7.625000       1.552488    
   7.875000       1.235153    
   8.125000      0.0000000E+00
   8.375000      0.0000000E+00
   8.625000      0.0000000E+00
   8.875000      0.0000000E+00
   9.125000      0.0000000E+00
   9.375000      0.0000000E+00
   9.625000      0.0000000E+00
   9.875000      0.0000000E+00
   10.12500      0.0000000E+00
   10.37500      0.0000000E+00
   10.62500      0.0000000E+00
   10.87500      0.0000000E+00
   11.12500      0.0000000E+00
   11.37500      0.0000000E+00
   11.62500      0.0000000E+00
   11.87500      0.0000000E+00
   12.12500      0.0000000E+00
   12.37500      0.0000000E+00
   12.62500      0.0000000E+00
   12.87500      0.0000000E+00
   13.12500      0.0000000E+00
   13.37500      0.0000000E+00
   13.62500      0.0000000E+00
   13.87500      0.0000000E+00
   14.12500      0.0000000E+00
   14.37500      0.0000000E+00
   14.62500      0.0000000E+00
   14.87500      0.0000000E+00
   15.12500      0.0000000E+00
   15.37500      0.0000000E+00
   15.62500      0.0000000E+00
   15.87500      0.0000000E+00
   16.12500      0.0000000E+00
   16.37500      0.0000000E+00
   16.62500      0.0000000E+00
   16.87500      0.0000000E+00
   17.12500      0.0000000E+00
   17.37500      0.0000000E+00
   17.62500      0.0000000E+00
   17.87500      0.0000000E+00
   18.12500      0.0000000E+00
   18.37500      0.0000000E+00
   18.62500      0.0000000E+00
   18.87500      0.0000000E+00
   19.12500      0.0000000E+00
   19.37500      0.0000000E+00
