 # Derivative distribution function -dV(r)/dr (or -dV(d)/dd) vs d
  0.1250000      0.0000000E+00
  0.3750000      0.0000000E+00
  0.6250000      0.0000000E+00
  0.8750000      0.0000000E+00
   1.125000      0.0000000E+00
   1.375000      0.0000000E+00
   1.625000      0.0000000E+00
   1.875000      0.0000000E+00
   2.125000      0.0000000E+00
   2.375000      0.0000000E+00
   2.625000      0.0000000E+00
   2.875000      0.0000000E+00
   3.125000      3.0940771E-03
   3.375000      2.1658897E-02
   3.625000      3.2607436E-02
   3.875000      2.9989243E-02
   4.125000      2.6895165E-02
   4.375000      2.7371287E-02
   4.625000      3.0227304E-02
   4.875000      2.9037237E-02
   5.125000      6.2834740E-02
   5.375000      7.0688963E-02
   5.625000      4.2603731E-02
   5.875000      3.2607436E-02
   6.125000      2.3801088E-02
   6.375000      2.4991035E-02
   6.625000      2.7847171E-02
   6.875000      2.5943160E-02
   7.125000      2.4991035E-02
   7.375000      2.6181102E-02
   7.625000      2.5467157E-02
   7.875000      2.9037237E-02
   8.125000      3.4987450E-02
   8.375000      3.5701513E-02
   8.625000      3.8081646E-02
   8.875000      3.5939574E-02
   9.125000      3.5701513E-02
   9.375000      4.5698047E-02
   9.625000      0.6342973    
   9.875000      0.6228727    
   10.12500      3.5225570E-02
   10.37500      3.2845438E-02
   10.62500      0.9213376    
   10.87500      0.9094371    
   11.12500      0.0000000E+00
   11.37500      0.0000000E+00
   11.62500      0.0000000E+00
   11.87500      0.0000000E+00
   12.12500      0.0000000E+00
   12.37500      0.0000000E+00
   12.62500      0.0000000E+00
   12.87500      0.0000000E+00
   13.12500      0.0000000E+00
   13.37500      0.0000000E+00
   13.62500      0.0000000E+00
   13.87500      0.0000000E+00
   14.12500      0.0000000E+00
   14.37500      0.0000000E+00
   14.62500      0.0000000E+00
   14.87500      0.0000000E+00
   15.12500      0.0000000E+00
   15.37500      0.0000000E+00
   15.62500      0.0000000E+00
   15.87500      0.0000000E+00
   16.12500      0.0000000E+00
   16.37500      0.0000000E+00
   16.62500      0.0000000E+00
   16.87500      0.0000000E+00
   17.12500      0.0000000E+00
   17.37500      0.0000000E+00
   17.62500      0.0000000E+00
   17.87500      0.0000000E+00
   18.12500      0.0000000E+00
   18.37500      0.0000000E+00
   18.62500      0.0000000E+00
   18.87500      0.0000000E+00
   19.12500      0.0000000E+00
   19.37500      0.0000000E+00
