[double3(13.677000000000,0.000000000000,0.000000000000),double3(0.000000000000,12.607000000000,0.000000000000),double3(0.000000000000,0.000000000000,18.497000000000)]

double3(0.000000000000,0.000133333333,0.080700000000),
double3(0.072450000000,0.014600000000,0.125000000000),
double3(0.062600000000,0.050500000000,0.064650000000),
double3(0.090200000000,0.317233333333,0.062650000000),
double3(0.073250000000,0.277400000000,0.005800000000),
double3(0.000000000000,0.245466666667,0.473400000000),
double3(0.089700000000,0.222400000000,0.464050000000),
double3(0.370200000000,0.000000000000,0.000000000000),
double3(0.056300000000,0.012300000000,0.083200000000),
double3(0.056400000000,0.257033333333,0.469700000000),
double3(0.386650000000,0.301400000000,0.026050000000),
double3(0.000000000000,0.333200000000,0.330700000000),
double3(0.427550000000,0.318733333333,0.375000000000),
double3(0.437400000000,0.282833333333,0.314650000000),
double3(0.409800000000,0.016100000000,0.312650000000),
double3(0.426750000000,0.055933333333,0.255800000000),
double3(0.000000000000,0.087866666667,0.223400000000),
double3(0.410300000000,0.110933333333,0.214050000000),
double3(0.129800000000,0.000000000000,0.250000000000),
double3(0.443700000000,0.321033333333,0.333200000000),
double3(0.443600000000,0.076300000000,0.219700000000),
double3(0.113350000000,0.031933333333,0.276050000000),
double3(0.000000000000,0.333200000000,0.419300000000),
double3(0.072450000000,0.318733333333,0.375000000000),
double3(0.062600000000,0.282833333333,0.435350000000),
double3(0.090200000000,0.016100000000,0.437350000000),
double3(0.073250000000,0.055933333333,0.494200000000),
double3(0.000000000000,0.087866666667,0.026600000000),
double3(0.089700000000,0.110933333333,0.035950000000),
double3(0.056300000000,0.321033333333,0.416800000000),
double3(0.056400000000,0.076300000000,0.030300000000),
double3(0.386650000000,0.031933333333,0.473950000000),
double3(0.000000000000,0.000133333333,0.169300000000),
double3(0.427550000000,0.014600000000,0.125000000000),
double3(0.437400000000,0.050500000000,0.185350000000),
double3(0.409800000000,0.317233333333,0.187350000000),
double3(0.426750000000,0.277400000000,0.244200000000),
double3(0.000000000000,0.245466666667,0.276600000000),
double3(0.410300000000,0.222400000000,0.285950000000),
double3(0.443700000000,0.012300000000,0.166800000000),
double3(0.443600000000,0.257033333333,0.280300000000),
double3(0.113350000000,0.301400000000,0.223950000000),
double3(0.437400000000,0.282833333333,0.435350000000),
double3(0.409800000000,0.016100000000,0.437350000000),
double3(0.426750000000,0.055933333333,0.494200000000),
double3(0.410300000000,0.110933333333,0.035950000000),
double3(0.129800000000,0.000000000000,0.000000000000),
double3(0.443700000000,0.321033333333,0.416800000000),
double3(0.443600000000,0.076300000000,0.030300000000),
double3(0.113350000000,0.031933333333,0.473950000000),
double3(0.062600000000,0.050500000000,0.185350000000),
double3(0.090200000000,0.317233333333,0.187350000000),
double3(0.073250000000,0.277400000000,0.244200000000),
double3(0.089700000000,0.222400000000,0.285950000000),
double3(0.370200000000,0.000000000000,0.250000000000),
double3(0.056300000000,0.012300000000,0.166800000000),
double3(0.056400000000,0.257033333333,0.280300000000),
double3(0.386650000000,0.301400000000,0.223950000000),
double3(0.437400000000,0.050500000000,0.064650000000),
double3(0.409800000000,0.317233333333,0.062650000000),
double3(0.426750000000,0.277400000000,0.005800000000),
double3(0.410300000000,0.222400000000,0.464050000000),
double3(0.443700000000,0.012300000000,0.083200000000),
double3(0.443600000000,0.257033333333,0.469700000000),
double3(0.113350000000,0.301400000000,0.026050000000),
double3(0.062600000000,0.282833333333,0.314650000000),
double3(0.090200000000,0.016100000000,0.312650000000),
double3(0.073250000000,0.055933333333,0.255800000000),
double3(0.089700000000,0.110933333333,0.214050000000),
double3(0.056300000000,0.321033333333,0.333200000000),
double3(0.056400000000,0.076300000000,0.219700000000),
double3(0.386650000000,0.031933333333,0.276050000000),
double3(0.250000000000,0.166800000000,0.080700000000),
double3(0.322450000000,0.181266666667,0.125000000000),
double3(0.312600000000,0.217166666667,0.064650000000),
double3(0.340200000000,0.150566666667,0.062650000000),
double3(0.323250000000,0.110733333333,0.005800000000),
double3(0.250000000000,0.078800000000,0.473400000000),
double3(0.339700000000,0.055733333333,0.464050000000),
double3(0.120200000000,0.166666666667,0.000000000000),
double3(0.306300000000,0.178966666667,0.083200000000),
double3(0.306400000000,0.090366666667,0.469700000000),
double3(0.136650000000,0.134733333333,0.026050000000),
double3(0.250000000000,0.166533333333,0.330700000000),
double3(0.177550000000,0.152066666667,0.375000000000),
double3(0.187400000000,0.116166666667,0.314650000000),
double3(0.159800000000,0.182766666667,0.312650000000),
double3(0.176750000000,0.222600000000,0.255800000000),
double3(0.250000000000,0.254533333333,0.223400000000),
double3(0.160300000000,0.277600000000,0.214050000000),
double3(0.379800000000,0.166666666667,0.250000000000),
double3(0.193700000000,0.154366666667,0.333200000000),
double3(0.193600000000,0.242966666667,0.219700000000),
double3(0.363350000000,0.198600000000,0.276050000000),
double3(0.250000000000,0.166533333333,0.419300000000),
double3(0.322450000000,0.152066666667,0.375000000000),
double3(0.312600000000,0.116166666667,0.435350000000),
double3(0.340200000000,0.182766666667,0.437350000000),
double3(0.323250000000,0.222600000000,0.494200000000),
double3(0.250000000000,0.254533333333,0.026600000000),
double3(0.339700000000,0.277600000000,0.035950000000),
double3(0.306300000000,0.154366666667,0.416800000000),
double3(0.306400000000,0.242966666667,0.030300000000),
double3(0.136650000000,0.198600000000,0.473950000000),
double3(0.250000000000,0.166800000000,0.169300000000),
double3(0.177550000000,0.181266666667,0.125000000000),
double3(0.187400000000,0.217166666667,0.185350000000),
double3(0.159800000000,0.150566666667,0.187350000000),
double3(0.176750000000,0.110733333333,0.244200000000),
double3(0.250000000000,0.078800000000,0.276600000000),
double3(0.160300000000,0.055733333333,0.285950000000),
double3(0.193700000000,0.178966666667,0.166800000000),
double3(0.193600000000,0.090366666667,0.280300000000),
double3(0.363350000000,0.134733333333,0.223950000000),
double3(0.187400000000,0.116166666667,0.435350000000),
double3(0.159800000000,0.182766666667,0.437350000000),
double3(0.176750000000,0.222600000000,0.494200000000),
double3(0.160300000000,0.277600000000,0.035950000000),
double3(0.379800000000,0.166666666667,0.000000000000),
double3(0.193700000000,0.154366666667,0.416800000000),
double3(0.193600000000,0.242966666667,0.030300000000),
double3(0.363350000000,0.198600000000,0.473950000000),
double3(0.312600000000,0.217166666667,0.185350000000),
double3(0.340200000000,0.150566666667,0.187350000000),
double3(0.323250000000,0.110733333333,0.244200000000),
double3(0.339700000000,0.055733333333,0.285950000000),
double3(0.120200000000,0.166666666667,0.250000000000),
double3(0.306300000000,0.178966666667,0.166800000000),
double3(0.306400000000,0.090366666667,0.280300000000),
double3(0.136650000000,0.134733333333,0.223950000000),
double3(0.187400000000,0.217166666667,0.064650000000),
double3(0.159800000000,0.150566666667,0.062650000000),
double3(0.176750000000,0.110733333333,0.005800000000),
double3(0.160300000000,0.055733333333,0.464050000000),
double3(0.193700000000,0.178966666667,0.083200000000),
double3(0.193600000000,0.090366666667,0.469700000000),
double3(0.363350000000,0.134733333333,0.026050000000),
double3(0.312600000000,0.116166666667,0.314650000000),
double3(0.340200000000,0.182766666667,0.312650000000),
double3(0.323250000000,0.222600000000,0.255800000000),
double3(0.339700000000,0.277600000000,0.214050000000),
double3(0.306300000000,0.154366666667,0.333200000000),
double3(0.306400000000,0.242966666667,0.219700000000),
double3(0.136650000000,0.198600000000,0.276050000000),
double3(0.000000000000,0.000133333333,0.580700000000),
double3(0.072450000000,0.014600000000,0.625000000000),
double3(0.062600000000,0.050500000000,0.564650000000),
double3(0.090200000000,0.317233333333,0.562650000000),
double3(0.073250000000,0.277400000000,0.505800000000),
double3(0.000000000000,0.245466666667,0.973400000000),
double3(0.089700000000,0.222400000000,0.964050000000),
double3(0.370200000000,0.000000000000,0.500000000000),
double3(0.056300000000,0.012300000000,0.583200000000),
double3(0.056400000000,0.257033333333,0.969700000000),
double3(0.386650000000,0.301400000000,0.526050000000),
double3(0.000000000000,0.333200000000,0.830700000000),
double3(0.427550000000,0.318733333333,0.875000000000),
double3(0.437400000000,0.282833333333,0.814650000000),
double3(0.409800000000,0.016100000000,0.812650000000),
double3(0.426750000000,0.055933333333,0.755800000000),
double3(0.000000000000,0.087866666667,0.723400000000),
double3(0.410300000000,0.110933333333,0.714050000000),
double3(0.129800000000,0.000000000000,0.750000000000),
double3(0.443700000000,0.321033333333,0.833200000000),
double3(0.443600000000,0.076300000000,0.719700000000),
double3(0.113350000000,0.031933333333,0.776050000000),
double3(0.000000000000,0.333200000000,0.919300000000),
double3(0.072450000000,0.318733333333,0.875000000000),
double3(0.062600000000,0.282833333333,0.935350000000),
double3(0.090200000000,0.016100000000,0.937350000000),
double3(0.073250000000,0.055933333333,0.994200000000),
double3(0.000000000000,0.087866666667,0.526600000000),
double3(0.089700000000,0.110933333333,0.535950000000),
double3(0.056300000000,0.321033333333,0.916800000000),
double3(0.056400000000,0.076300000000,0.530300000000),
double3(0.386650000000,0.031933333333,0.973950000000),
double3(0.000000000000,0.000133333333,0.669300000000),
double3(0.427550000000,0.014600000000,0.625000000000),
double3(0.437400000000,0.050500000000,0.685350000000),
double3(0.409800000000,0.317233333333,0.687350000000),
double3(0.426750000000,0.277400000000,0.744200000000),
double3(0.000000000000,0.245466666667,0.776600000000),
double3(0.410300000000,0.222400000000,0.785950000000),
double3(0.443700000000,0.012300000000,0.666800000000),
double3(0.443600000000,0.257033333333,0.780300000000),
double3(0.113350000000,0.301400000000,0.723950000000),
double3(0.437400000000,0.282833333333,0.935350000000),
double3(0.409800000000,0.016100000000,0.937350000000),
double3(0.426750000000,0.055933333333,0.994200000000),
double3(0.410300000000,0.110933333333,0.535950000000),
double3(0.129800000000,0.000000000000,0.500000000000),
double3(0.443700000000,0.321033333333,0.916800000000),
double3(0.443600000000,0.076300000000,0.530300000000),
double3(0.113350000000,0.031933333333,0.973950000000),
double3(0.062600000000,0.050500000000,0.685350000000),
double3(0.090200000000,0.317233333333,0.687350000000),
double3(0.073250000000,0.277400000000,0.744200000000),
double3(0.089700000000,0.222400000000,0.785950000000),
double3(0.370200000000,0.000000000000,0.750000000000),
double3(0.056300000000,0.012300000000,0.666800000000),
double3(0.056400000000,0.257033333333,0.780300000000),
double3(0.386650000000,0.301400000000,0.723950000000),
double3(0.437400000000,0.050500000000,0.564650000000),
double3(0.409800000000,0.317233333333,0.562650000000),
double3(0.426750000000,0.277400000000,0.505800000000),
double3(0.410300000000,0.222400000000,0.964050000000),
double3(0.443700000000,0.012300000000,0.583200000000),
double3(0.443600000000,0.257033333333,0.969700000000),
double3(0.113350000000,0.301400000000,0.526050000000),
double3(0.062600000000,0.282833333333,0.814650000000),
double3(0.090200000000,0.016100000000,0.812650000000),
double3(0.073250000000,0.055933333333,0.755800000000),
double3(0.089700000000,0.110933333333,0.714050000000),
double3(0.056300000000,0.321033333333,0.833200000000),
double3(0.056400000000,0.076300000000,0.719700000000),
double3(0.386650000000,0.031933333333,0.776050000000),
double3(0.250000000000,0.166800000000,0.580700000000),
double3(0.322450000000,0.181266666667,0.625000000000),
double3(0.312600000000,0.217166666667,0.564650000000),
double3(0.340200000000,0.150566666667,0.562650000000),
double3(0.323250000000,0.110733333333,0.505800000000),
double3(0.250000000000,0.078800000000,0.973400000000),
double3(0.339700000000,0.055733333333,0.964050000000),
double3(0.120200000000,0.166666666667,0.500000000000),
double3(0.306300000000,0.178966666667,0.583200000000),
double3(0.306400000000,0.090366666667,0.969700000000),
double3(0.136650000000,0.134733333333,0.526050000000),
double3(0.250000000000,0.166533333333,0.830700000000),
double3(0.177550000000,0.152066666667,0.875000000000),
double3(0.187400000000,0.116166666667,0.814650000000),
double3(0.159800000000,0.182766666667,0.812650000000),
double3(0.176750000000,0.222600000000,0.755800000000),
double3(0.250000000000,0.254533333333,0.723400000000),
double3(0.160300000000,0.277600000000,0.714050000000),
double3(0.379800000000,0.166666666667,0.750000000000),
double3(0.193700000000,0.154366666667,0.833200000000),
double3(0.193600000000,0.242966666667,0.719700000000),
double3(0.363350000000,0.198600000000,0.776050000000),
double3(0.250000000000,0.166533333333,0.919300000000),
double3(0.322450000000,0.152066666667,0.875000000000),
double3(0.312600000000,0.116166666667,0.935350000000),
double3(0.340200000000,0.182766666667,0.937350000000),
double3(0.323250000000,0.222600000000,0.994200000000),
double3(0.250000000000,0.254533333333,0.526600000000),
double3(0.339700000000,0.277600000000,0.535950000000),
double3(0.306300000000,0.154366666667,0.916800000000),
double3(0.306400000000,0.242966666667,0.530300000000),
double3(0.136650000000,0.198600000000,0.973950000000),
double3(0.250000000000,0.166800000000,0.669300000000),
double3(0.177550000000,0.181266666667,0.625000000000),
double3(0.187400000000,0.217166666667,0.685350000000),
double3(0.159800000000,0.150566666667,0.687350000000),
double3(0.176750000000,0.110733333333,0.744200000000),
double3(0.250000000000,0.078800000000,0.776600000000),
double3(0.160300000000,0.055733333333,0.785950000000),
double3(0.193700000000,0.178966666667,0.666800000000),
double3(0.193600000000,0.090366666667,0.780300000000),
double3(0.363350000000,0.134733333333,0.723950000000),
double3(0.187400000000,0.116166666667,0.935350000000),
double3(0.159800000000,0.182766666667,0.937350000000),
double3(0.176750000000,0.222600000000,0.994200000000),
double3(0.160300000000,0.277600000000,0.535950000000),
double3(0.379800000000,0.166666666667,0.500000000000),
double3(0.193700000000,0.154366666667,0.916800000000),
double3(0.193600000000,0.242966666667,0.530300000000),
double3(0.363350000000,0.198600000000,0.973950000000),
double3(0.312600000000,0.217166666667,0.685350000000),
double3(0.340200000000,0.150566666667,0.687350000000),
double3(0.323250000000,0.110733333333,0.744200000000),
double3(0.339700000000,0.055733333333,0.785950000000),
double3(0.120200000000,0.166666666667,0.750000000000),
double3(0.306300000000,0.178966666667,0.666800000000),
double3(0.306400000000,0.090366666667,0.780300000000),
double3(0.136650000000,0.134733333333,0.723950000000),
double3(0.187400000000,0.217166666667,0.564650000000),
double3(0.159800000000,0.150566666667,0.562650000000),
double3(0.176750000000,0.110733333333,0.505800000000),
double3(0.160300000000,0.055733333333,0.964050000000),
double3(0.193700000000,0.178966666667,0.583200000000),
double3(0.193600000000,0.090366666667,0.969700000000),
double3(0.363350000000,0.134733333333,0.526050000000),
double3(0.312600000000,0.116166666667,0.814650000000),
double3(0.340200000000,0.182766666667,0.812650000000),
double3(0.323250000000,0.222600000000,0.755800000000),
double3(0.339700000000,0.277600000000,0.714050000000),
double3(0.306300000000,0.154366666667,0.833200000000),
double3(0.306400000000,0.242966666667,0.719700000000),
double3(0.136650000000,0.198600000000,0.776050000000),
double3(0.000000000000,0.333466666667,0.080700000000),
double3(0.072450000000,0.347933333333,0.125000000000),
double3(0.062600000000,0.383833333333,0.064650000000),
double3(0.090200000000,0.650566666667,0.062650000000),
double3(0.073250000000,0.610733333333,0.005800000000),
double3(0.000000000000,0.578800000000,0.473400000000),
double3(0.089700000000,0.555733333333,0.464050000000),
double3(0.370200000000,0.333333333333,0.000000000000),
double3(0.056300000000,0.345633333333,0.083200000000),
double3(0.056400000000,0.590366666667,0.469700000000),
double3(0.386650000000,0.634733333333,0.026050000000),
double3(0.000000000000,0.666533333333,0.330700000000),
double3(0.427550000000,0.652066666667,0.375000000000),
double3(0.437400000000,0.616166666667,0.314650000000),
double3(0.409800000000,0.349433333333,0.312650000000),
double3(0.426750000000,0.389266666667,0.255800000000),
double3(0.000000000000,0.421200000000,0.223400000000),
double3(0.410300000000,0.444266666667,0.214050000000),
double3(0.129800000000,0.333333333333,0.250000000000),
double3(0.443700000000,0.654366666667,0.333200000000),
double3(0.443600000000,0.409633333333,0.219700000000),
double3(0.113350000000,0.365266666667,0.276050000000),
double3(0.000000000000,0.666533333333,0.419300000000),
double3(0.072450000000,0.652066666667,0.375000000000),
double3(0.062600000000,0.616166666667,0.435350000000),
double3(0.090200000000,0.349433333333,0.437350000000),
double3(0.073250000000,0.389266666667,0.494200000000),
double3(0.000000000000,0.421200000000,0.026600000000),
double3(0.089700000000,0.444266666667,0.035950000000),
double3(0.056300000000,0.654366666667,0.416800000000),
double3(0.056400000000,0.409633333333,0.030300000000),
double3(0.386650000000,0.365266666667,0.473950000000),
double3(0.000000000000,0.333466666667,0.169300000000),
double3(0.427550000000,0.347933333333,0.125000000000),
double3(0.437400000000,0.383833333333,0.185350000000),
double3(0.409800000000,0.650566666667,0.187350000000),
double3(0.426750000000,0.610733333333,0.244200000000),
double3(0.000000000000,0.578800000000,0.276600000000),
double3(0.410300000000,0.555733333333,0.285950000000),
double3(0.443700000000,0.345633333333,0.166800000000),
double3(0.443600000000,0.590366666667,0.280300000000),
double3(0.113350000000,0.634733333333,0.223950000000),
double3(0.437400000000,0.616166666667,0.435350000000),
double3(0.409800000000,0.349433333333,0.437350000000),
double3(0.426750000000,0.389266666667,0.494200000000),
double3(0.410300000000,0.444266666667,0.035950000000),
double3(0.129800000000,0.333333333333,0.000000000000),
double3(0.443700000000,0.654366666667,0.416800000000),
double3(0.443600000000,0.409633333333,0.030300000000),
double3(0.113350000000,0.365266666667,0.473950000000),
double3(0.062600000000,0.383833333333,0.185350000000),
double3(0.090200000000,0.650566666667,0.187350000000),
double3(0.073250000000,0.610733333333,0.244200000000),
double3(0.089700000000,0.555733333333,0.285950000000),
double3(0.370200000000,0.333333333333,0.250000000000),
double3(0.056300000000,0.345633333333,0.166800000000),
double3(0.056400000000,0.590366666667,0.280300000000),
double3(0.386650000000,0.634733333333,0.223950000000),
double3(0.437400000000,0.383833333333,0.064650000000),
double3(0.409800000000,0.650566666667,0.062650000000),
double3(0.426750000000,0.610733333333,0.005800000000),
double3(0.410300000000,0.555733333333,0.464050000000),
double3(0.443700000000,0.345633333333,0.083200000000),
double3(0.443600000000,0.590366666667,0.469700000000),
double3(0.113350000000,0.634733333333,0.026050000000),
double3(0.062600000000,0.616166666667,0.314650000000),
double3(0.090200000000,0.349433333333,0.312650000000),
double3(0.073250000000,0.389266666667,0.255800000000),
double3(0.089700000000,0.444266666667,0.214050000000),
double3(0.056300000000,0.654366666667,0.333200000000),
double3(0.056400000000,0.409633333333,0.219700000000),
double3(0.386650000000,0.365266666667,0.276050000000),
double3(0.250000000000,0.500133333333,0.080700000000),
double3(0.322450000000,0.514600000000,0.125000000000),
double3(0.312600000000,0.550500000000,0.064650000000),
double3(0.340200000000,0.483900000000,0.062650000000),
double3(0.323250000000,0.444066666667,0.005800000000),
double3(0.250000000000,0.412133333333,0.473400000000),
double3(0.339700000000,0.389066666667,0.464050000000),
double3(0.120200000000,0.500000000000,0.000000000000),
double3(0.306300000000,0.512300000000,0.083200000000),
double3(0.306400000000,0.423700000000,0.469700000000),
double3(0.136650000000,0.468066666667,0.026050000000),
double3(0.250000000000,0.499866666667,0.330700000000),
double3(0.177550000000,0.485400000000,0.375000000000),
double3(0.187400000000,0.449500000000,0.314650000000),
double3(0.159800000000,0.516100000000,0.312650000000),
double3(0.176750000000,0.555933333333,0.255800000000),
double3(0.250000000000,0.587866666667,0.223400000000),
double3(0.160300000000,0.610933333333,0.214050000000),
double3(0.379800000000,0.500000000000,0.250000000000),
double3(0.193700000000,0.487700000000,0.333200000000),
double3(0.193600000000,0.576300000000,0.219700000000),
double3(0.363350000000,0.531933333333,0.276050000000),
double3(0.250000000000,0.499866666667,0.419300000000),
double3(0.322450000000,0.485400000000,0.375000000000),
double3(0.312600000000,0.449500000000,0.435350000000),
double3(0.340200000000,0.516100000000,0.437350000000),
double3(0.323250000000,0.555933333333,0.494200000000),
double3(0.250000000000,0.587866666667,0.026600000000),
double3(0.339700000000,0.610933333333,0.035950000000),
double3(0.306300000000,0.487700000000,0.416800000000),
double3(0.306400000000,0.576300000000,0.030300000000),
double3(0.136650000000,0.531933333333,0.473950000000),
double3(0.250000000000,0.500133333333,0.169300000000),
double3(0.177550000000,0.514600000000,0.125000000000),
double3(0.187400000000,0.550500000000,0.185350000000),
double3(0.159800000000,0.483900000000,0.187350000000),
double3(0.176750000000,0.444066666667,0.244200000000),
double3(0.250000000000,0.412133333333,0.276600000000),
double3(0.160300000000,0.389066666667,0.285950000000),
double3(0.193700000000,0.512300000000,0.166800000000),
double3(0.193600000000,0.423700000000,0.280300000000),
double3(0.363350000000,0.468066666667,0.223950000000),
double3(0.187400000000,0.449500000000,0.435350000000),
double3(0.159800000000,0.516100000000,0.437350000000),
double3(0.176750000000,0.555933333333,0.494200000000),
double3(0.160300000000,0.610933333333,0.035950000000),
double3(0.379800000000,0.500000000000,0.000000000000),
double3(0.193700000000,0.487700000000,0.416800000000),
double3(0.193600000000,0.576300000000,0.030300000000),
double3(0.363350000000,0.531933333333,0.473950000000),
double3(0.312600000000,0.550500000000,0.185350000000),
double3(0.340200000000,0.483900000000,0.187350000000),
double3(0.323250000000,0.444066666667,0.244200000000),
double3(0.339700000000,0.389066666667,0.285950000000),
double3(0.120200000000,0.500000000000,0.250000000000),
double3(0.306300000000,0.512300000000,0.166800000000),
double3(0.306400000000,0.423700000000,0.280300000000),
double3(0.136650000000,0.468066666667,0.223950000000),
double3(0.187400000000,0.550500000000,0.064650000000),
double3(0.159800000000,0.483900000000,0.062650000000),
double3(0.176750000000,0.444066666667,0.005800000000),
double3(0.160300000000,0.389066666667,0.464050000000),
double3(0.193700000000,0.512300000000,0.083200000000),
double3(0.193600000000,0.423700000000,0.469700000000),
double3(0.363350000000,0.468066666667,0.026050000000),
double3(0.312600000000,0.449500000000,0.314650000000),
double3(0.340200000000,0.516100000000,0.312650000000),
double3(0.323250000000,0.555933333333,0.255800000000),
double3(0.339700000000,0.610933333333,0.214050000000),
double3(0.306300000000,0.487700000000,0.333200000000),
double3(0.306400000000,0.576300000000,0.219700000000),
double3(0.136650000000,0.531933333333,0.276050000000),
double3(0.000000000000,0.333466666667,0.580700000000),
double3(0.072450000000,0.347933333333,0.625000000000),
double3(0.062600000000,0.383833333333,0.564650000000),
double3(0.090200000000,0.650566666667,0.562650000000),
double3(0.073250000000,0.610733333333,0.505800000000),
double3(0.000000000000,0.578800000000,0.973400000000),
double3(0.089700000000,0.555733333333,0.964050000000),
double3(0.370200000000,0.333333333333,0.500000000000),
double3(0.056300000000,0.345633333333,0.583200000000),
double3(0.056400000000,0.590366666667,0.969700000000),
double3(0.386650000000,0.634733333333,0.526050000000),
double3(0.000000000000,0.666533333333,0.830700000000),
double3(0.427550000000,0.652066666667,0.875000000000),
double3(0.437400000000,0.616166666667,0.814650000000),
double3(0.409800000000,0.349433333333,0.812650000000),
double3(0.426750000000,0.389266666667,0.755800000000),
double3(0.000000000000,0.421200000000,0.723400000000),
double3(0.410300000000,0.444266666667,0.714050000000),
double3(0.129800000000,0.333333333333,0.750000000000),
double3(0.443700000000,0.654366666667,0.833200000000),
double3(0.443600000000,0.409633333333,0.719700000000),
double3(0.113350000000,0.365266666667,0.776050000000),
double3(0.000000000000,0.666533333333,0.919300000000),
double3(0.072450000000,0.652066666667,0.875000000000),
double3(0.062600000000,0.616166666667,0.935350000000),
double3(0.090200000000,0.349433333333,0.937350000000),
double3(0.073250000000,0.389266666667,0.994200000000),
double3(0.000000000000,0.421200000000,0.526600000000),
double3(0.089700000000,0.444266666667,0.535950000000),
double3(0.056300000000,0.654366666667,0.916800000000),
double3(0.056400000000,0.409633333333,0.530300000000),
double3(0.386650000000,0.365266666667,0.973950000000),
double3(0.000000000000,0.333466666667,0.669300000000),
double3(0.427550000000,0.347933333333,0.625000000000),
double3(0.437400000000,0.383833333333,0.685350000000),
double3(0.409800000000,0.650566666667,0.687350000000),
double3(0.426750000000,0.610733333333,0.744200000000),
double3(0.000000000000,0.578800000000,0.776600000000),
double3(0.410300000000,0.555733333333,0.785950000000),
double3(0.443700000000,0.345633333333,0.666800000000),
double3(0.443600000000,0.590366666667,0.780300000000),
double3(0.113350000000,0.634733333333,0.723950000000),
double3(0.437400000000,0.616166666667,0.935350000000),
double3(0.409800000000,0.349433333333,0.937350000000),
double3(0.426750000000,0.389266666667,0.994200000000),
double3(0.410300000000,0.444266666667,0.535950000000),
double3(0.129800000000,0.333333333333,0.500000000000),
double3(0.443700000000,0.654366666667,0.916800000000),
double3(0.443600000000,0.409633333333,0.530300000000),
double3(0.113350000000,0.365266666667,0.973950000000),
double3(0.062600000000,0.383833333333,0.685350000000),
double3(0.090200000000,0.650566666667,0.687350000000),
double3(0.073250000000,0.610733333333,0.744200000000),
double3(0.089700000000,0.555733333333,0.785950000000),
double3(0.370200000000,0.333333333333,0.750000000000),
double3(0.056300000000,0.345633333333,0.666800000000),
double3(0.056400000000,0.590366666667,0.780300000000),
double3(0.386650000000,0.634733333333,0.723950000000),
double3(0.437400000000,0.383833333333,0.564650000000),
double3(0.409800000000,0.650566666667,0.562650000000),
double3(0.426750000000,0.610733333333,0.505800000000),
double3(0.410300000000,0.555733333333,0.964050000000),
double3(0.443700000000,0.345633333333,0.583200000000),
double3(0.443600000000,0.590366666667,0.969700000000),
double3(0.113350000000,0.634733333333,0.526050000000),
double3(0.062600000000,0.616166666667,0.814650000000),
double3(0.090200000000,0.349433333333,0.812650000000),
double3(0.073250000000,0.389266666667,0.755800000000),
double3(0.089700000000,0.444266666667,0.714050000000),
double3(0.056300000000,0.654366666667,0.833200000000),
double3(0.056400000000,0.409633333333,0.719700000000),
double3(0.386650000000,0.365266666667,0.776050000000),
double3(0.250000000000,0.500133333333,0.580700000000),
double3(0.322450000000,0.514600000000,0.625000000000),
double3(0.312600000000,0.550500000000,0.564650000000),
double3(0.340200000000,0.483900000000,0.562650000000),
double3(0.323250000000,0.444066666667,0.505800000000),
double3(0.250000000000,0.412133333333,0.973400000000),
double3(0.339700000000,0.389066666667,0.964050000000),
double3(0.120200000000,0.500000000000,0.500000000000),
double3(0.306300000000,0.512300000000,0.583200000000),
double3(0.306400000000,0.423700000000,0.969700000000),
double3(0.136650000000,0.468066666667,0.526050000000),
double3(0.250000000000,0.499866666667,0.830700000000),
double3(0.177550000000,0.485400000000,0.875000000000),
double3(0.187400000000,0.449500000000,0.814650000000),
double3(0.159800000000,0.516100000000,0.812650000000),
double3(0.176750000000,0.555933333333,0.755800000000),
double3(0.250000000000,0.587866666667,0.723400000000),
double3(0.160300000000,0.610933333333,0.714050000000),
double3(0.379800000000,0.500000000000,0.750000000000),
double3(0.193700000000,0.487700000000,0.833200000000),
double3(0.193600000000,0.576300000000,0.719700000000),
double3(0.363350000000,0.531933333333,0.776050000000),
double3(0.250000000000,0.499866666667,0.919300000000),
double3(0.322450000000,0.485400000000,0.875000000000),
double3(0.312600000000,0.449500000000,0.935350000000),
double3(0.340200000000,0.516100000000,0.937350000000),
double3(0.323250000000,0.555933333333,0.994200000000),
double3(0.250000000000,0.587866666667,0.526600000000),
double3(0.339700000000,0.610933333333,0.535950000000),
double3(0.306300000000,0.487700000000,0.916800000000),
double3(0.306400000000,0.576300000000,0.530300000000),
double3(0.136650000000,0.531933333333,0.973950000000),
double3(0.250000000000,0.500133333333,0.669300000000),
double3(0.177550000000,0.514600000000,0.625000000000),
double3(0.187400000000,0.550500000000,0.685350000000),
double3(0.159800000000,0.483900000000,0.687350000000),
double3(0.176750000000,0.444066666667,0.744200000000),
double3(0.250000000000,0.412133333333,0.776600000000),
double3(0.160300000000,0.389066666667,0.785950000000),
double3(0.193700000000,0.512300000000,0.666800000000),
double3(0.193600000000,0.423700000000,0.780300000000),
double3(0.363350000000,0.468066666667,0.723950000000),
double3(0.187400000000,0.449500000000,0.935350000000),
double3(0.159800000000,0.516100000000,0.937350000000),
double3(0.176750000000,0.555933333333,0.994200000000),
double3(0.160300000000,0.610933333333,0.535950000000),
double3(0.379800000000,0.500000000000,0.500000000000),
double3(0.193700000000,0.487700000000,0.916800000000),
double3(0.193600000000,0.576300000000,0.530300000000),
double3(0.363350000000,0.531933333333,0.973950000000),
double3(0.312600000000,0.550500000000,0.685350000000),
double3(0.340200000000,0.483900000000,0.687350000000),
double3(0.323250000000,0.444066666667,0.744200000000),
double3(0.339700000000,0.389066666667,0.785950000000),
double3(0.120200000000,0.500000000000,0.750000000000),
double3(0.306300000000,0.512300000000,0.666800000000),
double3(0.306400000000,0.423700000000,0.780300000000),
double3(0.136650000000,0.468066666667,0.723950000000),
double3(0.187400000000,0.550500000000,0.564650000000),
double3(0.159800000000,0.483900000000,0.562650000000),
double3(0.176750000000,0.444066666667,0.505800000000),
double3(0.160300000000,0.389066666667,0.964050000000),
double3(0.193700000000,0.512300000000,0.583200000000),
double3(0.193600000000,0.423700000000,0.969700000000),
double3(0.363350000000,0.468066666667,0.526050000000),
double3(0.312600000000,0.449500000000,0.814650000000),
double3(0.340200000000,0.516100000000,0.812650000000),
double3(0.323250000000,0.555933333333,0.755800000000),
double3(0.339700000000,0.610933333333,0.714050000000),
double3(0.306300000000,0.487700000000,0.833200000000),
double3(0.306400000000,0.576300000000,0.719700000000),
double3(0.136650000000,0.531933333333,0.776050000000),
double3(0.000000000000,0.666800000000,0.080700000000),
double3(0.072450000000,0.681266666667,0.125000000000),
double3(0.062600000000,0.717166666667,0.064650000000),
double3(0.090200000000,0.983900000000,0.062650000000),
double3(0.073250000000,0.944066666667,0.005800000000),
double3(0.000000000000,0.912133333333,0.473400000000),
double3(0.089700000000,0.889066666667,0.464050000000),
double3(0.370200000000,0.666666666667,0.000000000000),
double3(0.056300000000,0.678966666667,0.083200000000),
double3(0.056400000000,0.923700000000,0.469700000000),
double3(0.386650000000,0.968066666667,0.026050000000),
double3(0.000000000000,0.999866666667,0.330700000000),
double3(0.427550000000,0.985400000000,0.375000000000),
double3(0.437400000000,0.949500000000,0.314650000000),
double3(0.409800000000,0.682766666667,0.312650000000),
double3(0.426750000000,0.722600000000,0.255800000000),
double3(0.000000000000,0.754533333333,0.223400000000),
double3(0.410300000000,0.777600000000,0.214050000000),
double3(0.129800000000,0.666666666667,0.250000000000),
double3(0.443700000000,0.987700000000,0.333200000000),
double3(0.443600000000,0.742966666667,0.219700000000),
double3(0.113350000000,0.698600000000,0.276050000000),
double3(0.000000000000,0.999866666667,0.419300000000),
double3(0.072450000000,0.985400000000,0.375000000000),
double3(0.062600000000,0.949500000000,0.435350000000),
double3(0.090200000000,0.682766666667,0.437350000000),
double3(0.073250000000,0.722600000000,0.494200000000),
double3(0.000000000000,0.754533333333,0.026600000000),
double3(0.089700000000,0.777600000000,0.035950000000),
double3(0.056300000000,0.987700000000,0.416800000000),
double3(0.056400000000,0.742966666667,0.030300000000),
double3(0.386650000000,0.698600000000,0.473950000000),
double3(0.000000000000,0.666800000000,0.169300000000),
double3(0.427550000000,0.681266666667,0.125000000000),
double3(0.437400000000,0.717166666667,0.185350000000),
double3(0.409800000000,0.983900000000,0.187350000000),
double3(0.426750000000,0.944066666667,0.244200000000),
double3(0.000000000000,0.912133333333,0.276600000000),
double3(0.410300000000,0.889066666667,0.285950000000),
double3(0.443700000000,0.678966666667,0.166800000000),
double3(0.443600000000,0.923700000000,0.280300000000),
double3(0.113350000000,0.968066666667,0.223950000000),
double3(0.437400000000,0.949500000000,0.435350000000),
double3(0.409800000000,0.682766666667,0.437350000000),
double3(0.426750000000,0.722600000000,0.494200000000),
double3(0.410300000000,0.777600000000,0.035950000000),
double3(0.129800000000,0.666666666667,0.000000000000),
double3(0.443700000000,0.987700000000,0.416800000000),
double3(0.443600000000,0.742966666667,0.030300000000),
double3(0.113350000000,0.698600000000,0.473950000000),
double3(0.062600000000,0.717166666667,0.185350000000),
double3(0.090200000000,0.983900000000,0.187350000000),
double3(0.073250000000,0.944066666667,0.244200000000),
double3(0.089700000000,0.889066666667,0.285950000000),
double3(0.370200000000,0.666666666667,0.250000000000),
double3(0.056300000000,0.678966666667,0.166800000000),
double3(0.056400000000,0.923700000000,0.280300000000),
double3(0.386650000000,0.968066666667,0.223950000000),
double3(0.437400000000,0.717166666667,0.064650000000),
double3(0.409800000000,0.983900000000,0.062650000000),
double3(0.426750000000,0.944066666667,0.005800000000),
double3(0.410300000000,0.889066666667,0.464050000000),
double3(0.443700000000,0.678966666667,0.083200000000),
double3(0.443600000000,0.923700000000,0.469700000000),
double3(0.113350000000,0.968066666667,0.026050000000),
double3(0.062600000000,0.949500000000,0.314650000000),
double3(0.090200000000,0.682766666667,0.312650000000),
double3(0.073250000000,0.722600000000,0.255800000000),
double3(0.089700000000,0.777600000000,0.214050000000),
double3(0.056300000000,0.987700000000,0.333200000000),
double3(0.056400000000,0.742966666667,0.219700000000),
double3(0.386650000000,0.698600000000,0.276050000000),
double3(0.250000000000,0.833466666667,0.080700000000),
double3(0.322450000000,0.847933333333,0.125000000000),
double3(0.312600000000,0.883833333333,0.064650000000),
double3(0.340200000000,0.817233333333,0.062650000000),
double3(0.323250000000,0.777400000000,0.005800000000),
double3(0.250000000000,0.745466666667,0.473400000000),
double3(0.339700000000,0.722400000000,0.464050000000),
double3(0.120200000000,0.833333333333,0.000000000000),
double3(0.306300000000,0.845633333333,0.083200000000),
double3(0.306400000000,0.757033333333,0.469700000000),
double3(0.136650000000,0.801400000000,0.026050000000),
double3(0.250000000000,0.833200000000,0.330700000000),
double3(0.177550000000,0.818733333333,0.375000000000),
double3(0.187400000000,0.782833333333,0.314650000000),
double3(0.159800000000,0.849433333333,0.312650000000),
double3(0.176750000000,0.889266666667,0.255800000000),
double3(0.250000000000,0.921200000000,0.223400000000),
double3(0.160300000000,0.944266666667,0.214050000000),
double3(0.379800000000,0.833333333333,0.250000000000),
double3(0.193700000000,0.821033333333,0.333200000000),
double3(0.193600000000,0.909633333333,0.219700000000),
double3(0.363350000000,0.865266666667,0.276050000000),
double3(0.250000000000,0.833200000000,0.419300000000),
double3(0.322450000000,0.818733333333,0.375000000000),
double3(0.312600000000,0.782833333333,0.435350000000),
double3(0.340200000000,0.849433333333,0.437350000000),
double3(0.323250000000,0.889266666667,0.494200000000),
double3(0.250000000000,0.921200000000,0.026600000000),
double3(0.339700000000,0.944266666667,0.035950000000),
double3(0.306300000000,0.821033333333,0.416800000000),
double3(0.306400000000,0.909633333333,0.030300000000),
double3(0.136650000000,0.865266666667,0.473950000000),
double3(0.250000000000,0.833466666667,0.169300000000),
double3(0.177550000000,0.847933333333,0.125000000000),
double3(0.187400000000,0.883833333333,0.185350000000),
double3(0.159800000000,0.817233333333,0.187350000000),
double3(0.176750000000,0.777400000000,0.244200000000),
double3(0.250000000000,0.745466666667,0.276600000000),
double3(0.160300000000,0.722400000000,0.285950000000),
double3(0.193700000000,0.845633333333,0.166800000000),
double3(0.193600000000,0.757033333333,0.280300000000),
double3(0.363350000000,0.801400000000,0.223950000000),
double3(0.187400000000,0.782833333333,0.435350000000),
double3(0.159800000000,0.849433333333,0.437350000000),
double3(0.176750000000,0.889266666667,0.494200000000),
double3(0.160300000000,0.944266666667,0.035950000000),
double3(0.379800000000,0.833333333333,0.000000000000),
double3(0.193700000000,0.821033333333,0.416800000000),
double3(0.193600000000,0.909633333333,0.030300000000),
double3(0.363350000000,0.865266666667,0.473950000000),
double3(0.312600000000,0.883833333333,0.185350000000),
double3(0.340200000000,0.817233333333,0.187350000000),
double3(0.323250000000,0.777400000000,0.244200000000),
double3(0.339700000000,0.722400000000,0.285950000000),
double3(0.120200000000,0.833333333333,0.250000000000),
double3(0.306300000000,0.845633333333,0.166800000000),
double3(0.306400000000,0.757033333333,0.280300000000),
double3(0.136650000000,0.801400000000,0.223950000000),
double3(0.187400000000,0.883833333333,0.064650000000),
double3(0.159800000000,0.817233333333,0.062650000000),
double3(0.176750000000,0.777400000000,0.005800000000),
double3(0.160300000000,0.722400000000,0.464050000000),
double3(0.193700000000,0.845633333333,0.083200000000),
double3(0.193600000000,0.757033333333,0.469700000000),
double3(0.363350000000,0.801400000000,0.026050000000),
double3(0.312600000000,0.782833333333,0.314650000000),
double3(0.340200000000,0.849433333333,0.312650000000),
double3(0.323250000000,0.889266666667,0.255800000000),
double3(0.339700000000,0.944266666667,0.214050000000),
double3(0.306300000000,0.821033333333,0.333200000000),
double3(0.306400000000,0.909633333333,0.219700000000),
double3(0.136650000000,0.865266666667,0.276050000000),
double3(0.000000000000,0.666800000000,0.580700000000),
double3(0.072450000000,0.681266666667,0.625000000000),
double3(0.062600000000,0.717166666667,0.564650000000),
double3(0.090200000000,0.983900000000,0.562650000000),
double3(0.073250000000,0.944066666667,0.505800000000),
double3(0.000000000000,0.912133333333,0.973400000000),
double3(0.089700000000,0.889066666667,0.964050000000),
double3(0.370200000000,0.666666666667,0.500000000000),
double3(0.056300000000,0.678966666667,0.583200000000),
double3(0.056400000000,0.923700000000,0.969700000000),
double3(0.386650000000,0.968066666667,0.526050000000),
double3(0.000000000000,0.999866666667,0.830700000000),
double3(0.427550000000,0.985400000000,0.875000000000),
double3(0.437400000000,0.949500000000,0.814650000000),
double3(0.409800000000,0.682766666667,0.812650000000),
double3(0.426750000000,0.722600000000,0.755800000000),
double3(0.000000000000,0.754533333333,0.723400000000),
double3(0.410300000000,0.777600000000,0.714050000000),
double3(0.129800000000,0.666666666667,0.750000000000),
double3(0.443700000000,0.987700000000,0.833200000000),
double3(0.443600000000,0.742966666667,0.719700000000),
double3(0.113350000000,0.698600000000,0.776050000000),
double3(0.000000000000,0.999866666667,0.919300000000),
double3(0.072450000000,0.985400000000,0.875000000000),
double3(0.062600000000,0.949500000000,0.935350000000),
double3(0.090200000000,0.682766666667,0.937350000000),
double3(0.073250000000,0.722600000000,0.994200000000),
double3(0.000000000000,0.754533333333,0.526600000000),
double3(0.089700000000,0.777600000000,0.535950000000),
double3(0.056300000000,0.987700000000,0.916800000000),
double3(0.056400000000,0.742966666667,0.530300000000),
double3(0.386650000000,0.698600000000,0.973950000000),
double3(0.000000000000,0.666800000000,0.669300000000),
double3(0.427550000000,0.681266666667,0.625000000000),
double3(0.437400000000,0.717166666667,0.685350000000),
double3(0.409800000000,0.983900000000,0.687350000000),
double3(0.426750000000,0.944066666667,0.744200000000),
double3(0.000000000000,0.912133333333,0.776600000000),
double3(0.410300000000,0.889066666667,0.785950000000),
double3(0.443700000000,0.678966666667,0.666800000000),
double3(0.443600000000,0.923700000000,0.780300000000),
double3(0.113350000000,0.968066666667,0.723950000000),
double3(0.437400000000,0.949500000000,0.935350000000),
double3(0.409800000000,0.682766666667,0.937350000000),
double3(0.426750000000,0.722600000000,0.994200000000),
double3(0.410300000000,0.777600000000,0.535950000000),
double3(0.129800000000,0.666666666667,0.500000000000),
double3(0.443700000000,0.987700000000,0.916800000000),
double3(0.443600000000,0.742966666667,0.530300000000),
double3(0.113350000000,0.698600000000,0.973950000000),
double3(0.062600000000,0.717166666667,0.685350000000),
double3(0.090200000000,0.983900000000,0.687350000000),
double3(0.073250000000,0.944066666667,0.744200000000),
double3(0.089700000000,0.889066666667,0.785950000000),
double3(0.370200000000,0.666666666667,0.750000000000),
double3(0.056300000000,0.678966666667,0.666800000000),
double3(0.056400000000,0.923700000000,0.780300000000),
double3(0.386650000000,0.968066666667,0.723950000000),
double3(0.437400000000,0.717166666667,0.564650000000),
double3(0.409800000000,0.983900000000,0.562650000000),
double3(0.426750000000,0.944066666667,0.505800000000),
double3(0.410300000000,0.889066666667,0.964050000000),
double3(0.443700000000,0.678966666667,0.583200000000),
double3(0.443600000000,0.923700000000,0.969700000000),
double3(0.113350000000,0.968066666667,0.526050000000),
double3(0.062600000000,0.949500000000,0.814650000000),
double3(0.090200000000,0.682766666667,0.812650000000),
double3(0.073250000000,0.722600000000,0.755800000000),
double3(0.089700000000,0.777600000000,0.714050000000),
double3(0.056300000000,0.987700000000,0.833200000000),
double3(0.056400000000,0.742966666667,0.719700000000),
double3(0.386650000000,0.698600000000,0.776050000000),
double3(0.250000000000,0.833466666667,0.580700000000),
double3(0.322450000000,0.847933333333,0.625000000000),
double3(0.312600000000,0.883833333333,0.564650000000),
double3(0.340200000000,0.817233333333,0.562650000000),
double3(0.323250000000,0.777400000000,0.505800000000),
double3(0.250000000000,0.745466666667,0.973400000000),
double3(0.339700000000,0.722400000000,0.964050000000),
double3(0.120200000000,0.833333333333,0.500000000000),
double3(0.306300000000,0.845633333333,0.583200000000),
double3(0.306400000000,0.757033333333,0.969700000000),
double3(0.136650000000,0.801400000000,0.526050000000),
double3(0.250000000000,0.833200000000,0.830700000000),
double3(0.177550000000,0.818733333333,0.875000000000),
double3(0.187400000000,0.782833333333,0.814650000000),
double3(0.159800000000,0.849433333333,0.812650000000),
double3(0.176750000000,0.889266666667,0.755800000000),
double3(0.250000000000,0.921200000000,0.723400000000),
double3(0.160300000000,0.944266666667,0.714050000000),
double3(0.379800000000,0.833333333333,0.750000000000),
double3(0.193700000000,0.821033333333,0.833200000000),
double3(0.193600000000,0.909633333333,0.719700000000),
double3(0.363350000000,0.865266666667,0.776050000000),
double3(0.250000000000,0.833200000000,0.919300000000),
double3(0.322450000000,0.818733333333,0.875000000000),
double3(0.312600000000,0.782833333333,0.935350000000),
double3(0.340200000000,0.849433333333,0.937350000000),
double3(0.323250000000,0.889266666667,0.994200000000),
double3(0.250000000000,0.921200000000,0.526600000000),
double3(0.339700000000,0.944266666667,0.535950000000),
double3(0.306300000000,0.821033333333,0.916800000000),
double3(0.306400000000,0.909633333333,0.530300000000),
double3(0.136650000000,0.865266666667,0.973950000000),
double3(0.250000000000,0.833466666667,0.669300000000),
double3(0.177550000000,0.847933333333,0.625000000000),
double3(0.187400000000,0.883833333333,0.685350000000),
double3(0.159800000000,0.817233333333,0.687350000000),
double3(0.176750000000,0.777400000000,0.744200000000),
double3(0.250000000000,0.745466666667,0.776600000000),
double3(0.160300000000,0.722400000000,0.785950000000),
double3(0.193700000000,0.845633333333,0.666800000000),
double3(0.193600000000,0.757033333333,0.780300000000),
double3(0.363350000000,0.801400000000,0.723950000000),
double3(0.187400000000,0.782833333333,0.935350000000),
double3(0.159800000000,0.849433333333,0.937350000000),
double3(0.176750000000,0.889266666667,0.994200000000),
double3(0.160300000000,0.944266666667,0.535950000000),
double3(0.379800000000,0.833333333333,0.500000000000),
double3(0.193700000000,0.821033333333,0.916800000000),
double3(0.193600000000,0.909633333333,0.530300000000),
double3(0.363350000000,0.865266666667,0.973950000000),
double3(0.312600000000,0.883833333333,0.685350000000),
double3(0.340200000000,0.817233333333,0.687350000000),
double3(0.323250000000,0.777400000000,0.744200000000),
double3(0.339700000000,0.722400000000,0.785950000000),
double3(0.120200000000,0.833333333333,0.750000000000),
double3(0.306300000000,0.845633333333,0.666800000000),
double3(0.306400000000,0.757033333333,0.780300000000),
double3(0.136650000000,0.801400000000,0.723950000000),
double3(0.187400000000,0.883833333333,0.564650000000),
double3(0.159800000000,0.817233333333,0.562650000000),
double3(0.176750000000,0.777400000000,0.505800000000),
double3(0.160300000000,0.722400000000,0.964050000000),
double3(0.193700000000,0.845633333333,0.583200000000),
double3(0.193600000000,0.757033333333,0.969700000000),
double3(0.363350000000,0.801400000000,0.526050000000),
double3(0.312600000000,0.782833333333,0.814650000000),
double3(0.340200000000,0.849433333333,0.812650000000),
double3(0.323250000000,0.889266666667,0.755800000000),
double3(0.339700000000,0.944266666667,0.714050000000),
double3(0.306300000000,0.821033333333,0.833200000000),
double3(0.306400000000,0.909633333333,0.719700000000),
double3(0.136650000000,0.865266666667,0.776050000000),
double3(0.500000000000,0.000133333333,0.080700000000),
double3(0.572450000000,0.014600000000,0.125000000000),
double3(0.562600000000,0.050500000000,0.064650000000),
double3(0.590200000000,0.317233333333,0.062650000000),
double3(0.573250000000,0.277400000000,0.005800000000),
double3(0.500000000000,0.245466666667,0.473400000000),
double3(0.589700000000,0.222400000000,0.464050000000),
double3(0.870200000000,0.000000000000,0.000000000000),
double3(0.556300000000,0.012300000000,0.083200000000),
double3(0.556400000000,0.257033333333,0.469700000000),
double3(0.886650000000,0.301400000000,0.026050000000),
double3(0.500000000000,0.333200000000,0.330700000000),
double3(0.927550000000,0.318733333333,0.375000000000),
double3(0.937400000000,0.282833333333,0.314650000000),
double3(0.909800000000,0.016100000000,0.312650000000),
double3(0.926750000000,0.055933333333,0.255800000000),
double3(0.500000000000,0.087866666667,0.223400000000),
double3(0.910300000000,0.110933333333,0.214050000000),
double3(0.629800000000,0.000000000000,0.250000000000),
double3(0.943700000000,0.321033333333,0.333200000000),
double3(0.943600000000,0.076300000000,0.219700000000),
double3(0.613350000000,0.031933333333,0.276050000000),
double3(0.500000000000,0.333200000000,0.419300000000),
double3(0.572450000000,0.318733333333,0.375000000000),
double3(0.562600000000,0.282833333333,0.435350000000),
double3(0.590200000000,0.016100000000,0.437350000000),
double3(0.573250000000,0.055933333333,0.494200000000),
double3(0.500000000000,0.087866666667,0.026600000000),
double3(0.589700000000,0.110933333333,0.035950000000),
double3(0.556300000000,0.321033333333,0.416800000000),
double3(0.556400000000,0.076300000000,0.030300000000),
double3(0.886650000000,0.031933333333,0.473950000000),
double3(0.500000000000,0.000133333333,0.169300000000),
double3(0.927550000000,0.014600000000,0.125000000000),
double3(0.937400000000,0.050500000000,0.185350000000),
double3(0.909800000000,0.317233333333,0.187350000000),
double3(0.926750000000,0.277400000000,0.244200000000),
double3(0.500000000000,0.245466666667,0.276600000000),
double3(0.910300000000,0.222400000000,0.285950000000),
double3(0.943700000000,0.012300000000,0.166800000000),
double3(0.943600000000,0.257033333333,0.280300000000),
double3(0.613350000000,0.301400000000,0.223950000000),
double3(0.937400000000,0.282833333333,0.435350000000),
double3(0.909800000000,0.016100000000,0.437350000000),
double3(0.926750000000,0.055933333333,0.494200000000),
double3(0.910300000000,0.110933333333,0.035950000000),
double3(0.629800000000,0.000000000000,0.000000000000),
double3(0.943700000000,0.321033333333,0.416800000000),
double3(0.943600000000,0.076300000000,0.030300000000),
double3(0.613350000000,0.031933333333,0.473950000000),
double3(0.562600000000,0.050500000000,0.185350000000),
double3(0.590200000000,0.317233333333,0.187350000000),
double3(0.573250000000,0.277400000000,0.244200000000),
double3(0.589700000000,0.222400000000,0.285950000000),
double3(0.870200000000,0.000000000000,0.250000000000),
double3(0.556300000000,0.012300000000,0.166800000000),
double3(0.556400000000,0.257033333333,0.280300000000),
double3(0.886650000000,0.301400000000,0.223950000000),
double3(0.937400000000,0.050500000000,0.064650000000),
double3(0.909800000000,0.317233333333,0.062650000000),
double3(0.926750000000,0.277400000000,0.005800000000),
double3(0.910300000000,0.222400000000,0.464050000000),
double3(0.943700000000,0.012300000000,0.083200000000),
double3(0.943600000000,0.257033333333,0.469700000000),
double3(0.613350000000,0.301400000000,0.026050000000),
double3(0.562600000000,0.282833333333,0.314650000000),
double3(0.590200000000,0.016100000000,0.312650000000),
double3(0.573250000000,0.055933333333,0.255800000000),
double3(0.589700000000,0.110933333333,0.214050000000),
double3(0.556300000000,0.321033333333,0.333200000000),
double3(0.556400000000,0.076300000000,0.219700000000),
double3(0.886650000000,0.031933333333,0.276050000000),
double3(0.750000000000,0.166800000000,0.080700000000),
double3(0.822450000000,0.181266666667,0.125000000000),
double3(0.812600000000,0.217166666667,0.064650000000),
double3(0.840200000000,0.150566666667,0.062650000000),
double3(0.823250000000,0.110733333333,0.005800000000),
double3(0.750000000000,0.078800000000,0.473400000000),
double3(0.839700000000,0.055733333333,0.464050000000),
double3(0.620200000000,0.166666666667,0.000000000000),
double3(0.806300000000,0.178966666667,0.083200000000),
double3(0.806400000000,0.090366666667,0.469700000000),
double3(0.636650000000,0.134733333333,0.026050000000),
double3(0.750000000000,0.166533333333,0.330700000000),
double3(0.677550000000,0.152066666667,0.375000000000),
double3(0.687400000000,0.116166666667,0.314650000000),
double3(0.659800000000,0.182766666667,0.312650000000),
double3(0.676750000000,0.222600000000,0.255800000000),
double3(0.750000000000,0.254533333333,0.223400000000),
double3(0.660300000000,0.277600000000,0.214050000000),
double3(0.879800000000,0.166666666667,0.250000000000),
double3(0.693700000000,0.154366666667,0.333200000000),
double3(0.693600000000,0.242966666667,0.219700000000),
double3(0.863350000000,0.198600000000,0.276050000000),
double3(0.750000000000,0.166533333333,0.419300000000),
double3(0.822450000000,0.152066666667,0.375000000000),
double3(0.812600000000,0.116166666667,0.435350000000),
double3(0.840200000000,0.182766666667,0.437350000000),
double3(0.823250000000,0.222600000000,0.494200000000),
double3(0.750000000000,0.254533333333,0.026600000000),
double3(0.839700000000,0.277600000000,0.035950000000),
double3(0.806300000000,0.154366666667,0.416800000000),
double3(0.806400000000,0.242966666667,0.030300000000),
double3(0.636650000000,0.198600000000,0.473950000000),
double3(0.750000000000,0.166800000000,0.169300000000),
double3(0.677550000000,0.181266666667,0.125000000000),
double3(0.687400000000,0.217166666667,0.185350000000),
double3(0.659800000000,0.150566666667,0.187350000000),
double3(0.676750000000,0.110733333333,0.244200000000),
double3(0.750000000000,0.078800000000,0.276600000000),
double3(0.660300000000,0.055733333333,0.285950000000),
double3(0.693700000000,0.178966666667,0.166800000000),
double3(0.693600000000,0.090366666667,0.280300000000),
double3(0.863350000000,0.134733333333,0.223950000000),
double3(0.687400000000,0.116166666667,0.435350000000),
double3(0.659800000000,0.182766666667,0.437350000000),
double3(0.676750000000,0.222600000000,0.494200000000),
double3(0.660300000000,0.277600000000,0.035950000000),
double3(0.879800000000,0.166666666667,0.000000000000),
double3(0.693700000000,0.154366666667,0.416800000000),
double3(0.693600000000,0.242966666667,0.030300000000),
double3(0.863350000000,0.198600000000,0.473950000000),
double3(0.812600000000,0.217166666667,0.185350000000),
double3(0.840200000000,0.150566666667,0.187350000000),
double3(0.823250000000,0.110733333333,0.244200000000),
double3(0.839700000000,0.055733333333,0.285950000000),
double3(0.620200000000,0.166666666667,0.250000000000),
double3(0.806300000000,0.178966666667,0.166800000000),
double3(0.806400000000,0.090366666667,0.280300000000),
double3(0.636650000000,0.134733333333,0.223950000000),
double3(0.687400000000,0.217166666667,0.064650000000),
double3(0.659800000000,0.150566666667,0.062650000000),
double3(0.676750000000,0.110733333333,0.005800000000),
double3(0.660300000000,0.055733333333,0.464050000000),
double3(0.693700000000,0.178966666667,0.083200000000),
double3(0.693600000000,0.090366666667,0.469700000000),
double3(0.863350000000,0.134733333333,0.026050000000),
double3(0.812600000000,0.116166666667,0.314650000000),
double3(0.840200000000,0.182766666667,0.312650000000),
double3(0.823250000000,0.222600000000,0.255800000000),
double3(0.839700000000,0.277600000000,0.214050000000),
double3(0.806300000000,0.154366666667,0.333200000000),
double3(0.806400000000,0.242966666667,0.219700000000),
double3(0.636650000000,0.198600000000,0.276050000000),
double3(0.500000000000,0.000133333333,0.580700000000),
double3(0.572450000000,0.014600000000,0.625000000000),
double3(0.562600000000,0.050500000000,0.564650000000),
double3(0.590200000000,0.317233333333,0.562650000000),
double3(0.573250000000,0.277400000000,0.505800000000),
double3(0.500000000000,0.245466666667,0.973400000000),
double3(0.589700000000,0.222400000000,0.964050000000),
double3(0.870200000000,0.000000000000,0.500000000000),
double3(0.556300000000,0.012300000000,0.583200000000),
double3(0.556400000000,0.257033333333,0.969700000000),
double3(0.886650000000,0.301400000000,0.526050000000),
double3(0.500000000000,0.333200000000,0.830700000000),
double3(0.927550000000,0.318733333333,0.875000000000),
double3(0.937400000000,0.282833333333,0.814650000000),
double3(0.909800000000,0.016100000000,0.812650000000),
double3(0.926750000000,0.055933333333,0.755800000000),
double3(0.500000000000,0.087866666667,0.723400000000),
double3(0.910300000000,0.110933333333,0.714050000000),
double3(0.629800000000,0.000000000000,0.750000000000),
double3(0.943700000000,0.321033333333,0.833200000000),
double3(0.943600000000,0.076300000000,0.719700000000),
double3(0.613350000000,0.031933333333,0.776050000000),
double3(0.500000000000,0.333200000000,0.919300000000),
double3(0.572450000000,0.318733333333,0.875000000000),
double3(0.562600000000,0.282833333333,0.935350000000),
double3(0.590200000000,0.016100000000,0.937350000000),
double3(0.573250000000,0.055933333333,0.994200000000),
double3(0.500000000000,0.087866666667,0.526600000000),
double3(0.589700000000,0.110933333333,0.535950000000),
double3(0.556300000000,0.321033333333,0.916800000000),
double3(0.556400000000,0.076300000000,0.530300000000),
double3(0.886650000000,0.031933333333,0.973950000000),
double3(0.500000000000,0.000133333333,0.669300000000),
double3(0.927550000000,0.014600000000,0.625000000000),
double3(0.937400000000,0.050500000000,0.685350000000),
double3(0.909800000000,0.317233333333,0.687350000000),
double3(0.926750000000,0.277400000000,0.744200000000),
double3(0.500000000000,0.245466666667,0.776600000000),
double3(0.910300000000,0.222400000000,0.785950000000),
double3(0.943700000000,0.012300000000,0.666800000000),
double3(0.943600000000,0.257033333333,0.780300000000),
double3(0.613350000000,0.301400000000,0.723950000000),
double3(0.937400000000,0.282833333333,0.935350000000),
double3(0.909800000000,0.016100000000,0.937350000000),
double3(0.926750000000,0.055933333333,0.994200000000),
double3(0.910300000000,0.110933333333,0.535950000000),
double3(0.629800000000,0.000000000000,0.500000000000),
double3(0.943700000000,0.321033333333,0.916800000000),
double3(0.943600000000,0.076300000000,0.530300000000),
double3(0.613350000000,0.031933333333,0.973950000000),
double3(0.562600000000,0.050500000000,0.685350000000),
double3(0.590200000000,0.317233333333,0.687350000000),
double3(0.573250000000,0.277400000000,0.744200000000),
double3(0.589700000000,0.222400000000,0.785950000000),
double3(0.870200000000,0.000000000000,0.750000000000),
double3(0.556300000000,0.012300000000,0.666800000000),
double3(0.556400000000,0.257033333333,0.780300000000),
double3(0.886650000000,0.301400000000,0.723950000000),
double3(0.937400000000,0.050500000000,0.564650000000),
double3(0.909800000000,0.317233333333,0.562650000000),
double3(0.926750000000,0.277400000000,0.505800000000),
double3(0.910300000000,0.222400000000,0.964050000000),
double3(0.943700000000,0.012300000000,0.583200000000),
double3(0.943600000000,0.257033333333,0.969700000000),
double3(0.613350000000,0.301400000000,0.526050000000),
double3(0.562600000000,0.282833333333,0.814650000000),
double3(0.590200000000,0.016100000000,0.812650000000),
double3(0.573250000000,0.055933333333,0.755800000000),
double3(0.589700000000,0.110933333333,0.714050000000),
double3(0.556300000000,0.321033333333,0.833200000000),
double3(0.556400000000,0.076300000000,0.719700000000),
double3(0.886650000000,0.031933333333,0.776050000000),
double3(0.750000000000,0.166800000000,0.580700000000),
double3(0.822450000000,0.181266666667,0.625000000000),
double3(0.812600000000,0.217166666667,0.564650000000),
double3(0.840200000000,0.150566666667,0.562650000000),
double3(0.823250000000,0.110733333333,0.505800000000),
double3(0.750000000000,0.078800000000,0.973400000000),
double3(0.839700000000,0.055733333333,0.964050000000),
double3(0.620200000000,0.166666666667,0.500000000000),
double3(0.806300000000,0.178966666667,0.583200000000),
double3(0.806400000000,0.090366666667,0.969700000000),
double3(0.636650000000,0.134733333333,0.526050000000),
double3(0.750000000000,0.166533333333,0.830700000000),
double3(0.677550000000,0.152066666667,0.875000000000),
double3(0.687400000000,0.116166666667,0.814650000000),
double3(0.659800000000,0.182766666667,0.812650000000),
double3(0.676750000000,0.222600000000,0.755800000000),
double3(0.750000000000,0.254533333333,0.723400000000),
double3(0.660300000000,0.277600000000,0.714050000000),
double3(0.879800000000,0.166666666667,0.750000000000),
double3(0.693700000000,0.154366666667,0.833200000000),
double3(0.693600000000,0.242966666667,0.719700000000),
double3(0.863350000000,0.198600000000,0.776050000000),
double3(0.750000000000,0.166533333333,0.919300000000),
double3(0.822450000000,0.152066666667,0.875000000000),
double3(0.812600000000,0.116166666667,0.935350000000),
double3(0.840200000000,0.182766666667,0.937350000000),
double3(0.823250000000,0.222600000000,0.994200000000),
double3(0.750000000000,0.254533333333,0.526600000000),
double3(0.839700000000,0.277600000000,0.535950000000),
double3(0.806300000000,0.154366666667,0.916800000000),
double3(0.806400000000,0.242966666667,0.530300000000),
double3(0.636650000000,0.198600000000,0.973950000000),
double3(0.750000000000,0.166800000000,0.669300000000),
double3(0.677550000000,0.181266666667,0.625000000000),
double3(0.687400000000,0.217166666667,0.685350000000),
double3(0.659800000000,0.150566666667,0.687350000000),
double3(0.676750000000,0.110733333333,0.744200000000),
double3(0.750000000000,0.078800000000,0.776600000000),
double3(0.660300000000,0.055733333333,0.785950000000),
double3(0.693700000000,0.178966666667,0.666800000000),
double3(0.693600000000,0.090366666667,0.780300000000),
double3(0.863350000000,0.134733333333,0.723950000000),
double3(0.687400000000,0.116166666667,0.935350000000),
double3(0.659800000000,0.182766666667,0.937350000000),
double3(0.676750000000,0.222600000000,0.994200000000),
double3(0.660300000000,0.277600000000,0.535950000000),
double3(0.879800000000,0.166666666667,0.500000000000),
double3(0.693700000000,0.154366666667,0.916800000000),
double3(0.693600000000,0.242966666667,0.530300000000),
double3(0.863350000000,0.198600000000,0.973950000000),
double3(0.812600000000,0.217166666667,0.685350000000),
double3(0.840200000000,0.150566666667,0.687350000000),
double3(0.823250000000,0.110733333333,0.744200000000),
double3(0.839700000000,0.055733333333,0.785950000000),
double3(0.620200000000,0.166666666667,0.750000000000),
double3(0.806300000000,0.178966666667,0.666800000000),
double3(0.806400000000,0.090366666667,0.780300000000),
double3(0.636650000000,0.134733333333,0.723950000000),
double3(0.687400000000,0.217166666667,0.564650000000),
double3(0.659800000000,0.150566666667,0.562650000000),
double3(0.676750000000,0.110733333333,0.505800000000),
double3(0.660300000000,0.055733333333,0.964050000000),
double3(0.693700000000,0.178966666667,0.583200000000),
double3(0.693600000000,0.090366666667,0.969700000000),
double3(0.863350000000,0.134733333333,0.526050000000),
double3(0.812600000000,0.116166666667,0.814650000000),
double3(0.840200000000,0.182766666667,0.812650000000),
double3(0.823250000000,0.222600000000,0.755800000000),
double3(0.839700000000,0.277600000000,0.714050000000),
double3(0.806300000000,0.154366666667,0.833200000000),
double3(0.806400000000,0.242966666667,0.719700000000),
double3(0.636650000000,0.198600000000,0.776050000000),
double3(0.500000000000,0.333466666667,0.080700000000),
double3(0.572450000000,0.347933333333,0.125000000000),
double3(0.562600000000,0.383833333333,0.064650000000),
double3(0.590200000000,0.650566666667,0.062650000000),
double3(0.573250000000,0.610733333333,0.005800000000),
double3(0.500000000000,0.578800000000,0.473400000000),
double3(0.589700000000,0.555733333333,0.464050000000),
double3(0.870200000000,0.333333333333,0.000000000000),
double3(0.556300000000,0.345633333333,0.083200000000),
double3(0.556400000000,0.590366666667,0.469700000000),
double3(0.886650000000,0.634733333333,0.026050000000),
double3(0.500000000000,0.666533333333,0.330700000000),
double3(0.927550000000,0.652066666667,0.375000000000),
double3(0.937400000000,0.616166666667,0.314650000000),
double3(0.909800000000,0.349433333333,0.312650000000),
double3(0.926750000000,0.389266666667,0.255800000000),
double3(0.500000000000,0.421200000000,0.223400000000),
double3(0.910300000000,0.444266666667,0.214050000000),
double3(0.629800000000,0.333333333333,0.250000000000),
double3(0.943700000000,0.654366666667,0.333200000000),
double3(0.943600000000,0.409633333333,0.219700000000),
double3(0.613350000000,0.365266666667,0.276050000000),
double3(0.500000000000,0.666533333333,0.419300000000),
double3(0.572450000000,0.652066666667,0.375000000000),
double3(0.562600000000,0.616166666667,0.435350000000),
double3(0.590200000000,0.349433333333,0.437350000000),
double3(0.573250000000,0.389266666667,0.494200000000),
double3(0.500000000000,0.421200000000,0.026600000000),
double3(0.589700000000,0.444266666667,0.035950000000),
double3(0.556300000000,0.654366666667,0.416800000000),
double3(0.556400000000,0.409633333333,0.030300000000),
double3(0.886650000000,0.365266666667,0.473950000000),
double3(0.500000000000,0.333466666667,0.169300000000),
double3(0.927550000000,0.347933333333,0.125000000000),
double3(0.937400000000,0.383833333333,0.185350000000),
double3(0.909800000000,0.650566666667,0.187350000000),
double3(0.926750000000,0.610733333333,0.244200000000),
double3(0.500000000000,0.578800000000,0.276600000000),
double3(0.910300000000,0.555733333333,0.285950000000),
double3(0.943700000000,0.345633333333,0.166800000000),
double3(0.943600000000,0.590366666667,0.280300000000),
double3(0.613350000000,0.634733333333,0.223950000000),
double3(0.937400000000,0.616166666667,0.435350000000),
double3(0.909800000000,0.349433333333,0.437350000000),
double3(0.926750000000,0.389266666667,0.494200000000),
double3(0.910300000000,0.444266666667,0.035950000000),
double3(0.629800000000,0.333333333333,0.000000000000),
double3(0.943700000000,0.654366666667,0.416800000000),
double3(0.943600000000,0.409633333333,0.030300000000),
double3(0.613350000000,0.365266666667,0.473950000000),
double3(0.562600000000,0.383833333333,0.185350000000),
double3(0.590200000000,0.650566666667,0.187350000000),
double3(0.573250000000,0.610733333333,0.244200000000),
double3(0.589700000000,0.555733333333,0.285950000000),
double3(0.870200000000,0.333333333333,0.250000000000),
double3(0.556300000000,0.345633333333,0.166800000000),
double3(0.556400000000,0.590366666667,0.280300000000),
double3(0.886650000000,0.634733333333,0.223950000000),
double3(0.937400000000,0.383833333333,0.064650000000),
double3(0.909800000000,0.650566666667,0.062650000000),
double3(0.926750000000,0.610733333333,0.005800000000),
double3(0.910300000000,0.555733333333,0.464050000000),
double3(0.943700000000,0.345633333333,0.083200000000),
double3(0.943600000000,0.590366666667,0.469700000000),
double3(0.613350000000,0.634733333333,0.026050000000),
double3(0.562600000000,0.616166666667,0.314650000000),
double3(0.590200000000,0.349433333333,0.312650000000),
double3(0.573250000000,0.389266666667,0.255800000000),
double3(0.589700000000,0.444266666667,0.214050000000),
double3(0.556300000000,0.654366666667,0.333200000000),
double3(0.556400000000,0.409633333333,0.219700000000),
double3(0.886650000000,0.365266666667,0.276050000000),
double3(0.750000000000,0.500133333333,0.080700000000),
double3(0.822450000000,0.514600000000,0.125000000000),
double3(0.812600000000,0.550500000000,0.064650000000),
double3(0.840200000000,0.483900000000,0.062650000000),
double3(0.823250000000,0.444066666667,0.005800000000),
double3(0.750000000000,0.412133333333,0.473400000000),
double3(0.839700000000,0.389066666667,0.464050000000),
double3(0.620200000000,0.500000000000,0.000000000000),
double3(0.806300000000,0.512300000000,0.083200000000),
double3(0.806400000000,0.423700000000,0.469700000000),
double3(0.636650000000,0.468066666667,0.026050000000),
double3(0.750000000000,0.499866666667,0.330700000000),
double3(0.677550000000,0.485400000000,0.375000000000),
double3(0.687400000000,0.449500000000,0.314650000000),
double3(0.659800000000,0.516100000000,0.312650000000),
double3(0.676750000000,0.555933333333,0.255800000000),
double3(0.750000000000,0.587866666667,0.223400000000),
double3(0.660300000000,0.610933333333,0.214050000000),
double3(0.879800000000,0.500000000000,0.250000000000),
double3(0.693700000000,0.487700000000,0.333200000000),
double3(0.693600000000,0.576300000000,0.219700000000),
double3(0.863350000000,0.531933333333,0.276050000000),
double3(0.750000000000,0.499866666667,0.419300000000),
double3(0.822450000000,0.485400000000,0.375000000000),
double3(0.812600000000,0.449500000000,0.435350000000),
double3(0.840200000000,0.516100000000,0.437350000000),
double3(0.823250000000,0.555933333333,0.494200000000),
double3(0.750000000000,0.587866666667,0.026600000000),
double3(0.839700000000,0.610933333333,0.035950000000),
double3(0.806300000000,0.487700000000,0.416800000000),
double3(0.806400000000,0.576300000000,0.030300000000),
double3(0.636650000000,0.531933333333,0.473950000000),
double3(0.750000000000,0.500133333333,0.169300000000),
double3(0.677550000000,0.514600000000,0.125000000000),
double3(0.687400000000,0.550500000000,0.185350000000),
double3(0.659800000000,0.483900000000,0.187350000000),
double3(0.676750000000,0.444066666667,0.244200000000),
double3(0.750000000000,0.412133333333,0.276600000000),
double3(0.660300000000,0.389066666667,0.285950000000),
double3(0.693700000000,0.512300000000,0.166800000000),
double3(0.693600000000,0.423700000000,0.280300000000),
double3(0.863350000000,0.468066666667,0.223950000000),
double3(0.687400000000,0.449500000000,0.435350000000),
double3(0.659800000000,0.516100000000,0.437350000000),
double3(0.676750000000,0.555933333333,0.494200000000),
double3(0.660300000000,0.610933333333,0.035950000000),
double3(0.879800000000,0.500000000000,0.000000000000),
double3(0.693700000000,0.487700000000,0.416800000000),
double3(0.693600000000,0.576300000000,0.030300000000),
double3(0.863350000000,0.531933333333,0.473950000000),
double3(0.812600000000,0.550500000000,0.185350000000),
double3(0.840200000000,0.483900000000,0.187350000000),
double3(0.823250000000,0.444066666667,0.244200000000),
double3(0.839700000000,0.389066666667,0.285950000000),
double3(0.620200000000,0.500000000000,0.250000000000),
double3(0.806300000000,0.512300000000,0.166800000000),
double3(0.806400000000,0.423700000000,0.280300000000),
double3(0.636650000000,0.468066666667,0.223950000000),
double3(0.687400000000,0.550500000000,0.064650000000),
double3(0.659800000000,0.483900000000,0.062650000000),
double3(0.676750000000,0.444066666667,0.005800000000),
double3(0.660300000000,0.389066666667,0.464050000000),
double3(0.693700000000,0.512300000000,0.083200000000),
double3(0.693600000000,0.423700000000,0.469700000000),
double3(0.863350000000,0.468066666667,0.026050000000),
double3(0.812600000000,0.449500000000,0.314650000000),
double3(0.840200000000,0.516100000000,0.312650000000),
double3(0.823250000000,0.555933333333,0.255800000000),
double3(0.839700000000,0.610933333333,0.214050000000),
double3(0.806300000000,0.487700000000,0.333200000000),
double3(0.806400000000,0.576300000000,0.219700000000),
double3(0.636650000000,0.531933333333,0.276050000000),
double3(0.500000000000,0.333466666667,0.580700000000),
double3(0.572450000000,0.347933333333,0.625000000000),
double3(0.562600000000,0.383833333333,0.564650000000),
double3(0.590200000000,0.650566666667,0.562650000000),
double3(0.573250000000,0.610733333333,0.505800000000),
double3(0.500000000000,0.578800000000,0.973400000000),
double3(0.589700000000,0.555733333333,0.964050000000),
double3(0.870200000000,0.333333333333,0.500000000000),
double3(0.556300000000,0.345633333333,0.583200000000),
double3(0.556400000000,0.590366666667,0.969700000000),
double3(0.886650000000,0.634733333333,0.526050000000),
double3(0.500000000000,0.666533333333,0.830700000000),
double3(0.927550000000,0.652066666667,0.875000000000),
double3(0.937400000000,0.616166666667,0.814650000000),
double3(0.909800000000,0.349433333333,0.812650000000),
double3(0.926750000000,0.389266666667,0.755800000000),
double3(0.500000000000,0.421200000000,0.723400000000),
double3(0.910300000000,0.444266666667,0.714050000000),
double3(0.629800000000,0.333333333333,0.750000000000),
double3(0.943700000000,0.654366666667,0.833200000000),
double3(0.943600000000,0.409633333333,0.719700000000),
double3(0.613350000000,0.365266666667,0.776050000000),
double3(0.500000000000,0.666533333333,0.919300000000),
double3(0.572450000000,0.652066666667,0.875000000000),
double3(0.562600000000,0.616166666667,0.935350000000),
double3(0.590200000000,0.349433333333,0.937350000000),
double3(0.573250000000,0.389266666667,0.994200000000),
double3(0.500000000000,0.421200000000,0.526600000000),
double3(0.589700000000,0.444266666667,0.535950000000),
double3(0.556300000000,0.654366666667,0.916800000000),
double3(0.556400000000,0.409633333333,0.530300000000),
double3(0.886650000000,0.365266666667,0.973950000000),
double3(0.500000000000,0.333466666667,0.669300000000),
double3(0.927550000000,0.347933333333,0.625000000000),
double3(0.937400000000,0.383833333333,0.685350000000),
double3(0.909800000000,0.650566666667,0.687350000000),
double3(0.926750000000,0.610733333333,0.744200000000),
double3(0.500000000000,0.578800000000,0.776600000000),
double3(0.910300000000,0.555733333333,0.785950000000),
double3(0.943700000000,0.345633333333,0.666800000000),
double3(0.943600000000,0.590366666667,0.780300000000),
double3(0.613350000000,0.634733333333,0.723950000000),
double3(0.937400000000,0.616166666667,0.935350000000),
double3(0.909800000000,0.349433333333,0.937350000000),
double3(0.926750000000,0.389266666667,0.994200000000),
double3(0.910300000000,0.444266666667,0.535950000000),
double3(0.629800000000,0.333333333333,0.500000000000),
double3(0.943700000000,0.654366666667,0.916800000000),
double3(0.943600000000,0.409633333333,0.530300000000),
double3(0.613350000000,0.365266666667,0.973950000000),
double3(0.562600000000,0.383833333333,0.685350000000),
double3(0.590200000000,0.650566666667,0.687350000000),
double3(0.573250000000,0.610733333333,0.744200000000),
double3(0.589700000000,0.555733333333,0.785950000000),
double3(0.870200000000,0.333333333333,0.750000000000),
double3(0.556300000000,0.345633333333,0.666800000000),
double3(0.556400000000,0.590366666667,0.780300000000),
double3(0.886650000000,0.634733333333,0.723950000000),
double3(0.937400000000,0.383833333333,0.564650000000),
double3(0.909800000000,0.650566666667,0.562650000000),
double3(0.926750000000,0.610733333333,0.505800000000),
double3(0.910300000000,0.555733333333,0.964050000000),
double3(0.943700000000,0.345633333333,0.583200000000),
double3(0.943600000000,0.590366666667,0.969700000000),
double3(0.613350000000,0.634733333333,0.526050000000),
double3(0.562600000000,0.616166666667,0.814650000000),
double3(0.590200000000,0.349433333333,0.812650000000),
double3(0.573250000000,0.389266666667,0.755800000000),
double3(0.589700000000,0.444266666667,0.714050000000),
double3(0.556300000000,0.654366666667,0.833200000000),
double3(0.556400000000,0.409633333333,0.719700000000),
double3(0.886650000000,0.365266666667,0.776050000000),
double3(0.750000000000,0.500133333333,0.580700000000),
double3(0.822450000000,0.514600000000,0.625000000000),
double3(0.812600000000,0.550500000000,0.564650000000),
double3(0.840200000000,0.483900000000,0.562650000000),
double3(0.823250000000,0.444066666667,0.505800000000),
double3(0.750000000000,0.412133333333,0.973400000000),
double3(0.839700000000,0.389066666667,0.964050000000),
double3(0.620200000000,0.500000000000,0.500000000000),
double3(0.806300000000,0.512300000000,0.583200000000),
double3(0.806400000000,0.423700000000,0.969700000000),
double3(0.636650000000,0.468066666667,0.526050000000),
double3(0.750000000000,0.499866666667,0.830700000000),
double3(0.677550000000,0.485400000000,0.875000000000),
double3(0.687400000000,0.449500000000,0.814650000000),
double3(0.659800000000,0.516100000000,0.812650000000),
double3(0.676750000000,0.555933333333,0.755800000000),
double3(0.750000000000,0.587866666667,0.723400000000),
double3(0.660300000000,0.610933333333,0.714050000000),
double3(0.879800000000,0.500000000000,0.750000000000),
double3(0.693700000000,0.487700000000,0.833200000000),
double3(0.693600000000,0.576300000000,0.719700000000),
double3(0.863350000000,0.531933333333,0.776050000000),
double3(0.750000000000,0.499866666667,0.919300000000),
double3(0.822450000000,0.485400000000,0.875000000000),
double3(0.812600000000,0.449500000000,0.935350000000),
double3(0.840200000000,0.516100000000,0.937350000000),
double3(0.823250000000,0.555933333333,0.994200000000),
double3(0.750000000000,0.587866666667,0.526600000000),
double3(0.839700000000,0.610933333333,0.535950000000),
double3(0.806300000000,0.487700000000,0.916800000000),
double3(0.806400000000,0.576300000000,0.530300000000),
double3(0.636650000000,0.531933333333,0.973950000000),
double3(0.750000000000,0.500133333333,0.669300000000),
double3(0.677550000000,0.514600000000,0.625000000000),
double3(0.687400000000,0.550500000000,0.685350000000),
double3(0.659800000000,0.483900000000,0.687350000000),
double3(0.676750000000,0.444066666667,0.744200000000),
double3(0.750000000000,0.412133333333,0.776600000000),
double3(0.660300000000,0.389066666667,0.785950000000),
double3(0.693700000000,0.512300000000,0.666800000000),
double3(0.693600000000,0.423700000000,0.780300000000),
double3(0.863350000000,0.468066666667,0.723950000000),
double3(0.687400000000,0.449500000000,0.935350000000),
double3(0.659800000000,0.516100000000,0.937350000000),
double3(0.676750000000,0.555933333333,0.994200000000),
double3(0.660300000000,0.610933333333,0.535950000000),
double3(0.879800000000,0.500000000000,0.500000000000),
double3(0.693700000000,0.487700000000,0.916800000000),
double3(0.693600000000,0.576300000000,0.530300000000),
double3(0.863350000000,0.531933333333,0.973950000000),
double3(0.812600000000,0.550500000000,0.685350000000),
double3(0.840200000000,0.483900000000,0.687350000000),
double3(0.823250000000,0.444066666667,0.744200000000),
double3(0.839700000000,0.389066666667,0.785950000000),
double3(0.620200000000,0.500000000000,0.750000000000),
double3(0.806300000000,0.512300000000,0.666800000000),
double3(0.806400000000,0.423700000000,0.780300000000),
double3(0.636650000000,0.468066666667,0.723950000000),
double3(0.687400000000,0.550500000000,0.564650000000),
double3(0.659800000000,0.483900000000,0.562650000000),
double3(0.676750000000,0.444066666667,0.505800000000),
double3(0.660300000000,0.389066666667,0.964050000000),
double3(0.693700000000,0.512300000000,0.583200000000),
double3(0.693600000000,0.423700000000,0.969700000000),
double3(0.863350000000,0.468066666667,0.526050000000),
double3(0.812600000000,0.449500000000,0.814650000000),
double3(0.840200000000,0.516100000000,0.812650000000),
double3(0.823250000000,0.555933333333,0.755800000000),
double3(0.839700000000,0.610933333333,0.714050000000),
double3(0.806300000000,0.487700000000,0.833200000000),
double3(0.806400000000,0.576300000000,0.719700000000),
double3(0.636650000000,0.531933333333,0.776050000000),
double3(0.500000000000,0.666800000000,0.080700000000),
double3(0.572450000000,0.681266666667,0.125000000000),
double3(0.562600000000,0.717166666667,0.064650000000),
double3(0.590200000000,0.983900000000,0.062650000000),
double3(0.573250000000,0.944066666667,0.005800000000),
double3(0.500000000000,0.912133333333,0.473400000000),
double3(0.589700000000,0.889066666667,0.464050000000),
double3(0.870200000000,0.666666666667,0.000000000000),
double3(0.556300000000,0.678966666667,0.083200000000),
double3(0.556400000000,0.923700000000,0.469700000000),
double3(0.886650000000,0.968066666667,0.026050000000),
double3(0.500000000000,0.999866666667,0.330700000000),
double3(0.927550000000,0.985400000000,0.375000000000),
double3(0.937400000000,0.949500000000,0.314650000000),
double3(0.909800000000,0.682766666667,0.312650000000),
double3(0.926750000000,0.722600000000,0.255800000000),
double3(0.500000000000,0.754533333333,0.223400000000),
double3(0.910300000000,0.777600000000,0.214050000000),
double3(0.629800000000,0.666666666667,0.250000000000),
double3(0.943700000000,0.987700000000,0.333200000000),
double3(0.943600000000,0.742966666667,0.219700000000),
double3(0.613350000000,0.698600000000,0.276050000000),
double3(0.500000000000,0.999866666667,0.419300000000),
double3(0.572450000000,0.985400000000,0.375000000000),
double3(0.562600000000,0.949500000000,0.435350000000),
double3(0.590200000000,0.682766666667,0.437350000000),
double3(0.573250000000,0.722600000000,0.494200000000),
double3(0.500000000000,0.754533333333,0.026600000000),
double3(0.589700000000,0.777600000000,0.035950000000),
double3(0.556300000000,0.987700000000,0.416800000000),
double3(0.556400000000,0.742966666667,0.030300000000),
double3(0.886650000000,0.698600000000,0.473950000000),
double3(0.500000000000,0.666800000000,0.169300000000),
double3(0.927550000000,0.681266666667,0.125000000000),
double3(0.937400000000,0.717166666667,0.185350000000),
double3(0.909800000000,0.983900000000,0.187350000000),
double3(0.926750000000,0.944066666667,0.244200000000),
double3(0.500000000000,0.912133333333,0.276600000000),
double3(0.910300000000,0.889066666667,0.285950000000),
double3(0.943700000000,0.678966666667,0.166800000000),
double3(0.943600000000,0.923700000000,0.280300000000),
double3(0.613350000000,0.968066666667,0.223950000000),
double3(0.937400000000,0.949500000000,0.435350000000),
double3(0.909800000000,0.682766666667,0.437350000000),
double3(0.926750000000,0.722600000000,0.494200000000),
double3(0.910300000000,0.777600000000,0.035950000000),
double3(0.629800000000,0.666666666667,0.000000000000),
double3(0.943700000000,0.987700000000,0.416800000000),
double3(0.943600000000,0.742966666667,0.030300000000),
double3(0.613350000000,0.698600000000,0.473950000000),
double3(0.562600000000,0.717166666667,0.185350000000),
double3(0.590200000000,0.983900000000,0.187350000000),
double3(0.573250000000,0.944066666667,0.244200000000),
double3(0.589700000000,0.889066666667,0.285950000000),
double3(0.870200000000,0.666666666667,0.250000000000),
double3(0.556300000000,0.678966666667,0.166800000000),
double3(0.556400000000,0.923700000000,0.280300000000),
double3(0.886650000000,0.968066666667,0.223950000000),
double3(0.937400000000,0.717166666667,0.064650000000),
double3(0.909800000000,0.983900000000,0.062650000000),
double3(0.926750000000,0.944066666667,0.005800000000),
double3(0.910300000000,0.889066666667,0.464050000000),
double3(0.943700000000,0.678966666667,0.083200000000),
double3(0.943600000000,0.923700000000,0.469700000000),
double3(0.613350000000,0.968066666667,0.026050000000),
double3(0.562600000000,0.949500000000,0.314650000000),
double3(0.590200000000,0.682766666667,0.312650000000),
double3(0.573250000000,0.722600000000,0.255800000000),
double3(0.589700000000,0.777600000000,0.214050000000),
double3(0.556300000000,0.987700000000,0.333200000000),
double3(0.556400000000,0.742966666667,0.219700000000),
double3(0.886650000000,0.698600000000,0.276050000000),
double3(0.750000000000,0.833466666667,0.080700000000),
double3(0.822450000000,0.847933333333,0.125000000000),
double3(0.812600000000,0.883833333333,0.064650000000),
double3(0.840200000000,0.817233333333,0.062650000000),
double3(0.823250000000,0.777400000000,0.005800000000),
double3(0.750000000000,0.745466666667,0.473400000000),
double3(0.839700000000,0.722400000000,0.464050000000),
double3(0.620200000000,0.833333333333,0.000000000000),
double3(0.806300000000,0.845633333333,0.083200000000),
double3(0.806400000000,0.757033333333,0.469700000000),
double3(0.636650000000,0.801400000000,0.026050000000),
double3(0.750000000000,0.833200000000,0.330700000000),
double3(0.677550000000,0.818733333333,0.375000000000),
double3(0.687400000000,0.782833333333,0.314650000000),
double3(0.659800000000,0.849433333333,0.312650000000),
double3(0.676750000000,0.889266666667,0.255800000000),
double3(0.750000000000,0.921200000000,0.223400000000),
double3(0.660300000000,0.944266666667,0.214050000000),
double3(0.879800000000,0.833333333333,0.250000000000),
double3(0.693700000000,0.821033333333,0.333200000000),
double3(0.693600000000,0.909633333333,0.219700000000),
double3(0.863350000000,0.865266666667,0.276050000000),
double3(0.750000000000,0.833200000000,0.419300000000),
double3(0.822450000000,0.818733333333,0.375000000000),
double3(0.812600000000,0.782833333333,0.435350000000),
double3(0.840200000000,0.849433333333,0.437350000000),
double3(0.823250000000,0.889266666667,0.494200000000),
double3(0.750000000000,0.921200000000,0.026600000000),
double3(0.839700000000,0.944266666667,0.035950000000),
double3(0.806300000000,0.821033333333,0.416800000000),
double3(0.806400000000,0.909633333333,0.030300000000),
double3(0.636650000000,0.865266666667,0.473950000000),
double3(0.750000000000,0.833466666667,0.169300000000),
double3(0.677550000000,0.847933333333,0.125000000000),
double3(0.687400000000,0.883833333333,0.185350000000),
double3(0.659800000000,0.817233333333,0.187350000000),
double3(0.676750000000,0.777400000000,0.244200000000),
double3(0.750000000000,0.745466666667,0.276600000000),
double3(0.660300000000,0.722400000000,0.285950000000),
double3(0.693700000000,0.845633333333,0.166800000000),
double3(0.693600000000,0.757033333333,0.280300000000),
double3(0.863350000000,0.801400000000,0.223950000000),
double3(0.687400000000,0.782833333333,0.435350000000),
double3(0.659800000000,0.849433333333,0.437350000000),
double3(0.676750000000,0.889266666667,0.494200000000),
double3(0.660300000000,0.944266666667,0.035950000000),
double3(0.879800000000,0.833333333333,0.000000000000),
double3(0.693700000000,0.821033333333,0.416800000000),
double3(0.693600000000,0.909633333333,0.030300000000),
double3(0.863350000000,0.865266666667,0.473950000000),
double3(0.812600000000,0.883833333333,0.185350000000),
double3(0.840200000000,0.817233333333,0.187350000000),
double3(0.823250000000,0.777400000000,0.244200000000),
double3(0.839700000000,0.722400000000,0.285950000000),
double3(0.620200000000,0.833333333333,0.250000000000),
double3(0.806300000000,0.845633333333,0.166800000000),
double3(0.806400000000,0.757033333333,0.280300000000),
double3(0.636650000000,0.801400000000,0.223950000000),
double3(0.687400000000,0.883833333333,0.064650000000),
double3(0.659800000000,0.817233333333,0.062650000000),
double3(0.676750000000,0.777400000000,0.005800000000),
double3(0.660300000000,0.722400000000,0.464050000000),
double3(0.693700000000,0.845633333333,0.083200000000),
double3(0.693600000000,0.757033333333,0.469700000000),
double3(0.863350000000,0.801400000000,0.026050000000),
double3(0.812600000000,0.782833333333,0.314650000000),
double3(0.840200000000,0.849433333333,0.312650000000),
double3(0.823250000000,0.889266666667,0.255800000000),
double3(0.839700000000,0.944266666667,0.214050000000),
double3(0.806300000000,0.821033333333,0.333200000000),
double3(0.806400000000,0.909633333333,0.219700000000),
double3(0.636650000000,0.865266666667,0.276050000000),
double3(0.500000000000,0.666800000000,0.580700000000),
double3(0.572450000000,0.681266666667,0.625000000000),
double3(0.562600000000,0.717166666667,0.564650000000),
double3(0.590200000000,0.983900000000,0.562650000000),
double3(0.573250000000,0.944066666667,0.505800000000),
double3(0.500000000000,0.912133333333,0.973400000000),
double3(0.589700000000,0.889066666667,0.964050000000),
double3(0.870200000000,0.666666666667,0.500000000000),
double3(0.556300000000,0.678966666667,0.583200000000),
double3(0.556400000000,0.923700000000,0.969700000000),
double3(0.886650000000,0.968066666667,0.526050000000),
double3(0.500000000000,0.999866666667,0.830700000000),
double3(0.927550000000,0.985400000000,0.875000000000),
double3(0.937400000000,0.949500000000,0.814650000000),
double3(0.909800000000,0.682766666667,0.812650000000),
double3(0.926750000000,0.722600000000,0.755800000000),
double3(0.500000000000,0.754533333333,0.723400000000),
double3(0.910300000000,0.777600000000,0.714050000000),
double3(0.629800000000,0.666666666667,0.750000000000),
double3(0.943700000000,0.987700000000,0.833200000000),
double3(0.943600000000,0.742966666667,0.719700000000),
double3(0.613350000000,0.698600000000,0.776050000000),
double3(0.500000000000,0.999866666667,0.919300000000),
double3(0.572450000000,0.985400000000,0.875000000000),
double3(0.562600000000,0.949500000000,0.935350000000),
double3(0.590200000000,0.682766666667,0.937350000000),
double3(0.573250000000,0.722600000000,0.994200000000),
double3(0.500000000000,0.754533333333,0.526600000000),
double3(0.589700000000,0.777600000000,0.535950000000),
double3(0.556300000000,0.987700000000,0.916800000000),
double3(0.556400000000,0.742966666667,0.530300000000),
double3(0.886650000000,0.698600000000,0.973950000000),
double3(0.500000000000,0.666800000000,0.669300000000),
double3(0.927550000000,0.681266666667,0.625000000000),
double3(0.937400000000,0.717166666667,0.685350000000),
double3(0.909800000000,0.983900000000,0.687350000000),
double3(0.926750000000,0.944066666667,0.744200000000),
double3(0.500000000000,0.912133333333,0.776600000000),
double3(0.910300000000,0.889066666667,0.785950000000),
double3(0.943700000000,0.678966666667,0.666800000000),
double3(0.943600000000,0.923700000000,0.780300000000),
double3(0.613350000000,0.968066666667,0.723950000000),
double3(0.937400000000,0.949500000000,0.935350000000),
double3(0.909800000000,0.682766666667,0.937350000000),
double3(0.926750000000,0.722600000000,0.994200000000),
double3(0.910300000000,0.777600000000,0.535950000000),
double3(0.629800000000,0.666666666667,0.500000000000),
double3(0.943700000000,0.987700000000,0.916800000000),
double3(0.943600000000,0.742966666667,0.530300000000),
double3(0.613350000000,0.698600000000,0.973950000000),
double3(0.562600000000,0.717166666667,0.685350000000),
double3(0.590200000000,0.983900000000,0.687350000000),
double3(0.573250000000,0.944066666667,0.744200000000),
double3(0.589700000000,0.889066666667,0.785950000000),
double3(0.870200000000,0.666666666667,0.750000000000),
double3(0.556300000000,0.678966666667,0.666800000000),
double3(0.556400000000,0.923700000000,0.780300000000),
double3(0.886650000000,0.968066666667,0.723950000000),
double3(0.937400000000,0.717166666667,0.564650000000),
double3(0.909800000000,0.983900000000,0.562650000000),
double3(0.926750000000,0.944066666667,0.505800000000),
double3(0.910300000000,0.889066666667,0.964050000000),
double3(0.943700000000,0.678966666667,0.583200000000),
double3(0.943600000000,0.923700000000,0.969700000000),
double3(0.613350000000,0.968066666667,0.526050000000),
double3(0.562600000000,0.949500000000,0.814650000000),
double3(0.590200000000,0.682766666667,0.812650000000),
double3(0.573250000000,0.722600000000,0.755800000000),
double3(0.589700000000,0.777600000000,0.714050000000),
double3(0.556300000000,0.987700000000,0.833200000000),
double3(0.556400000000,0.742966666667,0.719700000000),
double3(0.886650000000,0.698600000000,0.776050000000),
double3(0.750000000000,0.833466666667,0.580700000000),
double3(0.822450000000,0.847933333333,0.625000000000),
double3(0.812600000000,0.883833333333,0.564650000000),
double3(0.840200000000,0.817233333333,0.562650000000),
double3(0.823250000000,0.777400000000,0.505800000000),
double3(0.750000000000,0.745466666667,0.973400000000),
double3(0.839700000000,0.722400000000,0.964050000000),
double3(0.620200000000,0.833333333333,0.500000000000),
double3(0.806300000000,0.845633333333,0.583200000000),
double3(0.806400000000,0.757033333333,0.969700000000),
double3(0.636650000000,0.801400000000,0.526050000000),
double3(0.750000000000,0.833200000000,0.830700000000),
double3(0.677550000000,0.818733333333,0.875000000000),
double3(0.687400000000,0.782833333333,0.814650000000),
double3(0.659800000000,0.849433333333,0.812650000000),
double3(0.676750000000,0.889266666667,0.755800000000),
double3(0.750000000000,0.921200000000,0.723400000000),
double3(0.660300000000,0.944266666667,0.714050000000),
double3(0.879800000000,0.833333333333,0.750000000000),
double3(0.693700000000,0.821033333333,0.833200000000),
double3(0.693600000000,0.909633333333,0.719700000000),
double3(0.863350000000,0.865266666667,0.776050000000),
double3(0.750000000000,0.833200000000,0.919300000000),
double3(0.822450000000,0.818733333333,0.875000000000),
double3(0.812600000000,0.782833333333,0.935350000000),
double3(0.840200000000,0.849433333333,0.937350000000),
double3(0.823250000000,0.889266666667,0.994200000000),
double3(0.750000000000,0.921200000000,0.526600000000),
double3(0.839700000000,0.944266666667,0.535950000000),
double3(0.806300000000,0.821033333333,0.916800000000),
double3(0.806400000000,0.909633333333,0.530300000000),
double3(0.636650000000,0.865266666667,0.973950000000),
double3(0.750000000000,0.833466666667,0.669300000000),
double3(0.677550000000,0.847933333333,0.625000000000),
double3(0.687400000000,0.883833333333,0.685350000000),
double3(0.659800000000,0.817233333333,0.687350000000),
double3(0.676750000000,0.777400000000,0.744200000000),
double3(0.750000000000,0.745466666667,0.776600000000),
double3(0.660300000000,0.722400000000,0.785950000000),
double3(0.693700000000,0.845633333333,0.666800000000),
double3(0.693600000000,0.757033333333,0.780300000000),
double3(0.863350000000,0.801400000000,0.723950000000),
double3(0.687400000000,0.782833333333,0.935350000000),
double3(0.659800000000,0.849433333333,0.937350000000),
double3(0.676750000000,0.889266666667,0.994200000000),
double3(0.660300000000,0.944266666667,0.535950000000),
double3(0.879800000000,0.833333333333,0.500000000000),
double3(0.693700000000,0.821033333333,0.916800000000),
double3(0.693600000000,0.909633333333,0.530300000000),
double3(0.863350000000,0.865266666667,0.973950000000),
double3(0.812600000000,0.883833333333,0.685350000000),
double3(0.840200000000,0.817233333333,0.687350000000),
double3(0.823250000000,0.777400000000,0.744200000000),
double3(0.839700000000,0.722400000000,0.785950000000),
double3(0.620200000000,0.833333333333,0.750000000000),
double3(0.806300000000,0.845633333333,0.666800000000),
double3(0.806400000000,0.757033333333,0.780300000000),
double3(0.636650000000,0.801400000000,0.723950000000),
double3(0.687400000000,0.883833333333,0.564650000000),
double3(0.659800000000,0.817233333333,0.562650000000),
double3(0.676750000000,0.777400000000,0.505800000000),
double3(0.660300000000,0.722400000000,0.964050000000),
double3(0.693700000000,0.845633333333,0.583200000000),
double3(0.693600000000,0.757033333333,0.969700000000),
double3(0.863350000000,0.801400000000,0.526050000000),
double3(0.812600000000,0.782833333333,0.814650000000),
double3(0.840200000000,0.849433333333,0.812650000000),
double3(0.823250000000,0.889266666667,0.755800000000),
double3(0.839700000000,0.944266666667,0.714050000000),
double3(0.806300000000,0.821033333333,0.833200000000),
double3(0.806400000000,0.909633333333,0.719700000000),
double3(0.636650000000,0.865266666667,0.776050000000),
