 # Derivative distribution function -dV(r)/dr (or -dV(d)/dd) vs d
  0.1250000      0.0000000E+00
  0.3750000      0.0000000E+00
  0.6250000      0.0000000E+00
  0.8750000      0.0000000E+00
   1.125000      0.0000000E+00
   1.375000      0.0000000E+00
   1.625000      0.0000000E+00
   1.875000      0.0000000E+00
   2.125000      0.0000000E+00
   2.375000      0.0000000E+00
   2.625000      0.0000000E+00
   2.875000      0.0000000E+00
   3.125000      1.0733604E-03
   3.375000      4.7230721E-03
   3.625000      7.7286959E-03
   3.875000      8.3726645E-03
   4.125000      7.9432726E-03
   4.375000      7.5138807E-03
   4.625000      7.7286959E-03
   4.875000      6.6552162E-03
   5.125000      7.0844889E-03
   5.375000      9.6608400E-03
   5.625000      9.0167522E-03
   5.875000      1.1592984E-02
   6.125000      1.2237072E-02
   6.375000      1.1378288E-02
   6.625000      1.1592984E-02
   6.875000      1.1592865E-02
   7.125000      1.3739705E-02
   7.375000      1.4813304E-02
   7.625000      1.5457392E-02
   7.875000      1.3954520E-02
   8.125000      1.7389417E-02
   8.375000      1.9536257E-02
   8.625000      1.6960025E-02
   8.875000      2.2541881E-02
   9.125000      7.1275234E-02
   9.375000      0.4182051    
   9.625000      0.4261485    
   9.875000      0.1212968    
   10.12500      0.6749678    
   10.37500      0.6987977    
   10.62500      0.6996565    
   10.87500      0.6193645    
   11.12500      0.0000000E+00
   11.37500      0.0000000E+00
   11.62500      0.0000000E+00
   11.87500      0.0000000E+00
   12.12500      0.0000000E+00
   12.37500      0.0000000E+00
   12.62500      0.0000000E+00
   12.87500      0.0000000E+00
   13.12500      0.0000000E+00
   13.37500      0.0000000E+00
   13.62500      0.0000000E+00
   13.87500      0.0000000E+00
   14.12500      0.0000000E+00
   14.37500      0.0000000E+00
   14.62500      0.0000000E+00
   14.87500      0.0000000E+00
   15.12500      0.0000000E+00
   15.37500      0.0000000E+00
   15.62500      0.0000000E+00
   15.87500      0.0000000E+00
   16.12500      0.0000000E+00
   16.37500      0.0000000E+00
   16.62500      0.0000000E+00
   16.87500      0.0000000E+00
   17.12500      0.0000000E+00
   17.37500      0.0000000E+00
   17.62500      0.0000000E+00
   17.87500      0.0000000E+00
   18.12500      0.0000000E+00
   18.37500      0.0000000E+00
   18.62500      0.0000000E+00
   18.87500      0.0000000E+00
   19.12500      0.0000000E+00
   19.37500      0.0000000E+00
