 # Derivative distribution function -dV(r)/dr (or -dV(d)/dd) vs d
  0.1250000      0.0000000E+00
  0.3750000      0.0000000E+00
  0.6250000      0.0000000E+00
  0.8750000      0.0000000E+00
   1.125000      0.0000000E+00
   1.375000      0.0000000E+00
   1.625000      0.0000000E+00
   1.875000      0.0000000E+00
   2.125000      0.0000000E+00
   2.375000      0.0000000E+00
   2.625000      0.0000000E+00
   2.875000      0.0000000E+00
   3.125000      9.3885660E-03
   3.375000      3.8470268E-02
   3.625000      6.6865087E-02
   3.875000      7.0070982E-02
   4.125000      0.3565377    
   4.375000      0.3498970    
   4.625000      4.9919844E-02
   4.875000      3.9615273E-02
   5.125000      3.5264492E-02
   5.375000      3.7325382E-02
   5.625000      2.8623700E-02
   5.875000      2.6333809E-02
   6.125000      2.7707815E-02
   6.375000      2.6104927E-02
   6.625000      2.7707815E-02
   6.875000      2.7249813E-02
   7.125000      2.4272919E-02
   7.375000      2.3128033E-02
   7.625000      2.2212148E-02
   7.875000      1.6258240E-02
   8.125000      1.6716242E-02
   8.375000      1.9693136E-02
   8.625000      1.9006133E-02
   8.875000      1.9235253E-02
   9.125000      2.0380139E-02
   9.375000      2.1067023E-02
   9.625000       1.295397    
   9.875000       1.285551    
   10.12500      0.0000000E+00
   10.37500      0.0000000E+00
   10.62500      0.0000000E+00
   10.87500      0.0000000E+00
   11.12500      0.0000000E+00
   11.37500      0.0000000E+00
   11.62500      0.0000000E+00
   11.87500      0.0000000E+00
   12.12500      0.0000000E+00
   12.37500      0.0000000E+00
   12.62500      0.0000000E+00
   12.87500      0.0000000E+00
   13.12500      0.0000000E+00
   13.37500      0.0000000E+00
   13.62500      0.0000000E+00
   13.87500      0.0000000E+00
   14.12500      0.0000000E+00
   14.37500      0.0000000E+00
   14.62500      0.0000000E+00
   14.87500      0.0000000E+00
   15.12500      0.0000000E+00
   15.37500      0.0000000E+00
   15.62500      0.0000000E+00
   15.87500      0.0000000E+00
   16.12500      0.0000000E+00
   16.37500      0.0000000E+00
   16.62500      0.0000000E+00
   16.87500      0.0000000E+00
   17.12500      0.0000000E+00
   17.37500      0.0000000E+00
   17.62500      0.0000000E+00
   17.87500      0.0000000E+00
   18.12500      0.0000000E+00
   18.37500      0.0000000E+00
   18.62500      0.0000000E+00
   18.87500      0.0000000E+00
   19.12500      0.0000000E+00
   19.37500      0.0000000E+00
