 # Derivative distribution function -dV(r)/dr (or -dV(d)/dd) vs d
  0.1250000      0.0000000E+00
  0.3750000      0.0000000E+00
  0.6250000      0.0000000E+00
  0.8750000      0.0000000E+00
   1.125000      0.0000000E+00
   1.375000      0.0000000E+00
   1.625000      0.0000000E+00
   1.875000      0.0000000E+00
   2.125000      0.0000000E+00
   2.375000      0.0000000E+00
   2.625000      0.0000000E+00
   2.875000      0.0000000E+00
   3.125000      7.6783895E-03
   3.375000      3.7037015E-02
   3.625000      6.4814806E-02
   3.875000      7.2493196E-02
   4.125000      0.3656278    
   4.375000      0.3550136    
   4.625000      5.4878116E-02
   4.875000      4.6522021E-02
   5.125000      3.6133647E-02
   5.375000      3.5230398E-02
   5.625000      3.1617045E-02
   5.875000      2.5971055E-02
   6.125000      2.5971055E-02
   6.375000      3.0487895E-02
   6.625000      2.9584408E-02
   6.875000      2.6196837E-02
   7.125000      1.7841101E-02
   7.375000      1.5808582E-02
   7.625000      2.1454334E-02
   7.875000      1.6260147E-02
   8.125000      1.7840981E-02
   8.375000      1.8970132E-02
   8.625000      1.8066883E-02
   8.875000      2.1228552E-02
   9.125000      2.1228552E-02
   9.375000      2.0325184E-02
   9.625000       1.287263    
   9.875000       1.278455    
   10.12500      0.0000000E+00
   10.37500      0.0000000E+00
   10.62500      0.0000000E+00
   10.87500      0.0000000E+00
   11.12500      0.0000000E+00
   11.37500      0.0000000E+00
   11.62500      0.0000000E+00
   11.87500      0.0000000E+00
   12.12500      0.0000000E+00
   12.37500      0.0000000E+00
   12.62500      0.0000000E+00
   12.87500      0.0000000E+00
   13.12500      0.0000000E+00
   13.37500      0.0000000E+00
   13.62500      0.0000000E+00
   13.87500      0.0000000E+00
   14.12500      0.0000000E+00
   14.37500      0.0000000E+00
   14.62500      0.0000000E+00
   14.87500      0.0000000E+00
   15.12500      0.0000000E+00
   15.37500      0.0000000E+00
   15.62500      0.0000000E+00
   15.87500      0.0000000E+00
   16.12500      0.0000000E+00
   16.37500      0.0000000E+00
   16.62500      0.0000000E+00
   16.87500      0.0000000E+00
   17.12500      0.0000000E+00
   17.37500      0.0000000E+00
   17.62500      0.0000000E+00
   17.87500      0.0000000E+00
   18.12500      0.0000000E+00
   18.37500      0.0000000E+00
   18.62500      0.0000000E+00
   18.87500      0.0000000E+00
   19.12500      0.0000000E+00
   19.37500      0.0000000E+00
